I,Q
1.0305186130613713,1.2160216459669841
2.3005760588401447,-1.1816318405469153
2.4136127134424794,-3.2920156663704305
-2.6785203964891298,-2.05791110552866
-0.5555469661629497,-3.322573973797462
2.598354742142793,-1.0732544952938374
1.1350590989344906,-3.047919583904413
-3.0299942838661402,1.6271183200922514
-2.698840399692148,-1.2442739583157865
1.9966315996512085,2.4268027061397457
-1.2424235915496809,3.3504952398685552
-2.527566918919397,-1.3016037402337015
-1.3694480101493631,3.096451708398431
0.8821190112786107,0.5480983662345013
-2.4100336884755067,-2.3379253976354577
3.111624029922289,-2.7862309426413114
-3.220194213101229,-0.7556477023535181
2.5692394485541485,0.4528915677370845
-1.1386429844812278,0.8953132825819089
0.8656855792785377,2.644662082452759
3.330542636370941,1.2690353360325455
-2.124745177828059,-0.12208274545508022
1.0339935366271102,0.8931538229815963
0.9174527492580679,-0.5184154106345213
3.4182592948887582,-1.1238525678410216
-2.571897984715622,-0.266039683326915
-2.7439630760468035,0.699388844450974
-0.7156836486403929,-2.8098763022029694
3.074017722283093,-3.2135562935331765
-1.6643978809700692,2.4315426035837864
3.2587057507294803,0.9630536457560344
1.2268085944727347,-2.391073141137507
0.8393737918914499,0.9907831081666306
-0.5117970106273884,-0.7100783237190212
0.6024412450793837,2.2385558323734593
1.0841765138028785,2.4273574019383037
2.5209893859331567,0.4044698994679083
3.49842707720836,-1.2470653192458783
2.081654581878136,2.6703989723248944
-0.9835324563296236,-0.8442678562431358
2.6520170611693836,0.4985470555911366
-3.097432111158517,-2.4489794852808644
-0.9998540154219423,-2.849143252653489
1.2825517538075475,-1.0183202938150102
2.701481739300837,0.7280552513985308
1.565051082771385,0.9892331443181149
0.6436947060095417,2.310135384696875
-1.5372701593361477,1.3987986742682972
1.0147341590683372,0.6787969224234794
-2.767281346689079,1.2330558631630415
-0.8989498778901701,-1.3140756094906256
3.1150409771845133,1.237911000593724
1.0858299177798465,-2.5876802760910422
3.3925757619014263,0.9141073248318
-0.6695079616249604,1.2656235379153815
0.06427562874042693,-1.0608398843479336
2.789741915377666,2.915654467779764
-2.6291748213481654,-1.1259672834593377
-0.9572534761931492,-0.8565108079291472
-3.2592078411631777,2.5242646517380636
-3.168356429817483,2.4935183514885284
3.503721634963224,1.8844007082666216
1.0397024739570917,0.8939396105330395
-1.4927777471526544,2.5120749187437412
-3.2565186390327474,-0.7545587415357532
3.161777897915123,2.1251863841557577
-0.8105184020163811,-0.5785495893068399
1.2287529427961474,2.915196787436899
-2.73601830119684,-2.5096193275696392
-0.8508205121772215,-2.773717281731216
1.0371596896505115,3.145174535880415
0.7935733333143947,0.8494380824884721
-3.304688164256348,-1.9603529228394527
0.8290034455752926,2.6260469511384654
0.948671148083993,-2.6102621861549054
3.3440364944710406,0.5186210590892462
0.9649790837959488,1.3071564310390693
-0.38261495319867117,0.5678925659668059
2.614174390782261,1.418124479156001
-3.0786689903083255,1.0122475582552481
-3.005135067493635,-2.056553100788531
0.7081090656227236,-2.527874391261967
0.7679332625036444,-1.091985835276297
-2.67337164980411,2.4890290714326695
1.5205028085174288,-0.7730672634468098
0.34967902467864087,2.727998274753843
-2.4383272487829526,1.4256593364848917
-3.0769704858116134,-2.6219467807495302
-0.6886791005667758,-0.17497103172449296
-1.107296916012838,-1.0646556534150484
2.9941135213952217,-2.2656435331278204
1.2992292439496098,-0.5866783300194309
-2.2324663137706624,2.782023525478575
2.8639984573680883,-1.02532461687766
-2.4866274973396103,2.7512041649071715
-1.0872660190826982,-2.6721867047377916
-1.8874993973164154,-3.004248059464226
-1.1530918978507572,-0.914109996196772
-2.8652939229560648,1.045719723832369
0.7021264222463744,-0.9213479367727623
2.8818247117372615,-0.8758431793736989
2.6575916271667697,-2.6036900252594766
-2.4645056537427514,-1.1896637528197567
-3.327537093099109,3.332325874027959
-2.225882177740008,-2.7639057577790456
2.14215347654033,2.650658796702231
2.166021207277859,1.8901089805896925
-2.5913122405781888,2.9729741549364217
-0.2571963526175955,-2.5032928444036857
3.3377788295508903,0.42334169359126367
-1.8198034788436777,3.2137870999168205
-2.9130143103731925,-0.9161892829313593
-0.755343872522378,-2.3368710227112537
1.210709265860814,-0.870158644707323
0.7468939229388972,-0.5912428599354952
3.158785388750251,-3.135288780462164
-0.7768602720674785,1.6240158648347638
-0.5984779174808315,-3.4391005782232194
0.5693700223862448,3.2404224133503825
-2.847316625236681,2.7591077330004885
0.19177046470017325,3.1359482679167687
-2.9031262094012904,-0.84947901274163
-0.9609746070394558,-3.3460974053448647
2.4605659638727584,-2.53631812067624
-2.2290341700032847,-2.9159359697260525
1.434859414237884,-3.1666382104363993
1.5330370206207433,0.5193711932473729
-0.9694148409808887,-0.0013845339658258857
-2.882765756264961,-2.8746560343611574
-1.0663153320169154,0.9812439553584867
-1.1341844046598493,1.1380973484088814
-2.7866063632123357,0.12938250560611564
-2.403709337269914,-3.3388390127139753
1.1070862813628737,2.6148680157933084
-0.1865538451223558,-0.563816523714957
3.0193094193776373,-3.816769703266867
-0.7238878072099296,2.9851462801675535
3.0696339938618373,-3.4751480724434227
0.5947476583657919,0.3054449052362872
2.9693744819788583,1.3347261025324577
-1.3635983844415716,-1.1311437901962123
-2.3964219920835275,-0.925397765369372
-2.173688529857206,1.3543022703788792
-2.9801024135641465,-0.5830526880557738
-1.1383943805260262,2.1120341344616245
-2.508209939121507,3.1089682933301286
-0.7504479076576742,-1.1120804610626316
0.6678751402690517,0.2765524219332297
-0.9735056281361397,2.380198800452709
-2.4535004119774473,-2.037376316951749
0.7389545051426829,1.112179622770215
-2.91441184659636,2.634048559285036
-1.0078901625120875,-2.3869200031958666
1.1051244221418557,2.2629900202866984
2.8326690898323936,-3.193255884710941
-1.1266851307293557,-1.4646470830536518
0.13444716615567714,-0.4736832874861788
-2.8685845032995263,3.3102103163821495
3.0228509783431723,-1.0662937739021203
1.1456178142259013,-1.1541052027188823
-2.996063953028412,-1.6323350725362695
-0.9636656199875001,2.3835317379289225
0.2511881226701136,-1.2127328265978152
-0.5626592432641079,0.425809997996543
-1.2705419017255846,-2.788996046587268
-1.074520134249327,3.1238432047367586
1.2238862292750539,-2.5304998100255784
-0.8075300155606676,-1.8323041511845435
-1.412948302812585,3.7901349081710864
3.329108166927757,-0.0942723238459835
0.4570108497510949,2.808800359843827
-0.47899873499721785,-2.8083016830904133
-1.3991472073627167,-2.008732043631717
1.18826800752557,0.6163739287425063
-1.422247114748969,-0.5971782401088621
1.2613012555907774,-2.9265702980298816
3.197477990997617,-2.6421720044439225
0.7964125194249422,-0.8895698437866373
-2.801258758928255,-0.5325285619845653
-0.9724597064748983,2.543435955978992
-3.056438686196714,2.451412912066538
3.678431625574092,-0.5232380860912693
2.8052189462333206,0.6166987816627053
1.0404026551009262,1.3741272768771011
-2.8612068339819285,-2.573847073425433
-2.949729546511128,3.2615481580415615
-2.425174938112232,2.805581413768784
2.78765977807615,-2.8895461882101015
-2.903032258087348,1.4174801472040417
-0.17397253827131318,1.0226281084372606
0.914481762223938,-1.1966772784777961
-1.021850230376337,-2.545176362690962
0.9025870329459684,-1.226460026957205
2.632001063535206,2.3240205984566265
-1.2897222595858624,2.577914778579233
-2.9017883659915746,-0.4108391056380166
-3.063304843454034,1.1269443195314175
-1.524797928353739,2.323088782665992
-2.242708388001436,3.002242712495176
2.968472350875867,2.1238903003918415
2.7934009785520013,2.4694590916398664
-2.3773166511853434,-2.831393969306086
-0.835791928634996,-0.31015004810999014
-3.467413218678594,1.032608181316277
-2.3582407743372085,2.5129925522637846
0.4355409113073095,2.5608475471596317
-0.850051551683868,1.0486016713521926
-1.23756266615673,-1.427513152978898
3.4196748038208917,-3.012890181797976
1.1181714342292826,2.422287803562647
0.8999782084475242,0.6727902749460563
1.1494380191673033,-1.2152443557227057
1.0761279917001663,-2.7406122271844087
3.0627758210106335,3.206565741872446
-1.6496022237800898,-0.9286337822239279
-0.4930500328269303,1.2277361874311965
-1.102893971641568,-2.134357474712199
-2.718261796864519,-0.9999800808245067
3.05407451611128,2.591323803071453
-0.3034368145441539,1.6979118139854787
0.5367925875076899,1.3126825196070784
0.8417722287617455,2.634491995587947
3.000777739812287,2.644198682392115
-0.5248937527848577,-0.9052154445806369
0.7867093979110775,2.6870865064363136
-1.0973913298241924,1.2642746928982744
1.0369367382981332,-1.2234598995741037
1.244473911536111,-1.0992892867966537
2.6611662107877367,-3.424707786002661
2.1685184995763285,-2.096900793763831
-3.0156866255336685,-3.1359381194275544
-3.02244613505402,-1.076524812874921
2.470740377389316,1.182093348703078
1.1635055192251673,0.5683631703219627
-3.0121661157345363,-2.895630505632932
-2.455063788972913,-0.8969632417732254
0.5800168045342281,-2.9715299326302795
3.115557539976532,-1.1937287033415835
3.0016618886949296,-0.5435623353127137
-3.0594512858583887,-1.020912741168064
2.2751194836003172,0.5631192501442114
2.109736522584493,-0.3967087833217987
-2.524823651113749,3.504227009455886
3.0869902656774864,-1.183124624029676
-0.867830807215527,-2.402035807272177
-2.670261288594446,2.3971928778666323
1.1994434464579091,0.9926015899202667
1.338291909534254,-0.37746714083999666
2.88210029669065,-0.8601944654238375
2.7104337316260403,1.5461902847653608
1.027901888116761,-3.2072976063324763
-2.315612859325533,-3.319790141808371
2.4526645775139335,2.838573949930431
-3.3922927457303085,3.5001424026753916
3.5642561902130487,-2.7201477407700776
2.8306319099569603,-0.9075735458795261
3.316233543701638,1.0473954909668122
-3.2711953075278077,-3.013446195026789
0.9907165774545958,-3.6947126602609583
-2.8398143750774882,1.056584163477702
-0.5274849218314897,2.4708417157663614
-1.2141653266353796,-2.952968048083875
2.223489086325634,-1.21859198064801
2.796670960696687,-2.799539077449213
0.9141409166664078,2.345437827405406
-0.38998836898397493,1.2161002048047167
0.8992896651131447,-1.000189076007372
2.713582650885093,-0.9961464351466287
-2.639102912844446,-1.3265598581958078
-2.513198114748819,1.5668503185268148
-3.0042022376413975,-2.7271071203392605
-1.6145860226807334,3.1687782335671693
0.6361312725634992,-2.9128403619157006
-2.548679144977165,2.661527217041067
0.933160239669105,2.4805127005118366
-0.6016790464698667,0.5683812210083222
2.425234464407776,0.47265729227292974
-0.6405703606312967,-2.737680012627646
0.6105184694522502,0.8808851448442158
-1.7123720849479813,2.808485169429758
-0.8687440325514538,-0.7789716339885407
0.7435618758604355,0.9610093651483451
-3.2436761537244467,2.98127325671644
-1.0898206315933066,-1.0282937278331687
0.7301411640061732,2.8380448587943894
1.2333926826530794,-3.189879787212029
3.9131362683100996,-3.60308078486729
2.4504123841336565,2.7551563711487406
-2.7760148887645966,-2.6059342205619482
0.7754570870068815,0.9399360146030951
-1.512346006994022,2.6246585365268307
0.7392915287136872,2.4634083569558403
2.695702012784399,2.5385999023372037
1.2422847963496666,-3.1836084301618937
-3.310508119442676,1.2734489206460553
-2.339542938531702,-1.1116690902545225
-1.3340709693780715,0.8549646697147435
3.111584048749378,-0.5434544749783911
2.6570712005360826,-1.4172356508670805
-3.206854601505698,3.3027545793408852
3.0151328627685254,0.762950070202649
1.1681738714172345,-2.635302677726889
2.959954995276072,-1.1929108555462518
0.6270640892441554,2.4745602233441844
2.749729161030638,1.060857828243288
-1.8436596358998643,-0.9639689331955382
2.6717807470751915,2.7328125296090238
-1.0887471645834592,-0.6660690307989066
-0.9759319856402479,-3.0559030223862322
-2.8019359890853535,-2.1905565335831025
2.7418221787828503,1.18009590299822
-2.764719679650305,-2.437221292857553
-3.202036571179425,-0.6918988715566592
-1.2451954361627662,-2.8323947243910648
-1.2766328015657222,-0.9360597841683338
-1.4667402661912226,2.998791231960476
-2.862115752630352,-2.646672653068954
0.8934510143436162,0.9883772657061038
-1.159404925337097,1.8971959457664747
-3.326693792131039,2.7308249502365842
3.1392694399241505,2.527152482886835
-1.1746371802491495,2.5103528774426307
-3.2438196068088496,-0.49634490909160317
1.287248720320337,-0.7515882612441118
-3.2560846495809446,-0.5574054596859032
-2.6612802469355423,2.5571837665166877
-0.9127833454010892,-0.3810970565217665
3.449259368141363,0.41848014110764914
2.845209213389216,-2.756610378752402
1.1405653960619206,-2.897897933705108
-2.9694926932363908,-1.1487740510995916
-2.7645524839910265,-2.713012529758009
2.7072146189841644,-1.1693791270830085
0.7948334417481857,2.0052867082428087
-1.027616512354117,-2.473378853165132
-2.820249907736855,1.1674472026196927
-0.9568208481685051,-0.628748013066708
-2.5964697616351455,1.522904158941805
0.9072216258951378,-2.408743593299026
0.6428085838668687,-0.9843367315806565
-1.2561586103984992,-1.3027826865314418
3.2862348988483685,-1.7453443870669794
1.5122585918882199,-2.5455628793921314
-2.603217086776843,1.5320886547753891
0.5886498458819818,-2.853896965624836
1.01133296635312,2.7110076099156433
-2.4318671088464754,1.0869185485675297
2.8061243083343084,-3.1661490169524495
0.9766853560183465,0.691143309641977
2.5295061691272673,0.8447003914083511
2.845368255888382,0.33690621922757846
0.9606267988315035,-2.818875097544514
-1.9589884452497994,2.2178413224347584
0.8236047264154411,2.969570099107099
2.977004418802041,-1.1889483589544088
0.43804632963128354,2.879394197295568
0.9269648964445253,0.8797600403941949
0.7047256079045593,2.794832752697854
-2.936139917168278,0.6971134762093355
0.9719346651036581,-1.7382558977187077
0.49008676070756374,2.471391581737776
0.6441022961615317,0.9849034638008008
3.0979237992278605,-2.0545830041430038
-2.8246666912317733,-2.7851809134943113
0.745204705243174,0.9854787100629326
-2.854603099586318,0.7268942691108594
-0.13788915521040904,-2.9359136382935165
2.013704490607959,-3.189542374141396
-3.2455339547517768,2.670697815851543
-2.2073400171963975,-0.24013683591665028
2.950327147702239,1.321662858121187
2.223174659882733,3.240707245283764
0.24529235264587992,2.7206232219272373
-2.37645503186033,2.5580717489132674
-2.9387217999974933,-2.980092541408491
3.64711884729734,-3.4782113893127624
3.0822053396372406,0.7708074045040106
-1.55728142140611,0.8626913959727914
-2.9390616544082455,0.5896833137538747
-2.2942694257856164,0.5938937812696271
-1.0516566305969155,-2.759359021877023
-2.4137328160267693,2.584182316269827
1.1552033974401472,-1.2591310208521003
-2.717362193289012,-1.1853923904136843
1.126869133451062,2.87776765299198
-0.809288110909469,-2.4395141235735736
2.8024852105621343,2.8666340826347265
2.3486988342084816,-0.711506285148312
-2.962739323481002,-1.050676902489858
-0.6377245015064585,2.7068117733203048
2.946408332495652,-0.7779963816893717
-0.8346870167000069,2.3522976326713265
-2.5190133889102566,2.8207867916223623
3.0134499294746067,-1.5116346374106073
-2.5044784962397335,1.240377509409337
-0.7016617861235896,-1.0085142063834198
-2.5926620529781443,1.2256928985409636
1.1549076084528873,2.5163954584622035
2.8003307760999525,1.51736534203271
2.319855544011446,-3.6974904288446173
3.1180882943529884,0.7258633292069671
-1.3615248611269466,1.0458218144972078
-1.0370670767764767,2.7363978781646936
-2.8860829677524156,-2.3910503036781234
-1.1399643775637993,0.9194760481505639
2.0858420208504747,-0.5135315480549635
-3.4821209508440876,2.737882878232427
3.1179272612625586,1.673910004554877
3.4971609599096225,-3.6025299590206417
-0.7056570253548164,-2.3827383505259494
-2.0737086057376453,-2.864653302410566
-3.028172933681341,-0.45551426169517023
0.8927711535091103,-3.4045184093535097
2.344822592090954,2.7496797590070865
-2.2317635601762587,-2.179730275760162
0.8148398740504403,1.0771671338029065
-0.9678939075934505,-0.5994500548373116
-0.9514388723906058,0.8485477666762944
0.6158576337391827,3.027864391563245
0.9880926838296195,-2.553541757463059
-0.8990367784416771,-2.5791075271464283
-1.604684632455755,0.8737218365407046
-2.5002011850496997,1.1974764123515529
3.273503252673516,-3.2106423760207234
0.7632350029199102,-2.813261419338861
-1.0841328454014225,2.721395019268503
0.6745690195281064,1.4438364932775336
-1.1355584815049042,-0.8355393829755022
-2.6778518768770496,1.0165118913910707
3.032613523198922,1.1799305867344985
1.1707533504160337,-2.629317640516768
-2.545434339721652,-1.0858053821726041
2.5356415632243374,0.8993634020309801
-2.527001038447664,1.1402458795673116
0.5907964654311928,3.048943727517484
2.7739174154547785,2.217348129381479
-2.38585397468673,0.819936848663184
2.8728505590255224,0.8867826123096305
-2.8134240812215565,1.1139153618055513
2.884469831006727,1.3434737083034154
0.7556966660089441,0.11971796509347822
-1.2333641361190624,2.9856578778995195
2.4748103422209153,2.4705144131876873
2.8521476351778134,2.568420489070249
-0.439885287888944,-2.1826100758371436
-2.7332575072617806,-1.3499135840632293
-3.1260352217084817,0.8616568391548064
-0.024176255521283115,-2.5628243080891373
2.881798481427309,0.6252554618886794
-2.9285144807551178,-2.557546169469486
-2.9180394576187183,-0.6555216372436605
-2.805749048834683,1.3342119071579872
0.6020006528564624,-3.398801357516107
-2.869391784398739,2.413013865005199
-2.6210031328657006,-3.201998485467983
0.48441491491565186,2.802932763389486
0.8307782730030023,-1.0915645799888765
-0.8974402679823051,-2.17372779456619
-2.2473021373437883,-2.5007380840397238
-2.859086448164731,-2.2005402963365275
-2.625441945301734,0.9315102676295527
-2.3766486948259056,-2.0658143494188552
0.6170336650851306,3.1315478427750962
-1.3699123414305217,-2.4220823446257826
-1.0369864868147114,0.3697646937245852
2.5997632730589344,2.195453034451332
2.294082303753438,-2.4195876926105386
-2.89556725473931,2.4391095517109815
-1.5837243522687914,3.1179835979629913
-0.5415993681453602,-2.483157732889018
-0.0469862438841164,-2.629495755344947
-1.0700362329491673,0.7718299651332152
0.7380626867613598,0.1264899252388288
2.933551647474055,-3.1189699228215315
0.6300150922321229,2.921400602707847
0.2170555648054061,-2.8146549807620658
2.9377219720602317,1.3543228023052283
1.1558909952673844,-2.8023511515425468
-3.400354679173522,-2.1116224486207464
1.2760472674213847,-1.2772430562915067
0.6755980744091948,-0.32487413177697316
-2.555649708765279,1.0683286565309142
-2.6651264513832875,-2.5595470465117507
-1.4725530826672024,-0.9004779918064132
-1.8080637387281258,3.229239822246533
3.0398212062449086,2.227131556816928
-3.2604133081088142,2.358472776853226
-3.277836163958978,1.646623699257607
-3.23449705077972,-0.38178067063323057
1.255964070737786,0.3452742808186108
3.1452888048092005,-2.6733537576903212
-3.06025667470704,2.9942100358156862
0.8280285883795336,-2.3877864552238632
-2.46592239288017,1.9135247940015505
2.584213867272137,0.7395002512589476
-2.680821059979757,-0.4970203674434854
-1.282722455213206,-0.5943084008257316
-3.8240216438956947,2.0568581323384287
3.037375776467039,1.1196768935908339
3.0312638141936263,1.5610793701184722
-1.1577626406420847,1.3519847583703368
1.2007863543382418,-2.5159380329102254
1.0681986374949366,-2.7575693887518034
0.47781970421064196,1.0346087289945594
-2.8578344043909096,2.452964038207075
-1.0809904734458258,2.688417462586379
-0.8607355905385938,-2.7034842767346285
-1.018210367460758,-0.29477539596926366
-1.0144513183151092,3.026785876397412
3.1531617573316444,-0.41073739720594293
2.9021677055968125,1.1818331166581566
1.0082502862202947,1.1959813309676863
0.8408941636103451,2.0205998999633334
0.997694910831581,2.7765506991794107
-3.203963383735033,-1.0223285497156223
1.3195566872704412,-0.6662156882028012
0.3042934247089362,-1.5257715953409399
-2.3298710888155987,2.1188322895889584
2.624384116313371,-1.2189880815029124
3.4130954352302294,-2.248246868683355
1.0676432986388291,0.1084965485855982
2.7968962066089738,3.0247111981685477
-0.25017468328374365,-2.1849999102946387
-0.43656021099251296,-2.8871251855242654
-1.1265058831638552,-2.802158884438381
-2.2037489842952738,3.051914620159361
-2.8930198575937482,2.8149757044425434
-0.5296938913229335,1.6195751304701762
0.7997931396370136,-2.783342306373408
-2.488863250123616,-1.1954699777461575
1.2196615051167758,1.2480883284785655
-2.8085495114602383,0.18390402118305244
-2.498810473597861,-0.3482563881257945
-1.4884654336632999,-3.190043464515805
-2.8296769359060714,2.4668848974582755
-2.689893897148502,1.2088901053800631
3.188073693724918,-3.195193803202577
-2.6635544469126424,2.7862794156010877
-0.6787097132520058,3.189046249692872
0.52502729843357,-1.1516601457733344
0.8005158044321803,2.769344653489295
2.7673993213431105,-3.703068876186703
0.7079966692317253,1.4151829681242427
-0.8670953416559681,-0.09684554027091229
0.8503088933878921,-3.065417537534805
0.6847500838331193,2.8061074712946414
-3.7395549768698904,1.1163605253889435
-2.407684683340565,-1.8936945280603106
2.8171374829806437,0.24415638029304546
-2.688268034035551,0.9752158563843079
-0.7161840175783212,1.2596271642396777
0.4690685425327641,2.146760446369984
-1.2559780634284008,-1.325547288177342
3.0712533268214353,2.667185690641889
-0.5586294793394596,-0.4596678300652448
-3.656829469857954,2.969024131843013
-2.656233531372006,2.906880858364443
0.9547869708002849,-3.205316279786285
-0.2901590237345087,-1.4540716658579536
-1.7693805602752886,2.913755470063981
1.1303007241418364,0.5577896812709922
-1.786592685825961,2.7167813587371565
3.625596976197646,1.2002731460987819
2.8844424444511376,0.7045517781123881
-2.767302916924103,-0.449978845353791
2.4367111178295566,3.184159700422238
-1.8389816177066496,-2.2847163791960283
-2.6080332989454043,0.8396305947645808
-3.2663937250069135,-1.1949743450352974
-2.2617097972743703,-3.0134406925395303
-1.7023030681817677,-1.102125015380643
2.9695248627532176,0.9833915210938003
1.2356628172995223,1.268135852779531
-3.170863693464824,-0.5620308722102441
1.9985474869929705,-3.034058489567981
-1.209407875938225,-0.9063149442014662
-2.5071996268694705,3.7673805055577247
-1.2511202158461514,-2.366224121428268
-3.057533030642357,1.4692638982849189
2.7883892174025076,0.641146395626543
2.7994941477865574,-1.6562412571470184
-3.325999714583118,1.6994200698230733
-0.5061871443962108,-2.5123615011054796
-3.4847857692445543,2.5362116075166865
2.4433457886016066,2.238577467418317
3.516544772970884,-1.382189063314598
-0.8672912741481537,-2.808681345708039
1.3271607147739453,0.24727943341715655
2.523802353818559,2.799548602910208
0.40785483958147334,0.44486715821832984
-1.0208974147805072,1.3627889625247798
0.8099214948016704,1.4364796874756447
-2.9358898751033573,-0.5470161895472152
-2.8184586958261684,-2.7078941396056284
2.968346174262831,-0.5835550498846761
1.1771534121764062,-0.8840648094390545
-0.5591594764954658,-0.773197344560095
0.6859420839239583,-2.5392738957042056
-3.3581562107541156,-0.7698585470009676
-1.3695491065927186,0.8540551953915164
0.9089655256529751,-0.7832412109841341
2.7649365085221946,-2.425662985744515
-3.173141061527845,0.545657830140071
2.656178735583079,2.5007458955999575
3.098524296660507,1.132677406700527
-0.6667620868174526,-0.639916329499458
-3.1718838699104652,2.390663301328793
3.035726108056918,-1.5479968817276475
-3.433788946280836,-0.4576570038755926
1.6833618695273653,-2.40861147863274
-1.2906355725841978,-1.5509357419532006
2.9285189009067065,2.7248919777684257
3.288443750912007,-3.2276131807687123
3.3090940796413353,-0.9284080524587425
-1.3102272262687222,-0.6558936062650462
1.5543081827272183,0.896567125328713
0.5759662038727094,-2.782975414688882
0.9175057201397531,1.5384633709740432
3.3015662174530296,-0.7328843760078919
1.583416190598466,3.08514163725245
0.84840017258691,-0.9719136712906183
-1.0411455864543173,-2.7301642835827558
2.7671043427165394,1.264767698698495
-3.253905068824677,1.0762389927272962
3.5898810129409737,0.7629001955934755
2.81601125886397,1.0364110972881724
2.8567394998700224,-1.2262495954305153
3.088778582751036,-0.7357330742232974
-0.8411439909714677,-3.0737971375801774
1.329661488673664,-0.601296328868195
-0.7175861637930364,-0.7963953664049243
-2.391681606100837,-1.4496178084527251
-0.7549144494706103,-0.7839934430706637
-3.463465013663493,-0.07334991899034174
-3.123470356816775,2.42076648817337
0.8337250619112938,1.5986394521060585
-1.5381113250333656,0.7137206858325734
1.7866283469040578,-2.9352388572283714
0.8250610053629279,2.563244100667993
0.12423001737361784,3.179201234583867
-2.269232521231288,-3.1276596738198097
-2.687002827284197,-0.5873362282346445
-1.371872942960183,-1.0111649399742775
1.283541698807241,1.3952766925180684
2.344318181240539,-2.5963217237989364
-0.4056351229671248,2.9827096466734333
1.2545493473461802,-2.7499827678177096
-2.478018612029197,-2.350588561008146
-2.629380304952816,3.326391330007519
-0.1956015655506743,-0.4485479178273617
1.0520193897721848,1.493158067717512
-1.2415763755843732,1.4335654925578054
3.1196925589231728,0.6327497924422812
-0.46197910590511826,1.13876289352475
2.7924469034387864,-1.7700523646605633
0.58859564373366,-2.9903834927713264
-2.833087173089511,-3.2559982697806373
-0.6614758080706257,0.591504303983102
0.9074276964169716,1.1564763324335534
-3.3788591339040517,0.4475206624417953
-0.9192377135526822,3.094343213426021
-0.903532428838841,-0.7941941126292548
-2.5956752091147286,1.6336964585308604
2.3796385014884027,-3.298296479761566
-2.0128428437156223,-1.2269469263739814
3.2181222240219096,-1.1704650770319738
0.6944585697910927,2.9790025407186125
0.7180071691033004,2.049299202314389
-2.897986300816927,-2.923575298395675
1.2801592592591666,0.8348368792960892
2.714886519111102,-3.1213780733297702
0.6049473410755792,-1.3492982057809921
-2.348623376751298,-0.6913632944872163
3.1040767100683797,-2.8385590442731443
-1.3276139356327923,1.5399579185441419
-2.5435958722372543,-3.26329243876291
0.7907010366174869,1.1615597349236124
2.7139261417820144,0.6209805282116159
-1.0055013236211092,-1.0754996678373547
-0.76959005795516,2.4515515670640857
0.8581557847955531,-0.7149005607968772
2.93512853649585,0.9968034728638747
2.222561893795775,1.1068275824997267
-3.4858980155507657,1.5323828705931322
1.224897147819594,-1.2053159841478889
-0.7819793427870054,-1.150235435598308
-0.8320493142719932,3.126222422717024
-2.9778632002209755,2.564638187450516
1.3257274624072835,1.1253540902169177
-2.209017701737903,2.880869045045143
0.7801545187097487,1.6068378667997438
0.9629990355789425,-0.8696259465159325
-0.8024047828672066,-2.767779843177767
-1.0889166618500987,-1.7776603000095628
2.128598571236818,-2.9488374063061666
2.2935952446183228,2.4509356165185934
3.3516356639580827,-2.568492102986182
-0.8584766154366652,-0.9849453592460756
-2.0539130550066353,-2.141759958778303
0.6613200906554862,1.3122309321746188
-3.6705233639547274,1.3365454970600592
3.5959206034676185,-3.0630141071337005
-1.0608024123573958,-0.41283517063558284
1.7780546393610852,-2.2478705568082478
2.54690643792042,-1.1320243898191442
-2.4983744810522213,-0.5792355916601926
-0.7213213918336363,-2.6824285856554098
2.5451855019680596,0.994231337936992
0.5433030251270237,-1.483073626175707
1.1908004481387378,-1.2490269102280616
2.8481912511698155,2.709322564385371
2.998616546189142,0.0704854294356373
-1.4102370851851875,1.1321533912835542
0.660788082810679,-3.49933556486253
-1.1986047363073677,-2.363964093828037
0.922095809534032,0.6715146220277195
3.0660160177273537,-2.3769164263473512
-1.6406745258681865,-2.987075528013037
-0.993631660687885,1.4463098383644757
2.8605955089928874,-2.8703481342238306
3.2744680167323934,-2.886293014129755
3.1186044154054073,2.0190503226285377
-2.3192215949020487,-2.2845802381466043
-2.7609570621520194,2.8214120848356554
2.5221709459015815,1.0059629504574714
0.7003663896810082,2.6589968297365485
0.5745133460122008,2.221387281214733
1.4353498112123924,2.5482191213745047
-3.3804948527940377,0.709646532775303
-2.848842602836017,-2.679506064214647
-2.742086958198267,-0.6771881296141271
3.5914467328067383,-0.6593022802188676
-0.9669536739893403,-1.0996865145245978
0.035281962410055386,0.6055528493024576
-3.429497531861727,2.2367252752305915
2.648716733173764,-0.8137603818557612
0.9400923956006049,-0.18182057330363638
-2.5310479755401594,1.600735164540012
-2.810185317696127,-2.3563726800886116
-2.7293142941812834,-0.47029373527062257
3.3899856767397902,2.1040107356061717
2.4110574658397312,1.4173016333889386
-0.5600916673964187,-1.0016478573454806
2.7160998230338222,1.0744291246703477
-3.0529915015905638,1.7156260978122608
1.2394104546090567,0.3683557739071971
2.8346354157089126,2.915578774809181
2.9553273820021335,2.381376979859845
-1.0723355219727004,-1.0128816307080808
2.7315638983951804,2.1572047034488624
1.0349827907017786,-0.2761965859332715
-0.7260040620229855,-3.4948283099340185
2.5355914187133175,2.8155752117365576
-2.668940363299126,0.8115175900477856
-2.2769456621937847,-3.2943702047184487
0.9328065047286671,-1.0756270291750658
1.5426388547939685,-1.9735575771957292
0.7580295203298089,-2.8513864272402727
-1.6877568276078267,0.9159048101198349
1.2465127261204434,-2.437970653627282
1.076787720276958,0.5341303725794608
2.752129822893489,1.5042217055289449
2.737455889309441,3.1200702498619646
2.3827869101321113,0.8515480966704704
-0.7129619442085982,1.1018864747718118
-2.4689257222059795,-1.3422981733208295
3.142017924250357,-3.222851024927831
3.1382660771954054,-1.0589901526499403
0.8918979804622678,-3.358309808027448
0.8119463663972303,-1.4947364045263372
-2.2190318439873202,-0.9331213269681604
-3.048492736786034,-2.2274524769301403
-1.91265513747496,-1.179069333849688
0.9003143007855843,-0.1701611039817041
-2.6169713652592645,-0.9980733201777567
2.9216101134023202,2.4616504367754515
1.056924591182196,-1.0416411388599978
1.6425911875839787,-1.1416186024447024
3.455840845557088,1.2718149947718413
2.916193156053193,-3.733393255976558
-0.6456257305353249,0.7859281210707185
3.044805081621858,-0.5499342750140851
-2.9233397586255907,-2.968807564851115
2.3037684972368226,-1.2176948285992932
-2.8861722508589938,0.8032799050337474
-2.973492264983437,-0.4370057297946397
-2.867890517266852,-1.157130611208046
-0.7919139729880297,-2.890529855724207
0.7410053909221331,3.1506901621562284
1.1434544652780092,3.398483424882686
1.3452227232961682,-2.1401338865525683
2.8184344702022806,-3.5889158594840316
1.5959131945046572,-0.3058610505851402
1.2505721872705098,-3.1646374277014258
0.6571876381993259,2.7559470056926982
2.837527085306779,-0.8614858608166804
3.493830352544124,-3.002126277902872
-1.0044806183523405,2.6670841171242086
-2.6321408385827474,1.3041748090383285
2.270596885675615,0.9026777900270673
-0.9662633715221368,3.2731052789373516
-2.644655621852944,-3.036122754018939
-2.387747624756817,3.3843194706031405
-1.2377111204612623,-2.8027449910610107
-2.7089848647689903,1.0590086832712315
-2.541159568747127,-3.3104975939664283
2.33986534838463,1.9740262860367166
1.2035042647048992,1.5407576304087394
-1.122900254504642,-2.853302574381153
1.465528715240661,-1.00479261445778
0.4453653363465112,-3.5625710334941574
-2.4902603743473604,3.470462675093803
0.8190796523498796,-0.9487832999587553
-1.4675292087731981,2.8240175097426694
0.8189819894686248,-1.4820423158785296
-2.65739428766632,2.27192193676412
-1.0219440662200785,1.3763017388334238
0.819551214475493,-1.9253628937092044
-1.1440040618779221,3.2707596941875012
-0.7296819331956367,-3.6901483000253608
0.4020017317416441,3.166778163395514
2.991903962127861,-1.4493453049896976
-3.5725321716841463,2.9577050215982776
-1.0887973252003509,2.979803467290414
-0.8351898231423701,-2.5083710795202867
2.8564794362310906,-0.9748765004719443
2.1651724321622363,3.3714963727038545
2.390238011547944,0.554027550194782
-1.275760578225913,2.827805948598474
-0.4317502789661915,-1.0044064259357237
1.0830569049447627,-2.9548413698483396
0.7873265244120514,2.8738476903841303
2.8682510170555955,2.5253546253289567
-0.3954251314764929,0.7793791896193355
-1.4108389325369035,-2.8661863650316173
0.8573537140853197,0.5604637477881104
-2.329397051595637,3.887476207337739
-0.7608802150662413,-0.5263438651844996
-1.1159707456393908,1.3526043909995669
3.394441351582224,-3.5897302632319064
-1.1131609078055518,0.6840647680024987
1.559786772474672,-1.0771831072335751
0.4983772483018682,2.039104311240563
-1.1934535885844846,-2.8149643331014307
1.023015243262036,-1.2632115039772742
-0.9347452504804448,-0.9970506574780732
-1.351986377495675,2.693625511107322
-1.981354771495929,2.481797807063671
2.609727908223858,0.643118762336984
-1.0062068940151576,2.7604536751130953
-1.7571086728908352,2.8594210340803903
-2.7988494298664808,-2.017195483257857
2.43591859644872,1.764503593406412
2.72810226115072,3.4160059192727723
-0.7561141679864584,-2.8008170201520577
1.9837884848396132,-3.09166963646314
-1.2423741549842013,-2.5467679861667833
-2.4371711761156756,-0.8427849519365271
3.1845439113113883,2.794032846794285
0.7797141203239517,-0.9162195746014525
0.8678743820238903,1.0682899910900303
2.486932991664415,2.784862884212862
-3.126298322453832,-0.916734778038356
2.8902729852481026,0.8594638664628137
3.1344660257203887,-3.3283966493219963
1.0343886589617293,-2.471202192986926
-1.522662400655714,2.4621026433078517
3.2315014923916823,2.649560463570523
0.9138669026893392,2.522424406298691
0.565828151590287,1.1452305434276135
3.40932276452141,0.9075452489134678
2.656614496168067,-0.8587790905090628
-1.2116391370359967,2.7103506998135907
-2.48850632054196,-2.4241219704285033
-1.8101576182146584,-2.8243046829764813
-0.5995855125375539,-1.1165800498743512
-2.3829678176964197,3.078484270295879
0.8910001044072083,2.875937414476759
-0.7643447172079602,2.037236235374337
3.2329026436413653,0.8599738216212002
-2.9488052537717975,2.010302388845638
-1.2962388433307666,1.6464859734502
1.315568490038532,-2.766242091413075
-1.4355436931086332,-0.27066707256163347
-1.046943052646428,1.0940565261082402
-1.6847500990322615,3.030668975361604
1.262462063193592,-1.2440995473042546
0.4235985866864475,2.7771072349314894
3.8835675862524472,1.372178040958778
1.2077494864852467,-3.004439110546403
0.30219036732834303,3.2550122493019655
-1.152290705174536,1.263472784711629
3.0850173777343226,-0.6477395234025128
-2.6993004792408257,-1.08129767116177
1.2398364138485254,2.8160005729630657
0.7043088139376854,2.9352312110512955
3.34072315342278,0.9946721837795114
-2.4392448008058722,-2.496673145803388
-1.3142123430786177,2.1877307417312246
-2.919622738702232,1.8474979179311608
0.9277265342046386,-1.0350714799554601
-3.148735861935378,2.9510592010795147
3.2743464633637194,1.667807817957346
-3.0939488984521755,3.0972103076100646
-0.6111933239179123,2.3614965027547035
-0.5712037996545493,-0.8176211084046283
0.8617347609453017,-1.2549717956344997
0.9559280357328748,2.808885531808932
3.1345894150590508,0.7905505281594393
3.1809231644411624,2.7465643743253527
-0.8854200298028463,1.1563456887832726
1.2144146311370616,1.1416005425185192
2.757597030942129,-0.7519301059819915
1.1171620758855323,-1.0433344289226663
0.9038154074103338,1.5083738743942943
1.4161948814271772,-2.8126490073752275
3.165836548078658,3.1314930332983066
-0.7010343428537232,-1.1513680693725437
-3.374404683387808,3.5363609225110233
2.424548168464647,-3.1731606079394443
-2.422516700839513,1.4787083318343421
-0.028927985066132363,-0.3579052666658673
0.3531817898532693,-2.520174093124134
-2.5711680737149396,-2.676776087454377
2.3157140592652055,-2.702809176518978
2.2437005197204347,-2.5426105111422705
0.7606336658062217,2.966172326750735
0.7733813476651652,-2.1610547161175773
-2.916360402739175,-2.693648009356901
-0.4261652840273984,-2.353995279445713
0.6198043119261274,1.6114611880453522
-0.7234037067782794,2.969017167170498
1.138632603113613,-0.6725614671305984
1.0881028786253995,-3.1304685473503002
1.1472783252071797,0.7190836091425753
2.4585757582811114,2.577410060158113
-2.7418149929687625,3.079938512163873
-1.0891605949949188,-0.2512786451614669
2.7562682433622587,2.2788296672429413
2.6132923730503226,-0.16617101430967784
-2.7699266367302466,2.133058969999124
2.139265753612387,2.548382283634519
-0.3892724530622343,-3.1140991519970145
-2.6644222923868313,-0.7574417355165379
0.1046856986707855,-3.333128135988259
2.127009984863665,2.950736161049155
-3.3648385692547453,-0.807603125521611
0.5618841257152244,2.71373676656016
-3.1395766629550743,2.6234481636619544
2.560565915572123,-2.879750832288259
-0.9493128142508719,0.6169206194437264
3.240553188445714,3.048860309243499
-0.9490447511898278,1.5614161442197323
1.3860932948802855,-3.818971373736486
-2.6579415664040886,2.8507020071715377
2.892409022014397,-2.7739571658320146
-2.0039375293852757,1.132075363197948
2.9594645153450303,-0.333031116434942
2.637111826361281,1.2529707273475146
-2.069513442019284,-1.3071005422191901
-1.218359734019755,-2.7141680768534058
-2.5796319467630475,-2.4804567393318626
-0.6323673428839659,0.9999321795252726
0.6076192494393435,-1.137757619500889
0.8993716017047014,3.0396316738639193
-2.865473899715214,1.3479427165299092
-1.0925405914783464,2.8135687284150466
-0.7419404795695899,-1.397976189397723
-0.897984903697835,1.5999880956861843
-0.4319184299442043,-2.6499766647713656
0.20947209639942316,0.6940938774768926
-2.685047545848591,-0.9314076115081906
-2.837919611757687,1.2819063604195826
3.1213801845707616,1.920426145367829
2.358439026362501,0.7766222520497571
-1.2809178269638628,-2.6061332676535587
3.216543461664598,-0.43853122950293305
3.3916390030010843,0.5743495427252641
-3.0174904070654534,-2.6633593229805554
0.892509360097861,-2.6862769153751564
1.1584665965672167,-3.1431266116652807
0.5265946420512168,-1.3197919045684359
0.7829198018100476,-2.5256767311925596
0.69917147532196,-0.8541973890610642
-1.4375452537848061,3.01704926286262
-0.8264566808079932,1.074063317052837
-3.262469459205671,-0.4033391429906662
-0.8646965055387039,0.37737139579584944
2.424246720954547,0.36493413391422447
-1.1461418787162654,2.8728389032038386
1.9750431609751649,0.5780256035503009
-1.3443251160057137,3.267035187143987
-0.5675263881258457,-3.4868636657546985
1.0743800837694386,1.4133347454508078
2.634739297137016,-3.3686685817241875
3.2683834638525084,-0.9340712282891867
-0.8100795568040747,-0.33022509236884906
-2.410572278906514,-2.833520526689353
2.250354873546966,-1.5377263569891175
2.8691000708998926,2.4972090982819646
-1.1712378654807754,-0.8964022178674723
0.6856723099354761,-0.8711998453285185
-2.58794556139903,-1.0950962906410504
1.1615658034952698,-2.8222993860770824
2.2638057828131912,0.9283151021721381
3.2526939623099502,2.2518100878269016
2.9239168080714526,0.5803263453986792
1.0573098809247825,-3.2875140936215717
3.3594184325416836,-2.443324858619914
-1.2454601839128268,0.7345678790691452
-0.9195161200330331,-2.5998914205404517
0.9941485115684462,3.120507306762976
0.767957383127836,-0.7398598656213761
0.05749726727283792,2.6932165140364304
-1.0669235414398697,-0.8672041586979511
-2.9400486380082897,2.7301983341229934
1.0843491511714618,0.7152088886073583
1.7389287324215332,-2.855630701760416
-2.821924237476684,-2.6916204628682463
1.7502284720367691,-2.7270680665408653
2.7272026245664307,-2.5115468305870774
-0.6248299552634266,2.552295988922069
3.144512960053287,2.5058832819258248
-2.8711425630231573,2.6711571374694496
-1.003254104575493,2.1774198691303894
-0.36399448688954944,2.765246294380609
0.936846678866644,0.5504070939211783
3.09691511658105,-1.1498532496441052
2.7884501518590326,2.9435286402579433
-1.4604097863211538,-2.174753317277801
3.3362261239626867,2.217330818170925
-0.7110052032259198,3.1549754146138813
1.1388941461724205,-2.220995366261791
0.5311750450159413,0.42466174009985186
1.4182680232595455,0.7010247816244648
2.3866458786539564,0.5368642078002972
-2.7680888213938535,1.1845672719002658
-2.3910631736890378,0.9683970044948904
-1.075185886125941,-2.504047618722349
0.561919117850389,0.843419744616826
3.1591443310636333,-2.0613821969409036
0.5320257670279995,-1.6402882063785995
0.9761710958664224,3.096778074965086
2.7961081104620162,2.460170627804397
-2.3757101371204654,1.2405749947822224
-0.6980739440749405,0.7984407513597828
2.957869530206436,-0.5748589681364655
2.76573193871987,2.2640366902867224
2.7480972296285495,-0.5104775018518408
-0.9944948641487849,0.9727981850709763
1.078221643572091,-2.744215680145188
-1.2750436993005374,-0.7116866632339959
0.7812904232875567,2.8298065829962553
-3.54760204148319,-2.9638560213042795
3.3758861422689477,-2.323016859437764
-1.1687034030135868,-2.3163683301198636
2.921517651127857,-1.117660999073233
2.4145555610286267,2.6848370642178727
-2.5029202708576803,1.4387833587616685
2.677353019756645,-2.853078106254558
3.0660402305509744,3.047241831046042
-1.0111170466394084,1.3870251097313486
2.8119761995583556,3.060289892926195
1.0881776172877156,1.5081683950048823
-0.4118555372272462,2.327253633241094
2.9771931529334306,-2.6177548789542437
-2.8622123090874583,-1.1941920705723281
2.6312412571321566,1.2763886983801396
-0.7093723129640028,0.7630716192669548
-1.180900105240287,0.002598324619194115
-1.2641046000131715,-3.2469517205905594
3.1923062937418476,-3.1231519470521034
-0.9612627108448759,2.6210965144409344
0.26759037233191196,2.781285193444199
1.1763304899759635,-1.0120269494683292
2.448400109190472,1.1972781617099226
1.6492331919972307,-0.7057117929151661
2.8378724787196634,3.4616685467631974
0.9844109758252095,1.0458609685765732
-1.1131271419978357,1.0260322936395732
-0.619918847178543,-2.9402101435571533
-0.7158081258854788,2.639205114680907
-1.3615486964369026,-0.7461663012270494
-1.1531343963045653,2.892354941806961
0.6746647182002521,0.672114190856108
2.459266786327334,2.283290015151806
-2.180439280658574,-1.767328760785928
2.635875773518738,1.0955422262924766
-2.9841255058095517,-2.270180457738559
1.2352244517049062,-1.8987422368037814
-1.4243634278123691,-2.8905079183699294
1.3811924718690303,-3.2628136667483614
-2.829540021322538,-0.6671618504387288
-2.6543065961836376,-1.3217686723819486
1.6436331073306596,3.6553702558475436
2.3480882208179428,0.33618736045222786
-0.7976961583457426,-2.7451178377884413
-1.5536235159597647,1.1936889350723283
-0.8423175834242113,1.4582682637664206
-0.630281140270971,-1.5808923895715352
-0.8175038241209904,0.9974909940501479
1.0159561512715438,2.9558667952173114
-0.6695509398285848,-2.749537307517741
-1.8575115529238828,2.9876521057740226
-2.6752594023432805,1.3837127688143882
-2.204366715447477,-0.9534630141602833
-3.3833857678755326,3.77628905227812
-2.636619996264765,-3.257527792304208
-1.4563450768201345,1.1663742580253762
1.4086701588602482,-1.2171786488047347
2.8372707595529127,-1.304577748435366
-1.2481559194874634,3.068771154922746
1.2286715235072723,-3.344617986556955
3.1298099101500787,-0.7279470846377085
0.9227966140098363,-2.580499569969504
3.029026905410969,2.0782436705675376
-1.2415794508139193,1.0874901518115239
-2.6518798241767225,3.231864159201035
-3.373753660086614,1.496032108048269
-2.95508864620477,2.8949291872026346
1.0707763144676516,0.9725966205831558
-1.1305621359275486,-0.23261832870420332
-3.07875020389518,-0.43800663532708217
-1.0271418302339677,-1.5642303860868174
3.345346232492479,-1.3938146961910431
-0.6540069563868323,-0.5273167283906177
-1.0453151814172568,0.9293580436770523
2.720649557461834,0.9302319282578475
2.402076316711544,2.5649685731099106
-3.1478883824003105,1.1060270058053967
-1.3124787077880438,1.2472160055127306
-3.4141195167200116,2.362927562264902
-2.6955758886730288,-2.6435691030698525
-0.13908496115500302,2.5143564513561247
2.8830034176640544,-2.2752152059292903
-2.660887777373375,-1.4111765837762738
2.6980932975862078,-2.6864424327016176
-2.342096109994326,-2.852745315461851
2.248585434449237,-3.2917247858459193
-3.8638401412342263,-1.590045327590737
2.6766431576191136,-0.6798263236121691
2.875926453563044,0.5463711285450058
3.286112737357858,-2.397067692959528
2.656675829115462,2.962561946955778
3.1006417086255085,-2.6016500500952406
-1.4130117186687603,-1.1823722545382245
-3.050428143563186,2.705817430363998
2.4724817327039044,2.5170511818389207
-2.972516507185466,-0.546761534462858
-2.3313691586884704,-2.893325037211597
-2.9424371972839185,1.0230945535362301
-2.5833147519845516,2.3623921644869075
0.896118697988643,3.031874413444471
-1.812629745293589,1.3771295051928985
-1.013523159060248,2.2585275839044447
-0.6498662515165499,-0.9108152734948777
-2.852510111764104,-2.7788752411306503
0.6461188726958845,0.8974339428111092
2.954058745473462,2.4856340732790465
0.5309472683182412,2.622562522825194
3.8527212779270377,-0.9081704414407215
3.021950359612369,-1.0226073329493486
-0.8152177392444301,0.5632636856205159
-1.2542101679180822,-0.7436743520138833
1.209825498923156,2.6483592005250016
3.0485946677934552,-1.5999462931299817
3.476627443690534,0.7714310499967618
-3.3645244516074064,3.074065518086402
-0.026271509163012543,-1.1165914078580452
2.7843238990821413,0.40465484621330244
3.1869776967517036,-2.833667392845184
-1.050367713618672,2.9029635948525923
2.824051225194967,-2.8116624255046756
2.6058122755465516,2.435383217863188
-2.534043954890436,-2.478366713547864
-0.5378664601360955,1.880565870289943
-0.9376232839172491,1.4325689273790445
2.5581361300709378,-3.428199046390296
-2.9536618578895903,-0.1552557023075775
2.829550103035533,2.5371095326866357
2.6555554038428735,-0.0017129006707590259
2.8470853736851858,-0.0678185740396838
2.529979558635098,2.621505902873249
-2.464487451776351,2.236058542382802
-2.6916755145996585,3.1226700167526307
2.6509190252024784,-1.7494853230323955
-0.9875677043835757,1.5923614334158696
-1.8291724336501318,2.589336120274801
2.4608298600527645,-2.225947869030402
1.2546566853522778,-2.8986233744312844
-1.247127988908058,-2.9439972517553277
-2.2118120584374243,2.467115967824731
2.4000314232412316,1.8502924243373644
-0.15499264582930372,1.7820436343940889
-2.979612801055247,-0.9435729611368576
-2.2424671782849397,-1.8407449481769265
-1.1919435869614634,-0.6693300975345752
-2.590984202353411,1.3046199546503143
-1.0630083807755912,-3.5225495279429913
-2.786470372160027,-1.1310331017474482
-0.3115186555377892,-2.8158509690778284
-0.902478752056083,-2.891419354070548
-2.2849465668136677,-1.2038472682426233
2.6590681173818,-3.1516182925618392
-2.542916708894959,2.6835149916148384
2.4465412356352663,1.263165990791454
-1.221283245369128,-1.1218472594120212
-2.049627985582978,-0.7804398889534024
2.97950611165145,2.7340529946916146
3.0523791080259985,3.206628879322443
0.8985594547024293,-2.808556634572361
2.5872911572963755,-2.5879683109601204
1.5016773089954225,-3.0518072277149835
2.908513480632478,-0.34971523921233205
-1.0313465130624644,-2.7785944437112575
-2.987416710636707,1.1686806434905321
-2.527445556126896,1.0987340513242025
2.6351901521314223,1.3575440714851927
-1.1719119474633855,-0.9328680755327887
-0.7329549795136837,1.6343399557050635
0.9871757020020935,2.645920513868337
2.812146873673483,-1.6317756122567428
-2.778766009044038,1.6259524177607632
-2.5869028513567596,-0.38220273909988106
-2.314592249652981,2.262776683004033
-0.4147617521073143,0.7906584603488479
-2.921419218180199,-0.9480673499755484
2.8804958834619603,1.3754165975441657
-0.9009231227867149,-3.1928518176224463
-1.0388330798538907,3.0999217988351453
-3.0555731920388216,1.2032369651617465
0.766587014529951,0.8909769112505957
0.86410724929525,0.41167857158785387
-1.3246033793350516,-0.3970492241994582
-0.7745849595959027,-3.14423146876163
2.7476649378294553,-0.09891525778754945
-2.7413969603567665,-0.6532943444313951
-1.0816363745989273,-2.7300723622198126
1.165640647592057,-1.3686308040911173
0.794067556859219,-3.4463294557265813
2.711051362005823,-3.2096458199192646
1.5488593271509838,-2.8142749782049568
-2.735650213479694,3.534400553703189
-1.2754798589356078,-3.090304373316046
-1.1991187307603566,1.1461462598420986
3.2261532177654044,-2.935770719594372
-2.2677595299854905,2.2193170866553227
-0.43981380779622703,2.0200143052521407
0.7097648538759038,-0.48509593991319855
-0.8574975239064321,-2.6840515459082503
-0.5884681147491055,-3.154510699408864
-0.9978529796951141,3.2362319838614466
2.847088322469919,-3.568752127797031
0.5367708026102143,0.28684764075397895
-2.4719527539814483,-2.1083714026482694
3.220303969001447,-3.6470496356988695
2.264743841609587,2.973717323373855
-1.268447791717499,1.1041722624060673
0.9070255757049485,0.7566772436371014
0.5725626479591586,1.1290419826247025
2.632839046509743,-1.0517401935154838
1.2211299941967062,-2.6421455196423773
-2.5068824546684354,-0.4918171477961317
-1.706380071244901,-0.6513890015901612
-0.676569414837953,-3.1502575669502644
-0.3591260841293689,-1.4231784331609991
1.2805398915800525,-2.654340820117295
0.012948955335930493,-1.195159584205005
3.174781053255001,-2.723764661443728
-2.6828133724354735,2.565578034581462
-0.7372114938839898,-0.07311470319862003
-0.924348816856316,-1.0529658726698556
-2.5495994481942534,-2.782827571695794
2.9103192431224,-0.961368837748449
1.2153280043594326,0.848415602212252
0.3299988408355014,0.7601244894117666
0.9832378899167848,1.0148944915023541
0.786542151514477,2.527403833651251
-1.0475025301641616,0.9293252417064825
-1.5146415386293082,2.7091953010165817
-1.5391078982100066,3.1483626014913084
2.9344169661620203,2.062271063849189
-2.8895344277752217,-0.9732244742804848
3.28528563814649,-1.604473318852142
1.2649737360482114,-1.0299650289381745
-1.329255927500511,0.9312727523112387
-1.0713498671725694,-2.233488464208084
-2.4991281052104743,-2.777994613274683
2.856692360030071,-1.3104723673494738
2.9702580675031793,-3.089745802206841
-3.0329389094450163,1.305360604632025
3.31726521274174,-3.9518416798669667
-0.6991887837445749,-1.1801835226419284
-2.8647824270312725,-0.4661324868097866
1.03519809532446,2.5126450842354946
2.7240160553596544,-1.0262633681089484
1.9927839050876794,-0.89190446728243
-0.8191303879754137,-1.0743103840695154
3.277891583099302,-3.0955493239799474
1.1940355320258516,0.3268081319339619
3.1798328761809587,-2.718575544944748
0.46170324501821686,-2.5782284402977633
-1.1022015830887812,-3.3014676495100908
2.4402864535359554,-2.6251164145053436
-3.489722660634972,1.160764805451385
3.2538299133860287,0.7595886009217357
3.098735318250224,0.5890805418817294
-0.2411321642153795,-2.948521664617539
-3.0748175584907935,-1.0062515834950707
-3.029017593386302,-2.803061009674528
-2.876668909535751,0.6755857118509805
-2.394498520454603,0.9276212741030571
-2.739996363313763,-2.793362848701811
-1.644262561464107,2.8407436682354072
-2.7225049306596922,1.2603152222863985
1.0696145012337182,-3.1939510705734104
3.10981506094055,-2.5754819044941795
0.8434565705807885,0.7156973603596714
2.48607037734279,2.308810345678552
1.5560392672486703,1.0325994679795862
2.8361400890848962,0.9393752596031114
0.00481935921923623,-1.0428336376248044
-1.1193915447777087,1.4122202530961183
-2.905751585975336,-1.373162717559629
-2.5601992278482326,-1.2333660229955994
2.605575092390652,1.2802258131680462
-2.6147164948258377,0.7054455588657257
-0.8220691902467733,2.0857100287708428
0.9348138988244568,1.2824056635181955
-2.129855563997051,-1.143860435951375
0.35023212251484453,2.6709536972933376
1.0740526895786267,2.29729044057169
0.8056789770972748,-2.4706300865512443
1.2624432142822497,1.4618981607215988
2.604675221678277,2.989233438446554
-2.300236948845882,0.21542682980944788
-1.1511886665240196,3.2870580662834543
-2.7060265551171856,-2.898297705856267
2.569166514959321,2.569894598642804
-2.5794165683904806,-3.081836342135425
3.0977598985686825,-0.6243207902348492
2.9012194009584964,-2.4891522749450554
2.0251172547755547,-2.5545055428191827
1.1852393131918768,2.603392361438841
-2.651062982629901,2.7247785975998604
-2.555846104937792,3.0480630921908443
-2.7280131950861723,-2.746953569770619
-2.641713246200391,0.633855519848195
-0.14231194650599463,-0.41559614380672316
0.7387229265482566,-1.6364394016823547
-3.060771402212011,2.860486126600169
-2.4322023848450507,3.6248050296580896
1.422073314956596,2.306516217389984
2.467846194410202,1.2563621871948247
0.5031848764611948,-1.3581052012247665
1.501264499085364,-2.687631416465711
2.738519265341406,-1.5628555776952615
-3.1200880844374517,1.9327023433026675
0.9320868655178245,0.8774136660777054
-2.7057239094186416,-2.9844747614136633
2.989639623934229,0.9784447362875236
0.44677384581505825,3.1905308720340355
2.7589694457228755,2.579212499844025
2.548823340637381,-0.9512454423975121
-2.3958377450317614,-3.1973791753481335
-0.9978960798037265,1.4039186944651454
-3.0200403556702073,2.2921245710270814
2.824921202374109,-0.9855179121022803
2.3443909030878083,0.8737596289204164
-1.443641259947156,-0.7644579072231511
-1.4582635985362464,2.541397728228882
0.6510055899980969,3.4513364798223876
-2.9082575583288985,-0.5481386225943915
2.781458641163197,1.1680600937762071
3.3261731240661843,-1.1506528183868854
1.2938031250195736,2.484893801636739
2.948892220253007,-1.1226653275659693
-3.3419719392942633,1.871851828811854
-2.737180741819658,-2.765012073503804
-1.0959443152669825,1.1744919550691626
0.1621512911341128,-3.122885094827713
-0.9220668097083541,1.3147626527592513
-3.0558986378481956,-2.3471307278260896
1.4409312765301319,-1.1855664912734134
0.5830687108602023,2.824410571822372
-2.0871252051831504,3.378937421781064
-1.3421473350547728,-0.8083448863744318
-2.445565407187656,-0.3971691410410738
1.565063273644684,-1.42968764507922
0.7806712749172617,2.9368933386521374
1.224955000049127,-3.3560710829757854
-2.534283087985256,-3.2093033303869265
-0.6992425790904178,-2.4919554956377175
-0.8553937649546445,-2.6929732605841368
-3.148011964323261,1.2176763822672292
1.2448588832231513,-1.6407209208748903
-1.8668159187812383,1.5862139436140583
-0.6793652971330757,-1.5448899799786957
2.559538784202816,3.209556947767447
1.2947408437195058,-2.969555965363633
-0.6053654387002605,-0.8549038382220348
-0.5923788907040461,-2.834119099902215
-1.7803985899084807,0.9784805294320162
2.7269393363656067,-1.2093697507592287
-2.6959184997351135,-1.1608107846297628
2.5693411883030417,2.5526721037377924
2.6095303592709533,-0.5425521825141555
-2.2202156382135736,-3.121347507741208
1.1949178429834,2.3784625424921595
-1.1231632698931096,2.89541364756302
3.138967015364491,-1.0372731043432963
2.676250669029467,-3.285083294681071
-2.8211689253037724,-0.9476073562024357
-3.4563442425228623,2.9325609206600736
-2.6649491539212646,2.7270319222921446
0.531742543860766,2.446254683796788
-3.1476047077972575,-0.9173567050668902
-0.5284422326747835,1.108238096262522
2.6848673107379195,-1.4070179792511488
2.6863323909163173,0.42203020322000745
3.7416457007617243,0.6247135410414427
2.3917682336682535,0.4975209835713339
-2.8761939771519356,-0.4714057996689396
-1.1996787806616236,1.3046699967154527
-0.45011329994528915,1.2370751774261142
0.41213840046736056,3.184729589876425
0.7865620765375584,-0.6208922220989651
0.77437932120976,-0.6733060856516647
1.1042330952897035,2.899499729610663
3.272294018520385,0.5019873652699295
0.7558204681880698,-0.9972115735771304
-0.5361571367553803,2.41960469677869
-0.9060883993265479,3.020549739351723
2.8526654414931487,2.318384178543094
0.9949710995635711,0.8515794247077864
-1.3211204821332458,-2.7089036093611916
2.992464965722113,1.045572988287915
3.0026617580353014,-2.1056286514212634
1.3092855738406348,-2.823285753933582
2.3556681795019143,2.0379220737045287
-2.9199857530264954,2.603165901484442
-0.5734756550370941,1.219009863391203
-1.164190072679443,-0.5738963606503502
3.2787079718874756,-2.5979243602160715
-0.5375332880182077,-0.936579905786802
-2.8314180365320665,1.8139888457617537
3.023370461703583,0.9455817085710775
-2.766711930277094,-2.913959823883325
-0.5402573205570842,-2.815152375972899
2.2496649262715915,1.8310904122304221
-2.8273622516511256,2.7860665818674297
-0.8183896503181751,-2.603071455285271
-2.4713034327930026,-1.6059415235913879
3.39870914993844,2.9229069710496973
-2.784976618540889,-2.9812982317854995
3.0338558310229167,2.4638788120986566
2.4421663547438857,-2.3443011791178585
-2.247493988850797,0.7772249544872509
2.4887861695940603,-2.913184913577023
-0.8244544610215704,2.0688738578239905
2.904222889703629,1.9310279882425663
2.802149606373293,2.7945625393292692
2.8010430493260046,-0.4722556767128924
-1.6067726638867423,2.1904676281768887
1.4998352696062272,2.938931216749529
1.15335239424024,-2.389393158029731
0.9866006475644021,-3.170615209893731
-0.8052787346243215,-1.0084643675936356
2.381119306385107,1.4007184304943876
-1.0033139875760062,1.034704239774533
-0.9674383414511228,-2.6306359121714036
1.4348208480913178,-1.384022151188444
1.244699829273728,2.4847890580799064
1.3184762872505482,2.690622268162148
0.6955432432372107,3.286941042611428
-2.7025914966137803,1.2332871546232558
0.5672521249680835,-1.5482302229730922
-3.1156382015937325,1.109676092509728
1.1924659358044252,-1.2329712986467074
-1.2138225820713728,1.1202297971687016
-0.2866007052274918,1.0434142634234571
2.7250063545367738,-3.300229102820356
3.304693548876878,3.028172921357385
2.7774099826127174,-0.8791680918875989
3.0370514790942416,0.10491316139950913
2.959548423191884,-1.1296159727571284
-1.2685545029120777,-3.372793134577773
-1.9234276772754408,3.5041422366555177
-1.1161445825120668,3.0403188693058567
1.2124511098722124,-3.6838440071949123
2.390880190249187,-0.9428252524384717
-1.3790893967694764,3.248782554162837
-0.7899693729856127,0.6094178076446036
2.6253660197621804,2.990397662970821
-0.6357878005984268,-1.1458548142986982
-0.6031075542562495,-2.586632621982056
1.0350781532701514,0.7602705913144072
-2.8257722142582367,-0.9029917704776537
2.9821225397805238,0.6576564196108111
2.8794333234060767,-1.058446747016076
-1.231546160341444,0.4318339923767702
-0.5164067047653719,0.935855861725538
-0.7733514376286863,-1.1851613577224207
-0.1289662774215298,-2.870892792376883
2.4707167362613287,0.5990554593356776
-1.0922495281570324,-0.8418833231769853
-3.134923605905961,1.1326277306965573
0.8945005660480297,-0.8958175233415032
0.5208252360495044,3.052284303424873
1.5726467883406774,-0.22757223962369633
-0.7083524263233034,-3.706360289496602
-2.7710706509970664,1.3687349414378231
0.611357070121252,1.0957963391063368
-2.5135450345176777,1.5554551607428033
3.2094092904414153,-3.4553228829080758
2.8428635657875163,2.4443938401220677
2.4284670383172458,1.1738526930807478
1.2828010619922035,1.5124170001453545
-2.9080107782554774,3.008816435299501
3.3674023353038054,-2.920693324835626
0.8718643957366392,2.887523067773524
-0.6833537158627352,2.8539183125896717
3.2378003190765514,-2.17509040548726
-1.0363054155791087,-1.0140689270769017
-3.119530085627749,3.5483858861410114
2.699826929510756,1.0622988588092528
3.286320883465351,1.2532501712327624
3.0899455131245146,-0.7829139933260132
-2.618922941699198,-0.3806921696636539
-2.977543369631703,0.2420957922399547
2.2138851898256604,2.952987022101312
0.935894795972093,-0.49484210935905953
2.7064701646599274,3.04079181449158
2.6112721227923843,0.6300233052653059
-0.5912668103246216,-0.9518811330027012
-2.723613379591613,-2.246484624615326
-0.5846646325535361,0.8724222365080437
-1.1520285035134665,-3.2433249799335577
-2.226301356894248,-0.6520174175259512
-2.959650139441272,3.5704128320411797
0.29618694872382617,1.4760165825566196
-3.056118719656155,-0.527462032267823
3.093027634042692,2.2994574900460716
-2.6954140755827565,1.3655708149015091
-0.7841820989783473,-0.4662531053016807
-1.5315931235993963,-3.0935638452734127
-2.9505937757197507,1.5261407557998679
1.1616955599945815,-1.4385695644478282
0.9253016852077088,2.4333270136355614
2.254919857078058,2.851281680123129
-1.3748817923732368,1.5210986084749767
-2.984360079847258,1.0778598773154286
0.5070467472265293,-0.7359497306641793
1.1563315513559782,-3.3661158929500514
2.6995209671138354,-3.309170977679357
-0.439093889642875,-2.6313447805314776
1.0607444167305693,-2.4611149150634413
0.8048203081642775,0.9746289638703386
-1.3310048247115283,1.1628070183270256
0.774620250625741,-0.8739801264674192
-3.3981128635187825,3.018233743049629
2.8981114171791456,1.045155784631787
-2.7329313625545195,2.171721020993046
3.2360947459563607,2.694227407942768
0.9884464693732936,0.6362446874312326
-2.4944653225718065,1.229443545964634
-1.780315297372237,-0.9875135719377989
0.5236251252926917,-0.7743024446081497
-0.9165529790650869,-3.0240463390559524
-2.205720055642309,-2.6679069664791406
0.8000081670222151,-1.0779330299392214
-2.78288777058395,-0.04920312922710602
-0.9727482486556532,-0.8563041224538314
-0.990442945398417,-2.1771412780926878
-2.921830438734693,-3.0031313544695566
-1.2732278415957727,0.7143153019507147
2.8879394227723085,-2.9775760723490627
3.2112981360735158,-3.0552241923639722
2.8848199632068603,-0.5967210552222132
-2.822326031602867,3.2402654168702285
2.9588313437418496,0.6987284213116737
-1.1033048606253624,-0.7121579754749636
-1.6185690427903607,-1.17466095715043
0.4027250578257167,2.5739867931232396
2.8558095500591696,-1.0288946534102708
0.8517246508723306,-0.17373817244166173
-2.991504623177421,-0.8153337914795428
3.3822651138638657,-2.4070624530672724
0.581785560212689,-0.1466544836532744
-0.13478049743012355,-2.543679195934233
-3.1319202379685964,1.3524213994155339
-0.5287640015170403,-1.526806063874018
2.6101408285850964,-0.8468864233790633
0.7470106053854328,0.8957310076712423
-1.5139449271126304,-3.060987399695164
-1.0891864940791964,-1.4164783933794791
3.4560376882961776,-0.6002968016462358
2.4817203437713107,2.5638030711938704
2.680865467723836,-2.4260535206314695
-0.845098454644289,0.6033852541518655
2.942922650580276,1.1287403403465115
2.1769406768912654,2.2988986326384064
1.8585106358129404,2.6182022340411035
0.7712297138553114,2.0806073294018073
2.857231691570199,2.2396864526104454
-3.1862954493570306,-1.9694953139315665
-0.2876161129634117,1.3259999245473557
-0.33983422207957864,-0.7958680234762949
-2.7086130967928987,-0.7625244473546056
-1.0174953640013111,-3.260047556381768
-1.2412268368299337,0.6833667857111124
2.878904182334102,-1.1089307790768013
-2.9334911686680107,2.9628478508597014
3.2269697728154303,-2.8641164576900775
0.3460894217353126,-1.059571282721289
-1.1374324082310439,-1.1673344490568853
2.91175265221218,2.3187836934066675
-2.876406289047149,3.030742885819914
1.0330317757793273,-2.958536959683287
0.8039281165629785,3.204614809450452
-1.6114035663828432,3.4452935369757163
-0.7501578305158854,1.3070800659721162
-0.36010254279421544,1.2808891313915334
-1.2229679605803412,-1.3142105168823657
-0.858525694138033,2.9197956554275613
-1.3395464938397588,0.5241801761862889
-0.9256214599442676,1.690411516380743
-2.30262641020779,0.9579421716261491
-0.8609801759458012,3.4814793060788425
-0.7556192714694172,-2.941375971120112
2.276219487621102,1.0167329057469838
-2.852559140985107,2.844578408053757
-0.5920011237755165,3.1113097636085705
2.8251773817214065,-0.9310614784903218
-2.9926469598013714,-3.286425210745334
3.5137297985151235,1.2120872837529826
-2.9185074139511276,-0.7889067196108333
-1.8974477440802564,1.76016829962713
2.61623573823253,0.9043456199566192
-2.7475872268195056,-0.8698928223770973
1.1277015650534623,-3.083642044523806
1.2026516255351478,3.40733629230031
0.369433881585954,-1.2435981074624503
-0.8937869204727069,-1.0988655071987812
-0.5050490965543973,-2.842666928424694
2.94245310953443,-1.0301482575163243
-2.4206639684667404,-3.0007473733040424
-3.9160710270556573,2.9806372728678
-1.0731437342443557,-0.7516860092352339
-1.6008309058955679,2.4660408299680188
-1.1593743069619513,3.0054221867515873
0.9965021518672508,-0.8858864013210994
-3.168178795587721,-2.7565340059402277
-2.3793667293969145,3.0243814569466605
0.6918785000964642,2.6869161284663194
2.9213571811365084,1.1219260455026463
-2.9766217369393253,-2.4772356050472566
2.5927261183611963,-1.2020079934736905
-3.797804409469316,3.023485808948683
1.2264375431565548,-0.4900502484038935
3.3162826381941564,-2.688203354466156
-0.9678809976314782,1.0448056374620953
-1.6025586160032073,2.973374833735349
0.36989231763964175,3.0701321508560224
-1.174593380652213,2.9982657721679025
3.061193658375767,-2.8200744197703487
3.1111532128009696,-0.12347374281626913
3.0259913294919065,2.337884201479689
0.701232338944161,1.0075962366931017
-1.0636914349207656,-0.7834856215093151
-3.257817709196996,3.353330544582565
1.095870494151649,-2.3222275680028948
-1.355221592216911,2.9408914169434213
-2.7199433347568487,1.6555236172258199
-1.1567690610611865,2.8181322875953447
1.1921522729956087,0.7147234508726177
3.0461664465092118,-3.5462910023309058
3.183500421248403,0.5800022664909924
0.4788602501823645,0.8810788166936494
-2.913501773845707,-2.573694708771526
-0.9916952938259918,-2.265668295668856
-3.3310169667263865,2.5971191414221413
1.2450446834842899,-2.918652412697971
-3.17851095837937,-0.9564430966784582
3.0866706026440602,0.15699014720334611
2.3606850013028273,2.590580854485738
-2.2828803892804497,3.0170974871415104
-0.8876138609523269,2.953303745239797
2.6103151089535026,-1.6650083212894544
-1.3318923725384688,-2.714153785304239
-2.618826443873995,-2.8101451761423273
2.9347242845070807,0.7439519188421707
-2.313939315733318,-0.5529381069166586
-2.8593525023184188,2.63001208355865
1.4369717217828217,-2.560520284904705
1.737906932123757,-2.967906827881427
-0.728277384284778,3.183466464204848
-0.9569675788024268,-2.5347276312021547
-2.184115787828976,-3.031539554732849
-2.0843200050098223,1.4994276497689292
-2.601463754549284,-3.1020130325562225
1.3417119897890066,1.2701206130096958
-2.681788323803985,2.2284473519015555
-0.5166584992892604,0.7058354904583203
2.794232089072271,-1.3022115650957506
-3.426642586377681,1.6062848804460854
-0.888587916566499,1.0282044596584599
0.6920873684357002,2.3681141787574562
0.9684175706802768,-1.0548557453167557
2.5141081304593476,-3.3440013359828424
3.269368447402574,-1.0682552217315109
3.2638765632460776,-2.469655231006115
0.6174087874363561,0.4801047299965908
-0.666596170970674,-1.055218863663152
2.9582096459525427,-2.5215420824603783
0.857347653585465,1.2486204157918492
1.295673282703272,1.2130844190104142
3.318849781055606,-2.393829461985369
-1.3715216693446475,0.8493146004576146
0.6656280099151778,2.644936051111474
-0.7589644736455023,2.583635685759538
-0.7531992324674229,0.6391440135829081
-0.8667052538929582,-2.8063109913466135
-1.5458969031026593,-2.6114513318861836
2.4217112282497664,2.220754742377125
-0.7856057073839992,-3.4216299078004764
1.532964225439647,-1.2570144919066155
0.9888837834602799,1.3467775366332095
-0.4550789295258238,2.2469442219346574
2.7102094485682695,0.8836352129195217
-3.2888490515459226,2.6067512696379995
2.7284199428209104,-1.825585653916122
-1.1949861772891064,-2.6864041614160667
3.0642011280260117,-1.6766269296047793
-3.1168916548355234,-3.0083673399128332
1.5008602238355953,0.7464457287429751
-1.3233493645740533,2.177798219910174
0.9231375638057673,2.6877427582932527
0.8179371523990808,0.6579653567833359
3.452549778894198,-2.9579997640851583
-2.9153310748745174,-1.2594256459660063
2.4471041404823195,0.5536316838883667
-1.3312660567214445,0.7253479981814163
-1.0904530847093734,-3.016698263976844
-1.2454404963421473,0.8951186670492601
-0.7548433251610215,0.6829078148055391
3.0573793700730123,0.7866927224433936
-1.3713311990383819,0.9000719573367258
2.891426525277184,2.9103891171000904
3.2070993464145388,1.1853005028143893
2.748230349032719,-1.2266980991633507
2.743311930363828,2.560634204203209
2.9214564659982325,-3.8200114452693072
-0.44273556668866554,3.0794896190931027
-1.032564203067466,-0.9439236961974543
1.39670236543281,3.173039903601038
3.037089347421127,-0.3386264234089674
-2.4562596182008165,0.5492691177460538
-2.0481893096745654,2.7248462083879366
2.6632376093926498,-1.3868491698700345
-0.5873754407340518,1.6167522147497877
3.127574427216098,-1.04577784489694
2.6392197552025136,2.948721721633554
-0.8641582953790945,3.136954176594499
-2.0556014584411604,-3.0277341207370507
1.2625466395098857,-0.6936331561574186
3.1997678745493827,-1.0309155668611818
2.8546539906345654,1.2277900847148278
0.7353297734577975,2.5963384558791205
-2.3980297811138884,1.1842811944638147
-2.872843987860418,1.252157551391392
1.3887897424335387,-0.6375586823532614
2.4365458404106812,1.0041440926726093
-3.193989153624627,3.13876255130397
1.1958721685939797,2.5416561477078132
-2.3868826196337287,-2.97429503286118
-0.3213985650395396,-1.3592420437048558
0.8408675378724949,2.7885428859513097
-0.9375965755443091,-0.7918751967361506
-1.2329312211631647,2.4792964656928147
-1.230765659972236,1.2257932997546472
-3.0514834690465005,1.174165799940948
0.8786606248117643,1.1731509010133698
-2.956271064305224,-1.2689554646946846
-0.6895789643081878,1.3305773557884006
-1.1334659495504398,2.8087887495473645
-1.7856001022280077,-2.4542702460379955
2.906813072920266,2.5456425038887427
2.809576857720167,-2.41574650512873
-3.1797656808021193,-1.007151723896577
-0.6332218203018092,-2.4906974838541682
-0.34766071436337115,-2.988648002505752
0.6474066445318302,-0.7977376899833578
2.9267255894177753,-1.2040925546223005
-0.602543087344209,2.9572195291979035
2.9854674149902407,2.821289972833959
3.024922875933818,-1.8721850031107319
-1.3931711798392454,-0.06112652869891178
2.9276149702441483,-3.354566240326398
-1.0439529124091158,-0.16409431882140796
-1.1107631479055364,-2.8794302217913814
-0.884495939197904,-0.8594540658291304
-0.8319147395566594,-0.7610111899083615
-3.31739213792789,3.1826460923774658
-0.39633567786033375,-2.420200286401006
2.904866287292999,-1.1769346673150405
-1.2947961065032427,3.1490448450641737
0.7426049700132566,2.4457311802566966
0.7209910798092833,2.8702768693423257
0.22966339464498028,2.6119417308285646
0.8397503979489466,-0.46891694313545146
-0.7174072976448085,0.9586525994201156
-2.4649792995943116,3.1175695256236966
-0.10482714129868384,2.82827193819562
1.061464229850961,-3.2031391301298795
2.2715026690654914,-1.4373888003586992
-1.8871543470920302,1.624359844323442
3.291487308424221,-1.1564194556150358
2.2702546597841606,2.310037006726483
0.4157195856176626,-0.7090595173278689
-0.1827826166959633,-2.684210128964464
2.483337558612001,2.1081053233250047
0.9352077133941604,-0.7036183280919754
-2.7845042556290953,1.4580808988220648
1.6161891351644857,-2.1374091659937555
2.5145806374032698,-3.766233347264607
-0.6041487016733383,1.6286391548185684
2.8901535812460293,-1.3345732561232204
2.476436752663598,0.08518633658279466
-3.6780562859549035,2.3664570965335363
1.096283403692314,-0.7876754767120544
2.7310306493623573,0.5076656196773844
1.4562007759056166,-2.5597196770487085
-0.21564072755341465,-2.5458582841783213
0.7052396839748368,-0.9968592889521837
1.0096581114770504,0.8969433342217842
-1.3026061687132522,-0.9837071215299444
-2.0536004843707714,0.5132667795978817
-2.959209766561101,-0.978438441213
2.891498253119658,2.442239979640194
-0.9777872468444607,0.7776586281110494
3.197439206274819,-2.7307500605449913
0.6532159756961404,0.7892318644957074
-2.3721298041710015,-3.2923615126393693
1.8088370381075114,-2.634873941059267
-2.9481207975214767,-1.0566568301872663
-1.3555456678121964,0.3553205679546897
-0.9521986662229289,0.9114960263803593
0.9590568143430116,2.37492240516121
1.019707147401123,-3.221673159812883
-0.9838559474614188,1.140214669655666
3.34563260831584,-2.3921858500064848
-0.9175226518872658,-3.070009033825941
-0.7119498397363686,-1.1390622211917427
-1.13426969097408,2.3685661612297557
1.613658807921285,-2.2758102246388243
0.9565712585757731,-2.876661799042889
-3.066198873378593,-2.248916523292885
-3.4897947241405105,-1.3522108244290536
1.3533894855975357,-0.8980523366530995
2.8028664429636474,-3.2591920468368802
-0.7488112816376183,-1.4026346647119852
-0.8173211727374747,2.472951429708008
2.9516168100559184,-2.6756470060099793
-1.2938431840969642,-1.6170613715167226
0.30223037344554954,2.3206670629315367
-2.231013401726449,2.5574598742809176
-0.33126457560205386,1.1945581091034256
0.9836053989261381,0.655718924617869
-3.0593314834335787,0.7262618227013838
-0.8456189526187151,2.812287536037352
1.1936862393023608,-3.039085489272726
1.6408606265806902,0.7555818293050293
3.2678629617000476,-1.0386557745080027
3.404478609477007,-2.922272144282133
0.6010918092327049,-2.816107481463476
2.82427621165946,-1.2037342883127933
-2.7079348739629387,1.7012986975090125
-2.977572761231702,0.7832717124995275
2.803803605336473,-0.42682217129520356
-1.4404956987063318,-0.5676634905071021
2.1418808584742646,-3.3124260718287197
-2.811775233456996,3.4685874144958193
-2.4717810231856774,-2.789212331322317
-1.238494436237129,-2.6767093825931014
-1.3883806415683573,2.192331215721285
-0.851150609234838,0.8204113868323312
-2.6588611572337673,-1.0307183319937971
-1.5671555300566642,0.7798305395165152
1.9928785539444134,-0.7551216557882294
-3.5006274550120104,2.3382427343052483
-1.9765273985094867,-2.7263555269407616
1.1607004660784828,-1.4899225139348453
1.1358033830231176,1.5710338048667218
3.1595114342969643,-1.3098232875701672
-2.665377195497666,-3.071405178752651
2.8231084680030336,-3.17293203089468
0.9754766131073574,-2.9988295429633807
-1.6443748091710069,-1.1298847927887217
2.4463888206286426,2.710285916790829
-1.4549440056126988,2.899612886538091
1.13043964380368,1.1936114489384742
3.1488994402503807,-1.2254939772469553
2.5726503150560753,0.7325045205361832
2.5393483637198337,-2.5310992056933563
0.7872088124939105,-3.4092111210905807
-2.4469131015270196,2.543771306719066
3.125346243063493,1.2364371444509377
0.9206355572354418,-0.8177653251060083
1.442581499528443,1.3207351715396152
2.401141751809174,-1.2963533669729692
2.725564560027443,-1.5208493859585395
1.2506882751460648,-0.3947655539343087
-2.4613031726169914,2.8622187247280375
1.5467420549854334,1.2100636857132756
-0.8793612542529425,-3.5250253258123267
-1.0972122701494802,-2.883075503210721
-2.8072530923506043,2.52193359966299
2.0331825942141246,3.5311887255301193
-2.193730158390912,-1.1551366229833644
-2.201885165990039,-2.4634016292211567
0.8415754399933464,-1.0207728082174536
-1.0202614051229624,0.9473510455361576
-2.5874867100785655,1.596125815336475
-2.455542514257788,-0.9007939361359052
-1.0113579929980654,2.5724404457373753
-2.482382011535908,-0.2535539446264788
-2.447825452935281,0.4009124425031692
3.2664802382372162,3.0837159656352973
2.679548912247687,-2.4217972662969935
2.5366064613100523,-2.9928808781001295
0.905612131127591,2.8699710075598603
-0.9895803489669265,1.561790819822532
2.7714945762698027,-3.6172028397377094
2.9743537094365866,0.7555608978282636
0.848657998073336,-2.2566233290023305
-2.6395976253068585,-1.7739347298355101
3.0486844452624497,2.3384483094847623
2.4755271901509714,2.7886983180521034
3.1384854844596366,-2.7275207824705614
-3.149773494118004,0.5993520721370342
-2.292734257867538,1.123323484802108
3.0796827383801304,0.629924349310247
-0.8207354542786715,2.8584726492258232
0.4592834656423163,0.7975387217667175
-2.4902740761804463,-2.683923706589716
0.9650722803347724,0.9787634639869056
1.2852757177940939,2.652132276048038
-1.1439631210069892,3.0112534260225203
-0.7110864761971901,2.4558154543464417
2.9171022886690325,-1.1894406437109812
-2.60850082140117,-0.6784295481388385
-2.5236589076392977,-2.070833783378542
-2.0698202818832567,-3.32407238340099
-2.6204076709180804,1.3831887396710278
0.5570000070947657,2.7642249817441717
-1.4347961238172706,1.1490129979074428
-2.6201528881873557,1.2237468002696574
-0.3796815184743525,2.4287659306916884
-0.8436069631906714,1.9287969070977782
3.217005094488531,-1.1569874043955717
2.8644058741458513,0.7748361597400452
2.8428088712006705,-0.5900543547750107
0.744226127928445,-2.532716025478449
-3.292893627875794,3.0839420308798347
-3.4751951623004014,0.6535447713373765
-3.343624829559143,0.8473493971823935
-1.4126457221730964,3.143859075483688
0.880625886851552,1.2187333676175087
-0.8230738352168939,-2.6605714715621462
0.52134505423273,0.8274318681555287
-1.0109896027338823,-0.5735734090243708
-3.4542482482012278,2.589457962399603
3.109746274945868,2.1823832978209157
3.0641317177536265,-1.3327257862449693
2.4600317733162327,3.1756144193624523
-2.7134874001658593,-0.18633627257668284
0.7687826659009482,0.9671630949966942
0.7421406869791884,1.0713953680809012
-1.5509465380953982,2.626014820661183
1.1277414186958281,-0.7122153117076298
0.5208754494326593,-1.3796777044125226
-1.2806551755114086,-0.6112453769602442
-1.4089549920739384,-0.4395307967834247
-0.21511364977000172,3.2788376635982956
2.791294816270602,2.440488752327297
3.0360848731472014,1.6806749441401954
0.7370599439690009,2.5446754170975323
1.4759796322370653,-1.7883232968018599
-2.5184369371965145,1.2278426658372852
0.29462686615334216,-2.706662108825782
-2.822277191783478,-2.5456189724220692
-2.504035409662044,1.0250134711631333
0.48172848459396284,1.266944054195599
2.9721918733750696,-2.631802620139807
-1.2823134917877717,-2.792169023227838
-3.5461264694820303,-0.12295808178664666
0.9461241068060335,-3.0101009063497113
-3.2768990873252197,-3.08600297002972
1.5218516919482266,-0.9026205142868525
-1.364753292585458,-2.785132637955043
3.5967014363348517,-3.1404353459709182
2.7454010465662715,-0.20145930190573305
-2.899714357709465,-2.3323842195249647
2.851877538369443,2.599051302492911
-0.8677037662017926,-2.3205504519770983
0.9386193239308346,-2.733688294476173
1.140621424540531,-0.7039052586085894
1.3271693482578635,-0.570381274983864
1.0392012480785273,-0.6588850996752622
0.6376574583582411,0.9434090018186854
-3.121188665931789,2.64429423773525
-0.9022533819147396,-0.6993084056627746
3.231849214269956,-0.7612162027676433
1.101563056457593,-0.9142677528213498
3.129054947948411,-3.1583102720989604
0.6749175587025477,-0.7846249075613441
3.7966196876083713,2.8575682101634436
1.3236165762012446,2.7232800421666368
0.7080944237194406,1.315868931739501
-2.873979975652073,3.3781129219508785
3.309416426619709,1.1127602747566692
2.764290054599561,-3.0050314854756697
-0.5899332343963805,1.0979559706127928
-2.931079501031965,0.6952530571751431
-1.3951473525714295,2.4219424923799004
-2.8261443212875688,1.8425539912485491
-3.2137841842046226,3.299557875339866
-2.214855759573919,-3.0620734817673667
-1.0678519800637845,-3.145997144669568
3.6148946474987858,-0.8869595438003506
1.1052592963593177,-0.9264426582989976
-2.0732991953299296,2.1505130838794386
2.647378412029419,-2.7481198847788053
2.834435369403527,-3.169626708031782
2.3923259983256906,1.6324029941768736
-2.8967494679259653,1.0978387311341813
3.344748913517162,-1.340764330945513
-1.1434429356238451,-2.2559737445506483
-1.3802432948277008,2.1342626223730705
3.2462813321196347,-0.5798668981146863
-3.8677546227795534,2.2179470687273244
3.1684297673670563,1.4506089930611636
2.6328997992413847,2.894721660426842
-0.7480986237386257,-1.4467625531828843
2.5492936952108236,0.726218323616049
3.0551548632850247,1.9479273366523657
-1.1665521388490567,-3.640502662598192
-2.800279944248217,-0.4545365639562308
1.405704115533972,-1.4778902399787475
-0.9500038910978801,-3.0332487377516983
-2.3039436253979826,-3.405084161669173
2.552907775304207,1.1441142823809272
-0.9816979057759092,-2.6502455505474156
3.043371569560533,-3.371193543249713
-2.7276102672308284,-1.0786391591109779
0.9053842316499155,0.7190645618527196
-0.5738398655146885,-0.23544935681449733
-2.2191309847086162,-3.395015912110136
2.6144044694588455,2.6852120932269514
1.0348501242198205,0.9081391063573574
-0.6725462436174159,-0.5657618131927339
0.5497561699516104,1.0123835401050911
2.367344166698524,-3.2950856811832794
-0.7335830780628921,-0.8901604615971187
3.0035647424828933,2.6101848446387987
-0.9059859026070353,3.1260057285466782
-1.0198806368158084,1.1092859283255818
-1.3427066641848373,0.9775595569043882
-0.72295558554677,-3.1419134644987783
-3.0325738949701613,1.092365479726824
-0.4036486928685226,-0.36500959581550724
0.6768149828685245,-3.038580440684677
-1.3199468929555105,-1.4938506164026644
2.961974907447908,-1.043200943297093
3.0459988385021854,3.075730727239715
-0.6512762504646271,2.869840351296582
-1.2421265417577152,-0.6636567612811461
-1.0089525881748906,2.411790482787871
-2.2509834330864376,3.204840855354895
-2.83659424255756,1.6160101941440905
3.2001923597415165,-2.4905544299363287
2.6786444901392956,0.3232712893961473
3.31160015783896,0.6095620242809889
-1.3517631112994672,-0.3514827017529858
-2.884998861503655,2.977018497973499
3.2705974181499418,-3.8560941807410143
-2.6877180551913926,1.0483282992738778
2.6019952088448637,0.5326695333727356
0.4760727725097432,3.059181776942966
3.277298484219166,-2.3593281685901593
3.1166498276400447,-3.1055498157351056
1.8309834022400036,-0.8477803099191534
-2.457072735877653,-0.8816873315931705
-2.5102704359913117,1.6656555278813396
-1.049854514321115,-2.726202722955651
1.2359026262076847,2.5160888851390175
-1.1845827122488382,1.1013399576225178
0.9180310906498119,-1.483272877849658
-0.7346012380742587,-1.3609498629356027
-2.733955809526262,1.2105033667965768
3.1373093872038735,-0.8266721225084099
-1.4894365974166641,2.76263278569647
3.1644464303990603,-0.27982631350483284
1.4531016896292397,-2.413584076667684
-0.8714641698040487,-0.6915203825018043
1.018727462616171,-0.7837872910126673
1.0166992382752278,-3.0638476980699645
-2.9508602585987433,2.8671619021574415
-3.0027022630950393,0.43360232251656095
-0.9256027484912674,-1.0481873603223106
-1.6882331121508674,2.973150683869138
-2.4386300420115647,1.0068161190158031
3.0882302028819986,-3.454285893556055
-2.8135897159995946,0.18855294926625257
-0.9555457783992385,-1.076643505164289
0.8169824017222174,-1.2865269002026836
-2.825044881686749,3.2727423010232046
-2.3209842738174684,1.1996624376756506
1.163232778407744,0.6482457171468732
1.0818178563781427,-2.637550489376888
0.8795662868309335,1.1528376798080255
-3.0306858301441855,-0.39902911838404276
2.7853067119699984,2.1936972769723986
-0.27193221605436657,-0.30113365965018807
-2.3842795449436216,-2.4307486611563935
-2.608402350049586,2.6854371959831185
-2.590989699772545,-2.4769430045242067
2.35918101443597,3.1445583576970493
-1.2457737269269946,1.7371450759380853
-1.0324966778590294,-0.1341352714974074
-2.330161967590421,-2.863772340475841
1.034250703695695,2.944102823658635
-2.611950153673793,0.8602496333212881
2.4734300607272877,0.25307902684703
-1.5277828062079626,-2.6835755232307665
2.8126178040829273,2.503990763736214
-3.1559108898119206,0.940153508131316
-2.7940386016828787,0.2840694823586038
-3.137093403869267,-0.12428422751031094
-2.627947740962158,2.902032237607312
-0.8878416541202645,-0.2689011078463438
-2.5895541866329963,-2.509270739861856
3.1361814591956905,2.825837615095072
-2.7038683357446067,1.170610044561136
-2.8716162156385416,-3.0501543608233592
-2.721851609118612,-2.6208551551078556
0.5964956600559443,-2.7303519599472654
-2.815893498765971,-2.736917808118547
-0.7337527339651791,1.5146666409891767
-2.9906121301917468,1.149731198745425
-0.9609964444049354,1.9741832826751002
2.7308885185308953,-2.965420880510046
1.1993490869079513,-0.87947416525338
-2.7858478295298914,-0.9137996666757665
-0.9652797818572724,0.5130898457288823
-3.139805978755951,-1.1213442099378497
2.5714371303086323,1.4441556500370099
-1.1669008380635693,-1.1933548682045545
-0.6405023495770358,-2.9339183336899857
2.3388402826290142,2.9005601393295106
-0.7245412448083387,-0.5435605338153882
-3.1346435549340743,0.6953795764526007
-2.5311252036510514,-1.2548534378667229
2.6214509916024946,0.9631913269746517
-0.9589037640154494,-0.6913671629447349
1.1111080280490402,-3.002145951658866
2.56275824063891,3.335469578588909
3.309402461882701,-2.41557667046048
1.050129224242967,0.42686185196673765
-0.8970007117219987,0.7416605702474252
-3.0497618884945696,1.1979385361109098
0.7535405419956092,-2.642911985927314
2.572732815328505,3.1160297714286944
0.9333852773218889,-2.1897012634365556
0.8608426801681363,-2.877150364925474
1.590990273219987,-0.7808859804128546
-1.615703179409241,-1.4512912181093494
1.5392540932840078,1.9833553233136698
3.138270674743222,2.9165322191610454
2.647103732861749,-1.7736278710147984
-2.9677728109111214,3.0681622837778426
2.9707736037984387,-3.1322167059582084
0.7011925893726804,-0.8162508985936968
-2.27367852282525,-1.092187881224049
3.0422386128016194,0.6802546239871955
-3.5149622891711343,3.1661338707697912
1.331335174180823,0.3925360767365088
-0.7619663378173329,1.2206756860045846
-2.0970710924896347,0.48376983913314203
-0.5053167707948913,2.780521806136832
-2.141405795775847,-2.410893957019932
-2.5225632891280254,-2.759225461648842
-2.1283506739648823,-0.6623392538037561
3.0823683460903286,0.6602296329844171
-1.6535847389362028,1.3382578812554533
2.6799923881489334,-1.6461215964328049
2.530588385347769,-1.2741006855899528
2.93732472950133,-0.06206187099191525
-0.9737312000466638,-3.0123228963013133
-0.7770561195316686,-1.1478090996162733
2.064739653888508,2.5723724408126034
-2.345060939535428,1.1498804398101914
-2.3990356811770517,1.0221846631274347
-2.4042849828454798,-2.946016943014575
-0.867654682177711,0.3980702412336585
0.8802534622280436,3.694370998104774
3.2710982525561767,-2.0939946163929384
-1.0252898680458578,3.3140147630653827
0.8331888253462668,0.5224347596363468
-0.8880023487184339,-2.6094857130455456
-1.0878099247971087,0.6331588129295398
-2.2172722761592754,1.1837534246414667
-1.212468554392539,-1.208095491303469
-2.4995213628921906,1.2510917041770229
2.7532566460084724,-1.3972384869428265
3.3369158853611474,0.37798541014340603
-3.045265498356929,1.6641102593881791
-0.8335343141642844,-3.3014718941208128
0.8767749478470593,-3.079662672167135
1.0167794124436562,2.330574422536366
-0.32809185657562334,-0.6258298356104646
-1.5913779315081438,0.990439017087554
-1.4345499851235126,-0.7805536665458048
3.06757274070113,-1.3615507708866679
0.36774264893139247,3.1369246128489525
-2.828913425134277,1.0201601569275573
2.7131623690009503,-0.7242384437007452
0.8422987366109558,1.033016702364019
-3.1462910799153065,-1.209879873075578
0.5952243130126059,2.552165850937134
0.37351296335313244,2.0811473066044153
-2.9171949355650613,-0.8794676264679031
-1.301433403694263,2.8299625894132814
1.3729476772526112,-0.9426207370402118
2.362799260683357,1.0523829739254633
-0.9395760650653778,-2.858258794837049
-3.328280182993653,3.10477299848966
-2.398345377417606,-3.083727124141269
2.97083723713401,2.7077671021940213
-1.0537687611005901,1.074971043799889
-0.7376059778806496,2.945902210066172
2.5209888805904694,-1.3152280566713141
-1.188796635195324,1.027452357993629
-1.0576236490636708,0.9661195571888758
-2.7243994745899487,0.6263755259376101
-2.7947628682146077,3.17930425324208
-2.247062151881845,-2.2893682976624103
3.585562338372314,-3.0848620688665798
0.5571563756196203,-2.1158863840837223
-2.249780377750772,-2.642249689494714
-3.251596809016763,-2.7886778128132206
0.7264726554674367,-3.0200475730063596
1.6169624708393846,0.4549187710041797
2.612239088842141,0.8442420197661575
-0.7910546524045554,-1.1527535626773442
-3.0894495696762454,3.0409792074262953
-2.6379846835379124,1.6770820751397415
-2.971865892743129,1.426068741693958
3.1275185477489105,0.891180857940606
0.7308765528094328,2.3380266619081027
-1.3431096400037834,-2.450910287920207
-0.5754173744737977,-3.5360177616620234
2.5669225221599716,2.860838154521325
1.22838123767722,3.0581948882839534
-1.5944669447861195,1.8098454844293788
0.957215707449945,2.4112274497531065
-1.0389461945079037,-2.2593314715521813
-1.2225077592523166,0.9944577857794518
-0.8492237176686069,2.929694706430824
3.0393167673186747,-3.0833462778459566
0.037177760482355486,-2.812633194339151
-3.0186842908988223,-1.6244635304088568
-1.2069235132442528,-2.23596712760373
-3.5303073249322616,3.1585538691814654
-0.8575475310888417,2.8819956667191136
-3.3464472754226646,2.7187044068134267
1.1028824680198406,-3.159102866804569
-3.751659547234412,1.2343975087417218
1.7939285291839078,-1.253046847782673
-0.8339930338226403,-2.773759535203191
-2.742558969498221,-2.8754024469423483
-1.4496311524104528,-0.9044919597270675
1.22821017151522,-2.9289371309793366
0.4357516649272409,-1.4185777277144005
-3.01041406607721,2.7862776868576473
-3.6588868017513523,0.9408017498726442
0.9514190200372791,3.188910944273791
2.5169616358835576,-2.517983411963154
2.2795783430915004,2.801704841217885
0.6538168156609347,1.003771294559932
0.8058978109934326,-1.4680174177026433
1.4651009065548193,-0.20525451265405287
-2.797718050592831,0.5182740872098605
0.9038643301053426,-2.4658395936324107
1.3030575634555077,0.3566119559160681
0.6904020635635467,-1.0012355506489645
2.960772603526919,-1.0542944886386092
3.2827572180171045,-0.6481283484628482
3.2902362984767044,-3.159766928453019
3.271862373117434,1.7880478032901685
0.8175335779062456,-0.32609040957152696
1.1811146413192115,-1.0871834432999354
0.44716177794791045,1.1738935428573676
0.14031846361551556,-3.12149300676768
3.1426670682769844,0.5869261222279214
2.701037624966727,-2.634630928118693
1.22368992813977,-1.4972741865492598
1.2080162415859075,2.979041550056069
-2.6115434188311695,-2.521082006664948
2.3066120911604644,-2.9618867536750315
-2.937304809965817,-2.4877085127519556
1.481108151212752,1.0730088011224015
2.5891124787361064,-2.8997295302329276
1.0057306464111717,-2.733075495004661
-2.720085537959604,1.1181746631738572
3.1994542446026406,-3.1572926455199415
-0.9407691188615994,1.1834760085814808
-0.6160765855197998,1.1751110799299447
-2.5492545323141678,2.3614735829263376
-0.3977030979412734,0.8991241802649886
-1.4645622444009008,-2.4103193417548847
3.4507886321508825,-3.073855549399464
2.780944819018567,-1.529959213901007
1.2031807108601977,-3.2111859871348054
3.044107641469039,-0.9880901376680574
-1.2676526653539075,-1.4685289485113302
-0.6950987454112512,-3.055365822758109
0.7869548533199503,2.9052777757046218
0.8014785834718552,-2.7615952619013266
3.3268785547836837,-3.6447790239193663
2.5690415934852795,2.0935503980169674
-2.49718827298348,3.011611506205272
-2.535931289839973,2.2775514943883493
0.5848170117503761,2.1949565852009423
3.1596487673181426,-2.8379332660517225
0.7887651089398161,2.7666343915026586
-2.4605589937576213,-2.8304101172502194
-0.7632477680720627,1.7560033885709971
2.9066921505114136,0.817300287281058
3.313692516792285,-0.7435371948011391
1.1733159331772878,-0.7860499265844463
0.8121990787885459,0.7191025782784343
2.083693204541272,2.7194152446100017
2.4450284731146965,1.0345248558545819
-2.356449669611238,2.611657577154453
-0.7144408508655112,-0.40224226618950265
-1.1044322445473678,-2.6279873125738873
0.8842795978221522,-2.780127205534688
1.1057086842289023,2.5139204508671
-2.582723500460424,-0.7441223795135349
2.141619671122624,3.1352046886111427
-2.284422896473681,-1.3326558266048798
-2.6127829304476626,-1.2782192462250048
0.3688340395101687,0.8393119877077648
-1.0118379627173673,1.2442725623673963
-1.0373408680531293,-0.5412666468917843
-2.5414029623527683,-3.5274170664852815
2.642714085594625,0.91204020332101
0.11443005238033206,3.0767561715222764
-1.096102936187706,0.4259369911318349
0.9739209566246942,1.3049670893892076
2.902072132372558,2.8002426678447
-1.3387685096810018,2.9882427395105937
0.4769864880062572,0.8421420746041645
-0.7023178469640511,-2.2640905704104
-1.0669036710651418,-0.808537482027883
-0.7638983197744524,-1.174206268132543
-3.0910674437101497,-1.9918589122458294
-2.316540769582655,3.152960453935712
0.6834166215799818,-2.9132783150620654
3.25612949904275,-0.16937877828208783
0.6852303338184853,1.4776742790887658
-0.9799155555893851,-3.051347633699641
-1.0807053341931008,3.3050491413312786
1.3074650362158793,-1.0172841742334715
0.9605609128979546,-0.7772756984945555
-2.517163203436525,3.072539472031248
2.582701382779911,1.031565128487224
-2.669421529624868,3.359454073484439
0.0671482316681547,2.984673460240665
-2.3502303611383746,-2.9792700252543995
2.4276450054238334,-2.460573874995301
-3.1196245378757,-2.446248269727291
0.8781492242527755,0.7457498816789562
-1.1526663529676635,-2.131107680256655
0.721750120295389,1.212258248938331
-1.2102715335750298,3.600459746587656
-1.0828370149865347,0.7371226825969897
-2.553283659208243,2.0075659069915344
-1.1932530447626124,1.1698486593265163
0.5233500127967002,0.6103688466370797
0.7278562218495982,-0.920383663317415
1.3028411289705688,0.41203664065028167
1.1250102407835916,1.2615100628978322
2.8723009901526497,0.5538359007267569
-0.8130753346415235,3.319391355074071
2.8119394562775706,-3.211718031831834
-1.590768922844092,-2.6999210655221964
1.076222598567247,-2.681999686567145
-2.674651057904966,0.7795635024386744
0.9858395379471169,-2.7321492795904794
-3.502869292724937,1.1524786509880973
1.1281351112554916,-0.6705900679426258
-3.1557762293766882,2.6377102253993394
-1.1340357826171634,1.15384260727066
-1.0486923005339437,0.9731382784322219
-2.3821689037193727,0.8324184384870509
1.2805351234073514,-2.6959900241664565
2.8970810916422867,-1.2402710805246964
-0.9453976306970878,-0.9414668657433951
-1.4223084750582993,0.9444730987163424
-2.902535844980495,1.329995193115247
-0.9872517505672984,-2.510523663668932
0.4500081904604104,1.0915984586386067
0.9133942670960742,1.2079449734675298
0.6139470303678746,-2.6483954868768658
-3.109528768670362,1.040070006957722
-3.0089984538237577,2.3685326660358803
0.5675183515505118,1.3364532305251127
0.5179840284156254,2.4047470765666255
-1.781692646988351,2.379967074216216
1.2650199029544869,2.8647909121897537
-0.6052287051009225,1.2717084190718768
0.8104348126852842,-2.726362010132358
-3.33516242448243,-2.925935886126566
-1.1889722856374578,1.9204809648049816
-3.5641861850640826,1.0151876406716254
-0.580031294991727,0.3351456399446189
2.7279356702119864,2.8764499157521493
0.6332760822533304,-0.7332774524479208
0.690810826587851,-3.370868182768894
-3.3321645243297016,-2.782865664129655
-2.547501098274319,1.154811235885636
-1.2157900508635324,0.43304931663452095
-2.64389214331457,-0.983040633319
0.7340552263693936,2.6725398304517243
-2.5047005755449945,2.061080840934628
2.6810046838902926,-0.7716261891546201
-1.0674530347288242,-0.4689192021878267
-2.124254709418514,-0.547031981078423
1.1520267256925376,1.1660467057010264
0.5186832757519878,-1.1200688215017105
0.7051030807662338,-0.9893543582318212
-3.099056533846122,-0.4871067882712229
3.285781783767394,0.5523117142798099
2.8476941248903174,-1.2850349060887345
-2.2614630790740313,-2.800399467129954
0.42879490901485556,-2.9732502489877093
-2.8824722819587794,-1.1965461534142974
-2.547643446264931,1.3194487199304024
0.6734472254424879,2.9904507737853647
-2.2817789563314794,0.8833578401454039
0.373749746507858,-1.5165901353458011
-3.0487925110615692,3.0086928035453524
3.6103800227022194,-0.9078629424387885
2.7932195963097155,-2.843447865081234
-2.6704261635033837,-1.1398555491592721
2.757781515556402,-2.426349885297464
2.328118352703916,-3.6871058556337366
2.933215473131928,0.40570221485066776
-1.1329821086629996,-2.542164791107047
-0.7341550193066001,-0.6378880141532413
2.1661464487243816,0.6445660870440633
-2.58943435111915,-2.6945344570676135
2.5928695448375048,1.333678251446506
-1.3281472854346479,0.8405577662483923
-0.4231070013721275,-1.4687423728791993
0.12209214396232293,2.8398166015544692
-2.73436227999735,0.9150093634964543
1.4055109268495487,-0.14000133669877943
-2.75667323834771,-3.385172992326277
3.290402439811634,-3.45681373435866
2.499356825285751,-2.9003990291607695
1.3945651365956382,0.8911533143058732
2.582926564606081,3.3177281156818546
0.4498188360524349,-2.878843615868598
0.5983385289970223,3.2110121929265585
1.186115143497592,0.9958435364309508
-2.7508414129375276,0.6031098809948567
-2.0004394223116275,2.8012194384547664
-0.6786184653270781,-2.664226023745369
0.6815346954307598,2.7149404194048556
2.60374402760982,-1.1361161166631075
-2.8801276127729563,-2.422103296174911
-2.89541429504267,-3.329658543377066
-1.788671033161781,-3.2683578211381508
-2.3236768813277,1.3308898075488313
-1.4141886907104635,-1.0117757551225217
-0.33578487784105204,-0.9651564709359136
2.0894053706376443,2.397809971623486
-0.5868573805462812,1.1655154358773325
-3.039179028294982,1.1752922947257138
-0.5956833715798736,-3.0552252893817013
0.28201851821879087,2.5242580023736867
-0.40357450870141215,-1.6014187710432117
-1.5295542927901493,0.8501387098446539
-2.628869279479604,0.9611868938393914
2.6914369916070036,2.3024270322758977
-1.2004202809018047,2.990505980784966
0.7955886815798491,-2.904545078722143
-1.2484110067747467,2.414128028705106
0.3086826693093419,2.8953826167900196
-3.1906635736483406,3.2429886727954096
-2.9085946270456904,1.2632825038210291
1.0326910669161127,0.17545817964200291
-2.8642235966967458,0.6782782794608004
-2.900011764282693,2.788309763315671
0.7426760170351288,2.2959020857351904
-3.458421007375778,2.9316713889993773
2.8250148511868307,-1.6240182068271904
3.173112945541052,-3.161411213726892
-0.7328471128639702,1.3108611127092864
1.0941044257872248,1.129702588395717
2.914701537924072,2.5317299590950424
1.0123853345754197,2.657458905332052
1.0420909141180832,-2.609114945145134
-0.7449407351097983,-2.2448357576190126
0.8709590527901333,0.8328481615004432
-3.0511046274288876,-2.795117279689795
3.5094118908369714,-1.066088369414492
-2.5946752919791893,-2.19047750805959
1.2872098356182529,-0.9835297732444528
-1.2241171997941729,-0.10500974721457532
-0.29084430646772197,-2.3336279118113796
-0.2701943262908052,1.0288708368970472
-2.757900528604591,-0.6003332122591097
-2.5578245463133933,-2.342738643758359
2.4787372005291934,-3.111725702611491
0.746050700448529,-0.9194561673773821
0.5546390609059676,-2.7831543979019386
-2.85754777137643,1.3094947529795344
0.6024997263333476,3.1269649684414507
3.137595301194565,1.2964823016543126
1.4600610925007587,-2.155207699468954
-2.8635494237395935,-0.6234663745175367
1.6635168280943928,-3.166072474053707
-1.7696861347624615,3.0222534767681717
-1.2308243745466063,-0.3395599832476441
0.5304528235696975,2.534003141376659
2.2655527764103445,-0.6226062430038289
-3.193678687467095,3.3282942430765634
-1.0082002772368248,1.1965649038003912
1.003700809032893,1.062327957840202
0.908024923717024,-2.976438312097314
1.2510780700720723,-2.6512908232342016
-1.128397000388772,2.561410159347644
-2.7988985157563357,2.9964341381399486
-2.64324878469701,1.3479003088686616
-2.852967554907825,-2.9597905589412283
-2.1486852974622006,-2.5727858253839515
-1.0147296709440685,-0.6447337498509145
3.365795131409012,-1.2000441906373802
0.8583382266279563,-3.0910633464065636
-2.48364024926236,-2.3299981467533506
-1.0088326164976702,1.9120340850165192
3.247250848649981,2.640829947773197
2.722507058841557,2.792276176794736
0.7948936097975591,2.9013393316954867
-1.3026887512366963,-2.8128165061391113
-2.610985524897024,2.8549763950547775
2.952934509092432,1.1319047461218121
3.0765932569130205,0.9174733231991389
-1.1880780620994782,0.8823175936436618
-3.1531873992598594,3.0769141609632524
-2.8384907320038453,-0.5906374772414457
0.6547042500526317,-2.774630269589972
0.7343001007895111,2.493821554215861
1.284635524878797,-1.3543052791218892
2.8181095305523454,-1.477759079162726
1.5034384199090962,2.5169673687427587
2.611480270637388,-0.9245143477719673
-2.8317342625854733,-3.324950046284758
1.0750966815920333,2.616034029042255
3.0041442323763325,-0.9426286607535975
1.35009927697227,-3.358063118361878
-2.7896759430780738,2.25867318697783
-1.490537867559381,-0.7227042109466496
1.0561847181273538,3.0596611285282185
1.0691794780196318,2.8993724561447713
-0.19527149516567135,3.2289590814101996
2.569160698086056,-2.7362636701111667
-2.3253188199752506,0.4811257405783621
2.275594159571904,0.38867359850099437
-2.2515727316523386,2.972377847413792
-2.982661745968925,-1.026609067380483
1.5566523901478306,-2.97045202576567
3.0411064852124237,-2.5957833518574263
-2.6334518772023205,-1.0767091903647799
-2.6671363501658605,1.753714876066311
0.5001412778468007,-3.184579199600221
-2.7383388919700717,0.40386588405381524
-2.1771285046598727,0.992262279097847
1.7574200820547485,2.6911543866832996
1.3321022258520265,1.4264610943809855
3.3121995269351454,-3.409835986237422
0.9527543034940152,-0.9013834446384849
2.7836355134497195,-0.317774537364777
-0.5406650806416932,-0.3844352637818802
-2.7709351115044205,-2.900435277122537
-1.1068352172567109,-0.9314554778354043
-0.8041164551031263,-2.4937132632603842
-2.791681561247571,2.495562251497541
3.4039890112166504,1.2226768352777813
1.1654735503848004,-3.536280168365844
1.4012177795623018,-0.8350646363227461
2.6986068979497917,-0.3616249408990671
-2.0067222362425237,-2.9847831498436688
2.6411883124170155,2.839651287332026
1.1685338961440765,3.019920107493381
0.7956042250277582,2.374490031785051
-2.6011931874483643,0.9155775798206881
-1.0249509986009835,1.0823608035019727
2.6965265836120023,3.194244597742621
-1.2632017030250515,2.5275756590187304
0.7776812232176895,-0.49918317270875495
-0.4639921731832937,-0.5030807048583094
-2.941009386213062,-0.7193494949338332
1.0765663465342896,-1.008083718007646
-0.2737732125354141,0.6725796804870721
-1.5514836432357775,2.7307673748802412
-1.2789200392628426,2.6251720470475903
-2.305847466043013,0.6434104857398255
-0.3029405663086385,3.0800926133822277
-2.9475250879349995,-0.26830302616670176
0.7842825831102915,2.6350689328533785
3.222225775759814,-1.2917952730595679
1.5164128976792934,2.6374499789176054
-0.3790863297852636,-2.9821695323047344
-2.9654819609607728,-0.43274206973634066
-2.4375400590995615,1.8811420067508142
0.4772644780622418,1.1801733079320953
-1.3976498506121202,3.081119886262686
-1.0998225207308485,1.0112045496400728
1.175097380064425,-3.1890583212824968
-2.232705178312079,3.12252293839724
-1.1909696088501678,3.33776040180142
-0.6776234532760551,-0.6300878447080703
0.8605871961963167,-0.8792737373830457
1.0039917888634138,-1.4876502089508246
0.855811433832028,0.8900561687200194
2.6500710930592537,2.7660374833312997
-0.782637828354967,-2.8591425329879803
-2.059515662908344,-0.45305083075383507
-3.2893038263786263,3.497070076566218
-0.7947651639016589,-2.5319332801389893
-2.8015613928730305,-1.8532188599878108
-0.698991273640701,-0.9755936170025644
3.046621982397787,-1.2884877994117572
-3.189917147800186,-2.0276324352024773
-0.8265617156439414,3.031713093421736
0.9332485873722811,-3.2623940891315693
3.1967633817773984,-3.1800579588505973
1.1633400708424653,0.6639871493373223
1.0844243920271444,-0.21745908390755095
1.2101416543048233,-1.2642456186741422
2.6170441667770667,0.842175531315444
0.7305592725888514,2.4806897219029547
0.7673611780417957,2.372273125122181
2.706994301732778,2.5583614070682934
3.219567797702896,-3.1423921248430466
-2.0398743162044224,-2.130206201769621
1.0189474448523104,0.9000047493492791
-1.306284812852154,3.115368413489639
-1.749006307855961,0.8154551939207989
-2.8665074487407574,2.6786092554851515
0.9373923437800515,-0.8666028061760214
0.42254117421353393,2.1150393603136255
-0.714987395249486,0.6848056535586303
3.2735106673695475,-3.514687224206346
3.1995462422433056,-2.860238799997705
-3.398665868583469,-2.780546701233334
2.8425641309597633,2.975413026165186
1.2231807959911907,-1.07502916881079
0.050761103865024276,0.764883118874744
-3.067627338195112,1.225661612098655
-0.8448118538925401,-3.4704489592629324
-1.238993238373345,-2.7231248417724037
-2.7755865918996956,-1.1318295666963387
-0.9296022984738402,-0.626468569792539
3.348415688739649,1.6724825569369262
-3.782966009538707,2.98841638468633
3.5933875477875916,-1.2572757156525096
2.7261537951864594,1.0801404081383241
0.8651596847811762,2.9896987747484984
-3.5023507499805793,2.8178201616825422
1.0881057870898785,1.3284951048153
0.5998851754609056,1.512115024035828
-0.8712959960114747,1.2807170719559176
-3.1220747373572433,1.1675562302945803
-0.6847820296629898,0.8387066480083604
-2.8609840052568565,-0.7480488912376712
3.090826364396339,-3.201713343588158
-0.9898302160123773,-2.7289531867241434
-1.2118478806114454,2.367823711997415
1.0702497872754446,2.6450137472790534
0.6393352949240119,-1.038405755318179
2.8577554109742573,1.3125144618580056
-2.8958009954995876,-2.5142384390686283
0.6004605711222307,-1.1492319311679031
3.1724123939072837,-3.2146880612327524
1.0464373848846713,-0.5908248867887669
-2.5759397093389444,2.8325494693287254
0.4215905505084886,2.9379132400214716
-2.9116119174612907,-0.9442660672692537
0.7528041794899645,-1.1107083940891342
-2.2100539616480943,2.927567223137577
1.9288572706860236,-2.9056812761585458
-2.7355488165629027,-2.2860778011112597
-2.122749471173016,0.5025930526848889
-2.0634357532047423,1.2114673586348663
-2.9210800189890525,2.7549137449100916
-1.224028776050881,3.167504938688433
2.563870651597437,0.5688625656461078
2.226404958798229,-1.078698947092577
2.937233169469956,-2.5514912602203608
-0.9197854893347045,3.226063793787594
-1.242302051548771,-2.9356255038687684
2.816520529474723,-0.4705797341119326
0.7182832931134232,2.644362794012192
-2.671409763859429,3.0889450491194914
3.156524003561003,-3.1121422298622714
0.7705047627989123,1.609016265001353
-0.9208015828653545,-0.3992298973401874
2.9806909701530047,-0.8603651380647851
2.4406875974765527,-3.1286305210786973
-3.0153034615311736,0.8985642284665425
2.3875196336271722,-1.0697744329520447
-2.292006746971726,-0.939002218279926
1.2475534171940283,2.189354518010483
0.6149267046189687,3.2550634567671075
0.8848115695712134,-2.7061126182633424
2.7168778354084915,2.6804004334443734
1.140633052051081,-2.6435572475328035
-2.7970504435060066,-1.18303712841253
-2.789908144344336,-0.4996555781913658
-1.6034892208689853,1.2522919774828385
-2.472864960994729,1.4601869024164706
-3.297472748440096,2.632111277992577
-1.0097767907521829,-1.784707005618482
-1.185917428965555,0.42395943974686945
2.9277839384429534,2.954896213481922
2.4394114752313674,1.23947065114926
-2.5812457330631156,-2.8845626810510434
-0.4418080004458299,-1.306838041720251
1.8089714624762998,3.166744028231429
-0.38367509225779173,-3.1669306663034265
-2.9805446066215224,-0.9052439269672655
3.087680671586495,-2.6149712529642124
-1.1939205530951553,0.9060439479421363
-0.6036961911542184,-0.8556011238178075
0.026200642097794907,2.7255608825295017
-0.7734953496806976,0.9461159163311366
2.733443529495539,-3.382692936402709
-2.365165191022162,2.4728485854732067
3.062503975127042,2.8286439774679333
-1.0544722134899933,1.0705976711445944
-3.0154637146931305,3.1972967761601243
-0.5791614193442359,-0.9164932624088328
-2.6532407954620187,1.3185438661734898
0.9438116550707343,-2.232898632883999
-2.6743394088596086,-1.4296075127230374
-1.1202425554158757,2.5013569255084405
-2.8624136490958465,2.8743250863672194
2.702846850337751,1.2130023433113566
1.0302073393207207,-1.155865092970093
0.9236412455607151,2.3611982546161174
0.9623767074602377,2.8866760378832206
3.0894243070263534,-2.937636271835465
1.1737408426604534,0.8650117840910985
3.317963892352539,-3.2551728719678983
0.6984378962554064,-1.1054603138289816
-3.3401735507330224,3.1960808021635034
0.7312086556633054,-2.647548082771958
-2.724232205658251,2.882402379705804
-0.6417994874234475,-2.345702016869225
2.724320081103134,-3.477781737004823
-2.827990148937587,1.5617546440261736
-1.3683656008516267,-2.593684270920606
3.021893413739164,0.9505069728655923
1.0053739443914376,-2.649210887471244
-2.8540391870145467,2.7899161637892083
0.6529506050407629,0.8202028519320413
3.824754858380898,-3.5996327670711903
0.6832188125588772,1.4367303557403248
-1.002516476240616,-0.18768715186214677
-2.81890941737308,2.678261998148853
2.500827662877286,1.507564628761386
1.1428179297123235,2.490793301741326
2.9123782819986777,-2.2961834071921157
0.8418371497973772,-2.835909804638125
1.0383221676283485,2.6874878464013254
-0.7693062457504708,-2.6946490567842205
0.7414402626783125,0.7907093088095296
-2.648045536586749,-2.348549041263034
2.7870141243201627,1.6092253200940776
-1.1767362176951885,0.21192472564487647
-2.997821307724872,2.7731684184703935
-1.1698749054666242,1.4402798205687428
1.3161549728682003,-3.351772186485008
3.3658161806556475,2.286364064381679
-0.49881488858567813,-2.536451335570979
3.0395041022220846,2.7083431175528507
-3.0139820187238953,-2.484742029446179
-0.5060302783063849,-0.8961945139312225
-3.2751413655355157,1.5235029413793368
-1.3562533424572085,2.6163200088335863
-2.774252972462381,-3.2163101330444412
1.472757598499499,-2.3408666446340827
3.2272503672893498,0.9891709561857053
-0.8790500235604168,-0.8449769704361926
-3.3852455074285106,2.7013715269985004
1.0545672566943052,2.149461601305057
2.2606018534676986,2.9624536262216443
0.7273852637153179,-0.35476160270394075
-1.628810814826646,1.040820515619858
2.959126894013504,-1.5319045676327336
-1.1743344602649564,-0.5111100219031219
-2.753184687232116,-2.2089231831002816
0.8310276081372856,2.2070281485097625
3.33314433884321,2.3725442091445617
2.7648843746139136,-2.6337297779872166
-0.5124421151391452,2.176537123520619
-1.2228434417636618,-2.236172728930151
2.966009263649597,-3.2210971719750847
-0.6090429446105196,-0.6885984642374444
-2.2525038077728987,-0.7926434907038287
1.9729692677770345,-1.041231612753435
-0.3485640861013258,1.5989556021012508
3.0401325032357915,0.6897609512511471
0.7286756933004825,2.8829742604393824
3.2373531724629703,-2.9229682602561122
-1.2707016219969542,2.5314273434332057
1.7750492812813856,-1.0998223463242771
2.788681295090547,2.471095602959675
-3.0148447951336466,-2.8883731058375473
-1.2151517779404035,-2.6242970879346568
-2.515127359623134,-2.5403879453283067
2.6587574216838226,1.0299708804764998
-1.428255790767271,-0.7212753042822583
-1.5628297597278151,-3.2474224117145574
-2.5582717501509076,2.680026338829736
1.0819761993862893,1.3767440957748687
-2.8080202520934816,-2.5054903514223583
-1.2871781272545972,-0.7892836825893764
-1.7184721480045617,0.667683761685616
1.3485121559901947,-0.848077526722728
-2.7162138410926286,0.9901904261574915
2.600159978790057,2.682993700862666
0.8573325039816089,1.1816970548029335
0.9831449856475822,-0.25554324452815225
-2.3189249700821826,2.194423297204073
-2.8002888543471354,0.8099059255829991
0.8684567608261267,-3.1779271860909435
-0.7798869076821447,-1.1424610027821385
-0.8818477503221457,-3.0463311951263785
1.0661964722155823,-2.686342305429622
0.9425322221161619,-0.7235676663856303
1.7044459676090438,-0.8276598966502321
-2.8946446980543863,0.881434033439266
2.0749486992489072,-1.6319071242840324
0.6040534310154295,-0.8788363215200792
-0.9927831004249327,0.8102622170786149
-1.0928793934060002,0.604777994178404
-2.980472412073947,0.5864674944264654
2.8357588646281586,0.10035370450693698
-2.937451650328543,0.756851062965506
-1.9937255919334123,-0.9677381744336645
2.680538577349534,-1.0903401264947608
1.2772715361652853,-2.802723665750151
0.6042785105626108,2.224553147406186
0.8055389576392136,1.4323550057671308
-2.8677174348901193,-1.3379218127888841
-2.0512822612736326,-0.9530300870953148
-2.9210977309182677,0.7126593043120583
-2.160071660551435,2.7272153754004096
0.1843079149004801,3.545641251246107
-2.456478464290218,0.718553026417631
2.7568328479019013,1.2313150031937383
-1.1994925298161816,-3.9380728978830972
-1.6334357968383275,0.8171743854938298
-2.4295341455859965,1.1804653010674881
3.537727900960011,1.1723375283158277
-1.3841253273095835,-1.0214011017826141
-1.010211979973227,1.111937839147801
1.9521006073718417,-0.8522227376598224
-2.67198572877331,-1.0829334084507312
3.170431345400631,0.6033557068025676
2.5855400874218963,-0.911882975814457
0.6185200918823879,-1.052632468353431
-2.789660219441397,-0.7641119949761598
0.27633327105158334,3.0351956428840463
-0.7851913534319905,-1.0208233482001823
0.5522942561990642,1.1565329122708572
0.679490187163771,2.9719574783706837
2.4716672145370397,2.886385168052661
-1.0594750826622263,1.0642649692599657
-2.3811303335037386,3.312456935412227
-2.996821353471217,-0.36303554360824697
-2.7645946646252058,-1.5200138384310202
0.8149460385613914,1.3646450752158799
0.5715936482348679,-0.9720724316974931
1.0304403823099346,-1.0962295412352538
0.6665164591675666,-1.3394650921822941
-2.6462266406723307,3.715918176809673
2.5971284600770836,-2.743866124216512
3.0018430998077164,-1.4245644594637021
-1.4787742841181746,-2.4056808658245106
3.0753039458020655,2.10793018882311
2.2420273417545022,1.0286589385524936
1.363071800582264,2.692947679953103
0.7201928185107184,-0.7085497397922034
3.281559023173289,-1.7160264798239353
-1.9215372941589621,2.680569729161171
-2.4596604519871477,-2.4798716911865157
-2.816030218978601,-1.9081776252014926
1.340711972138304,0.6887883340171572
-1.0467305372279339,-0.8488497052261695
-2.860238957240821,3.542417962902371
0.7641461844012284,-2.831016096082364
-2.9797791556006037,3.400241111462529
3.2356236269025307,-3.069940422843149
-1.368812683777526,0.6302890713763918
0.4236197738519784,2.8164564194258728
-0.8180630334557579,-2.4125105237865356
2.443907727876451,-0.4746269382085746
-1.0951360271547443,-0.46067092801808834
-2.503235428817038,-0.7603619332321643
3.10172177325648,2.753092355589803
2.89680630600285,0.98782469113144
-0.5903519076447546,-0.454045272035807
-2.08894058299099,-2.8928603057323974
-2.303103906850675,-1.303429429689125
-1.8262315094595871,2.507447459583284
-3.1684759833305693,2.8221174519717818
-1.8013813791219397,2.9416631840602006
2.5372583515442515,1.188710750373989
2.888567441815546,-1.0166712945917982
-2.06293673419137,2.927700901994368
1.5194110017452096,-2.7728274854350663
-1.3246543791083365,2.223530696510474
2.7782490606350208,2.766746483818969
-3.084936447909543,1.0664346534318165
0.12969668801036127,2.9018601591928896
-1.2399097793876876,-2.3725576109472404
0.7167930830699312,0.9598079931738611
0.9750156504292429,1.0109774880985436
3.4176369233535016,-2.934436797409649
-0.739821645094072,2.682382787279042
-2.5988915907654606,-0.6997415816876126
-3.160597628640761,1.1660513799598922
1.1382328344419852,2.6089495988309612
0.6376376897091495,-0.9882962598593353
3.005074232262151,1.3390192687072395
-0.541360188488026,-1.2321902137742509
0.8342454386440994,1.3597665032242687
2.906447648928614,-1.8158235194814847
3.3931069406421486,0.8289327668780762
-0.9645353405772995,0.3091484848449329
0.913409208900827,2.5331666987201955
0.5879396396461349,-0.8055089685477904
1.1606180361495098,0.5451108103836058
0.8822251743743365,2.8758592550865707
-2.593613827803159,-0.44803692023172215
1.5355537879935504,3.0076025400876842
2.862115814741737,1.077446632794958
1.0143014160485133,-1.3896303548606794
0.9257086510612506,-2.5718816834096216
1.2243214076020184,2.5890741927487873
1.3718166572942054,-0.425195331648301
-1.1178652469164752,0.8490779645047728
-2.837130215895728,-0.6861137149901935
0.808419833227542,2.6293033339864
-2.916601994359703,1.0579388792840152
-1.2712481069159505,-2.1332170911212365
-2.492830958170816,-2.6698321489404924
-2.988272584861543,2.6309725150164454
-1.3685991248814888,2.5549861671961804
1.0588319039297207,0.9348446280394418
-2.182038644980638,-1.2303418859755038
-2.724906049791513,-0.2600386632895903
-2.5503357811058924,0.5154919891322787
3.296753487343485,-3.145824259389154
-1.39610761475445,0.6524085832099359
-1.0590765280674634,2.970916987039452
-1.011379917187954,-0.5689511705689563
-3.1835861455567636,2.638016755446237
-1.1891492241280817,-0.6911167417377904
-0.5881872324983791,3.07897680389567
-2.246847021506448,-0.7417486148598258
2.669156510241653,-2.5801246801670383
1.377377551738157,2.81993793714564
-1.01312236548645,-2.09942838348708
-0.9380736347057986,-3.094339538993565
3.603624880860145,-1.9325572422499981
-2.7269607880930975,-3.1919091978818694
-3.2517781668176773,2.765368922518158
-2.7068499809261723,-0.39388962122331816
2.801222410166035,-3.1847179819549294
1.1581985153555874,1.1404161847518213
3.1542309357679374,3.141690157520117
0.8960996527031545,1.12693037162622
-0.9233437616855859,-2.728406013999317
2.945070524383831,-2.7397135566733186
2.7704026073969756,-2.770619798805714
-1.8331385001333014,2.5832618812914045
1.1853555121590713,-0.7209379303615828
1.254704828086996,-1.3284938576509728
-2.669191046165691,1.8243241196724673
3.1599340900304305,3.471315330285448
1.0160006309746241,2.8208944926518016
-1.154336599788496,1.1622914242569995
-2.786557192862485,2.1357835071352826
-2.463719298258296,0.7716722834513702
2.266284293312624,-1.827436016337494
0.8556224388931173,1.1869108558018755
-0.9559191521020646,-3.307337679031591
-2.7296522913283248,2.301709462304624
-0.7818441812273247,1.3163332438007742
1.1975174936023458,-3.529453458068122
-0.68783917724207,2.479730954204984
2.2467496353913954,-1.3738216778680488
3.124416611011449,-1.9978485986555705
0.8067313146896138,1.2748627464680546
-2.575743359317188,1.2769704445319126
3.1241266139306156,0.993682212181337
2.0718491544977877,-3.6106260032096205
0.9299814158464441,-1.4347269555188988
2.545194682097384,0.46813045038531764
3.153902071104526,2.554054974529794
0.6256623315039769,-1.2965080755436176
-2.8964471118020847,1.120936271943291
0.706461227618966,2.6225274014260194
0.6492829424141379,1.3078315509642267
-0.8110078356322311,-3.1647548612787153
1.3631232239378364,-3.2201548511097724
-1.1820446503228998,-1.41481841042191
-2.5223273192118993,-0.5385140725112647
3.588903702693198,0.534146902187806
-0.751897570460618,-2.8133731982080903
0.7908795441557199,2.403945563271508
2.8504716585162737,2.9131708350913303
2.9664503203374206,0.6487093932410214
2.822489577723083,-2.82057726394194
-2.918788001295802,0.4024818240308645
-3.0250608403663763,1.7062924807565787
-2.4537088756500793,-2.5467642294609276
-0.27266902679445687,-2.9606902297355866
3.166899859102212,-1.2892269350257908
-0.42795444877982947,2.3294264119846266
-0.4803148778080185,-2.94802689863486
-1.1589669837698453,0.8705731643776096
-2.678071823345717,1.272350086691027
1.0470688473770957,-3.42863741540015
-2.5187428160045533,0.6471067786735343
-3.104549721648822,0.5605280923635739
-1.111391320900472,1.1901093321914002
0.9912907535808911,0.7196696322167462
2.1682587020767667,0.7925784278796292
-2.7233125292643576,-1.0184195413516917
2.4794131203697534,2.912085933766711
2.4146667032147464,1.2003169889625656
0.6824374043698647,3.398911931340886
3.2475309074266283,0.31356386360421534
-2.454689674024991,-2.8048800650467394
-0.5284387349436577,-1.0162860649369216
1.5272727899214729,-2.9661484608613318
0.1941261025779583,2.69126837445697
-1.6915242398091825,1.3105679705658326
-1.1060472912317818,-2.5946782191963984
-2.0203017885133683,-2.6239462558107993
0.6873447033694365,2.5913711886739303
2.8420356113421064,-3.352990499404274
-3.0262126856130367,-1.1049251738494472
3.162102151159863,2.759839326543574
-0.9207963347517584,-2.398336422253574
-2.521362848977437,-2.366987103199695
-1.2829764784743674,-2.752396542461359
0.4560002302656308,1.9112906967125327
-1.31481435675385,-0.950765264003409
-0.5515437235611771,-2.6502631973670656
2.640918892258128,-3.3793725576646554
-2.6134826474178317,-0.014372819995626961
-2.3532807456711753,-2.659739719522011
3.327670612126185,-2.6967020746079675
-0.7236357163021684,-3.1464064723769183
-3.2880835523596157,3.1750867830365164
3.232747640788051,-0.8174602661307794
-1.2392408730498135,-3.2450236156641457
2.9062195497733114,0.34807350732508785
-1.1714010584150192,-1.4774308133238077
0.215115973423369,2.626852194413104
-0.8691878328168463,-2.616101928049459
-1.5102817702203897,2.8805776922342856
-2.5811489400946,-2.002895411834875
2.6794539824208257,1.8088953790095226
-2.7301401924629167,1.4763020506274405
-3.3917510174880348,-2.8355028672781217
-1.0555980213466964,-1.1613563499153066
-1.3824036619361821,-0.49509556364267615
3.206324183576101,2.5613156150766767
3.085625597767615,2.4318343589279943
1.6043446516032223,-0.2588150111949034
2.930953418207184,-3.1586365619711323
3.3467299906284866,-3.0685079526726464
0.789565763104687,2.2614707625464785
0.871164042445403,3.6401450990794424
2.5819709800672657,3.149476646344689
-1.030600411225762,2.9970383920123433
1.3843157318716306,-0.2644646530174879
1.1210387327244962,-2.5597611130027857
-0.3685025862689746,-2.188860184856357
-2.8266113419112697,-3.397412866244524
0.9703728351286379,0.4783134060317989
1.0358356371167754,-2.6690911905097185
2.979013611028614,2.2366480051961526
3.2729865095549173,2.926081997397136
-2.929202398236501,-0.5016781278001287
1.1329191294042804,3.0446324521782584
-1.2766492181550009,-2.9444836808590944
-0.8291769665725071,2.447034634060351
0.793708894340068,-0.8027870554897386
-0.9867726550577014,0.2213233168322264
1.2000494462865114,1.2802197040432937
-0.826446650575311,-2.615487466478558
-1.137667953187046,1.466654992746053
-2.862961555891054,0.05851607219614299
1.5239411559079656,1.532324216905196
3.341426134739543,-0.7387265599242663
-2.728230244415174,-2.6694171472317483
1.0945611520483338,-0.982873894616958
-2.9436522045289406,-2.889466796424489
-0.6495596270339218,0.9423632409238943
0.39127256847854347,2.633892840874357
-1.4021487433711888,0.8912137758624351
-3.3082235302880165,2.9981103231976185
1.309689933331726,2.6316826060596816
1.2424304615525563,2.516910518937187
2.928427859959276,-1.5523602038562836
-3.1718710474748875,-2.5893749240688915
-2.632707372924589,1.9858139880300798
-2.1536779510941417,-2.663035450183313
2.1875721563539794,2.697536013404732
-3.314911154485606,-0.7601697279853883
2.745852017806562,-1.3973275369535414
0.9321943874707969,-2.7993404443222043
-2.7654682006037983,0.9724765721469818
-0.5784362541703475,-2.7446264545362955
-2.749417871089676,-2.671840892225336
-2.255838562043334,-2.509513637484042
0.48347265785725735,-0.7093849847763126
-0.5034658478091918,1.4440279760432657
0.48174600202887263,-2.3219107666792342
-2.8458634839041212,0.9955451723163421
3.0894930149553654,-2.830990169618884
0.6623684558724613,-3.2880235714352253
1.6858516675213937,-2.4816021345656893
0.986733994673509,-1.1988312181547098
3.2411629117003495,-1.260573287940263
2.634371881983946,2.3972184865807207
-1.018383846588253,0.887772087490885
0.8498145791607596,-1.0137524093925288
-0.7990458133085644,-3.2046980539635053
-2.44461798680847,-3.252088368721353
0.32253965675329455,2.2285609422648722
-2.1607517888000083,1.2441466227117661
2.2726723545810232,2.712475846957268
-1.088485753369981,2.7104219851194484
1.0331319047952257,1.0461805009188276
1.157385949864897,-3.405524409112831
2.3310368191756115,0.8581611220184489
2.6478044454560385,-2.4824990015162194
-2.9326968503702147,1.2599730845537813
1.1013320620448337,-0.39706519318239153
1.8193927567423223,2.6649106752431817
1.1618950439301388,3.554155861754377
2.427792635287935,0.3032195914270631
0.7902460596411642,-1.0422750455656575
0.9373493817049546,-2.735239919166051
2.7321066013169433,-1.0321412591855166
-0.9240969073488762,-3.2478485113842597
-1.0008140563858485,-0.9760305014176174
0.9892700110766702,1.825949494555603
0.5902881365140225,1.3837000112356375
-2.5568507536711174,-2.953808796159939
3.345259192846623,-3.615483397539611
-0.8345424004821029,-3.133699550745498
-1.1510346555532425,0.8026076477510873
2.4399676571548743,0.889993389664544
-3.123280247384121,-3.659728036344524
-0.37610327932810556,3.072849083887312
2.9907696814595495,-1.27607437177669
-2.1171829012287637,-2.06592531714734
-2.6820380435321636,-2.3205242979274083
-0.7175328955388771,-2.6578194666258828
0.7381149651658625,2.405153787705125
2.5479385215379446,-0.8962976610619813
2.6054627994751702,-1.3737065975327756
0.46155142454186393,2.614091404362411
-2.596778187713801,2.2157093721063994
-0.9121626307959527,-0.4164162847701372
2.4603223416346247,2.1720102145954994
-3.2991967853434683,1.3910499956110245
0.8944003409112171,2.3477218135037297
-2.7967386459291124,-2.4139828695759626
3.0081142350709564,0.683780052043735
2.6391025226983795,2.105571404746183
-0.30027200558571365,-1.924642539107181
0.8919982508505171,2.2427462948330503
2.8130775779852573,2.742333690812075
1.2686163829071864,1.0850131188470005
1.6194754891939105,2.6479638392471103
-0.5901661532564487,0.6400723465789808
-2.7222736783155903,1.0870606259667717
-2.8596265114811197,1.74464477363145
-0.5869975418145542,-0.5217031274617697
2.950201098335662,0.9146890075371948
-3.0409803009670155,2.541118364919662
2.9865919105902745,-1.3769802016660146
-0.808539804939646,-2.3587824176139622
1.0363196196992062,-2.545872821016215
3.16731634340667,-3.2384233547678725
-2.8858947449728505,1.0683079917653522
-2.70610608023816,-2.5871009392850586
0.9706457568544018,1.3080344029312732
0.9625611612906978,2.0184973011523946
0.9184696615172668,0.6637071155717291
-0.8645708150113527,-2.3310523190222847
0.8606772464173408,-2.895587064127878
-0.8495126758299455,2.8752299819392264
-3.2413996268651704,1.715597562893526
-0.8426706798777777,-1.975948635484551
-2.5120110536420968,2.040456036941707
2.658177473078856,2.4966123264826243
-2.8658943306665696,-0.814340097230887
-2.058061241779249,2.9103918465848793
1.7157446328156543,-1.188837903019369
-2.5635369595655564,-3.021977564085241
2.814054617622313,2.8173884564950966
-0.6914888042265963,-2.3121760965762808
2.850802201042845,-2.551922857851817
-2.7757897809678385,-0.6655365654528053
-2.705109783058108,2.406662123143304
-2.7438582864053713,2.7495759267045434
3.034813331844085,-0.6854789484789399
1.1564883570787718,-2.5597679708618717
2.2576154509329864,0.7748146151032713
-2.8080497261355357,2.6002828703267196
1.4807370133827524,1.5727505644118693
2.759534322005047,-0.6543624445251063
-1.2451140234304379,0.9602267101845341
2.9706468562550574,-1.197692747534508
-2.5659454949312233,-0.5027556757186308
-0.7550331488486313,-2.717668470814398
2.6743488245498166,1.9666235993517063
0.6065071603725172,1.1019637235742217
-2.662097575615684,-1.1449550637471326
-1.7201549743063107,1.3267449427254754
-0.7084285851083203,-3.25302279031724
2.720849079719278,-2.446336784954893
2.3966036046566965,1.2177314863840865
-2.851968333459676,2.2445617620957643
-2.024426141356941,-3.1166991312171004
2.871294284866275,-2.78914790937491
-1.2820960388328788,1.5896167627025386
1.4485704688595453,-2.6636847948889195
-2.899991010697606,-1.0582450176343916
0.5267543564428259,-3.5221884639200978
0.9789825136740866,0.6269741530413411
0.7137842001683835,0.7421302305739671
-2.007428199286707,-0.8334274382952701
-0.4834643908519651,-0.7661178423987426
-1.2680040810417657,0.7396533058930117
2.9794998316300463,3.052604247986724
2.4058220137428985,0.4987572847020705
-2.892176464652062,2.2983934022779966
0.5765491002184474,0.5805398032333416
-0.5511416124867609,0.8002563269383475
1.2526858576350353,-1.4156426620087967
2.114469175312625,-3.7129647585030248
2.4963236124617394,0.672913305751583
-3.4495061947494348,1.1807614666775093
1.5774247521072677,-1.119191846939812
0.8880580815394296,0.44339939000283374
-0.940588365140934,2.726584363669733
1.1777430754696236,2.616647821288234
1.1560193741922837,2.82279499948081
0.8490256672848732,-1.530046189320606
2.913562871598558,-3.331888464101191
-2.5862694503347883,-2.6883952106110818
-0.8433348137885182,-1.2298610203116935
0.6419226604879071,2.457422178179561
-2.979012720852419,2.9362333596391044
-0.2877094502648099,-0.8433501054125065
-2.4960431757694446,3.4320202048137576
-0.8454484892987834,-2.9089535791280423
1.121371446770193,1.341439943926703
-1.3092195864051004,-2.3413797604657303
1.3233487340880323,-3.3998689286675963
2.7488829951133593,-3.174065305634709
2.468880747351212,2.62085610783087
-1.2667665161383437,3.217243340562924
-2.309272583973985,1.397827153639807
-0.9019029852855083,-0.14101914313531377
2.61140915851424,0.5645185621287874
2.1412684739527132,0.8400004415906224
-2.709338081189512,0.7707547179983092
2.6774209790664956,3.180086154058571
2.5826074059102795,-3.534366195766874
1.385791703527243,-1.1284669796870197
-0.15705539039874925,-3.064030961715563
-2.6161811099940047,-3.4410206557354157
-0.7143910800206008,-0.20721713480806583
1.162721944878616,1.241854387999732
1.204463299930605,-0.6350965588411814
-2.578988952954443,1.0329517063384257
1.1091977365439738,-0.82882965529858
0.7535864941063434,-0.8665817937071193
1.3438173991816755,-2.7870452101843592
2.951645296522334,-2.5363188444641556
-0.4948178375375731,-2.355159331210401
1.2726309050305618,-3.350268582037137
-2.4080562841184796,-0.7737913100861569
1.418282108885847,-2.9337203797759575
-0.5599407553046281,1.0245678370087816
2.3906606846599514,2.554556885606677
-1.864997448391764,2.9236785963733887
2.661589714296191,1.2873140669205105
-1.068955038112351,3.152664259106703
3.1344214070973737,2.3322639653367285
-1.626378469513402,1.4210926802557033
2.94921609556854,-1.4508288453490383
-3.177145732912197,-1.021861857882263
-1.090355242722982,-1.5392619313443696
-2.7715695231436217,1.4107800684070406
0.8947883527706744,-3.4457800219006187
-1.1925665982070321,1.0202820144625961
-1.3824465593259783,-2.7252944365443375
-2.873346626054551,-0.8796323456636973
-2.8633362917986656,2.6337173661381565
-0.7371024250503508,-2.177124236694472
-1.4866071453063168,0.41616558675649556
2.7836102972160703,2.504094693421893
2.577509132527378,-3.3553275901357766
-2.805059577244703,-2.7825851336661676
3.0583597598624492,2.092548234646927
-2.6395119498558093,1.352994486143978
2.3890441067347616,-0.833937869617515
-2.9741321400394134,1.4828561745846447
-0.9509240085417469,-2.8508172003676013
3.258025718688579,0.5330510750058994
2.6639476864334455,0.31650425544094946
-2.658083891656932,-2.097126271556253
-2.965772294903399,-0.6216246780786264
0.7778064027167776,1.109921836422464
-4.013177432930976,2.922521194293928
3.5547313755474694,-2.5116717368946757
0.6740307902224504,2.8328916699023186
-1.0817097937164337,-2.1749116238706465
3.673651948787989,0.4768023056975625
2.452924334198863,-2.703035630669131
1.3405668147278462,-1.4240827810351773
2.9233918106237824,-2.3690676439652796
-2.4923027611991584,-0.9289493558171488
3.3593481649842563,0.8440822723374586
-2.932313971491538,1.3328718992411108
0.28509016844955265,2.7325536269156174
-0.39321136468802004,-2.957631887680952
-0.9521125528313286,3.050701032434551
-2.6641780446691725,-1.0375087111876575
-2.723932456581347,1.081347384766773
1.1306175988577252,0.939996284851071
-2.868265665222681,-1.2452203260294668
0.595030765938262,0.29919172674106276
-2.8346860310413757,1.1644922379134837
-0.8283913562079979,2.4884022479486587
0.4147753548602544,-0.5071620800363109
-1.0287993292451418,-3.2678971841055393
2.592104169127411,2.5102517853297
-0.7204382864555431,-3.2618409785165783
1.4285679120300137,-3.2427388637146604
-0.8977748508848107,-2.49065845540942
0.4402116951027773,2.243954310498278
-1.0779235543330399,-0.4467871868188382
2.9846136220328803,2.0987810741594823
-2.2901976228908416,0.1607763540392587
-2.145888671048788,-2.9787598190048836
3.519077020110946,-2.456207024124297
0.6001176473162886,1.434004719151909
3.0772617796310846,2.959269081303565
2.7416078495797875,-0.577930662457804
3.424027674321106,-0.7991098893371722
0.2741226239278192,-0.9792380897351769
1.2054827980636718,0.5188814747893684
0.9013851832573827,1.2958877598543068
-0.898336850629878,-2.758603625415086
2.762707648883575,2.7987444048445385
2.727631265180312,2.4368127988525266
-1.5262985240506242,0.9695498410837177
1.079935121583796,2.5759412306827874
-3.3522318055768614,-0.631773479104442
-1.3588366530950344,-2.654928548798612
-1.6455078817211881,-2.617226398670416
-1.9031339376373244,3.2357335903457147
-2.711132298160463,2.8880172831131383
1.1294359532909528,2.6153059976184334
3.327268737008181,-0.7148470720441178
-0.8975178468335918,-0.710856400633126
-1.2376105918963396,1.2718902182563623
2.40256112437465,1.1473829744143214
-0.45692430448885174,1.1960356026178092
-0.8635004615923063,-0.9402014730219197
-1.709802805791213,-0.47146389788764365
3.349575894486988,0.95882851321218
2.5473722179048552,-1.399328665856163
-2.5317495459443986,0.23426158506860054
0.5833827851299448,-2.7787673447749093
-2.4678660954097458,-0.7923210436588307
3.014413020569836,2.851096795989488
0.28967929978025575,-0.7677138826168424
-2.3743520803521894,-2.3324679450304626
-2.9199504151675595,-3.3300799733505113
-2.6400334573212043,-0.7447836830000184
0.5615398865500402,-1.1765509559173148
1.084950216550967,2.9752360956331843
-0.4948888723739654,-2.530896337173753
0.8187030323093129,-3.1184193169509937
-2.61264864017825,-1.122265137531476
1.228597980663386,0.9768845276535105
1.140550454120838,-2.3916833847545194
-2.960218116165566,0.4963840164602936
-3.0732179647545412,1.4443413290912945
1.3730594799345763,-0.9346739887864751
2.945676093714126,0.29226493866066583
3.1597258317952734,-0.8649637385740802
-2.362464443639044,0.7633815251647396
0.5372352187263126,-0.4791840841621631
-2.7568437587242958,2.3575190614260064
-1.7755209573454247,-0.4290746832001183
2.7462507338494837,1.159134487249899
1.0065489519026716,-0.34461414090466597
2.9054547369241113,2.150245099777617
-0.9165634802713124,-2.8066555032148783
2.886705840500454,0.9817806187030517
1.0606362573936514,1.1756697649582095
0.8710551927114804,2.9763971642420417
1.3573510952458903,-2.2703050079252844
0.8941597029517515,0.08142515553432625
2.7257651427931266,-0.12624277812086526
-1.5260944776663115,2.795342851981061
3.0223452100146644,1.761043605880447
2.3783853062044638,2.5012046422810483
-1.100262211837366,1.2600667626276305
0.6319528167458118,2.9941940448503064
3.1520098272670887,-3.0339586075015212
-0.3372161674105845,-3.584597132471629
-3.3572271235239426,3.5817184506125734
0.9983135981864074,1.1561932227093998
1.1439631111491908,-1.1263229242494204
-1.2217647302753822,0.8969135920474469
1.706007180527083,0.8493873219906027
0.6296039088526408,1.1075463088350752
-2.7436760597746104,1.249721973456254
0.7159266729353891,1.1476131916616144
1.7438132300345848,-3.3687927313848696
-3.1246416738101535,1.3718421563106606
3.0868317643971497,1.0474653753361267
0.8997972271872602,-0.9893918073570233
3.0240328963369123,-1.0066074525752013
-3.077931294431426,1.7984165052822576
3.17918995767388,-0.7005754699127773
0.43109113964305307,-3.219604988533714
-0.865866266603722,-0.7125672053925651
2.6861144996328736,-2.403775085665617
2.988701809591689,-3.3845220476066022
2.4740267068197888,0.9799619155464476
3.5821052994520004,-1.1714442570210415
-1.0579051865940268,2.4097212700328985
-2.8666808922362685,-0.5969438799961195
1.035033192516123,-1.4203309766361378
-0.30599506221018424,-2.732234245322982
-3.121720130722078,-2.867360893203881
0.13346475841917868,-1.2578528370531763
3.088913294586382,-3.5860673099000313
0.9663756590182032,-1.5417552550172267
2.879877406366528,1.0982632817643014
3.008872175657499,0.8354969379230385
3.225299094092911,-0.9295067523092942
-3.2508411731779616,2.681801341860045
3.526366860738696,-0.9500542606009613
1.7178865859721393,-1.2590633492457017
-2.7756234379165994,1.0985900442282561
0.9296997120094053,-1.0966036258281762
-3.2119487646914457,1.4107184685715939
-0.4174949288479818,-1.2216772940470992
-0.9099093180611113,-2.423475129850469
-0.9728058919612869,3.0562642087536354
2.8923683259124195,-0.9575514703420124
-0.3498878016080415,-2.9500456522235763
-2.8935883222379304,0.6470270093855497
2.6931175013146893,1.1531299703354725
-2.530816090634921,-2.3171555380029543
-2.9267580920133276,2.5756498692584597
2.614976105698775,2.3237179486023036
2.8493556246246037,-1.2833568780371263
-1.4903057070053338,-3.0029898295615984
3.4563292412537963,-2.4090902799989244
-3.126249927078931,2.721889787720936
2.8774950820646104,2.2921435126972987
0.7331712866796983,0.9694915348641943
3.2958975763495495,-0.9210882757847311
-1.1262828847174224,-2.9647993579006697
3.2999425733805303,1.0585993881141047
-2.5533898935922843,-2.8994365396050186
1.3580308387738127,1.030889137582826
-2.6755905021437947,-2.922432299114627
-0.8403069423394743,0.6422039649452344
3.0464243626254595,-1.0523596184633803
2.7968926546780106,1.3567903343944256
-2.6527290647706216,0.3374194739265606
-2.5858734921851103,0.8890033609063483
-2.755869269069038,-0.682802332446991
-2.4612237377991475,-0.4317366295942898
2.483361048259488,0.8398034471370651
-1.235532864909844,0.8509816803796747
-0.6971276900415667,0.6657470533174742
0.6975181178468063,3.1117832279001156
-2.9439325705996082,-0.5564467502838114
2.579619571350523,2.462847676886001
-2.6302244037302445,2.334719640645301
-2.542964666968299,-0.33162737754687444
-3.9680765199954298,-1.2473304489750665
-2.5962229390932587,1.145499887547916
3.227933615009138,-2.8368554877132097
-0.8535524152040406,2.2613677728294777
-0.7816943568855436,0.7535822665792663
-3.165114809475759,1.1345833930808964
1.0416379377979708,1.0129892706364327
-1.4630010843144723,-0.7989272505376591
-3.1819040036485924,3.314410814748927
-2.619118836784102,-1.818897956538294
-0.7229240476046029,-1.0936801193508154
-2.4640711257506203,2.8454785408932444
0.37755078480336474,2.6260011219072985
-2.6104051080170634,-3.2211097834878744
2.908694104794742,-2.8814305220350653
-2.8626736539888658,0.9794616115143774
0.24965931986191645,2.84146180890903
-2.6162207703749885,-1.2824457340124784
-1.8082743941365127,-0.6751745203962052
1.9488105205912007,2.1038145621612308
3.5338696375903536,2.9386090355348546
2.7626498926414293,-2.4173852446779582
-0.5286120274024061,-1.033396106894683
-3.2184399423059515,1.2231253833705078
-2.7313190355331516,1.0017803388316118
2.2523690193245236,3.1939610089755885
-0.7870929897489506,-0.1987353232708913
-2.436913876319018,1.2505140215799755
-2.5731568033615377,-2.1268732896544376
-0.6259870473003918,-2.8331123955232926
-1.1189587139205845,1.0705542648218422
-2.481338903534857,3.2216846002129644
-0.22816480062310812,0.8665441920117748
-2.6966228336505784,3.0013076823731812
-1.2479792872147772,1.6871652467492524
-2.675003157039247,-1.1046560811206994
0.7310702403486972,1.4534954830196025
-2.711474586064857,-3.2398095118836268
0.8560092782191202,-3.435493318920888
0.6562629003180871,1.558382232043846
2.4426954668046417,-1.0433875269393804
-2.9744129910772794,0.8091423108387262
-1.1651161499225495,0.9248095623539159
-3.384831488424184,-0.5552953286916895
-2.361349654777271,-1.0749394638353709
-2.9888237577892562,-0.9020879468434392
-2.5283045438331584,-0.9875033463092895
-2.8252235492214677,1.7585653206136271
2.5288349633814953,1.1249862705655833
-3.2258493959315206,0.6482299974156054
3.026643619866199,3.052107793393372
2.50922187441395,3.019467162637882
-0.7190905580384837,2.9781169989779723
-0.5901008044267816,-0.7518600126604723
0.9994252632151243,-3.0442089449382332
-1.289636476639313,-1.1742546243441867
-0.676071592241862,-2.4618732978640856
2.9518369269976743,-1.275869926499474
2.2795495475091085,2.752735322118334
-0.9326261292536231,3.2296218627419577
-2.5610716600556622,1.4035394215176384
-0.7867499966692396,-0.2791600888958537
-0.9931297282098639,-3.088159462329394
-2.889555763205265,3.000656517801937
-2.5384520263340304,1.1070067927246265
3.1383161581450763,-2.464444578568128
-2.5676433532878113,2.6312585262626427
-0.7359818512303713,3.0825306134406794
2.6645078746782875,-2.9450621633011
3.2184246519159907,-1.2246583080553866
-0.5113257790049272,-0.9833001983158076
-0.8072413547819675,-2.5319969809056593
-2.7698635707111174,2.755021342655204
2.7045496415625068,2.9352251704656673
-1.2024087107621118,-2.2990332704140486
3.1773540669334177,-3.2020951781165676
2.909571347395447,2.7118253681966844
-1.1064307042918584,-2.8091258902756104
0.9281338868532278,2.332694636872325
1.288761602799335,-3.055322744701548
2.9411990720652588,-1.118691410362833
2.9339207536005,-0.6818071979885942
0.5949577301797914,2.610188648108104
0.7003290307410324,-1.4175661705273401
-0.44730231576541324,-3.017056285206475
-2.6027142335841433,2.820458905143765
-1.3315192156539628,-1.982062420710543
-2.692427004593466,2.1578548920240723
0.78286961333137,2.886161738912883
-2.7118283138209085,-2.0467236460127207
0.9531257146677051,0.4167695445841648
2.7981367202309975,1.0843820170563516
-1.0648952792261994,-2.409498674344888
-2.6755099873905976,2.8048861191947774
-2.423936740189353,-0.8324165177671283
-1.2437223709309229,2.3886167899752757
-1.0544523863290558,2.677991456822938
-2.7807117979020037,-0.6864245776724629
2.6618938359612465,2.24133558203856
-0.6969472678989809,0.6988301981198862
1.4823972479704106,-3.042516320808121
-2.395650618067566,-0.6085137359489781
-2.925323913863081,2.641597676735032
-0.9212141117197651,-0.848190428975659
0.5951620327389648,2.1059636720539783
3.147389791872963,3.0345569717548018
0.2842885210832881,-0.9237952480469955
2.6367682022991348,0.9465965641433398
1.5882526977124023,-2.854260865526474
0.8100949684645895,0.685559535577228
-3.0336009026540682,2.8912139617102532
1.1381820147778996,2.415622755321459
0.6638330663845216,3.0231372184788943
1.1671643331547408,-2.670581423740382
-3.2423645413183855,1.2337318675029036
1.386864123848748,-0.726560385143751
-2.2140322878233603,-0.13073601979295074
-3.1146448073758095,2.543896166353473
-0.6025044094880819,0.7578063255574188
-1.3875551339998,2.5692361894499856
1.7273133018991522,-1.1213359326217383
2.690611764439598,-2.8941442698686872
1.0446901749166866,0.36147519602163336
2.7381188803245915,0.9713862068244429
2.931833742543604,3.070257773324498
-1.105207976378999,-0.4559481020785321
0.6872968061394713,-3.5233366277943095
-3.128169102199241,1.041940209532546
-2.494657294185409,-2.885550652443579
-2.908932870653736,-1.9754716014574427
-0.6123008775735159,2.7285057861296345
1.1764974657574205,2.745430793369086
-3.0400346786802857,0.9914523550214358
1.2594260025384767,1.3641214911426152
-1.5290318245235537,-2.9681896644277503
-1.079775502177816,0.24680411905904784
-0.3839098409535708,1.6419363679391643
-0.9574258274601419,1.2438919660434378
1.0000680203941785,-2.8045595965712837
-1.3400575592616284,2.6827905064596904
0.6376131292876884,1.3668521253024204
0.9762612897078137,-2.9169614681287226
-1.0700583813950386,-3.0421407516409764
-1.1378462567798455,2.6975104568833745
-1.456915135993362,-2.961293717036939
-1.5121312862654466,-0.9863329816201881
2.44985965347782,-2.39088145250598
-2.8410569215544257,2.9723929596363123
0.6862944340909246,2.0163491421757556
-1.5147403624739555,-2.9301254268210464
-1.2147003363326077,-2.774551749330945
-0.41817592179159624,-3.0101697117440303
2.7728357112890545,2.7074544234666416
-2.4532518292394605,-2.748734874045794
2.8727133293510496,0.6827889241585525
2.559615338404428,-2.7725039000931377
2.8421928117989355,-0.9468777343063061
2.828920383941935,2.736490192887879
0.9136901847154358,2.9409253022646675
0.8208445840451973,0.7929558486059033
-3.0489809931243927,3.084823306903645
-2.837092405323823,-3.109739831025633
-3.463843573747322,-1.5214189885888083
-2.3254776222931395,0.9589070752891462
2.765469231850756,-3.032054896559887
3.3372078927824207,-3.027111762178263
1.257157186617546,-3.031537793027527
3.407188014350575,-1.4737684738991674
2.257771814047856,0.7844487980956134
3.250879862049028,1.1851265206804145
3.090170018779734,-2.5130313766674255
-1.099261365584068,-3.867047781078558
2.6360706167178347,1.2718499541687915
-1.3211419698236877,3.23995552596005
3.0621979475197114,1.733721736600292
-2.5994293983445216,-3.659092130356689
-0.1826049056347817,1.9218258075009778
-2.9992421016349575,1.1028989133071931
-0.4152277388578273,0.8860489096860952
-0.2150201079778016,2.9215410843940095
-2.6872916428809654,0.8983937792638872
3.1447326354881846,-0.9668217918349802
-2.7918572657274825,-2.4612900250804155
-2.3712183618286105,1.1515504620505894
1.3118451097797148,0.5585382571256065
3.161212826052794,0.5894838878194425
2.9356810042629373,-0.9810138276432286
2.798102459715413,2.5181909522212003
2.6251215472737144,2.1372154903440705
-2.584455015187223,2.0047890292190593
0.5629463041450733,3.40870098549759
-2.818159365792811,-2.4948433588872945
-0.6038371589697311,-3.0278462506299615
-0.8390760832214949,2.7828453244825124
1.2712787551276974,-0.5167629526695354
-2.6319827933187683,-2.630922681751389
0.803329444634147,-1.0135927489771352
2.7326158295638487,0.7040978388893389
2.403993648946335,0.7725037755781102
-2.6623222332800474,2.9747612125434455
0.45427627821480737,0.6229348987166295
-2.134945132300377,1.4243319100938532
2.974855491627251,-3.2255304213559746
1.1319067370242244,3.261754548978937
0.7000883104601212,1.3205802910358633
2.8119762227379095,-3.804503897867843
0.7814819666717746,2.5528864656880446
-0.5601902009049586,-3.1926993565192907
-2.8218706593673417,-0.48430122437033024
3.447267774227143,0.20835591118526375
0.4296462379541789,0.5506719902606584
-2.246957430167475,-2.5311507628723047
-2.1947548160500356,0.6111501311616009
-3.092625174318424,3.1390062186838175
3.208935474366492,-3.0964614776081887
0.5843959991254905,2.6222138722372677
-1.1097491262687633,1.9595392180896614
-1.5739230709799588,1.1763054806685618
-3.0068140568146595,1.5940273745394835
-1.3460851092874295,0.7298188449699481
1.328792212869354,-2.3340263836524917
-2.203436493776636,-3.0280552540297543
-1.3720003011775863,2.7932546853277738
3.0791434848970867,-3.4608101925576693
-3.0482550111491036,2.814168943569376
-1.2554712561992707,2.146205433554444
-1.7054801750229784,0.06280545214828598
1.019724861344212,0.6960914490953453
2.797504725681705,-0.5559144734831948
0.4846129482112526,2.8232935546271882
2.766033545169205,2.5687154024515855
2.6075772035025495,2.533845870297076
1.160190170495805,-2.6741031817044227
1.3716897998536899,-2.912751148924286
3.606339773581618,0.8412755870878037
2.312266120335387,-0.6612756297465852
-3.0999677878537653,-0.7241581473866561
0.6620727521283981,1.4197206705859753
-2.9131111687387894,-0.7082186227585681
-0.7000147819467828,1.61146695053328
2.8379276533978683,2.4732949823074217
-1.5401748953290968,-1.1280244317047596
-2.5353029310747437,0.9046259606745545
-1.2945431661222824,2.611451035102386
0.7219623434640522,-2.29811197351755
-1.0909192695724472,-2.995141271782559
3.008245455810344,0.44042328470527714
0.4140780800622316,-0.7734504867053029
3.5794941050621167,-0.440601141143914
-3.564966780261988,1.6944554499058695
-1.0099689080839402,2.9524257605723445
-0.6135030842093468,-3.333751479526428
-3.6100069089181877,-0.26981339479282695
0.8348054756966221,-1.0657601412291233
2.5789678037926693,0.8631183645324841
1.7406865203802833,-0.8447664651306838
2.030236374872694,-3.7413172376282695
2.8296332652809015,-1.0572260373205067
-3.1183392821658176,-0.8387823297309487
0.9533172703823823,-0.7606822169892762
-2.868587648644043,3.2008968679554752
-1.178976783349865,-3.052364099288412
2.6795640707621504,0.5901010505387141
-0.8878341645284755,2.589056657072486
3.1866878532569327,1.0462344747858923
0.7544674830873938,-1.1917753035958956
1.4572566021574955,1.2770857801379765
-2.4962872215864342,-0.4691610572684449
1.7672058914125452,-2.783170132591261
1.3807879878024503,0.520662881514353
-0.7686314130800127,-2.776982820276592
-1.2306741838782962,0.9610834987660447
-0.8539829374880138,-0.7594668196316304
3.040488555273821,3.3487094356875624
-1.1567872437058095,-0.9795207149199161
-2.692478742012927,-0.6252446218247347
2.7154701354912434,1.4561420374164673
-0.6598963808279432,-0.9928174734354267
2.743928235251786,0.6894407051884364
2.6635267339107833,2.445472218424973
-3.1955625502693,2.45937929868605
-2.4228937017159287,-1.5355870122049282
-3.3175638747519094,-0.7776081848570472
1.2416602047849075,-1.833198403146171
2.87252033933731,-1.0118971237976937
-1.273660745647328,-1.152718392891248
-2.700951585500999,0.5946638922001245
-0.9934360810688123,2.526056207085243
2.5482597157338445,-1.035597569289623
2.8318380720266974,2.711161355370527
1.300059926759873,-2.3325093241909265
2.8810467147567613,-1.363168570427747
1.0491675463962213,2.9538961863834623
-0.49075837639641867,2.581522702821867
-0.9938694852718292,-2.7818412811598883
-2.4344709897776813,-1.430316309060168
-0.1896588593429243,0.6697497019071134
-2.2756902799619816,-1.126797984327729
3.0276230699036653,-3.4969671046407984
-2.780008331040507,-1.5853943883840276
0.6564260446538769,-0.7159430960418274
1.0528284972869577,-2.630354004248186
2.2967631955182584,-1.6583959532491437
-3.008364009308997,0.9609045709798439
-0.5551331124125428,-0.6949506786259931
-0.5003390189327557,-2.276484778753244
2.3926666164155685,2.493127684269969
-0.9568583934695436,1.3854825950114373
1.5962950382595362,-3.0645157417993416
-3.639143725631595,-2.8332878090047844
-0.7263506531234168,2.6152488586473392
3.2291056723109963,1.273868815182709
2.7576990603830045,-3.350165440680216
-1.254760975025117,1.6510799504079008
2.614364646880718,-1.7135049653523489
3.4362478520785182,-3.3337718122228486
-1.523850837697126,-0.9079721898446367
1.3366638075414576,-3.396352910576979
3.2060718091549876,2.7049819693232053
2.9764946579811213,-1.497671357785124
-2.8092530383473586,-2.781706435699601
-0.9738232073751212,-1.0972098787222526
-1.1755507602832782,-0.9655083011717505
-2.408396539857803,1.2595560335047988
-0.6978513535056408,1.2975043930506338
0.16834351003413767,2.848962363417709
-1.1667897323377543,2.214904801164389
0.5405226247009057,3.1451313461344705
2.8809794386589886,-1.103086852934323
-1.2841312783578347,3.5684426048360485
-2.991502226360055,1.7010229377522221
-1.7687665935207273,-0.7908636555828691
-0.6595737296265184,-2.8545157376069903
2.5626979158777465,-1.3012081791952335
-2.5876390721518967,3.5183472509250526
-2.018060332202393,-2.5978645266201688
0.9846104905545532,0.27733272859997166
-1.558735444963773,3.260209867471055
-0.790093740623932,-0.9703514705809889
0.8706823330002162,-0.9611963806990268
-2.2744333908513092,-1.3048035217132965
0.144829662773527,2.658865866698147
-2.728763221734811,-0.46750861166967583
-0.2312394108900247,-2.5342265147818863
0.6219399980020387,3.034717844875262
-1.1169310491066289,-1.239423012185261
2.9537082204390708,2.950227311801999
2.171592552795856,1.47799354794171
-1.2429948433450957,-3.3332917058585507
-1.5914643643626418,1.5799073874909058
-0.22434054289464786,-3.2090293413342352
0.8085129203081567,0.9979345057344436
-2.274059948145766,-3.018603341924224
-0.743161128181365,-0.7990333089419095
-2.2046792051348785,-3.374801742449241
1.081608449774403,-2.6318621555141037
-2.951670111383137,-1.7921648445647984
-2.573009230469763,2.751589407646232
0.7235097390039429,-0.6784577502989386
0.7659111859494168,2.7147621197718736
3.3895269380445625,2.3663918244540807
0.5374943044216077,-2.771306654553351
2.480679157448773,2.8006701472316498
-3.0513980043552102,0.94720486601515
0.980013273110858,1.0950508035704984
-1.2397594209972134,-2.267856354114874
-2.1732899392871072,3.0829871996834686
-0.23932203630706156,1.395396788786617
1.2243707936298547,0.9407709612492587
3.094235353941586,-2.4335919472876295
1.937733743551556,-2.7422146638805303
3.334350856252202,-0.8842315391840561
0.43788035346956955,1.1118734475438274
3.141879196731975,-0.919631530029657
1.0659191705946878,-2.2555421587080238
-0.5327949561320999,1.696706489190097
-3.2789572939696745,0.7159866244726507
3.0320486211683715,1.1203047972790665
0.6982179696221791,2.5995571078191224
-1.5797249477548614,-0.6711579431658535
-3.5926581478203277,1.2491072684052553
2.0934711201043577,2.7447369911432866
-1.8447169368276002,-2.6596183350933185
-3.3857335886568474,-0.5805146816793022
1.911949274779555,-0.8442058837600661
0.3095286670161861,-2.961157283461069
-0.21215209314642863,1.5449991253288538
3.0187883918699576,-2.3042121311304116
-0.7223513442358785,-0.9801409169259921
2.0378637197381044,0.49129915401998453
-2.7778836977806574,-2.698951055590974
1.1503823511763045,2.7187656611136415
3.187718394289724,-0.7668463803848005
3.0049249006170444,0.4955825694155385
0.21650356572453144,1.4898752627231957
-2.7080817644106543,-0.8979992973710722
-3.181113577017225,-0.16104959555065626
1.6741759865584591,-1.8790518806406227
0.8674914014468253,-2.580820869123709
-3.126716449823849,2.375046747908248
2.8882338286797533,-1.0874773462611422
-2.9479883098920263,-2.7343003708639166
1.1796154515002575,2.669301720763569
-1.4329522681755644,-0.7061950298582554
0.7971526264493559,0.7395727414147809
-0.8332491254383871,2.8622335665701373
1.062570491428936,2.6620955237847728
-2.626924606075695,0.9069887873517356
-2.9595767430803073,-2.953454125932204
-3.370921900613195,2.794287423384508
0.41474293459347766,-1.2343379803709122
-0.9357105683355775,2.4225919045081836
2.798488035670147,-2.4068389677860287
1.0605397614586556,0.27027705205113717
-2.6067389194803483,0.8198357813561068
1.460582366629107,-1.5090667089623617
-1.0015891207183443,2.633107341932043
1.6823428373308809,-0.9042310578252376
2.4744540584636656,3.0071032605755943
-1.0345593087340217,0.254966630712599
2.685068073639669,-2.472623679656559
-3.2710449376206596,-2.8487719782952063
0.8203646735880872,1.1875728979725102
-2.6184907750030693,0.889892663815514
-0.9919498259074354,-0.8270189885560988
0.8515271567806764,-2.5041432881942325
2.949132236490726,-0.9040645335028368
-2.4982019318395734,-0.6646995286384072
3.3249614475511184,-2.524276315386645
2.6632124115106572,-0.7695599049118251
1.1560379143759985,-2.7574518839846753
0.8833615582569095,-0.6196638093176712
-0.14615250996243778,1.9763295764852877
-2.5223694223402524,-3.1313203681323922
-0.9444024921105371,2.813809446100005
2.606274170192677,-2.3960464763867138
-2.893911189690385,-1.177590937157591
-3.14806814073906,2.2470515415269516
1.2895872990617852,3.332086533161217
2.936959660636693,-1.2646574191413045
1.1394418860491418,1.2271590818469018
1.2035404799653404,-0.8359581207630241
3.1387818206176665,0.8675152883157503
2.8396003070150777,-0.8266896467910388
0.6928089787272111,0.948493483927273
2.51441693410859,-1.5870736286036962
2.7555678844640936,-3.4505016828652937
2.148764778849517,1.0304889048059547
-1.1362423568182904,1.335013137660315
-1.2099256995905605,1.6030580207901513
1.1717190264497819,-0.7472781520430013
0.5661326201511708,-3.209155656212259
-2.3815348007838195,-1.1476384805958249
2.132812272485115,0.9413987577185892
-2.750082047399442,3.118846810292098
2.5186611950438342,2.879249510727948
-2.4391892193568614,3.006393175069315
-0.562147433957025,-0.9033799439141812
-0.6845355484691126,-0.8316172454392669
-2.3650192048383993,-2.6579400587821866
-2.471919655975618,0.5640222628465098
0.42798207849136655,-2.8663694112514233
-0.8933753990237691,-3.044875905154292
-1.3101538295348876,2.5982858544498018
0.6363036079631619,-0.8400763828288579
0.5277863151844288,0.6281627538543505
1.3142303958753625,2.743969438390265
0.89304155916893,1.160971954893775
-2.9799135277303446,-0.9770842567050889
2.1366880417785072,2.7900539753740166
1.0636693365197718,-1.1478677941833857
-1.0552297565720925,-3.301338982254058
-2.751975303042553,-2.657641470408245
1.574356774896681,2.7564468165006515
-1.1194474410770647,1.194949126079509
-0.8968102652083629,-2.7059551700880826
-2.3174359991863294,-2.8413171976090688
-3.543460635732665,1.2491485395336623
-2.9869878899948668,-1.0608699469419987
-2.322133512970485,-2.1382002992556557
3.2584611696828296,-2.9103615938994607
-2.5852666678875127,2.4866138347446745
-0.36693541896096143,-0.9942585819194634
2.7459567042193944,0.9739363224116774
-0.8404357938114304,-2.3190051197208392
-2.8582269864366565,-2.7466848880059063
3.139795912749389,2.4428553847447794
0.8227413531779486,-1.252951057939352
-0.8685497662666476,-3.0675776540365254
-2.233337098641678,0.6700719111551912
0.9196254096889986,-2.7413499320991845
2.4791024813278795,2.181335966981933
-2.8469455453767747,3.499413056835175
2.364651794355603,0.7618163596696235
-4.062766166046068,3.1435796986601265
-2.9351900107405213,-2.88748460978895
-1.8760222633492987,2.6500026733843103
0.7789446758907119,1.0610445800393025
-3.4163953808843455,1.101165561995883
-0.8578168026038305,-0.6132499615142524
-0.8806759828862354,1.444918286958499
0.9270928405101646,-1.0009970944478104
1.2311241919770792,-2.723692845791921
3.046364158644963,-3.3293762204858943
-2.9012288355171734,1.4010763071527887
1.934613879671113,2.314467642625742
1.639302834606679,3.1135747382601044
0.8334463500375097,0.48848211170429306
0.7562520951174405,-1.0507818931097845
2.7429742194526847,-3.1337584395505336
-1.6696733700835862,1.284236910839061
-2.89202614387083,2.9561891904331046
-1.1921396195427594,2.8977890327817404
-1.1547517633816464,-2.5739200418114208
-2.8980445114115714,1.1639393766873538
-3.2035338272616305,3.2291010113365703
2.8633740759729793,-3.921648279971991
-2.7494021720493387,-2.7351154508608664
3.2195114796184634,2.6099118801810093
-2.9449581083949696,1.262902189010149
-2.4573918205216874,-0.9332590024773623
-1.2775391851736477,1.4523457926556966
-3.0215598192120696,-0.5358545531933431
2.3243655260346947,2.4664235438501825
3.3571052749480157,-2.3035052458256304
3.2092273983852206,2.1854467303957272
-3.013691465769603,1.2511260413839786
-0.5949897030356704,-2.6140689158401824
0.560320744474955,0.811080630388228
0.606489604399658,2.4857725884204522
0.7996840264333411,1.0335502970269632
-2.6517701388930544,-2.6140974481503876
3.0603744221945,0.6228010471194889
-0.5923564060609843,-0.08318691596045508
2.7271555947138846,-3.4014869481659726
-3.0001439057671258,-2.1251289448826847
1.3014233202105183,-2.959995093847924
-2.5825478688294616,3.1220044930408477
1.2934096157016461,-2.4939331354207197
3.214446115875698,-3.0376501207118864
-3.392972520677355,0.7378505752184279
0.8490928600207102,-1.4145890006715776
1.1781060721560843,-3.0276866404044838
2.965354504973513,0.9607989074278876
2.9775258752792815,-2.5843058108014905
-0.8625917718390939,2.387140256081787
2.6403216039660484,-0.7415924259155376
2.436234759101784,-1.9964845452680688
3.004750472731876,2.9660240283103074
-2.4742153936273197,-0.8424000087846446
-3.1790644528436687,1.0036315836659144
-0.3449920698952894,-0.9586268815131856
2.878449252706869,3.0514877516390055
-1.8221686424502963,3.03501708069933
-1.6659084941688873,1.0934183353473275
-1.3432695303437465,2.142927321913353
-1.5036782974713216,0.3796148908131874
1.212588190957679,-2.4470457667230563
3.747158885839637,-0.324328716531018
2.829837098141388,-3.02075129160762
2.7849521904298733,-1.074267533036741
1.0133428545012597,-2.7647553195438865
-0.5318187695626488,-2.965508691782534
2.8543886421225997,2.7258301826728597
2.763054543761611,-2.583564127460283
-1.0354060752970973,-0.9922678026683073
1.009624214169808,3.007742967746897
-1.62799415468541,-2.5685751948347444
-2.6376734230216754,-0.38345863796601404
0.2769984386695655,-2.593529025608631
-1.1566411767953437,1.4276948775298648
1.032084159159707,-3.1026266491803822
0.9826786588359185,2.0918579221310925
-0.45172502182129276,-2.383089151792848
1.2585702758762585,-1.2420031028640552
-1.0355232260291278,1.4723978064207444
3.162312693783343,-4.081644806431075
2.5544596698157944,0.806227951056425
0.6089392398950084,-3.0352220059143926
1.3084406039826872,-1.7201684773457309
-2.4132464381545606,0.9603047976505206
-2.8328463934093473,-2.6616999846268548
-2.775666775697792,-1.2365794450898806
-1.4074725191256152,-2.2323907779051892
-2.8297106993628836,-1.2103353291160523
-0.7380448884776354,1.5848774473518992
-2.525604785593877,-0.9843602415833572
1.4114231160676909,0.6043880745794246
1.217973471895265,-0.6327254084240573
3.131740000145408,0.7629043643348422
-0.213424658497816,0.8476660008406287
1.312834802805984,3.0489953265510006
2.5283446578459534,0.441105055715732
-1.263389404028246,2.36756630713263
-0.6768944802635782,-2.7012120849630015
1.0999119576807528,0.9435261233775316
3.2164601621152693,-3.5040352819727194
-1.4857010613570143,2.962179865932953
-1.123884687005769,-1.4568065443410403
-0.9051846618767077,2.2393358953559854
1.073816111603789,2.2865040791296156
2.592685929902047,2.9619398337386804
2.4788664404562164,1.406600647326891
1.2795665071823106,2.9838912054382223
-2.9011559600093997,2.3825968493736394
1.5535905650631505,-3.026231551799713
0.6427704432964364,2.351779134063762
3.2446834774305127,-3.0373049338460913
2.500035256074479,-3.7427918733488617
2.501596193061005,2.7180197034026707
-1.5073736579725796,-1.5441136203027261
0.690239296290913,3.162826521116646
2.6112327904023163,0.6958767396837169
1.2830283723261444,-2.4921207842889475
-3.71067312065631,-1.1297086213211733
2.725955856382387,3.206480735716898
3.6660195465618406,-3.6005598171472153
2.669416277769231,2.925195761369739
3.117193800450261,-3.2349644620882416
-0.7528058038857898,-3.0610473088991155
1.1039586307997096,-1.1744195540227667
-3.1016223750712633,1.0926186269848588
1.1198040153374278,-0.8890479865730131
-1.5839329936289337,2.5994363109090157
-2.2400709905659446,-1.5711816163484507
3.1170148993642464,-3.4326511023104027
0.9147886512405814,2.5943727233824005
-1.639129369079313,2.6590618960923003
2.281077580649151,-0.29013109478084004
2.8587664011170584,-3.5921107635558633
0.15922865741653244,-3.143543550463936
3.349315570893708,-0.06269784848710515
-1.3735153020124438,1.8598117185795806
-1.36151260376862,-0.8405028533822065
0.04413157031010616,-0.36317829096294757
1.5212180840005443,-3.39796528927141
2.4684804891646084,1.298302307945051
2.604185346980615,-1.1296885524429643
0.9928975491971003,-3.3850963767531104
-0.6736290105350808,-2.5287468040163654
-2.112552268698372,3.3863804705998475
-0.904691659549051,2.55606012264559
1.8754104396798708,-0.5898869597002124
-0.7894826377402202,3.315082016820531
1.2983121207738175,-1.0588806816364549
-0.664652539885604,0.7709801379546464
-2.6033791949382725,-2.4389378543947533
3.03639254422116,-1.24800511952438
4.105705595662043,-1.3962623015922178
-3.7437841693529315,-0.3468112421505367
0.902936932600802,-0.6735336604240455
0.8893443140727175,0.9573161352561793
-2.892604692673882,-0.4430414634688359
3.229146694651022,0.6706922040955652
0.8575943485846396,-2.937433821038495
-2.114901791190746,-2.904305928310666
2.179453369229073,-3.186629015818022
3.4586868431372415,-3.24899050619983
-3.213917297438913,0.9928833072938917
-0.9157695225897523,3.0122996692820276
0.6788408035199888,2.4978062571415522
-3.0367200604528044,2.344901933031817
0.9924755129356269,1.1181012234414023
2.763321460642946,1.047970404730262
1.1038907265544402,-0.7099902527312414
3.5471022124433365,1.0309701076647617
2.7948318219681947,0.33555227443847857
1.3287768406884648,-0.7196222692029407
-3.0576752878896722,-2.6278767802965026
1.4241980933690048,2.978389927440332
-2.3976536061782894,-2.693198775318732
-2.1184242585576243,-2.923653089124637
-2.576125965800601,0.6780998810065269
-3.0316620156288154,-0.7571460154002233
-1.4936869881033146,2.8194047265189575
1.07733525869145,1.2812189023601561
-1.324427390752838,0.8360237666787868
0.8156590527180682,1.3011709388908403
-3.3354421755124473,-1.4412696023437601
3.1373771641859576,3.0819438635922443
-3.2362362908919207,2.9840410867160325
-0.772290305282818,0.6942168955066175
-0.5708336597505171,0.6107375948204025
-1.491403107642931,2.3505711342547695
-1.3041595927654013,-2.906473874334732
2.3571022285771037,0.907384156275298
1.401421199526351,-2.9309841295841568
1.067571868153289,-1.075474098727279
-3.066856328893482,1.0026817182726864
-1.2759033786939094,0.7958431347774935
1.4218942755444925,2.3402776935152825
-1.4405524745573213,1.5372643058261166
-0.8533077413285302,1.0958028588483917
0.6160521264307878,-0.6449822795507472
-2.8329047926900035,1.0185482627170552
2.503876310160319,-1.1658859992768646
2.4318286296394827,-1.250111158374258
-1.0267578504110153,-0.8063729614711415
1.1453031498121933,2.944643007353376
1.1728621980255471,1.1039076341776863
-3.1900222849651594,-1.8946965402631561
-2.799531957614234,-2.637420870748761
-1.487619601601862,3.093808712091329
-0.6724197993851369,1.2408232547029114
-2.5638913758863313,3.1362332386278626
-1.231912620043484,2.7373742714196188
-2.8705403907667657,-2.908046036564643
-0.8732874784018313,-2.851368611934291
-2.4506195371218813,3.3998942163449777
2.6534401698256316,-0.7052392027336754
-1.3043104756200168,-2.7757545091277795
-1.4765823570524206,0.4861697203005176
2.845477626211269,2.7573624060028314
-1.3546484815064999,-2.587686297992418
0.7695953996772548,-2.860792163265448
-2.739719969474288,1.0777365717390748
-2.172210193137158,3.0692635966682302
2.4857762233246157,2.5993874355801947
-2.6132613230932575,2.978140072775204
0.7199454007122753,1.2996964592836564
-0.981404994685604,-0.954090490691335
2.096442429947644,2.0977681204571983
-0.7540946045456313,-2.7874948726391007
-0.7250909264104309,-3.1315624394582438
0.2329067527999854,2.6069628644320924
2.872509671977212,2.5275265550996653
-1.0466405215825332,2.030437864509264
-2.49275708381148,1.077939979837322
-1.211485690043177,2.2973473683173826
2.9452008554685065,1.611499854875373
0.5463788830803604,2.276612157569617
0.3561189614939831,2.7952009945177005
3.1247139874536622,-2.9087269495855343
-0.9019102033713966,-2.777393581796838
-3.0050098563729892,-1.2317827683452147
0.7186983211979969,-1.5683236050972629
-1.3314854904394438,0.9951425719962639
0.9153622894863711,-1.4861890304675536
-0.9730805840079252,2.6618004998464513
1.2937901513196697,2.8992783803509634
3.0211235092915008,-0.20602998145775064
-1.9631603621256655,-0.9738490413634289
0.07393749415197276,-0.6886810127909332
-2.9014007121029204,2.833745662665823
0.8968225126496542,-2.8157562740766666
-0.30887396029954456,-3.86208554142088
0.6072039794411891,2.7290459236024125
-2.8369714064778226,1.3599620706026117
0.7899080339674941,-2.741210645765751
-2.5492370092142203,-0.7267408550621572
-0.747417478951267,-0.4768103292929403
-3.0619047387085545,-3.1264121939978433
0.9426976142964864,-0.8246462235837433
1.1323384463000805,-0.8726780911938301
0.8858244268608545,0.6062289045595478
3.4726477053930638,-1.2099397084802075
3.165428496815979,-1.1308047386944693
-3.6788204572504193,3.491954208079306
0.9688745727569801,-2.473045646922272
3.4552548741589892,-3.56791475328104
2.984027722012469,-1.6692896300449922
-2.3777225227224785,-3.049400839490775
-0.626424830597011,2.6122930069601207
-0.32475534313200727,0.9986870559718883
-2.207230499310517,-2.76606981998149
1.092506101838646,-3.479434372370565
2.6339968083205685,-1.4160673686041734
-1.294365311338128,3.60642931907867
-2.696051197387652,1.3518894037843998
-2.3443343486317554,1.3530114802537185
-0.9908005357851092,-0.7915024124566665
3.086001912942391,0.9812062953112463
-0.6974175596373455,0.9223366573478556
3.0401161494268227,-1.2817384522562363
3.244827747390703,-3.4925141555049195
-0.7835309866778367,1.2085507597048228
2.5996861448711437,-1.7721536925301857
-2.8340654421921907,3.2677155196729166
2.6329963419610394,-1.1977159202015644
-2.4955603971140246,1.1827039837484403
-0.9198652538736417,1.7042693507777649
3.102656705271052,0.7273219570604545
-0.8619524547864792,1.3916865311762516
3.381394398412284,0.19771693057267858
-1.395162742047622,2.6593348721545627
-1.1928690582295103,1.0276171030009988
-2.9369853996846924,-0.4439106332118917
2.6005950804676976,-0.6602338248681259
-2.915389603158278,1.1883900938655214
-1.7467671647540524,1.6015001119561305
1.2860277890972767,0.9792197762806301
0.279463294239999,2.6420488329541065
1.5733361355060003,-1.0338842382585145
3.0125408816157537,-1.6692584347757715
-0.9677259921134874,2.8125404918010277
0.993340565423996,-1.3196971176732333
0.9487014991940753,-3.277100338218834
-1.669654587457452,-2.8089161618820504
1.3678127397055788,-2.613483447010168
-1.4365101979868877,-1.0016927686088148
1.5752937873373385,-3.429763238665081
3.0452412389378183,-2.6337134666878077
-2.3338707817006568,-2.836727928607851
2.2433291008746665,2.521678238468188
-3.621606926874016,2.4767393699705678
2.841614138216512,-2.6785462909859667
3.3503582773891263,-2.982785158058037
-0.353712253008615,-2.3600210272949784
0.7755290853391282,0.743688453121188
-2.999879650402974,1.5404601190639355
0.9943411536678948,1.0339542518968494
-3.393640223105484,2.3988229136769097
3.110106551451334,-2.463477871086447
2.7012998407200794,1.2119295037279474
-2.6295903052109244,-0.6206920160850216
3.2822892083667035,1.3556700091428053
1.4043257635199753,-2.115450540381263
3.0789890769690293,-1.146508004085833
2.5507151153148016,-0.6165899396446592
-2.9332495876718583,-2.7667130069378953
-1.3769286325794259,0.6521077002666976
3.0115465647148434,-2.8689940748396503
2.1551916297297304,-3.0554583768608623
-3.017496851677869,1.0689040975753468
0.6595131876042134,2.553108476155689
-0.6868764483469394,1.1993972697574695
0.7816066631203434,0.48574721387999725
1.8568869263703782,2.0815461802214474
2.078637243259349,2.3300242257675454
1.0984170661256607,-2.7443358594460268
0.9432297760730889,1.7418407810329477
1.5968317740407476,2.7497424372487798
0.6148291542607073,-0.932646163329165
-3.044424659225621,-1.2182882223504026
-1.2250455370104594,2.843918889955637
2.9240360334535915,2.4721152596609084
1.1078696612358225,2.4291612582189925
-1.4061299031170178,1.217564490946286
-2.454785137259433,-0.873304420968779
3.073522964799833,3.062416630121767
-0.8629126668829968,-2.8644910571472417
0.8333016283345975,-0.6924618244569475
-0.44751243330747736,1.252440285407106
2.702942691640274,-2.6391437099403765
-2.506455698360518,-3.2231227758287706
3.005945552911043,0.5547783390153347
-1.867446525316576,3.39203654976598
2.319250481854674,-1.5574400242593263
0.6791690429711573,2.7290864847895553
-2.591240526223248,-2.6484160524266693
-1.5211728519667516,0.9274643450172345
0.624197833846537,0.4588960249294529
0.8831130834262113,-0.7086697335298969
1.1826593061731656,1.6600680445672182
-2.9107709348952246,1.1963334143901876
-2.3869763452441064,-0.5153696793370969
2.342925256187788,2.315204528074063
-0.24735727322144854,1.2404593033903863
2.963065355145038,-2.7312268059492135
1.12295936450209,2.762259442760899
0.062045069969016375,0.9704021967098286
-1.8764666999433108,-3.5412167148003384
2.5720342975104464,1.5003885531379284
-0.6823374816887279,-0.566050881914237
2.338084500473368,1.0410061774881756
-2.934697404534216,3.0463847988533055
-0.6939141818638194,-2.66957121203241
1.2253414435258752,-2.747853777939568
3.216166484288481,-3.173880321103006
-0.680805687958253,-0.9402800674753483
0.3655999429198042,3.230878958730884
-2.3385500313356773,1.4223642951541657
2.988653308452043,-2.966128718202611
-0.8687186992733629,1.2273467098962634
2.6146058734896473,3.346681607097686
2.71130473363345,-0.6440615175199136
-1.831726297008968,0.7977645563268877
-2.569416491721259,2.594353933709008
-2.5257335350634067,-0.7215797387185203
-2.3053463076835663,-0.545536728170392
-0.7747506669514008,1.2715923066510044
-1.2139729066474798,0.9489032320939212
-3.4029915294606092,3.0801205176464905
3.071150371020948,-2.8865713858333595
-1.427721412870251,1.1060287862590685
-1.0374298216472686,-0.4184515562236062
-2.3794942395975363,1.2810499831928928
0.4359371316739596,1.3274231390779974
-2.9024756046867255,2.8091567721696653
-1.6191320179506006,2.8527430985378337
2.3972375684018665,-2.2442619976880462
-2.706677018789637,-0.7681197273605205
2.8745140352913063,3.1675726873554555
-1.4941516701328466,-3.3579819727760953
1.5105531147572873,0.6529697991721933
2.2705209142087184,-3.2446916722746564
-1.436006858631726,-1.3558912949322515
-3.2357304908936197,3.2587681932710315
-2.270845054687059,-0.403704763516704
2.102788794757696,1.9882039858515488
0.49471068267264773,3.0454944321298596
2.4679304086031446,-1.4741640083442227
2.789382382066653,0.8898961875297321
-1.4402486105547747,-2.7736015511109327
-2.7894423355318496,1.2684586366540707
-0.980888742611618,-2.724582709032349
-0.587094822998889,-2.53627078638676
1.3579361438821356,-2.852815460260604
3.244262822435412,0.7164339184448905
0.298281536320455,-2.743481784993303
-1.0132230540742593,-0.9043263092913527
-0.557125624123585,-1.4144969888108756
-0.43758410155885724,-1.1776769500039634
-3.292615346792666,0.9566773361833746
0.7247494461329116,1.142352870884099
-2.883481538649751,-2.512685596127178
1.1183695191105218,-0.6198111655399283
-1.2997730523553828,2.9144356241144833
-2.84785570874307,2.632444872243742
2.7177915388526372,-2.2737762424593777
1.7860494119104444,-3.467089705553509
1.2699579567694885,-3.156958319652271
2.7711863936070533,-2.2369010888512912
-2.5704561027411197,-0.8008451975799773
-1.0935918752751144,-0.9823013756951983
3.249036654908585,2.174733119381476
-1.5326616648081766,-2.227485030431994
-3.0936602540466662,-0.9775607747235405
-1.0833758969817726,-2.4363581618594323
1.4869095552448437,-3.0519044448756687
-1.0670222044446462,0.8450173668318739
0.790841603413314,0.5950142627300626
-3.14746083753521,-2.562718276456342
-2.8350645962779053,0.7641881511139169
-3.0991655495151686,1.0941724249835103
2.536677367971641,-0.3451898041194237
-2.7697548015992846,1.0861020490842805
0.9532743876203805,0.8434927778057264
-1.164368930438553,0.8717022999587201
-2.6366146494465577,0.8108731701348911
3.2979291451313824,-2.8507685881401787
2.8557297953158267,-0.9752898266043596
-1.3407632833347296,1.2450529490611524
0.9091721617182552,-2.9327963032451163
-2.87467109820548,2.412391303832996
-0.3912248345515931,-0.8554947613988317
-1.4249927408190735,1.0160492609205412
-2.873941202035871,-0.8450566746345819
0.6323839397877387,-3.612755935598141
1.2247846987982411,-3.3245109882032238
0.27054430602117785,0.6995424368991188
-0.7942670085006609,-2.4640051528274154
2.888426470558445,-3.5917006609881663
-2.574518080969324,1.5537734213509693
-2.464567810925789,2.3891420564476995
2.6911156147541186,2.8347575948161015
2.757601601565841,0.32626184828616833
2.665886273071821,-1.5482430025826985
3.053797230132489,-2.944034787642621
2.8263958467619763,-3.0178493573016563
0.7590571106591609,-2.938820404685692
-0.5170506066636945,1.0140171952583894
-3.0834716089560312,-2.5230051308672823
-1.0031499309583907,-1.3773823397972298
0.4969962083335534,-2.733198367985565
0.3918623013856768,2.252573883510011
2.752215867878698,2.7876391243387073
3.0250219254054644,-1.1201345197224233
-2.738847185950572,1.205071897622782
-3.275910507366568,0.7617579659039201
-3.0116488124664564,3.109408072474632
3.9168393499978125,1.191302103704113
-1.4756956924592368,0.8464397012859908
-0.7729301786221106,0.2574006184752939
2.363358533606364,1.2890133865886622
-0.833814764118973,1.1369637125705514
0.7084229461676228,-1.2599503429114698
-0.8934465713516749,-2.888673568205739
1.9420402251124982,0.4693488808886016
2.4442250570845117,0.9425521320966306
-0.5979716575934507,-0.598785466668892
2.8106488282965336,-2.78398776605781
-2.482212443949839,2.843551465246663
2.755012268609597,2.6953634057791533
-1.4959976934704167,1.2608905712890215
-0.7344426257107546,-1.3267178900216359
3.261106766907028,-3.066056821865783
-3.0052606007938443,-3.217419145536804
0.3820969437809505,2.9159336544536765
-2.9480273356304965,-1.1963521618072288
2.9531787487682744,1.2523085424153617
-0.9720711425294023,0.7451967235493782
1.108921323086333,0.9208304035942116
0.2396023812217924,2.568303303600855
0.18789665245828863,-3.2235133845586534
0.8932115760675655,-1.139213288239004
-2.919556555772711,1.421514247307852
3.3691087371339714,-0.4120872060140622
-1.2477422647622332,-1.194672174118405
-2.431526835977135,-0.7642891348913274
-0.6209367940079558,-2.7809215422678246
0.6301200430810183,2.6633791585765065
-2.368952908988392,2.8591627444511345
0.6528245651123886,0.4022246895349352
-1.171224709612978,1.4078293554224708
2.7836798243403558,1.0015505330583792
0.32895247166916625,3.1259874229036146
-0.5861232780615266,1.360855465466464
0.8480123331523051,0.8032095260030074
-0.8059891328024222,-2.917883865981302
0.4718818273530064,0.6776377616758005
0.5327554936442453,0.9429726591900819
-2.804502360458992,2.544881609756192
-0.4435358631791447,-2.177227231245933
0.695671068104268,2.990018362232493
-1.3741598409130353,-0.48889450869228873
3.2465452549189466,0.8367097459816918
2.7020339727918103,-2.6933217100496
1.301203059770318,0.6808343988823238
0.4542695259532512,-2.794994149881081
-0.928490347159971,-3.352165813702126
-1.4551275363405736,3.3256968930466937
0.7666140924575952,2.48594695047899
0.9237197564042101,1.2391558754056535
0.6988047346518388,1.2944842559569447
3.0128668412799002,0.7683747558578132
-2.19271367441134,-0.6162448596916218
1.1734587592832266,0.3398625549274489
-3.07217645378304,1.4302011776335617
0.9308672461490755,-2.545425652888346
-1.092006242333589,1.038441164951747
-1.3339522808464799,0.8017997652646827
2.553190499558337,-3.0269197024373935
2.921362366060058,1.293363856842571
0.4122193819496371,-2.685694305228769
2.7319793624871744,-1.2992521695471735
-3.006511448388896,-1.739649942609932
-0.47443932992649673,-3.1095043890340515
2.55975771645885,2.992979830376307
2.9743672369976397,-2.9516465792949216
-1.4504130153477126,-0.7047470147876022
-3.19852579140266,1.245786301957504
-1.462716394047516,3.596421112207041
-1.186509552400522,1.1943598982575179
3.088848861397841,2.524251490373214
-1.532646764220662,2.9578535383691564
2.6199026072956997,-0.87626593125176
3.0583316688914017,0.624215098574666
3.742379792216327,-0.901638530607906
2.3306346194231,0.43363075966271747
2.5213780299728152,-2.638999250452739
-0.6533088373658152,-3.22154569235792
-3.048788190018057,0.853307693209432
2.8783042662480676,2.8140365775731144
-1.2562312345480786,-0.30973190151101226
-1.2697412580125447,-2.877698159684177
0.7291053903536682,2.6970085333033955
0.6853990136746404,2.528011072457373
-0.9020519162030856,-0.11555054659905195
-2.348085051957518,0.91125841901829
0.668731201322563,0.7987693643982491
0.6302163629383766,0.6547306766373274
-0.8629855616042736,2.7800449103023612
-0.802253948938564,0.9254185680986331
-2.794560522388971,2.635222010523624
-1.665813835032882,2.308578443667156
-0.8029399021551519,0.5974144530766744
-2.743603084841816,2.445116272838432
-3.19545440796518,1.62053473802815
2.5166141012219856,-2.9452017883917
2.913662475850207,-2.7104560181498867
-2.6401290696206487,-2.870540437800792
-0.5851195722753096,-2.981870003012866
3.3883700617201735,-2.5248574581159624
0.08443771140546266,-2.868827160876715
1.2555006506550976,-2.833298356722564
-2.7471879487260473,-0.938598235065312
3.321371526655422,2.1745538246994163
2.5377843962834308,3.1037985475024032
0.9284594427575764,-2.296124912066542
-1.0955211275264203,-2.176174412639259
3.528412701510219,0.5399079461573296
-2.9950702107741827,2.825682154200101
1.3300786412585521,2.679863572985362
1.1749951056414165,-2.7782588423001258
1.674877017532706,-1.162287271130799
-3.2886210798623785,-2.89855212948354
3.4970287819335173,0.43783258723530244
-0.7388162403545151,-2.6572067013789606
2.4315128057125808,2.6939173165142667
2.111106538168038,-2.8674150349240195
-3.0338655025826404,2.228441508995901
-1.1317437228685314,2.3243709455076926
-2.4681505864173747,0.8714965269279454
-0.9008518779882827,1.1414773792872872
2.45740509433917,-1.2071767517055825
2.852083577939942,2.6449291233836525
0.7856699552618317,-0.6558535040501301
1.2865661667279673,-1.1791274658666075
-2.929125468264177,-3.2050399139788293
1.0024770530379934,-1.592676541786051
0.949105112079703,-0.9697991120116267
3.6835432879514682,-2.9014266877209405
1.3539084301584103,-3.0691675129311697
0.5390781948255813,-3.1601309947341614
-3.2153310816395355,-2.7126093181852733
3.224131932960936,3.358123184637891
1.069092803490982,-0.8773682259291993
0.9046065639391608,-3.211447868602499
2.915463231701862,0.7330443418291387
-2.479912431849733,-1.5334038307289442
1.0737359959940154,2.634880901171221
2.7459304441472243,-1.0602451334981207
-1.5425386514863655,0.9745053461822442
-1.401191244174846,-3.49262396419265
3.2182445430340656,2.506693868011397
-0.7096859393789083,-2.0553289503393177
3.178491961380529,-3.2281800112683983
0.7769030496271603,2.3568181563332127
-2.009866660000279,-3.163167355412399
-2.673150571620915,-2.687574213627392
3.5472489044425286,-1.1961757456687756
2.136152769595481,-2.103714170750866
-1.9317996298677256,-1.4493448071882575
-2.8934435891660524,-0.8814686298505742
-0.5407412327390536,2.6633418330980176
2.6631782894934775,-2.953292116239246
-2.859202562186269,0.9364278038505935
-2.537996769557445,1.0683604361756358
-1.6557381940131128,0.8546364267107366
0.8962272668440399,3.5012603910860483
-2.635733848916118,-3.110759623663474
3.003059555451182,-1.2291258400876137
2.8252784178963455,-2.7393918516163063
-2.729323527332276,2.5400742900154425
0.5244644601494378,1.4006660209770634
-2.860430428582018,1.1341600368902314
2.775585860786716,-0.9240344647478816
3.0974537703983,-3.294535541686881
-3.2701531579690446,0.7758487097912219
1.412759066194667,-2.871961051196517
-2.1881408600896366,-0.615689063796739
2.826004185890953,-3.14372783022101
-1.4190261809425502,-2.927547097120145
3.1755676467742484,-1.2576437798332238
0.7518835110880541,-2.7835438827683525
-1.6055639001644315,-2.8490773697814866
0.9815872141367381,0.9370376711686926
0.623997129275702,-0.9137957857202016
-1.203302271524504,-1.3353744648682737
3.406132238657946,2.783820122045149
1.125359653370075,-0.8156547721216629
-1.0249131154009818,2.5187504431494228
-3.003444715922044,2.4942298795935827
-0.7029979305781151,-2.7014277605448664
-3.1186204517686824,1.5434369972043407
1.1039386134945655,-1.1119126796162735
1.0463957740993772,-1.2358106457411282
-2.492313417152428,2.6941999883605914
-0.5339153465398415,0.5488415528880543
2.737190635613141,3.304788065848347
2.700687393232286,-0.898169185514292
-0.9124411741098984,1.5110407027057509
3.180835262826676,0.8669699958936313
-3.0456459887725553,3.2731688080295
3.1615329342149088,-1.1350070334193387
1.5261571818405448,-1.4924602485882497
1.0491369576863014,-3.2547461294149835
-2.503466847263967,2.42700232797045
1.990843071219251,3.3597160552861474
-0.5548020725356398,-3.0393269492390447
2.8103360749586024,2.879100774557394
2.9257821729477973,2.3408749471024186
-1.0986616461800225,2.802190174120439
-1.2029190779229124,0.8322445054596312
1.0825707585089794,0.9569558981427785
-1.353419858126228,2.874463735701445
2.939036219494376,-2.9719334443529775
-0.9557363548317831,1.1461887598024996
0.6754460931327556,1.5998544759457038
-0.8172715224316243,-0.6012765002791831
0.5540446616773048,1.156049876366236
-2.8644738293764735,-1.1062645794263577
2.378460289426457,2.7597920385443913
2.6438055160197402,0.45176025122011765
-3.0563690665736836,3.3531306082740615
-1.0071259758672535,1.0148860951439367
-2.7711502370036127,-0.2610066989083589
-0.20337832854341842,3.0934635826771446
-1.5745855433704086,-0.47287835495476466
-0.4919705712295607,-2.7528996352103907
2.715308478624356,-1.2928116605763644
-1.7590281714278848,3.3908092176247693
3.6624077993671094,-2.0120944914337424
2.8901565329473886,1.1425687405338696
-3.506917321946141,1.3482288653387997
3.248793840721739,-1.232167117554335
-1.0502844603679946,-0.6379470111265351
2.785317486706899,0.8437737399360038
1.2079698107433805,-0.5963972431997723
-1.5244207888604377,-0.8106454719704937
-2.8956614890033188,2.051777136978927
-1.0475873972137235,1.1805455084252405
-0.8396878014812248,-0.6626026469550229
3.0510016974870364,-0.19082084288319817
0.7962909491090271,-2.693449020796731
2.7811499912183977,-2.729417914220934
-1.0829928999509946,-2.2752851528704374
-1.2637591546587255,-2.5646404133373406
0.20911037179111333,-1.0942429442004222
-1.1085001927385858,-0.5792710163148876
1.0267170518412605,-0.8303686187048538
0.9671980073526094,-1.3576295513723258
3.0282877274972932,2.8882536504308916
1.35842426160558,0.8399643894553468
-3.082816018991252,-1.811110896177604
2.826511534493507,-3.271176168263702
2.559473340177326,-1.0473225764827774
-2.855511714268867,1.41074606032315
-2.6251871040555987,1.3037073637852914
-0.8492708528242242,1.2959833853251082
0.5038937788565755,-0.8948215090793147
1.1215726164439581,0.5150662974942366
2.909173206924272,2.148339635482393
-3.3379708291717285,-1.2450847742636666
3.190014324953181,-1.4531995167124705
-0.6289610443034261,-0.9157629100092333
3.132989590612321,-2.915798780933767
0.8361992483654295,2.781585870080802
1.2433437076730394,-0.8411219478815735
2.6375912448064467,1.8235724083214533
-2.9714976965021695,2.480968131423466
1.0034690909014135,-0.9808124696777023
-1.1195095916251976,-0.4225664430156578
2.8364532579974853,-1.2948340454946263
-2.5356026578300876,2.1754879027594773
-0.5909211595343765,3.08991340189095
-3.3306167801392035,2.164289555966375
-2.297665083894043,-0.37200353119143675
3.2078672359716065,2.261307825070712
0.6502396461371595,0.9519557123819932
-1.290425089485595,0.40218762351445014
-1.3054013948794416,1.122947037990144
3.132964839864843,-1.4834431257735796
3.0161775425407082,-0.4906313296198157
0.47989264891717365,2.8749027700728176
2.502768435074319,1.2040272370731246
-2.7548244684105505,-3.3479614890449763
-2.1501723027687096,-2.5008603905970426
3.321452916199614,1.5956267459226925
-0.43516516681309525,-0.707874130084104
3.1356289914610205,0.2971010882315026
-2.922086101420178,-0.969178863984942
0.9210664248344141,3.198637720119268
-2.7703695591910975,-0.8575159758173289
1.3817127057633847,0.6934171605273476
0.3097909907168142,1.2429638359551152
2.7707571303840335,-3.2060967369246085
2.6590954378125886,2.912870900140982
-2.2400547759633365,-2.4656869918165545
0.5327101607916905,-0.67207923462037
0.7737322940123149,1.4502915943055257
2.481595234248085,0.5761598294788262
1.151479523698842,3.5435358318592804
2.657988805205966,-1.2589699230579663
-2.635215507754885,-2.1289221983984934
1.1281882282094198,-1.0189101088349453
1.0434269641285856,-0.634677242968595
3.931366870087164,-0.529572859790186
0.27436150940860765,-2.9910294238980746
-3.3183105280791723,1.3461633891376834
-0.7222409621709296,-2.190300013343761
0.5989959334126925,-2.6394755813092066
-2.605843404168272,-0.8532827799439846
-0.25369346609823235,3.360373081440002
3.2630609732636024,-0.7743150865282292
-3.1817562921415408,2.7755268208106645
2.605557808588142,2.399803915899189
-0.6146021712315078,-2.7523153130433156
2.5454153332849447,0.725337620464933
-0.5531980896923636,3.1081508537539646
0.6063358551115157,-1.2592585330006083
-2.4819905997037095,-0.775899679210998
1.1994001923482653,-1.6409184299495945
0.766310643520948,-2.606787200125839
-2.617172365687864,-2.572324091106988
0.8654035616982247,0.3684247922163267
-1.057359745031692,2.91446334775636
-1.1581533483483526,0.8906483774388974
2.55365140555545,2.7772145490458477
2.73343215162459,0.9065566757596938
-0.9431888424424741,0.9723664516039162
0.8601007624335097,1.045452634439419
-3.067764680642591,-3.3900778352989023
-0.7464590857639862,2.9350531287958077
-1.206063994612681,-0.9408766104757037
2.58768298045739,-1.1196934606232218
-3.2006479755036357,-0.8215106947557292
1.472919797755486,1.0291202863958526
-1.4272087619843186,3.5009915583287348
-2.1452466802116077,1.4799465413951618
0.9168228779827984,1.0289233317793733
1.250493472389464,-2.9504241587413054
2.943779425724212,2.4910652467146934
-3.2074449730691907,3.0308942527572564
-2.172994449866885,0.7745806520276972
2.718514541155378,-3.758573399412359
-1.2422247589357374,0.601012447923307
1.3109915213941536,0.5441422506194484
0.7925331066440079,1.6458699598987239
-1.2182312628843666,1.1512612116291423
1.3463945688183363,-2.721228739746358
-2.6570951817816644,2.1862007504304692
3.2885982786952397,-2.987856612043024
-2.993840232747742,-2.605518024274486
2.36101974822181,2.7839080407136465
0.8373402654052271,1.93328325098233
-1.2115749959665016,2.7248018614299045
2.0666058841926156,2.8735622668484595
-2.9735249078860675,-0.48537407435488567
-0.6780565172349188,2.5797431848534833
1.3945946228042967,-3.0147287363444843
-0.7210817720088236,0.5392154779874271
0.8234330865622536,-3.0413938758742156
-1.1415029442448306,2.762675061868829
-1.5667464020134465,1.2435196588896649
-0.5840639789643888,-0.511660033400779
2.655670593274211,-2.4115447147952835
0.19008159041418457,-2.610797743503783
-1.5253870276514563,3.1539258486892243
-0.9763583513667611,2.5096888119867673
-2.3660780578860443,-0.9513814729954365
-2.4861773235318148,-1.3852028983833033
3.5776451890743233,-2.5734703550742974
-1.2466510280414909,-2.628673437783575
2.641209155725119,-1.056457190241122
1.1966194904737417,-2.7187598543115246
-3.1184956342853085,-0.5033926137391255
-2.9378525783687035,0.7307332229664365
-2.5205492655075927,-1.1868839039504837
-3.1012964880975233,-2.1796750555713316
0.5410063132844919,2.924079814364425
-1.1919551247515334,-0.6682970894178041
1.0139814582502993,-2.905935795934109
2.6279902165040805,-1.5531902758587282
-0.45548695244930304,-2.9611041175817467
-1.6361152040380775,0.4942705667601159
-3.0624885094765113,1.697066067077118
-3.085842308527669,-0.9211918006702214
-1.3726819194180868,-1.9914322819942927
2.87766473149845,-1.426512253993574
3.052308079483775,1.1428302769503305
-0.9163216083612715,-1.1091082934060754
-1.1314944360409915,0.9689763986804143
0.9534146837681128,-1.1465801063647756
0.77270690096359,-2.7226971410870653
2.5666234222333872,2.246124321131868
1.3706519558394084,1.2493368114557624
-0.8267572093699205,2.6310146944823867
0.5097351062477928,2.5555832141762824
-1.0423535176921157,-3.024287531821555
-3.291434211484816,1.2077922712458184
-2.2810917911206987,-0.7215632545451331
2.444122919360842,0.7787940511042051
0.9239731502224712,2.904463518838237
3.10406119093073,-2.973999853517408
-3.0754555619007635,-2.325789439645633
-2.732028492224915,-1.3031160385371559
3.104057580025162,-0.9096651146471216
2.8655710198929842,2.6142467149541186
0.8665502758009664,-0.7611496363179198
3.563874197067967,-2.610186439492731
-1.349855040787409,1.1128243955833281
-2.6331743196027775,0.6530016786745824
1.006628517575535,-0.8963433873241582
-2.8137045939960275,-2.9475787242635945
-2.698700092041178,0.786395750892207
-1.1003856928976827,-2.437853188046559
-1.1983159446892737,-2.6639228659948495
-0.9241242693101911,-2.9998461044314535
-2.1478664276466324,-2.983350657724699
-1.1791132197875838,-3.027509921009293
-0.9143724144914591,-1.0981768118594981
-0.47082382348683177,-2.7156901434585015
3.08904176652135,2.478415530406648
0.493251074826479,2.9673306408313573
0.8675676593083279,2.1767698560485575
2.7576218297583215,-2.5063054530111977
2.5194522026802404,-0.8007679621988985
1.106208975637785,-0.9605402065325757
-2.6716439975748707,2.4755641628134373
1.058352922624876,-0.6985492621492215
0.33778873679224414,-3.365115181361424
-0.7847842877463248,-0.6935162864162728
2.7232912775560765,-0.5564473254101403
-0.4617261807111926,-0.9220299331149108
3.190818548411356,-2.965209426158078
1.3285626635372176,2.2831617175671326
2.5818672187507596,3.066126418603663
-2.653938149197636,1.4601018834224422
1.276350265892342,0.9635048065217473
2.926698522692524,-0.9823616562260876
2.7812011529010756,2.6949191679020648
-2.0859299083903995,-0.8752883991521911
-2.6006489100490184,0.806842753901506
-1.8904120857481106,-0.4574263955069571
2.895213189923595,-1.1863548696460868
-1.1546205593305743,-0.6010936607644941
-2.967402668947972,-2.8764123142820095
-1.2615432720952493,1.1324203737483975
3.051616911494541,-2.911478832209317
-1.0256746908070917,1.3388146343583438
1.1202951818269387,0.9875442300086692
-0.035096302131213036,-1.499073932256648
1.1121788482702304,2.3969288708371863
2.6840251018001076,2.7551277388919337
2.7398658358760977,1.3352702607244598
-2.8643837182552696,1.7088281925971036
1.1727180953959164,1.388310508773301
0.6730529371689171,2.782197115565454
3.2827048719302465,-3.0930929690300117
-3.142973068083576,-1.3126379306067146
-0.524640979616281,-2.5626509368670103
0.21366693261158684,-3.850837376052073
3.427973605226403,0.9627011270851901
2.759088599737411,1.2938962061732282
0.8603437569259567,-0.58223153840823
-2.575110323820476,-2.557227152672498
2.5560981316502596,2.465810064376222
-1.3234884893728545,1.679369907590673
-2.8822653489125,1.0428202767772197
-2.8774221271646656,1.2927683493880964
-2.9074924494412535,-0.6666470441159179
3.2269297591265054,-3.518339446302619
1.9600636411960977,-3.109723187414389
2.7160962332453904,3.134870854249827
-1.2236311851823862,-1.0139916093202415
0.9504262943135416,0.9274003624761908
0.9712538903212327,-2.705352026564817
1.0339744383065708,0.8327431672229797
2.8195720809313967,-0.13013658162822792
-0.651678820152691,1.09674507969527
-0.7184401276113086,-2.900787978207586
2.5892207457365486,-2.1069275471578135
-0.8281417518706581,-2.1042086385006
0.48784813490407447,-1.4302983549669086
-1.6487925651357533,3.4985801197612063
-0.8191649771803876,-2.902523022508913
1.4881209150165704,-0.5443354189887507
2.0335392400555743,2.5675350377874233
1.5140479914276475,1.2658059587911126
1.1994531925248773,-2.79875471069026
-2.730351395176742,1.1513624304320158
-1.666865692861774,-0.5673427657625865
-1.4071870890365228,2.94514722846929
2.846670332409427,-2.301500332586428
3.363645154248804,-0.675732046695922
-3.0285152543251703,-2.3327742977580868
3.1751273542166225,-0.8443103548737559
0.28820832158803816,3.507600253632683
-2.884350832948805,-2.7074829868300574
0.7949109511227328,-1.4258729278293847
-2.379324689238645,1.3167966740200763
0.8989977754033028,2.750697925337218
-2.962637648021522,2.7168888581420796
0.7416092584036964,2.666919207713951
1.5773326048556726,0.8229960603369578
0.8557862615925647,-2.319101718597828
-0.28592508935506844,-3.1836674357851775
1.1239958160043295,-2.0952290372421536
0.8232585506057214,0.8142603394934577
3.314503369819955,3.1605284088252756
0.7614680226604001,-3.6285572219251616
-0.7636793412435656,-2.2193437840189434
-1.4346918343224808,-0.7966776055184024
-3.1244717104788595,3.6025275957617424
0.8599405360449058,-3.2040725279930777
0.3870873193578205,2.3461046918731494
2.9201963798337958,-1.0125472282423256
-0.6427231348372227,-1.174449031403368
-2.5072122660730467,-2.4145812301931824
1.4179349654216407,2.7100905255946643
3.302531195719179,-0.686911427131956
-2.437759477987907,-1.2080758013987212
0.646020314211135,0.7995722553538461
-3.204271109438507,2.7122275103417253
-2.368788579867126,-2.2331795389000564
3.179008848466137,0.3909976162069431
2.991480032785462,-1.2265668521045305
2.913963813135046,2.0820668087015215
3.032612704891514,-1.3077244223052922
-1.1082157736447247,1.3180475741631368
-1.0497768390231783,-0.6338243648045485
1.026555543936772,-2.462662107700484
-2.641228274960456,-0.9286923006971033
-0.9479724889340498,2.776632199770658
-2.8238390414919925,0.8634975391234868
0.6591716169733846,-2.7500754618225027
-0.6103464678794438,-2.7822997713849933
-3.005056870594676,-2.959040262865975
2.3632495667166316,0.7650772615749074
-2.6567339434280184,-0.4499523862986838
-1.4187893262553548,-2.937918285551764
0.7416162506010601,-0.43852123884930927
-3.2834088634240888,2.3673729874025247
0.569583181160201,1.2939299442252632
1.1089306845859843,1.1081450331302425
-3.3414439163364316,0.3346118602814083
1.314384547191524,-2.7519289347019233
2.79021196136987,1.3746040770743657
2.108303702774685,2.767781648355043
2.4500338242038446,2.245232765903384
-2.983486439681392,-1.0893882888725495
1.2542561742745129,1.3839644582379491
-2.3901343863606423,-2.89787706670686
-2.8447473349367622,-2.866586271121705
-2.629336041691132,1.468007765803684
2.480676591944709,-3.1386583108610373
-3.2714766826065773,0.8900712233209124
2.3916571642984836,-3.391396746559726
-2.59979999686185,1.2795075335479387
2.6891694791121954,-2.3736286482344817
3.0393703647443857,-2.2367355493401906
-0.8063867375863034,-2.959088397067049
-2.0917060468913697,2.575006920166429
-3.0471453895711904,-0.44599813467535837
-2.902731426559132,-0.4406356874062595
-1.0198580335670215,3.163528508954825
-3.2262562405218653,-3.0665715485901828
0.9097015198809474,-0.6503898984544179
0.7397538917670828,-2.5239474928697683
-2.4291115840049793,0.7216502130213984
3.63363755064339,-1.1479676728117483
1.1286992029428873,0.866343138654107
-1.1511689708076438,-0.46519860413018155
-1.2635585831572982,-1.0139151837723421
1.7435234151673724,-2.6579635677883813
0.6570081341091647,-1.7358317113284782
1.0100758877676959,1.18610572605279
-2.7975460220054233,3.134248332752436
-2.6635318722589494,-1.1950316244382326
3.0105973936400203,0.9584456973703713
2.836129691895196,-0.6290207295836895
2.6577399397761052,-1.4398692120397556
-1.1834280203505616,2.384169374604358
2.553929666301318,3.1333406009425224
-2.7152599473256624,-3.3338807306621554
3.6690038178326225,-1.3612097224398962
3.055363137976201,1.3186852603634336
2.286352488433498,0.7813812196408727
2.933213097380062,2.556626354686624
-0.6462962751046183,0.7569381409792882
-3.592358789969271,2.771739355510111
-1.6564463888023953,-0.7017270318317228
-2.619824181562553,1.4170288870266836
-2.7875069870987854,-1.0826409139061486
2.5557349368413083,0.6581548828841823
-2.9201843354705117,1.7202844420907313
-0.30132874545041954,-2.877326595764149
2.85222433483588,2.4418794689901606
0.7766889090888407,2.5099029947217257
-1.1089416148728959,2.4024359123848273
2.5079454530766876,2.285439096736444
-1.048566714502764,-3.160919833170235
1.0934016057062932,2.389890241101802
-1.956947947623145,3.1969027724774364
2.577784929929087,2.507897415208392
0.6712618294242804,1.0597218648763607
-2.720289219162705,1.0409463254265099
0.8102128817354953,-2.86169133026692
-2.3263549832494674,1.2621978289367122
-1.8874969091820128,2.631102387484855
0.11252509623615099,0.523608533273241
-2.8737180949273102,3.3248284904382492
2.6522129370380716,-3.047953953718802
-2.3424697283832403,1.0934943786785967
-1.4408833667115062,3.1233841700616174
-1.149445427156872,2.4548885918969336
2.62412934115102,1.9460763219054495
-0.9888329659428509,0.8412331583640562
2.990376065439911,1.5850086362515432
0.6146843744578602,3.074354052189574
-2.42751599743473,0.072328259133628
0.8139841767219973,2.6042594801684977
-3.3244533929538505,2.764366461821423
3.3519421610827096,-1.3658392567538613
1.5339676981936226,-2.713288335304712
-2.8364735864465866,-0.8544594147153586
0.4713721859639024,0.7483940193940078
-2.9423085964560984,-2.8731266522710452
-3.420530912967584,-1.715533062223454
0.6320942136190042,-3.042906194286237
2.40059349833257,-1.3778954783728816
-2.691904258666414,-1.9063314938791258
1.747599524655978,1.8521007070426985
-2.9253080695063285,3.631153895229707
3.411006738204117,-1.2496472691793978
3.2566905622314617,-2.9306749417306612
1.200931899057466,-0.7513803717016079
2.56978029376169,-3.537288953688735
0.9923061738474187,2.357001866351133
0.569981067472485,-1.8599276882930003
0.8229484684090841,0.39407450085444634
0.8321817065183476,2.8756658372728454
1.3560484542842832,-2.6339280867428134
-1.5832301261956174,-0.506087748992057
-0.8069563858556406,-3.085304109151817
2.7918472963822567,2.680903222448827
3.285204456415524,-3.2688990863569978
0.8226022820052943,2.486103761945205
1.029538809345842,-2.6263322432137306
-3.138277395535685,1.1584744755637442
1.0297140898216397,-1.1696860939814795
1.0733164271371447,-2.467061434316795
-2.1321269023657003,-3.1589832074466204
-1.1968334241614287,3.0688176459416026
-2.548842208944615,1.1575653466956846
-3.0546259232423085,2.993923644828093
3.087313345674725,-2.95271845411643
0.4479364608450582,3.0009934192242893
3.017292558767959,-1.117393222948925
0.9398861238007428,0.9157858868913504
0.6453822885260712,2.775215030869795
2.4676113674321174,0.9764100617654331
-0.519265473172062,-2.1452511088364634
-2.283225513353955,-2.2862394942965074
0.6438388802550964,-3.2202973515923157
-0.6686310566738883,-2.8052823380745915
2.605304862701961,-1.4832871532549488
-2.9213308135520357,2.3960499035275
-3.080025617721262,1.1368005386116098
3.3233092736418954,-0.9198204176274868
1.3588147023250994,0.9929617781312363
-2.9205590863811093,-2.5497822864054527
1.1435964530028744,-2.833933894109007
-0.7137595424660533,-0.45464130157547594
3.4060785258468536,2.7409516109145518
0.5517742033098088,2.430027340593508
-3.4043025933600166,-0.4892572510565555
-0.7781095822797401,-2.6953564849345577
3.023354350145725,-1.0416818879602394
3.3924408288593675,-0.22820718143960933
-1.23436703410093,0.7883591090491722
3.101304637458258,-2.8692057636167916
-1.0302447222757138,-0.9677896382181133
1.2457306672115291,-1.169477321144619
0.9130867992332931,2.451127883544057
-2.7593284054147458,-1.0366181062397595
3.023464741184902,-2.8881180502920416
-0.5395554498195178,2.911063314016921
3.745776787041987,-1.4005518213548507
2.7439155890217295,-2.2328851057818873
-0.5316855185513624,0.59333894296833
-1.358656167921663,1.2061723685419357
1.2664224572283778,-1.4949950182429226
-2.8618929735518632,-2.1763372612134315
3.1612972103591486,2.3938479527289935
2.629158444557999,-2.2713474983997033
1.0566623730426756,-2.6776162658788416
3.2211674461549467,2.1970368903358617
1.170123038005362,2.7071116267434827
-0.9230870644878999,-0.5497673759853351
-3.091805111259314,-2.6088328438947697
0.8852334068191618,0.7633329699702652
-2.697016973056385,-0.9693912431397715
-0.8021351519927441,-0.5263462978899701
0.8716894467163903,2.0397303440908683
0.9690145474870704,-0.7883079705748088
2.5533886829593966,2.519510691581791
-0.33146773139051533,1.7852936181603436
-2.9223620668628993,-1.1947408519669156
-0.8508244786753897,-2.7543287634537794
2.784081892797688,-1.0775277360951812
-3.3029930831241967,3.3603543333337407
1.2259007111812656,2.283168484726839
2.659968144846938,-0.665759745090534
1.2417243617886597,-0.5619076840207617
3.2745000854314257,-3.4547925345180395
1.0864611634320696,-1.4071340631872524
-2.5046585649939455,-2.9365694825173314
0.7990115180042694,2.548793594064934
2.3286174649351934,2.9782246351936967
2.535019430802623,1.351915643609702
-2.785009354683152,3.3870230714161687
0.6334101296750261,-0.5687812162043814
-2.4619558338744643,-2.7904571635452315
-1.2443545311098974,2.729584173858623
-2.1661106988328473,0.5601785824107617
-2.4519831995599524,3.4767419700610565
0.705502215689666,1.5961086670107243
2.593497817445018,0.7276451008708374
0.6235847764905725,3.1750260046639296
-2.898013404549281,0.33827721920275516
-0.7002004482943789,3.4527086768763837
0.5692736817112367,1.152021877611423
-2.815146024676984,-2.8411953185219843
3.135761668397346,0.8027539404879894
0.970342562272038,2.947304825305888
1.3868839465634994,-2.9984971781755916
0.8981648786556701,1.3964819846179441
2.133651005692588,-0.43756523843604694
-2.931391341152512,2.9947546850593123
2.857522741906991,0.11303351247486598
-2.956933235853162,2.833076429530595
0.8293610566617087,3.369627152824445
-2.9878654638378777,-0.8520813997141395
1.1407727668503431,-1.3471216252259512
-0.9452002668619869,-1.2106403472544236
0.7971064652600353,-0.22428282290612375
-1.151973919367157,-0.8833371012255427
3.314452661583927,1.6260933915816371
-1.2554500771071782,-3.0178983461738986
-2.6151912979876393,-0.8019869550371983
-2.9017109095700406,2.7633804659649934
-0.6631859274277493,-2.335329703476229
1.3480755139856124,-3.0517289282150064
2.123031869269041,3.2627020234850357
-0.7075054383584733,-1.27991892469366
2.7312167900309077,-1.6545392674359263
-2.731757929504106,-2.2400469749157317
-2.3666469293889194,1.5831292191846165
3.0446052498783023,1.2640447699767712
2.486495649748098,-1.0645283867220376
-0.4334931937022967,-0.6619482610565913
2.8580972068468573,0.9941635286261524
-2.1712168881168927,2.3787815954086082
-2.9858105036413796,1.6671737225508307
2.5526688743367663,-3.0381605677088337
-2.449137548552926,2.6269363240122234
-0.9440960156006047,3.281983739450993
-2.5827430016496478,-0.25472876559090424
2.687673358473841,-2.235924588499408
-2.8704906504096623,1.3217498090281101
-2.1015005171603276,3.1703193216033423
-1.9257462786165647,-2.3383868583780454
-3.241510419614277,1.350936266440975
-1.2484262416256384,-2.7488588392601216
-0.8449004203983453,0.867330445016119
-3.4256352399674097,2.1675724332741857
-2.410541063846623,-0.6318821629128676
2.8736732458108794,0.7560964786117464
-2.694237856734876,-1.1179819708365395
0.874136341960999,-1.2742619934235224
-0.4337859167680747,-1.5240375119066525
2.4025072395845783,-0.869790226199719
2.6326455282795314,-2.7538073665610425
-0.720749103666592,-0.5132163028250664
-3.1397040313883653,1.2308291545683787
0.836465517233678,3.2384172001678087
2.611816240198809,-0.9023475101538417
-2.7461812728297237,3.1750106125645625
3.144679465918227,-0.5539052774448262
1.17571256692831,-1.316588542737396
2.5858489863008565,-0.8943888345469184
2.9646793943673235,-2.3521949537069893
-3.3873340469480926,-0.5189390175883234
1.2311232932041216,2.785089274312499
3.5671079036783615,-0.7176519863490824
3.1164651406889483,-3.0412130725829
0.6030750348715642,-0.6492510689174845
-0.41189894549112227,-3.009075426618654
0.8199692603573957,-0.8226266204505329
-3.5209549174641936,2.962984761411261
-1.384852965904447,2.4212617716561713
-0.993619806065544,2.5406733126045538
0.4967058436343801,-1.2521608836690965
-2.884020072702741,-0.9783842606273148
0.7970455705909308,2.860762952539399
-3.1821262141724387,2.7017849485812384
-2.571727105846662,1.1855112264238352
3.327182095628672,-1.5686479904392463
-3.050302507106871,2.709699846162044
0.8988048865625724,-0.890282039653396
0.3805335706206633,2.2331272100122095
1.617707379014195,-0.49537275147423526
3.2541564727074372,-2.330318596349952
-2.8101075579999866,2.5733522116193557
2.5784713509457915,2.6500486045405798
-0.8946299532794908,-2.4857060816005982
-0.9425388793604381,-3.0140090176075987
-3.07711063493575,2.249857738012316
1.037529577102776,2.543824075992768
-2.892940542607292,-2.518863170023683
3.062325638216581,-3.0325316811117307
-2.7201575051790248,-0.5535585434534523
1.5090150124363104,2.501155241910189
-2.84857568059893,1.724574413657467
2.7134278026333023,-2.6275688321985218
-2.8676936796890264,-0.7764378905503468
1.6002007754823928,-0.8311916299781584
-1.3417476661014338,3.0524981732050946
3.708011490860507,-1.119557572187622
-1.1006113383682437,2.4397385954125084
1.2816559419049585,-1.1601420079205482
2.2397602419263474,-2.8860929810144125
-3.0228189514177606,-0.8665142986982917
-0.6105269380055639,1.009767077061618
3.200572285402858,-0.6619899759632298
0.6392665911010954,-1.1370489851314938
-1.0507857917201409,3.3537341206285465
2.5529898693599455,-3.0091061611121885
-3.395230088037971,-1.0778692135607184
1.1471488032003765,-1.2010668190474818
3.0168890348291773,-2.8519788506424706
-3.0613200721243468,0.9792394878527434
-1.074516647856704,-0.8877538597676822
-0.7881175737185463,1.274638729829603
-2.6248034333945123,2.2038182902064327
-2.3232222280812627,-0.5943420749185746
-0.7814877135901499,2.147370164464882
3.2194178017918884,1.4094270875437729
3.0308123710620736,-1.5693109765725464
-1.084082731004962,-2.498383802995672
-2.602429125937699,-2.7021836424684227
0.5255160232308778,-0.9322300314672886
-2.8067316964250404,-2.8653259476575994
1.1437802220313935,-2.817748616593472
-2.51118886130874,2.1103565394000534
-1.9017021258212092,-2.7914632028275546
2.4050446243316825,-2.908449568384676
-2.2680823920192092,-3.098864928705351
1.5755833670956119,-3.7644527520218785
2.3244600047314767,3.26632915700819
-1.110969369150678,-2.754639935413138
0.7732844582602042,0.923111049039078
3.010702643505704,-2.5563148498738606
-1.1626229877180674,-3.7826888012790256
-2.511625243969628,-3.1131183628519357
-1.2374975508882038,-3.3227177868983637
2.5402466812760873,0.43863562426292024
3.038470277712518,-3.542826815408341
-0.7204166009979609,-0.04760834872087032
-2.4003084573119864,-3.1381277992784926
0.6782569114268131,-1.4051973638270434
-0.5497793101128795,0.7987781202583683
-1.2568222312742725,3.0388832214185038
-2.0898217295254153,-0.8647133294605959
-2.929372144970828,-2.9814353012758446
2.852155414838446,-1.375809121365159
-1.153375480069829,3.1293200021363603
3.1336926066479642,-3.280993776191192
0.6757302285652125,-0.737952446335046
-2.7142863268940536,-0.9491695152437413
2.2590126013906073,2.5991640596784893
-1.654828555409685,2.5770779544115157
2.7104669846843166,-3.9309551641155553
2.228428090630012,2.5118320038131907
-2.137444668917896,-2.9539360903471517
-3.3675533147326555,3.5615250729898293
2.555278619573415,-3.4718128924115343
-1.2575249020162125,2.613982595968912
-2.238944531971362,0.8034112824934763
2.8849088788996635,2.4489540676538986
-2.331070284372945,-1.3336777844855376
0.8301468906783539,0.9680336419094223
0.6204420229599829,-1.5058992895572014
2.7754343790646443,0.18794958858197275
-1.364233249861331,0.8129592161665579
-2.628347599863197,-1.1918813813435656
-2.409482511813637,1.440720209714437
-1.9436766369617182,0.9997579155447983
3.0833243621641593,2.5498234953886034
-1.089931284608045,-2.708573150814952
1.0045803470746766,-2.7158571035801353
-0.884670936627704,0.5849303027987754
-3.0171913139082274,-2.1640030108453217
2.921905852588202,-2.9224292020063865
-1.3302403001420966,-3.031605648072703
0.6826600231543931,2.7423735433247733
2.8249897624712954,-1.4487615885344551
-1.091762777054382,-2.7038009001818093
1.040263232158913,2.3601964460891827
1.261331568266216,-3.12691110523166
3.0633164484121798,0.4142691711094795
3.1139149787702745,-3.0200789015898137
-1.0933192034897319,-2.7607442600549654
0.7463788214541084,-1.153120227521457
2.880876365161399,0.5639289240402312
-3.2557485272210425,0.09010857741627427
-0.4843026664882038,-0.39536479851171585
-1.1073255283106969,1.3953214033692514
3.0866957638058037,-2.7664005810149366
-0.5394843617154994,-2.277021797759068
-2.4566066719454174,-3.0079119147168707
0.7522424655796555,2.827899472034219
0.742096611643942,-2.6910906805898573
-0.8419568935652945,1.7917055902144448
-1.353709615189871,2.872271888101372
-0.39682309263195986,0.9969832471719112
2.876644769144913,1.0194168903931375
-2.768148866835372,1.2172722875257467
-2.6569824864606355,-0.6200795827103824
-0.8739238724840573,-2.887606030720894
-1.7752537579205856,2.5328231056199235
-2.95147526325784,2.941242739258793
-0.7909129928519867,1.1314557181669762
1.0331625255739476,1.6720075737691082
0.8245134625212127,-1.1046836977807666
-2.9635443188015627,-0.7533240185721647
0.739979184451762,-2.8211878166401636
0.5975809710140374,0.568713674874772
-2.862461528102231,-0.6265610507339362
-3.487530787749091,2.4368963097988234
0.7423560851470016,2.7586365930413703
-1.2845988830906168,1.7240923716565943
-2.7054631153200908,-3.314383187353973
0.919494318492169,-2.939215097114303
-2.3509784093642097,0.48899312509528686
1.055189763142431,-0.5032940528054705
-3.130064907186401,2.687204351948022
3.552609996499331,-2.1462602137293474
-1.4741165552095736,0.8252074472554338
3.4339093790740027,-2.43789651214341
-3.56786545041269,-2.3910930725026733
0.8522867241792169,-2.5227626348841325
2.8165768938945885,-1.2619464502165036
0.7757076479567832,2.73076489848113
-2.766367238067333,-1.9864556539045068
0.1290274897888582,2.0670641226718907
2.389166717977885,-1.4555820303062945
1.1360529234282553,2.8933588411573012
2.5894701012426204,-1.0510714577843452
0.7031160809764939,0.5201796899087475
1.2147349625736135,1.3233347503930113
-3.5081374163195673,-2.9284612262993392
2.936827840741002,-2.922935882359678
0.939939258704514,-0.9056133190248684
-1.08139678107178,-2.38495373511772
1.6917075933888015,-2.7685154333011126
2.918200904036853,0.8609446961689169
-2.9346277038175606,-2.5994148017694454
2.555678107227335,0.9512723662021974
3.129872738893702,-1.1208595893050328
0.941726418130448,0.9269218493299718
-1.5499563904600755,-0.9031791686369465
1.6238293647865598,-2.6586495176910683
0.7366276232721819,1.526475940333911
-2.6543830582013084,3.1809662441949573
-2.8332671019121216,-1.1333324664786257
-1.586297457717926,1.2240303457482453
2.58200164005364,2.6649077630035873
-0.732177843891836,-1.8359465596421731
1.1005995252330303,0.5990475287287413
-0.9966752382173265,1.6859611369434917
-2.248272518300762,-1.2440067994405049
-0.8964068077448116,-0.45508985652992057
0.5964585838668,-3.613079231945263
0.678558271848286,2.770023874015092
-2.4403543242267287,-0.439385938120046
0.7297388903959922,-3.12901661734994
-1.058989944199741,-0.9127130264394498
1.1123982031239057,2.8988739597480575
-1.3261544459352468,-2.9432181090472755
-1.2102161768219089,-0.9872570090260528
-2.786326194864071,1.389097167222804
-2.9592130403835735,0.4357352432521297
-2.2481876803983014,1.3413531797717664
-2.061630523795764,-1.0283798635532408
1.1080162758528014,3.088198735930368
0.8383907414988805,1.157107654925178
0.9467322886498756,1.9706498104704713
-0.9554690603958992,-3.0125079357327023
-0.9789752942866359,-2.989892608002736
-0.4499694922544919,-2.596235234588473
2.6218532135441692,2.5712359406587013
2.7094983764926206,2.9309755943700515
-3.045840608208611,-3.0197607331410543
-0.8484366374928201,-3.4181118261852044
2.85287483786134,2.5057920030097782
3.132959812901657,-2.674340676045967
0.6977008554526036,3.3566835211949133
3.079952627822758,-2.02111685054015
0.3305703520590784,-3.704806781300766
-2.90164809599773,-2.473748959624087
-3.2531035316838914,-2.8049779949393043
1.3824582241310759,-3.185515104632097
0.220655936919434,-0.7619988648381845
-1.3415301367267856,2.4566821394375067
2.332795557671446,2.558951367998639
2.9409561868177985,-2.2772708570016746
-3.173245344602052,1.2780727879867408
-1.0246161470451314,3.0448669614011914
-3.174591642153268,1.0848403071608963
-0.4934727275694453,-0.7134002936658015
-0.932683565455411,3.4163843444248476
-0.5298441982492977,-1.0267415007709122
-1.265521752578859,-2.789546115728781
-1.361430322171172,1.1899923885034778
-2.5721743379387987,-2.613299798848266
-0.9713398879240803,0.8834621252698797
-0.9345573399945578,-0.3556174412642951
-2.5884286001969325,-0.847067744002103
1.3194919660684765,-0.9450247844321855
0.8938438838057995,-0.9459752876809931
0.5184779648790573,0.8713633327351518
1.081721938778456,0.8582365451392191
-3.2037003164746887,-0.9052706814904665
2.4255823306447146,-3.166833537555298
-0.5668935261747886,-3.056074449140537
-1.2122932262543982,0.40610919665309564
-1.106740323054732,1.2933028785021838
2.928938577043978,2.4445479900781724
0.6386201651179967,2.8052070825358193
0.6996819103986912,-3.29529717975818
0.9737598020367081,-2.931465973212432
-2.376925572753719,-2.725706360079254
-2.4651059208657444,2.609895689610942
-1.0231130338266834,-0.76719068917163
2.6068155746292625,-3.514888765907836
-0.9674451862339681,0.886203802608329
-2.2978882128651095,1.3730981605323547
-1.5478554946773393,2.976848795475958
2.1687884052283493,0.8151615113226967
2.727748540471557,-1.2463149165857377
-1.2171607672730727,-0.9948815940381224
2.825313371604352,1.1499922080362261
3.122661502567857,1.1948611479912317
3.2419628429516556,-2.8490171930905475
3.088622344058947,-3.3806393568671185
0.850505506610554,-1.3476784582834072
-1.2831796083006506,-0.6491464611019327
1.2348351248298195,-0.8258547137347694
-1.138976224404117,-0.9600160490430258
0.5180754466496149,0.4369150215380633
0.7928215506315927,2.717473256266551
-2.9557051384119877,-0.9452487269275406
-1.6379034609165226,0.9169187860944602
-1.4736209182987556,2.5813421614597707
3.3427525853956084,-1.4536858999354614
2.7231493443120804,-1.032784516967218
-3.238696206531487,0.8979447843505359
1.3030995915175083,-2.164612274267833
-0.8808641430031557,2.4655280154654218
-2.4977169273387316,-0.6855119853314524
2.9090942230744696,-0.9031418415214717
3.9360357789269256,-3.003316006400537
2.6579149363948624,0.9083783346295254
-2.718442489512445,2.0779901422229683
3.0680926580855274,-0.07415020847063238
-2.864156455058376,3.2037826135725616
2.7808222680013976,-3.1003442886597297
-1.0491852461252402,-2.58836048163744
-0.9929141711640206,3.0196881099385284
-2.7969997018105364,1.2205074136138523
-2.289224765949413,-0.7903958226096772
-1.057020388007492,2.758402315189729
-2.1285060175298782,-0.43772512603504315
-1.4369660255913768,3.0601548494744635
1.5092955563272754,-1.1234076517950453
0.5027402584188898,-2.373028875182203
-0.6548164737735024,-0.6083503024774647
2.8168431856193954,0.6105945453637902
-0.7200621549716117,-0.7049007298286708
2.5628218390133504,1.0106932673132458
-0.44565213863331515,1.024515997955181
0.5691948251484892,2.353447255319652
-2.935632173994398,-0.7159386279811717
2.1790663980781315,2.900379347275872
0.8755866911487133,-0.7654293687400516
0.8031954132051854,2.793658164758101
0.7803101788149807,-2.367020706782906
0.9677289372202119,1.1560533064268577
2.4756353465733154,-1.0197454869945843
2.082752350302101,-3.2316345407067506
2.463186480505023,2.2532558081795186
-3.2529000329506927,2.9373514808715537
2.759980180658944,2.0067719999672446
-2.8070490812327353,-2.117401021617929
-2.807438407986798,1.2322764556043553
-1.7366526145270118,-0.2953122782086008
-2.3293224748408847,0.7648157201612169
0.3270238432866821,1.2287930408295136
-2.8048468383435226,2.521425114405739
0.7258033568357397,-0.3839231397336428
1.4295665360278689,-3.2950411210394255
2.9256054958394473,-0.928298066580015
-3.0708190423749557,2.55118319891638
-2.586861953531464,-2.624752303668053
2.8766808176217267,2.313567899353656
2.5683467006909457,3.01617813706067
1.2634449457653083,-1.4671767032056273
2.7617468968154117,-0.9047427583481565
-2.7226422640632078,3.2127771159598617
0.9095067385104048,2.3151082554619347
3.106381511328487,2.4270592763019883
2.205127089032634,2.671440046996471
-0.5252928856041127,2.707779427440522
1.4499135020540876,-2.4354259369619724
-1.3390660128004996,-0.9277678583025606
-3.1799346967203337,-2.7370646700347727
-1.086967032160443,-1.292250068069529
2.955317733788707,3.5862753029478873
-0.766714388895101,2.7613560584450325
1.0067379685185762,-0.466356485991211
-0.3977689820928839,-2.9813735828634176
2.594813464932159,2.835985816631813
-1.5668146065326598,3.2189881797797417
-2.925719490603554,-1.2639513262884752
-2.603918186430312,-0.5170731077867528
1.4206640354252045,-2.38563614147528
3.2905918243201975,-2.4575965367686403
2.9175846339214035,-3.240070885130184
1.0274750599469704,2.545468653162451
2.622489340754985,0.7259279466857362
0.529404224566181,1.0706954588604904
2.604414286111976,2.6622067941357206
1.4449979455017057,0.5746207752592097
-1.3890845457465346,-2.6272857051680467
3.0268943785546365,0.744232650454448
-0.7540664603520709,-0.732258792005933
-0.9832197124730543,1.220520021935094
-2.413993152000387,1.0990683677368012
-0.9155968285414237,3.0511899161829907
-2.7867333640580885,-2.51280788958614
-2.731608231970514,-0.9789248673249588
-0.9412645864506243,-0.3942370923347303
-1.0875949269211576,-3.022789543832518
2.766289673843845,2.7213362524628724
-2.7839952370151644,-2.406738531160415
-2.2266335765911816,-1.4830757730311948
-1.416034576714483,0.9465151541500503
-0.9268229812547558,-0.47498029346363674
-0.9466669786988086,2.934503738952857
-1.0031699602181487,-2.676166330597974
-0.7682329553785506,-1.0630497552114644
-2.8965793747920654,-3.2431129894729773
1.2589839103187241,-0.6038638005083486
-3.3055849837467246,-0.7706251423531196
-0.6580616516303621,3.1948026181230977
2.5105966449683623,-3.2014658178717554
-1.2329555854701366,-1.018512374656691
3.2127232947837334,-2.568989703558037
2.6422373918083224,0.7277337058831971
-0.5595446325819056,-2.6069888067355036
-2.818964274755938,-2.6827948140101654
-2.375713886969875,-2.68527564302517
-2.9182725816898936,2.5531195749063667
-2.5777788850878203,-1.9593393336187983
0.46279510369668053,-3.045593905157912
-2.3601845477581715,-1.3948891315506415
0.8025688854729509,-0.9938267794321584
-0.6230250931135919,-0.9959913655173142
-3.0503754323926437,1.7306587379550977
2.6301035894765006,-0.9972802807202045
-0.8043488867098774,-3.5733869437259678
-2.69148676846052,-1.303057351624401
-2.589244547230545,-0.8602045159630558
-1.200430069912804,0.8898137344083419
-2.0877669754155024,-2.7890656798811264
2.5809127310176745,0.43937280312922045
-2.32776817743575,3.28618848924692
-2.6458489646550785,0.9472678737151812
0.9419315534017194,0.41355709434832755
-2.6209161557558858,-0.9814760256144789
0.891885013911764,2.572411261288004
1.479107842529527,-0.5950893900147379
2.2493143084843767,0.3325676885080686
3.2035716907032747,1.8600442507439225
2.8990430243656387,-2.755884370153353
-3.4874005376584063,2.548361848321377
2.480704802649918,0.4386832225084827
0.8892216016969687,2.7059657430886004
-2.3711471592686317,-0.9097489468136934
-3.3279227622274163,-0.958828744969507
-2.0256995961187467,-2.9588050138936093
2.792508801272129,-1.336012211122156
0.7215632173600974,-1.121873743895326
-3.036249983451177,-0.641493459581229
0.14195899918020935,-0.7896063697206336
-2.290996281243278,-1.6989944532855787
2.897489944973259,-2.96334527941441
-1.5258847093661778,0.40137783867337107
-1.2056561823419147,3.054046948190491
1.3775086350587418,0.21715742191598622
2.3845711579621898,-1.5708880759507466
3.2405236005540825,0.5671402374479431
-1.3021280241132132,1.1205424868767437
1.3169177427068532,2.80666750218766
0.5843785140492179,1.9387384881256127
-3.4792476412289877,0.9388439888217897
-0.9772785620262465,1.0274881380538925
-2.7860573043071857,-0.9266359710087225
-2.326663520095846,0.543046666562103
2.7347413875999322,0.8162674870760687
-2.433597571436958,-0.753746236956073
2.767805267915636,2.8330865493183643
2.9080976410113037,2.7347102013029265
-1.4627357851272544,-0.8037686585573647
2.8049159394720973,-0.6819494931382866
0.9397078836217552,1.0757507699486488
3.04544722817487,-3.19880569574851
-0.5175509630535217,-1.040062064514733
3.839333083216238,-1.3899057685943557
2.9343913866921385,0.9040539100714254
0.4566107690599109,2.034164671212155
-0.8389672848925199,-0.8900890745430317
0.6821860234006957,1.054949056299038
-3.009331189285041,-2.1899412961917615
-2.609444405013565,0.5792000853856167
-2.710117015813325,1.1843722385813535
-3.2936267436857762,-1.2314611966413271
2.5532081790944847,-2.8439953226883214
1.1134252977371237,0.623141225855058
-0.7755299096791313,-2.3221193759754897
-3.396153204373306,-0.9745872823225445
2.1392302732657544,-2.4250404093451325
2.591466162798205,2.9145605622272237
-0.42869993813583296,-2.9836712026544996
-1.4201180833963627,-1.2811373790641447
-0.9093896387907796,-0.6094119109625576
1.584822860530554,1.4295083746342312
0.8834242736693934,1.2765348777543555
2.804706062305104,2.818826089996322
3.397217089792166,0.6017622111833953
1.032782633321057,0.6016214336845519
3.2708887281303785,-0.5042814191502327
3.001796585496448,2.6379187200134937
1.1988255371260583,-0.869769333240034
3.144448110511427,0.48375051245436373
2.1277369861552096,0.8932958939867235
-0.9280980500549005,0.9428144355145238
-3.2767871949786684,1.0196059285344552
-0.5249915592890737,-2.534216164893546
-0.9851471345699002,-2.797369624968922
-2.1883212350403354,-3.0636730665011087
2.908143485770943,1.3885603058544398
-2.648772960027368,0.783575257035878
-0.3651567673757998,0.9250055889892999
1.4326454724218585,-2.975025808600382
2.325100189462833,-3.118463921196205
0.6749377275672506,1.0652997597276401
-1.2508374264889808,-3.615472723598154
-0.8726303768011531,1.4979123445993798
-0.9814395453056839,1.276823583421323
-0.9492469095485867,-1.048170401174539
-2.5669305403030522,-0.2194094183366241
-0.5876367416615044,-0.6357424779835783
-1.016336082053749,-2.4674533490380774
-0.5983580745605769,-3.5699083268289353
-0.596866063094197,2.390486070393242
-1.1249079641225035,1.469678431690008
-0.8450686521973255,-2.935921961849023
-2.529211448544837,1.0465143066152391
-0.9454010373958798,2.9959637005029034
1.050687017126453,-3.234647993560239
0.1514507669501735,1.4517110817638106
0.0751507513492663,0.7873473085877292
2.981220901095335,1.00287084152145
-1.097287643543708,-2.94341839165725
2.5251977410843884,-2.666217186206013
3.087421008299629,-0.9005422574252565
2.7661940298855505,-3.229265956468642
0.7984660238146649,2.857521195790129
2.8754989717852717,2.5306224642694444
-3.3406323894098047,-2.3967368172447796
0.9675709915460042,-1.108371842646881
-1.6520970816183553,-2.47698280734513
1.1388368963473467,-3.157758778480393
0.4752459527493094,0.8392674524631581
-0.940346107531928,-1.1399096742929071
0.6110679961420302,1.1475119848036532
3.17669140873055,1.0878135800576465
-1.2491463211483385,1.4629171569327386
-0.4091750247243043,1.6001599756181126
0.6880535229742596,1.936330222508289
-0.39663929306627804,0.9243130202415754
2.7533279817316028,-2.9779560290743206
1.9564287959031683,0.48309035307271153
-1.1139896261917999,-1.9758205650403393
-1.6607378281434222,0.8294025641792796
-1.036647599474992,0.8098237113481962
-3.47516951141702,-0.9882795422726905
3.956236096067174,-2.7701325313928447
-1.047315072332748,-1.0254325846269878
-2.264530858915289,-3.2862274382915486
-2.8885738640818874,2.600924573039768
-3.289050997619825,2.6837454114964765
-2.99707939804608,3.0647844307178826
0.41076370296809783,-1.1871506704516293
-1.1359813749627845,2.732367195548436
1.2746124543238004,0.6181237128282886
-0.9935731518930045,3.0175466371337776
3.291300678148372,-0.6271677187402759
-2.1854503140021597,-1.247968469238426
-1.0060669855248265,-0.449129647159704
-2.604850957302871,-2.7042807410578362
-2.997785998664224,3.2085264370814444
-2.420420782202307,1.2248027563191535
1.0102417681765208,-2.5367308256501353
-2.7904213957502226,-2.8507211413634073
0.442729681433591,2.665198072470392
-2.704153177981041,-2.574499802354375
0.2675492126788695,-0.9677764830368861
2.8419323953645947,0.7120086012482454
-0.9879268910063225,-2.9587895395800308
-2.1901770707701265,-2.7911292960553546
2.8533164141077454,1.7347988616098604
2.4763263930757784,0.3536879917526787
2.9396374989707947,-1.2461009905197444
3.354942694662779,0.5497247544739778
-3.3380316494389928,1.289738751843121
-0.7494349705487631,-2.714565765654827
2.340127432300364,-0.7496504087508744
-2.6856739495210014,1.5117647812211905
-1.2721006490064897,0.7710338921998621
-0.9815779613184115,1.0976772240588557
-2.7882092188393033,1.3584701396260717
-1.6966519361993633,-0.9142836970381912
-2.969801533475651,1.4088289284978577
-1.5332450626828384,2.7019138522318915
-0.7385628448042737,2.704931209030506
-1.3567863339070825,2.5977534021481086
2.7321471104992296,0.22745820191251231
0.45306497649706357,-1.0618717716568304
-0.756658704157859,-0.9221806994443346
-1.492267477763345,2.7177259436698913
1.1016505590099632,-0.9113974039260038
2.8142656432866278,-1.1494286701924028
1.052989472937406,2.637877341280855
2.870150022863963,0.5478278309877785
-3.5944135598490754,1.2823425302779152
-0.38375578517997,-0.6354535729470087
2.9241662142710467,-1.2368424712502204
-1.2692503365234988,2.666817640360394
-3.131889572102286,2.3730861125217766
-3.083784427642395,2.4756284424161583
-2.810979474665341,-0.7873710546559817
-3.0783666655119295,-0.6985927333186224
1.5346464722594677,-2.674596225232594
-1.3975048868447024,-1.2396303321234208
-1.1398810056336421,-2.800453773869694
0.7278241413695702,-1.4624617376192244
3.1024831276016447,-2.8032657780713555
2.8644276722922086,0.744590902066374
-1.6765825199735813,2.916521449197695
-1.2986735594761536,0.6454110326543896
1.033876510902398,2.730043914428805
2.652844791678785,2.9222883379938303
-3.1266831553766905,1.4599307335637812
3.024968402718193,1.0084512532022833
0.5294421723459517,-2.773167561326421
0.6925527442521517,0.6379490281975592
2.9394475181110176,-0.8801316619238461
2.7764317328569463,-2.93290845832506
-1.3356957354654948,-0.5590320756049095
-0.6914421800037094,-2.892130100990781
0.7013291769724892,1.972481899793971
2.642500888180128,-0.2204273077955273
-2.2530574786577744,-3.485373510522188
0.9715148134761664,1.1811235207256294
-2.8205237692144416,1.081742966359641
-2.03863857035189,-2.5548729781020136
2.7607708337110526,-3.5594627948947775
1.0110238129208797,1.6471216680640224
3.721984552490674,0.6766890791625815
-0.37149412433564366,3.0349213784495928
-2.1671961171191563,-2.805613459871849
-0.778432047660024,2.879009805682116
-0.6302257226214079,1.2014830080478014
3.2693186762507946,2.5881513184672587
-3.1332554454223804,2.874438752263288
3.1673158439837117,2.463599058125739
-3.226613887254543,-0.42227276359069177
-0.6507446307797083,-3.0664254192137306
-2.701500209655456,-0.9629392978724893
-0.25785039691819006,-1.091255546420252
0.7193391683566701,0.927498613698172
-0.9502704567078922,3.142783214323032
-2.5276883276783537,-2.9530048012718257
-1.5462634452150776,-3.2461088346725027
0.9852531088468808,-2.8447322865332647
-1.3479480650582163,-2.923602230747107
1.60486335868421,3.3362731745608505
2.800629365788696,-3.3680406279472153
-2.37632320266774,-2.808602504020254
-1.0694776730283773,-0.841671932354327
-0.786703252603574,-2.697002175628343
1.1526186906965403,0.6004213321952895
0.938468382791315,1.449628429084007
-0.7896196265662662,-3.2982241566400425
2.6003363296835653,-0.743198492772495
1.1664468851862901,1.3920313776191948
2.7553972496661356,2.7807910032278156
0.8686998019865931,-0.4214449916672646
-2.83108352286221,-1.0406309304200954
1.4510414222401116,0.706116489822745
2.3900783222856044,2.188508127680467
3.2529881802675122,3.7594237490086884
0.7615671133396876,-3.1723607142488914
0.35640192417311506,0.49885129758173036
0.4073703957468153,1.2534522034714566
2.847237363700538,3.1986291916847054
-2.9625320972449525,3.065437662226976
0.7612367072836124,2.6689022561640368
2.627640718768646,2.2624149389668844
3.4378432575119686,-2.61368127270104
-1.3445545690138678,3.040526489899207
-2.858958057145155,1.2832118058488025
2.5245819383537813,0.2758612281608861
1.326288396711869,-2.8366199524579687
3.3388850381809494,2.671943905013307
1.1674224170674035,3.252392300492062
-2.4601404613283866,-1.3164150716731904
-1.0038763557289814,0.7384951602392825
1.320040149568741,-2.9004129638882743
3.3555468314556154,-1.4656419716160622
0.309437713761839,0.8417605330675426
-2.288249420231937,-3.0360832697054345
-2.7143193841771605,-1.005112827639648
-2.0027314290109497,-2.43374911415733
3.220645176353426,-2.722886953093339
2.5458910368743495,0.9919881336095563
3.2344668844657884,2.681579824467645
-1.7742388672190257,-1.1175718121048952
2.7739894636592854,0.8487573897338677
2.6922696804805346,3.1204942883790356
2.3171561757045755,0.7053929981582683
-2.5547256418789215,-0.7389994213371954
-2.3618053785589868,-1.2614963211653714
-2.0745816203308216,0.8962110733471623
-0.06146478554077095,-1.2220345425009387
-0.8426080743565242,3.6442982186602544
-1.0987578504816038,2.7544120693056957
0.9373864991044053,1.5415473273248639
2.974343476540782,0.44059161884839004
1.438082783590924,-3.0600926134395334
0.37702369995600093,0.565187806015732
-2.565844183236133,0.11683180220490344
-2.879074997828878,3.2219517052194466
2.4668616848979,2.6226689458510597
-2.835188715207096,-0.3936207582635232
-0.4400332885926245,-0.16095359572303838
0.8446191171123715,-3.2047921571102576
-2.9854487345039393,1.3411604849018632
0.8435444115198336,2.6296707158041333
0.6430658154077443,-0.7910659797137644
3.140766360288812,0.7019812985848999
-2.444603594058907,-0.7798543169783545
-0.5153878250068067,-2.9881063897789626
2.5613229656296808,0.342210920633774
-3.0006932535471758,3.434664527528739
-3.166469686392592,-0.3545878437105197
1.169756505853708,-3.5752148243171487
0.9885610024977983,-0.8281624872627851
0.8655156111377189,1.0414826060667683
1.0984836483864697,2.278286084413259
-1.1579043550142833,-0.35726498291753106
1.109095763418946,1.0443156617741518
-3.2200068925975973,2.7801917153744196
-2.604747237087406,1.5773999465341368
-1.3549004077467814,2.6799184000230665
-2.8516229934868123,0.7771555291264919
-1.6226187526730085,-2.5606198469674135
-2.8191841095649575,-2.707350844577646
3.2903629449036735,0.9980268337935848
-1.2180075478718622,-1.1367897787845116
0.969885173060034,2.5407434037633707
2.7563215269000203,-1.1088043667053455
0.9546132059065773,-0.7065670046952925
-1.1980265584400849,-0.2539002653881861
1.0531311465421604,-1.2087217364330416
1.0599459716423072,2.3312873271915273
2.4189784541652646,-0.27933588135826487
2.818883777307211,-2.585033039985484
2.931986485343084,-3.3155335971832884
-0.7476112073058432,-2.995776970096233
3.3145128860294877,-0.9891674674251351
0.13256433492217104,0.7637969739024961
0.7239295228477923,0.5997563325409682
-3.01669560363836,-0.7278572642350255
-0.5618274861208792,-2.7768707740424183
-1.2632751299978342,-0.7139251504334293
-1.2788029169253703,1.1650141915603947
-0.868679403057028,-2.7585491418180412
3.140803631490648,1.2717693664194563
-1.0006892138872059,-0.8731579736570054
-1.6020604059166397,2.8093493507332776
1.1555851175617697,-1.469241442156968
-3.2494681045163727,0.3677689146717493
-1.1531518021445166,-1.3590759493015718
1.0192075453293648,3.0706565351349417
-3.568769641749172,0.5395975393022361
0.2431843292750057,2.0812847964019223
-0.8453883846863322,2.7126912894264317
1.0432672476789828,-1.0624104559963674
1.1215156504232957,2.613660724221089
-2.141683345131537,3.38330086968266
-1.0344601467504824,-0.9904237903282036
-2.1624118919803292,-2.8971945467035702
-0.4984448807301741,2.276313093384054
3.005931623913374,2.444010003379018
-1.388758882689199,-0.5108648154557478
-2.6097548861806596,-1.2837140288191244
-1.2965573491975932,0.9337364100362662
1.4937568572581916,-0.5942032634090935
2.44457455277751,-1.1012391939116806
1.0365636007668433,1.0276332741852279
0.8365890401923088,1.1374301760876182
-2.5249422955419027,-2.6306646073955995
-3.199455713035608,-0.904209953560384
-2.5247083429192436,2.9627244640524504
-1.3523374710035847,-2.6204204836380014
3.3410561083813795,-0.9543729491001183
3.268459054436574,2.852638430670304
1.2971315661162897,2.8612553030426757
2.8847579391212927,-2.5744128085525233
2.599333260875758,0.7172505390033495
-2.6552307857559674,3.7052224031635403
-2.1291073747540716,-0.7104379637635705
-2.7681009461642567,-2.5107401072242737
-2.681461171355171,-1.436402877719782
0.8992545471950738,0.7793192010358435
-2.601344894709196,-3.372942810761307
2.8780430180230545,2.766160334296154
3.139659535349231,-2.4262980289799803
2.8906389606822125,2.7184472325106817
2.4068242343717774,1.4450523694720387
-0.9241120156091073,-3.081575840811831
2.5910779982935863,-0.9304616432285071
0.6853035594339146,-3.133188060491144
-1.4169895794503244,-3.2956390567322353
-2.5025651992617854,0.5713187483437483
1.0128634615954304,1.2745719884973126
-2.477515312112186,-1.2386786577832936
2.61751450319763,1.149378466662067
2.844032606713158,-2.9802416787207098
0.7362212019211586,1.6510753784757977
-0.8406857444687494,2.6429140194072778
-2.5582408308241327,1.1368199820027685
1.207035112848076,3.489026051994337
-2.6238159703668344,-0.48310966955836476
-1.1779524999375552,-1.3851427555430744
-3.4890098815008925,2.9216798805139277
-2.208242350328817,-1.324743078282866
0.3775130706287944,2.792737264130326
-2.8542976547523606,1.6633866044814274
-2.823855257800604,2.9757537273874273
0.15278208854077643,-2.6941845085487968
2.9221936525148138,-1.0987595230803324
0.8475662572131321,-0.7137646459848562
1.0919496536678464,-0.7872924718803482
-1.1099730099167657,1.5751042422551353
-3.0009114030975113,-0.4305744498216238
2.97941200317178,-2.414883583888176
1.397074211550471,-2.7873814291546766
1.923622438429707,3.3048065369791337
1.590615457536038,-2.3195915209130598
-0.5661659959676113,-3.605561404432285
2.6575500075349945,2.4130713014848113
-2.293975594830265,1.208997710450301
-2.4129596021967203,-2.2401448909385557
-0.6329744035301896,0.5198781249624059
2.726941029225471,2.8510790102511465
2.38927044716482,-3.1304117582014346
-1.0216829639812617,3.5375458539235836
-2.5313977854297263,-0.6720704418679124
-2.1081977441239528,0.5997008955667438
2.790548567145749,3.1408567333170883
-0.7297165268547839,-0.7859130464494837
0.5662577230253556,-3.148762597483674
2.928711350896922,-3.5262911143023916
2.417708484463532,2.787063290710593
-2.933164905677098,-3.216121827074018
3.006856120585778,0.5894845684870446
1.2417971692869274,-0.3981834168234094
-2.680782704848669,3.873789348613558
0.2255002935463212,-2.939776562197345
-2.9825885876211466,2.925356254270683
2.392625039426377,-1.9500379968319377
2.738951678122499,-3.6225457265075756
-2.56064416244871,-0.8590830129802727
2.70635681593543,-1.8689091148272667
0.558864209990676,3.018385582317863
1.5100221305430417,1.0391380632215317
-3.029187110295713,1.9213670099184983
-1.5642343730863584,2.8491688794840293
-1.184696306770487,2.843431938019649
-1.089922631996954,-2.15394846696898
-0.9645882378218837,-2.71886136096562
-2.3641777947769964,2.8246686493440083
-2.255631044516078,-0.61785790092932
2.80173032321645,2.386184301440744
-2.371981102115571,-0.5628540427146228
-1.149138507162894,-2.200409753958931
-2.948501455621516,1.1511842232274532
3.2175097384574713,-2.7749925761840033
-1.1436397478433085,0.12594241192234046
2.9500316301677287,2.1820531769359124
0.40291615511004786,1.069435659195888
-3.4732980082579465,2.873685297092015
-0.4757833236494945,-3.1513183093252386
-3.0050005910409383,1.1345006185528463
-2.6290845505806444,-0.7407916716523912
0.9406007463640759,-0.49600235268585985
-0.9055516048137552,0.7839675370417918
-1.4285014894596688,0.854453019603442
1.1875605159020417,-2.7326497276693393
-2.4211262168898653,-0.29307299954831534
2.3979349063001614,2.3815007441954905
-3.116819988765798,2.7591882302028425
-2.745543975578759,-1.0391833876513847
-3.3530036639635674,1.3004210042979538
-0.9151866237242754,2.477039360147022
2.6518526582902093,-0.8611009582235477
-3.6364202904610323,0.7150364764020583
-1.92232393417677,3.0674038884370294
-3.079336638253615,0.6895337104193711
-2.8357743256842802,1.1237776892740845
-3.1783499554228873,-1.0136024596675204
-3.531028372190692,2.5245701979299158
3.7160835736684086,-2.7224185113619415
2.969764570821205,-0.9627498352262623
3.735347498293609,-0.5955789236899034
3.265696098114305,-3.228705883935756
-1.1259479117513949,-0.35663547422480024
0.7080990739186049,-0.6732008294739017
3.1662179112571507,2.3315593254122873
-3.211523223073986,3.02164903688953
-3.3097227857074203,-2.5411558520547755
3.2447431753678138,-1.7178694791471376
2.7710979507443056,1.0452428800957057
0.38854310456904045,2.612478274817219
-2.9376838060017803,3.034233755197191
-1.284901563667808,3.0708006630961937
-1.5712404716176311,-2.6233733927656515
1.832582172069564,-0.9986746224301649
-0.9719039558380125,-1.2586565196750261
3.1951583075960683,-1.2295688964459786
-1.0649793333542406,-0.8476239467148491
-2.280311130282687,-0.379496322118978
-3.0486866648443782,2.552154686402887
2.460172849198656,2.2259378162274057
-0.2199494394471375,-0.4342027009250751
2.9755933740300597,3.2788765259924006
-2.5981470023932984,-2.465945026490887
-3.5360149288839287,0.7694305650620925
2.2844083949603853,2.662559895543899
-2.452576188021617,1.530199939563119
-2.6107492229142855,-2.8425440890714975
0.8100896222616388,2.508709476608371
0.8669922977330385,-2.7300940126915774
0.7421962901772624,0.4013651017513754
-2.714901008030938,-0.2483496023213117
2.8175350650727364,0.49511939270124233
2.855718547581142,-2.666316992378952
3.3861779426070155,-3.58602343612754
2.6872730654522807,-2.384776836219553
2.817260481396233,-3.0156850631561283
0.8637304942646669,2.4451201618428398
3.170549873014919,-2.2797274568099106
-3.381166600528342,-2.985338031886618
-2.7240760903318337,2.6554823339095046
-1.198121877017251,2.5782366935901226
1.5242669294055902,-0.5094171774106205
-1.2425771660082372,-3.425435662270982
-3.2785087841071596,2.6037452355275934
2.646744136468664,1.1464643029507
-0.6404546249852652,0.9078551649316964
-1.2071642259343862,-1.0296742247857156
3.4641937259485123,-2.4473549398898107
2.7328537755032896,-2.8260264964195296
3.3288128949712683,-3.280034994506114
0.4146958163772549,-0.9755136787903139
-2.491127681160154,3.0772505154313445
-2.486403173316731,1.1280821285577676
-2.6386515204039016,3.2522156238080733
3.023381790395594,-1.1152945054532335
0.8493408973297498,-1.4192814289636118
3.4265364966935405,1.4480768807111695
0.3785626599180014,-1.4397316383222223
1.436244165514842,-3.172784102594344
2.4892535873469317,1.0791256490920937
2.7109579129353363,-0.40476387960913507
-0.8256943632609534,-0.8354179202716087
-0.9292967921278228,-0.5913664004065383
0.7515154872365637,2.487564387548603
3.097518896947025,-1.0059170874629424
-1.1283375988662552,-0.8627626855753695
3.2700332181987126,-1.1802292176747948
2.898799880311165,-1.227714832547941
3.204270129272403,-3.194743558514226
0.6136290489734285,2.787814822098743
-2.233394267330134,1.2695359433264641
2.6911308927744018,-3.547976100800631
-2.7516114637219884,-0.31499368793130406
-0.5463351255067577,1.0869185732333473
-1.5324190100983572,2.917161146221742
0.895260057525033,0.529527706463411
3.3872840406953717,-1.197769876496557
-0.9521569367546765,3.23125352350207
-1.1318144413061129,0.8351522608362829
-0.661648712932586,3.03798030856216
2.8253201140040365,2.450851935617789
-0.7219676441841938,0.7152737448593492
-2.8635278110073688,2.79826328569021
0.6978290397249466,2.8841234397933824
0.8139813697131438,2.519281280146567
-3.072560126249356,-0.43763916181368834
1.1473998608127183,-1.455758664622464
1.688745035403025,0.6875968981801118
3.1270760071926262,-3.56474139794461
-0.8475395824518569,-2.646164698127113
0.9406730259003259,0.4456850544226741
0.7905649092163762,3.076402846794569
1.4700857554664772,-2.568853843112205
0.5358991851144524,0.7464309480040592
-2.6248438228510866,-2.592754143381479
-2.090054623650828,-1.1318072889350472
0.7418639505276732,2.743494886999212
1.5054878792670032,2.3755980775916568
2.4979937008106914,2.238612265914623
0.8298411303948549,3.167237235673072
0.6942992860132027,2.37840973123909
1.186768701330491,1.152007188382324
3.425217131526554,-0.9213914591351562
2.636690705768573,-1.0985580514104456
0.49981607634564806,1.2179309347998117
3.1948376666615244,-1.52677499057228
-0.7838739738111736,-0.8851826395843027
-2.85204401703418,3.2155205509176557
-3.267333462383866,1.1557925877446473
1.705851767121338,-1.3623107756900956
-1.489822792308694,1.7442497806958255
-1.1253274373222102,2.0316155671025737
2.424007144901021,0.7356518633059672
-2.75411998650663,2.3743911091334446
2.370715814691086,-0.5111765530741359
3.1787531817913397,0.6695910423870463
-0.8012783320596463,-0.7034012519708398
3.0829717644805723,1.207739752087926
2.76568268963224,-2.342831630596362
0.3180286591613615,2.527666765328537
-1.7905013779888777,3.2139910378964776
-0.8926965919069751,1.427308883376221
-3.031391064609448,2.613750957155631
-0.6490375358357556,-2.381281884679198
1.1190617552360398,1.5216667073845869
-1.221353052845621,1.0753629557256088
-3.14710288516026,0.6837508322377194
1.3405528079896887,-2.678482487021606
0.9494193668166193,-1.0767186815469652
-2.0016375250078506,1.8049640630325696
1.5471556886751938,-1.6704587110793232
2.9777740051317187,0.8626297483280306
2.8440594532691597,1.870303286499924
0.7166937971251625,-0.21342647604027845
-1.552653502845793,-0.6150125214828855
1.339930461019241,-0.08782821487054773
2.916627771074124,2.308551587805077
-0.11181860212167122,1.1228125746411237
-0.9837322758241511,-2.623983543910171
-0.3017193933326554,1.1572839853453964
2.887890517784486,-2.7926880732179216
-0.9614949289312412,2.8119339419166547
-1.3390689145863657,-1.12937696751985
2.86169074096002,-0.6989478211756237
0.6212246997276462,-0.640303107497564
-1.5260936836449255,2.596921774889797
-2.4458613332502037,-1.8688547104822506
-1.8706259617124277,0.38906057364952157
-0.9949437667635641,-0.679743219954044
3.08907630916399,0.5143321521465949
-1.423612250073033,1.6635152981468984
3.435135777707656,1.3860724284334478
-1.235344243367271,0.8799002348766617
2.9763119184186015,0.673532251838239
-2.7577446618679287,-2.370201207820171
1.6141921131302406,-3.1149634604314556
2.7956851226254873,-0.5691873057792437
2.7104144126681735,2.384693290971388
0.8762021459980253,3.067709889403043
2.7915083230252633,-0.9633732251507275
3.6617692046828076,-2.538209791338253
2.4114308484072775,2.7357261204920875
3.187930529925024,1.122278882110128
-2.557392417803979,-2.755255037195902
-1.0824503670444168,-2.4820781772518377
2.265555579399837,-2.913418113305205
-2.7793139756104477,-0.7987656308200565
2.7920581039609993,-1.4321265368726388
2.2726412025571006,3.0908175626540655
0.6834657253995265,-0.9964728036214464
-2.967144099115964,0.9702995187747483
1.4573420023338948,1.359982048663167
2.413104682727785,1.0471459735367357
1.127333754005704,3.1441620151559855
2.768128219093933,-0.7235759760452312
2.906852024249394,0.583988435612876
1.1272901041852097,-2.3367353946185183
0.7959491549260589,-3.169482096359176
-2.685393521211832,1.2789334330779392
2.6214489542766772,-3.0859460386988924
2.5570149034233043,2.8260333904143597
0.6035278315582032,1.1466185506454525
-0.8302590683555084,-0.7897153901749716
-2.4433067487841282,-0.36055051302461283
-0.5965098690043428,0.8279078386161001
-1.0473055636790654,-2.416607749040743
1.9919417220342739,-2.9323408846327412
2.3841902220530296,-0.846267076781577
-0.9713478529934305,2.692074298681603
2.361100288744921,3.2996977776530527
-3.05749690382461,1.3323898140059887
-0.44686720922494655,2.82957062781204
0.30126646759432074,2.9439320305050067
0.9193529337320192,-0.880301222050772
-3.1432665354341425,2.5431039708900745
-0.5456645414919578,0.9091158815714748
-3.0131358064706077,1.1085421017743613
1.362818897719586,-1.2725047289435438
0.8540307630131769,-1.432448576323613
-0.6512892343055396,-2.215227257175947
0.8905959829346,-0.9071448303887256
-0.8920254767097412,-0.696236740772409
0.748924566378142,-0.8754640992324444
-3.13151286991154,-0.32397970647645313
-0.6113071781037496,-0.6978641002145528
0.7232619421701099,-2.995343698946233
0.30412930945243294,3.040251207376175
-0.11895760357763993,-0.5979236379064102
0.9117938024365981,2.6730958660837114
2.970816989745911,0.7748371587485038
-2.748608359624104,-2.8802809423085876
-2.0858219750469003,-2.781883450218935
0.9882175927090239,0.46821438623194345
-1.5633675230992263,0.9826612471480928
1.0669015461897866,-2.758821191415811
0.7883796812548699,-1.5143363596011146
0.45517224995657857,2.434195623105731
-2.7880746044582687,-2.7594111230235043
-2.3713122593166713,0.9960240423203095
2.5262186871295373,1.1025589000671239
1.1892049341023831,-0.9989804331116108
0.6690016313630339,0.6869516883764631
-3.00603240259946,-0.8569538918298624
-2.6867837514612205,2.9149433000090035
1.2378836183950173,-3.272922820603672
2.836733970669411,0.31937985010179015
0.6435925029156503,2.989745508345243
0.6673165346623852,2.070425851987947
-3.292322795990328,-0.7128907657511142
-2.5278378530066523,1.0543022897896333
-1.458033861169069,-0.23227443256433278
2.5738694455207707,0.403730132616209
0.7674671228546323,2.826117390441886
-2.856766819667047,-1.0171720075398072
0.5790978117422955,1.538942047284678
0.6447474470579561,1.139875188028775
3.2388690946220664,-2.881460433055635
3.046399788638743,0.1800857891909919
-1.1745644574252536,-0.8024439215999533
-2.8617040377104086,2.4532864536776926
2.515765004669002,2.8205195728793013
-0.8529679948200799,-3.071382909826204
0.17326317516047066,1.1021325863544997
-2.4897748204650796,-1.08271437305347
2.6587415540380297,-1.012570780017525
-0.9013672040600361,2.450845008415717
0.7207376261308619,2.284340360843563
-2.57668437037003,2.8468297359517862
-2.3762213662884375,-2.625865011897911
3.3494917463445892,-2.827767551517955
0.6364644401486089,1.2032631869226795
2.81593770764238,0.6036352331304892
0.38248405938974644,2.1882553381724335
-3.1094835763067934,0.9998918658944989
-1.3023635257630124,2.7732138815872607
3.2709316309328873,0.9598806510968784
2.7032301089680644,0.3423747010571303
1.4126580272446743,1.1395884079364975
0.5064717782521994,-2.764992782041422
1.4469048632064718,2.934766757707403
1.293401932093817,-1.2843637040889637
-1.1890759998074918,-3.125121251314493
-2.437703491763744,3.370742952473171
-0.4870254571858881,0.43433900819882754
-2.2124557101494737,2.794840657397206
1.056198228946047,-0.7235045583523937
2.7702714720219377,-3.5742586963527274
1.3413108855563374,-2.169096534938819
0.9218890725637089,0.4727039449160318
-0.4977988472681728,3.0780414847073745
2.581304872352762,-3.23261062342223
0.8447558399227542,-1.3327333264226617
3.6292565546020215,-1.0283400954996584
1.4782499006638723,0.8226826586117546
-1.1121904227080088,-2.7701528287179666
-1.7256093036225224,2.861088544598235
2.543095069065087,2.198088519767221
1.1190431912033187,-2.24608131219485
1.304570862797723,1.3802329368480066
1.0268531154762337,-2.9080842943625878
-0.8998019908813955,0.8981317837624715
2.803213682691272,1.069822322776349
1.3305790627186973,0.8929852138979595
-1.969094172634069,1.113215770098418
0.8032819552672654,-2.7049047646221096
-3.3302906430110233,2.9021547197043835
-0.36708400218098364,-0.1636618529673427
0.9645348885745062,3.388599864084998
-2.411811619969015,-0.9128730872562097
-3.00897990330697,2.386406443970437
1.3366166527518673,0.9192967600812916
2.0860898753971626,-3.0795678015751746
3.2691561102522506,1.1055227398843503
-0.7405897487602356,-0.37233623741698074
-1.1913953477424677,-3.2878953955023036
-1.184462676441248,2.509528532451053
-1.1966006262609867,3.0910704276512453
-2.704871013711077,2.6245384804998584
-3.0859602442369165,2.0491652818650508
-0.789084408037671,0.9060753153291158
2.839571341590803,-2.8414083014672578
-2.244257136430944,-0.7718672273073277
2.8445263259044107,-2.544557167397442
-2.737933864580292,2.8273819964771887
-2.7058235357491776,-2.7488937658948007
-0.5970506488838998,0.42106919239309837
3.1493052664265315,1.705735373830351
-1.2539584680698932,-0.9801705922600026
-2.9369505201393182,-1.9024913051723464
2.664540954776808,2.4849360010685158
3.0735054915966455,3.1367136010903445
-1.4835244318581113,2.5999060203139757
1.1123328741574448,0.5063651511664116
0.8588851302382493,-0.45571214439316904
-2.402245316254222,-1.4853714480779776
1.1286266128894662,0.2879806641792248
1.0759137197849735,-2.2354635556825917
-3.235590389622217,-1.5674837376159372
0.889532740733764,1.0459552971188892
0.9505448093714485,0.9952955070657118
-2.700749385437158,1.1218193935620047
0.6350680196450296,2.077222899817796
3.644754055266911,1.1797074440802613
2.501799570193036,2.399611161346766
-0.6808339517823094,-2.1222218368172463
-3.3656598286228334,-0.825392416139964
0.6316940606679875,-2.6274338468359018
-2.531825903503425,0.6665753667009662
-0.5734331770109677,3.274013095547457
-1.5523817625274359,-2.2700533464888344
1.4089417703254221,1.3952049412629055
0.7503902747132069,-2.9309942859557343
1.064677947600361,-2.978438946743152
1.1639757185617456,1.0006095299146238
0.928646423507194,-0.8778770262240871
-1.3597559375494939,-0.7917080513102767
-2.534198398439425,3.569359801020624
-2.896102290184163,-2.2690316599512967
1.35557078847387,-3.1851373262776095
2.6162726429522376,0.9233276397443133
2.170733879940763,-3.7807122166835874
2.3923421503625875,2.0356120457244233
-0.621890027256312,1.4711001450902634
-2.926168136477251,2.9336573335127847
2.0124706397171055,2.3421757657631495
-3.0170670953844967,-0.8643941455845695
3.5028951956254777,-2.710199391045735
3.18098782483845,-1.623039454937257
3.174319177986665,0.6511630624476078
-1.280280646284793,1.1850475944468588
-1.2019959379493586,0.4419945392858423
0.8313689577788276,-1.1338842096522017
3.22883975135966,-0.6971679627391101
2.25558753379886,-2.31526676904305
1.8184666341485805,-3.8464262575584196
2.8760717091880337,-2.645470337348275
-0.5551738728440775,-2.3608180135757477
2.1610918538366453,2.6563555332897546
1.3983693755654791,-3.1358522250967034
-0.841421694857453,2.185157522396134
2.7992535908736307,-2.377781506844659
2.638043610383071,-1.0708170556707552
1.2073698809099058,1.0545943152325956
3.4115508410039244,-4.02431154026422
2.447118243184511,2.7595061579128792
3.3941122185624337,0.9581009984549547
-1.254411828582991,1.475811309992882
1.275122101089258,-2.642152358185182
1.2891023981435177,-1.1638082454928755
-2.5167938266746677,0.30037027525078674
0.965253692004745,0.5442126951052157
0.5861491618771737,0.65654278635567
-0.9056550047429044,2.935322345251331
2.292208846588711,1.383009375469194
-1.1992968008966418,0.9337885378891195
0.5732026629107898,2.219212664656739
2.9598170688200054,2.992629630299809
1.5649621684184118,-1.405223561426761
-3.5935924629444913,2.198780036585545
-2.5112098104926965,2.697001876793923
-0.6182487864980697,-2.7376083450736513
-1.5643073380748458,2.379206412130587
-0.77192384290812,-0.6539127664671192
0.9099692566072913,-3.0224176985987814
3.512499370755787,-2.408662859921769
-0.6214034082285829,-0.6707730076236024
1.4270384159372895,-0.6021392196053733
0.8620634412678675,2.3499090524517197
-3.06586923182312,3.351106400720226
2.174235439225202,-3.048960989232784
2.922236307018126,-2.969462138972708
3.0220733641146933,2.815270496106472
-0.5439613134069783,-2.2435080312500766
-0.8733044442652115,-0.9880302167898852
1.4326842082946938,-0.007414351006007533
0.7614594769574023,-3.0491036299831373
0.9796861279233647,2.6342528099108895
1.4865150840220789,-0.471376484973786
-2.8808713376814836,-2.897685381871391
0.7138819393478447,2.161751102439697
2.5917794845420454,-3.5754415839577316
-2.4786050405185485,-0.23687214284561176
-2.4895444066559027,-2.654454305178651
-2.60856895896546,3.0197943291021834
-1.0007500902675042,3.19312229359541
-1.0889957067904288,2.6696884902569478
2.965436745444675,-3.0776807285834953
0.8974530450444927,2.326438082055704
0.7013392593462802,-1.799139126751902
0.8134239940440372,2.7681367534621275
-0.7551278289240051,-0.6874713556225296
3.237303296610174,1.223611927481573
-2.519003973122112,-2.455737249586378
-2.7660352519827303,0.9157944741157481
-1.4703378067562856,2.953597330594442
-1.3084628467560715,3.0181586107438627
-2.7954098639153098,2.8527322166141476
1.1943882157426156,0.4449197528983046
0.9266509786119616,0.764410863933336
1.5040326084650257,-0.8439004714166323
2.7387208952367654,1.0933123700674954
-0.880793444680212,-2.696033851495066
2.878106216795744,-0.9153349198332795
-2.6042984263496027,1.3470977901075738
-1.228840966725976,-2.851871236275927
3.491340021259049,-2.721999886559461
2.284203691702219,-2.6968402783379255
2.945025051419167,2.4244118426265056
-2.9873800353560167,1.438489760524075
-2.8007325646510655,0.849775205233402
0.7410941289925624,-2.570873556888719
2.638859386217103,-0.3209277769827199
-0.7500612219282754,-2.396393839622134
2.8286636821421522,0.9076769181179344
-1.1129689154425935,1.4324275520649217
-1.0873277868884306,0.29148767082717764
2.531628156376812,2.5236618661981916
3.0899163543194206,3.2606740642173513
1.1751261895915237,-2.5079681803245486
2.857568699541421,-0.7825362822416456
-3.1572548251309485,-1.1840933225520165
1.9541490339386784,2.817020740023987
3.0674121641732,0.6654110860218031
-0.9715327216671386,-2.576469667955909
2.6261554957966844,2.901115294592214
1.4728026654603736,1.3492282683001202
1.2372786917873186,-1.259191648001393
0.9247166366020537,1.5732155098586527
1.0057602675417936,3.3912839360003035
2.922250639717138,-3.024082661861291
-1.2265207461605832,-1.0240816731576685
3.2677327600999253,-3.357920785303032
-1.365356597217944,-2.6875914180509053
1.1791673957507023,0.501825930271819
2.5366509240001256,2.787591325128953
-2.606902776352804,-0.4585772945587347
1.363899159080308,3.1675269422871106
-2.9358809990308714,-0.9128877514317294
3.09470264924378,2.5854488141138248
-2.4361485845323334,-1.713547002421465
1.2827376220246482,-1.249852277164668
-1.18654007582422,1.2750306432228846
-2.639845693996124,-3.506263579989026
2.1551363184951717,2.1399464608051373
-2.6248138027730072,1.242112868842307
1.2582659920995165,-0.6922412110754371
3.2205183763925196,1.7510498077506884
3.090044080156719,2.6925123367626442
-0.7132548787041575,-1.0478033195017358
-1.7623634572541789,3.5646648261097416
0.4142112424444822,-3.235703978675381
-0.4560616927858044,-3.1031444352043858
2.3367581321756408,1.0564594101491824
1.1085477845757066,-0.36476598032642843
-2.8041752237302178,1.5998047336277426
1.2067019993450092,-1.1541767988823979
2.9122528592892647,2.1129796590146968
0.5765173991082484,1.1857725385851179
-2.1197724731258436,0.8023651062803729
2.6937486406143822,-1.526702406644901
-0.9387051509495945,3.3327590120859423
1.3484844843107162,-0.7746125174162654
2.399048409034028,2.7830175478899135
-0.5782923350553755,-2.7889433435107653
3.1678133126947334,-1.3341567522019504
-2.6494220748896185,-2.208806205130942
2.715070076824183,-3.295745537993883
-2.6017543098490914,1.5646259844969375
-1.737737013584733,3.0003576978971638
0.8608012158675244,-2.5907872756904125
-2.8561026853468308,0.7438993717752849
3.0137855605002337,3.4217598142023196
3.028855604377534,1.0630922868236978
1.159653526755341,-2.875277454961473
0.798614811878798,-2.5041968850120213
-3.0188180720962823,3.2792121208511493
-1.3825576734868203,-0.551261764109229
-2.554907654928896,0.945605971436727
2.113197877254199,2.139209473057328
-2.9075691497580496,2.7075132506885162
3.4243524391454234,-3.0635345321948737
-0.7533100447307186,2.933617094383599
1.4994106266069633,-2.288713405720857
-2.6522962638630796,-1.5923743921500015
-2.8607955623207055,1.6027376719559205
-3.1602712338342243,0.822360111237366
2.968133144648703,-2.8791751926738294
-0.5522635673407674,-1.5285863017246482
-1.1057416483132736,-1.1278999830036602
-2.705200082718763,1.3738197788455588
2.5826981755922964,-2.928185585854068
-1.9344687510563765,-2.7635759727389915
3.3961435011518484,-0.9568531516990523
-2.068787059857271,1.005467676921579
1.1014727238980924,-0.20955366204037731
2.5582508857969697,1.9472407021222036
1.3861689933431285,-1.4985611093658344
0.887756289167872,-2.9023820475676425
-2.7187705363796497,-2.0015277166925856
-1.31230891831222,3.095287084810774
-1.139459418539418,-0.9555203331924229
3.1397306297566154,-3.3995212083672537
0.9654996234415282,-2.8265942761402036
-3.328668686932122,1.411377846357704
3.287892927976515,1.5357302269952775
3.07147939927008,0.08277091384115637
1.0061477733225628,-0.062238464115457776
1.0272538075858764,2.9475529387488786
0.8568227551932593,-3.2887722688082746
-1.2444082630899953,3.131050175311673
3.0367875149665253,2.10807056192057
2.7853845495480742,0.8899824627854164
2.8030389442717287,0.9960586202837408
-2.600211326044425,2.097703630009694
-1.5131295032158618,2.584570412102232
-1.087194980073961,3.103718854138127
-0.9578783817473635,-0.5977877294812988
2.755410199006314,0.833008241036928
-3.0775496904771074,-2.824035730764003
1.275385211166034,-2.4968523077037723
0.9475941388000003,1.5490060489248547
-1.295795205113987,-1.0339819713425622
0.9199274133805353,2.359876049719882
-1.3255600009137376,-0.5247996271083967
-2.9614723382132504,1.4598112069302227
-0.7312826015292178,-0.7554315382799247
1.0411174557616782,0.5293159434304925
-2.932316996522148,-2.0945599137288586
-0.9100553972989766,-2.5596643498995095
0.19248106910881488,2.214331955344101
-2.923416083394807,1.3850852370647375
2.9251530439831055,2.638616251739891
3.181647071277513,2.793221150607081
3.3348667985444185,1.8593661067022547
0.6182511306998125,0.4455639166992779
-2.681650265126862,0.9493046402501449
3.5801026640847984,-2.054353655973935
0.9049640915785616,2.915600730247574
3.3783756155408664,0.9166248275893877
2.645548176963394,-2.6662603180850275
-0.36497749842138444,-2.7447712043934818
-1.4184138251487761,2.8277797744099664
0.6276083867329274,2.480949871094494
-2.9381112916043888,-3.159632461787726
-0.6779038250741949,0.9816634434789473
2.996586090565347,3.1591592076192003
1.0518563899280349,1.0203746564019514
-2.7850705909022793,-2.6394318531009398
0.3638434488756748,-1.3629956408821702
3.2098187681825245,1.5805493230050238
-2.382172599307865,-0.7104518781800375
-0.810344006245091,-3.243839029978505
-2.6500571403077653,-2.767816331249533
-0.996049171333813,2.886517512605928
-2.1805424435444047,2.855955487768318
-0.8108740952594338,-2.277149404835718
-2.482929930054919,-2.941785418526646
2.775157455289472,2.8012614034814223
-2.2414694976443066,1.404339297335878
3.1239388524108413,-0.6044307252739132
-0.9539583221017371,-1.121089200513153
2.525321480773721,3.1533721526807508
-1.181362620141347,-2.6131053435474088
0.9088399882891933,2.7860396468188684
-0.9766409328412895,-0.931443817337956
3.0923731692953043,-0.8957025477353195
2.917860482994198,1.5517424081436972
1.1765564950033176,0.6852517228575308
2.941178771609618,1.09702988692508
-3.1552204828791206,1.8786913868507311
3.233019565876687,2.7622855024341515
-1.0737977933313028,-2.34559382749635
-3.2452671114608194,-0.2537015187200645
0.656149654633373,-1.3282372856633844
-2.8252015556916246,1.2707480931873953
-2.5509002415284625,-2.1144258350884537
0.5208005943820427,-1.0500295947855642
-1.0684701138716421,2.8678115888077205
-0.9966826358975083,-2.589250370056273
-1.1105739323728991,-0.4528549652251524
1.3330951808119909,-3.1923974686024104
2.755968121408066,-1.818340037586259
-0.9520133326092489,-0.9334516014276522
3.3184297232182214,3.030420191786327
2.2008191744395025,0.9225600629341199
-1.4829079606374724,2.8116145875177607
2.8903023495396,0.47692061509984274
-1.247770657724515,-2.67613902141391
-2.617260037392289,1.0314645557683184
1.0913528468729488,-2.7017629783606765
-1.4385984625271029,0.7187207028260021
3.4558302629699256,-0.9469244550878859
-1.3745016791758107,-3.5265176183869946
1.405551175890978,-2.4241284325747885
1.2641502825245876,-2.8130348900811097
1.0971917171541734,-2.941344763062758
-0.9205104895321515,-3.2534342407776706
-2.3459900282349473,0.7685697616692414
-2.3230045563712776,-3.348494510802293
-2.5872509399440577,1.1553076266602573
-0.5954509432500701,-2.9178560718623126
-1.0151144531078997,1.1051784686947872
-2.590426754445229,3.2874402684861597
-1.8057525832902248,-2.8586733882472486
-1.0811367019410514,2.282378607018671
0.46182591783016036,0.45249759093894804
0.8767192311328863,-1.4235932935680977
-2.4845245592038006,-1.0673997359755059
1.4984473821897646,-1.5531713674470435
2.4036447912737993,0.9656980800764653
3.495112766751732,-2.5159809686457195
2.7643269530984194,0.6417990526682312
0.7371137428768204,1.463983439856794
-0.15487305291902118,-2.577338549764832
2.1597855367380094,2.6212801002973647
-3.324089228392837,2.4122098631091995
0.9537933953150545,-2.972896127157937
-2.93623705050916,-0.32984242714217993
2.741123783846136,-2.466518045549112
-2.193923141521816,-3.1436014081077057
-0.8325058762829745,2.2088738428457875
0.795353336411105,1.1304645126048427
3.340992125667838,0.3794377473581423
0.7579213609781736,1.267476133432907
-2.2629006299341126,-2.6525605103384113
-0.9704357553199252,0.919799251475584
0.584287155854173,-3.4731385148588023
0.7924288609642366,3.0317457756261232
0.4402143069531979,-1.0189270426344779
3.4248400141668216,-1.5177574406050378
2.1352938656638223,0.5072521150059565
-2.4089843370893806,-2.7661493478015546
-2.443438400648243,-0.9801730392654896
2.5166119137230893,0.750703527613621
2.7963252969738597,-1.2142053083339097
-1.3036247367423253,0.42262383314679475
-3.040264838071188,-2.4119801897822826
-2.4984153091289083,-0.9904446788089614
2.960760771345821,-2.5732796143219816
-0.5892823340464458,0.6724849464737737
-3.1279029879802667,3.58050264861266
0.9079969576069793,1.1156941282912842
0.7351594360019804,2.429954443558725
0.7956768294307841,0.8679750447035259
1.3740505158601612,-0.8371513855896513
-1.890854687165732,1.0762912598894054
-2.306908983630126,-2.512710595657416
-1.224463372882747,0.6399457043028475
3.3411725342272174,1.1452467028733586
1.513601908579476,0.2707468051998827
3.153998317207074,1.0630607378202777
2.3968745307707198,0.25640172133843614
3.2338942063474607,-2.59214455360032
2.617233289339201,-1.1726199263360466
-2.9919964816538904,1.412456089469175
0.8956605549996556,0.4537692235099239
1.6330274536881217,-2.5286161715919953
-1.04809213663036,-2.1756754207904607
-3.0893669849886582,1.4329744290207491
-2.4161081484847537,1.119661800844629
2.57991778774103,-2.787413271353213
3.1991835552453933,0.8241908591500847
-1.3546634953200192,-1.0760419085480113
-2.473585132131156,3.087610371095224
2.4302243313013236,-0.662877521473681
-0.7133293966619304,1.0726229236460563
-2.4582613053185125,-0.8755306304735093
3.123847925130568,-1.0946660058752702
0.7080986137215544,-0.5624525105756164
0.827849698945767,2.5097134707399076
-1.074000509044462,-0.08156631975120887
2.8299018677024246,-1.0819320497136564
-0.8598952445081827,2.797526892520457
-0.90622347998474,-2.697924164680921
-2.887251771210516,0.6198946322014381
0.49881071990257303,3.0418988479743563
-2.777304288816126,-3.2023042602914376
-1.251543498197702,-0.5810607166074047
-2.167583833625322,-2.9147085541597355
0.7176702608427619,-1.2437194937044553
2.9549988629287887,-0.804284106919365
0.5114797727701286,2.6026906066773483
-0.6692828290201079,-0.7075137315170393
2.729895966019329,3.2136441859862788
-0.8136822400183519,-2.749892977728953
2.4250533853087353,0.7746503366411259
-1.0079985508078204,-0.1803381937742852
0.7539539618353436,-3.0656892483888027
3.5145877943372366,-0.5955601525557573
-1.101670258508718,2.281553259473379
3.5749053531932855,0.9436787742006458
-1.4129399479590343,-3.3731782938902852
-3.1366759551223606,3.045437669570674
-0.7768465327802396,0.42502890626515194
0.6427177382001988,-2.7262362630754002
-2.8871590918815957,-3.0260056673194966
3.0885936642932625,-3.1750190714604165
-0.611147590467942,2.5534457112779156
0.8542275955894805,-1.1049063253173694
-0.572299306590842,3.0749009468600725
0.9876991701371488,-0.8852804219457812
0.9684953989656203,1.0197763253414545
-1.5697873213743772,-2.642613374711685
-1.3246119570143922,-2.7448211685337554
2.6551270182103437,2.484265685171974
1.2642189814777258,1.3658965166311103
-0.5605265779550673,0.8966555543829435
1.3920942686972293,-3.0882248706692335
2.4557648765486255,-3.0701186243775997
-2.7074021438887765,-0.2358699593913946
-1.1112379371818941,1.128929143195703
-3.299808279351705,-0.6527278173482453
-0.7753265486429681,0.9918892357400372
1.5178959143264685,2.3403224188487908
0.7279633589128697,-3.1881483656016547
1.0848317951172382,-2.7195058322237005
2.707996265325792,-1.1654287430678738
0.7529531586566144,0.76000545527433
-1.7119131225124167,2.907991400507798
-0.0952275782776754,-3.3825685028478207
2.9500753853984247,2.5546385729757266
-2.197144071404112,-0.5405727197843427
2.7281881464265916,0.15960452532899855
-0.8780309965857225,2.9507661661449656
0.39996681225741637,0.5366081502632267
-1.4470005953690697,2.322048928524736
2.551983593309508,-0.6381673080745499
1.0600626559382944,-3.4272085644993933
-1.3581793398685233,-0.7935641265312832
1.1363758417177707,2.949233113226451
3.1183955744832463,-0.6250921912080131
-0.14076542803652484,-3.213816919582144
1.163221808143551,2.710077049830307
-2.7219006623125646,-0.48000202468788683
-0.3701459061784653,-2.613586915505861
2.028367895018196,0.717408692899047
-2.505435549808043,-0.8163851058558325
-2.8374081867080774,-3.2891134921864267
-0.5592711990676014,0.7558580318725544
0.4143692488426185,1.1913704521265072
-2.4565961858924563,-1.0815640459815519
0.4448416832300117,1.0856479781038566
-2.6489911393570775,-2.6172784214185234
2.032505179880382,2.76091419956107
-2.70546386570195,-2.729910112337977
3.2950029726266847,-3.2284403694635047
-2.766466659245544,-3.188893172939181
-0.7452089893221961,2.568062332888447
2.96573227645756,-0.15388941385591737
1.0355194152341278,0.03909080419729347
-2.5320606516917707,1.5955641240698373
-2.7781311777434925,2.7705126729680227
-2.4547878334677264,2.045088707887369
-2.355038718223807,-0.8696523796360389
2.981003760816338,0.6632112768107628
0.8914406767899651,-2.867474138530727
2.9616945766538136,-2.6697002679118462
2.44070205096916,-2.5934577957581566
2.7527428767247777,0.32409244385769803
-2.894980195057137,-0.6286126630678637
2.344724007649479,-1.610439259187582
-1.1486403721492686,-2.392487841089276
2.788230018125455,2.229285440309613
-1.4301279485503349,2.994466559612874
-2.488362717634682,-0.27682152883265376
2.8012772952563125,-1.6903913253494158
0.9586652143680058,-0.27318613607856007
0.942389521350187,-2.995636006048899
2.6076722589669887,2.9433889254773606
-2.7196115234051774,-1.0336761209030167
2.9257956319329805,0.40763053943112215
-2.7887094855760486,1.3550284072697198
2.374002646781889,2.627881889556747
-3.3951609949779558,3.2966994323804677
1.2336815858789172,-3.001212014709365
-1.6977878222874134,2.9185958773401457
-1.2464937814291308,2.601763207000555
0.663215545894011,2.3661223715913895
-0.9769056015622596,2.23027303778138
-0.8806735523118916,2.355415347240827
2.9911488086388442,1.0348701966279912
1.0609906768299524,-3.108599612255328
1.2622401606239313,-2.578343092977535
2.6230234766591023,2.4856994207444445
2.9684171775404873,1.4491810430849694
-2.6694812803367673,0.7382004054445711
-3.20930648276027,2.7987572622267853
-0.47560894865260595,-3.348173808653634
2.962685175752846,0.5246119950519978
-3.1961627808339492,-0.7070302349350829
-1.4885590436691094,1.4997922651182682
-3.1276567376083886,0.9921818648559965
1.7097753210186268,-1.1475700308399364
-0.782328442177026,-2.333443273962435
-1.3613420013590565,0.5650054292575086
3.1809385584692373,-0.4503238838078706
2.848820670028371,-2.475740198272578
1.5481146907072618,2.947080752569286
2.087292597413803,2.3445455510648134
0.7976009790591047,3.1311747119261657
-3.2387081800160344,-2.4766572284513666
-0.6689460342402814,-0.526627888455659
-1.4794651713333453,0.8590427610583354
3.5598896270286597,1.2138916324039204
1.4405900507348126,-0.4240302125124194
-2.443203345161009,-2.7460411231970707
1.2229364121979431,-0.33158717716071084
-3.0967457983250517,1.03877333828989
-2.884650547337775,1.452919430922053
0.9226571270487338,-2.697058161337166
1.4393002029525757,-1.258684368770394
2.67461631637095,1.1986372386923856
3.2099907595531647,-2.9840759591334027
-0.9704739865520411,-0.8906778118538042
0.7546722147733429,1.1431521789669608
-0.8047205344440795,1.0727287244736783
3.510169655355466,-2.7041727667201503
-0.3801224354098845,-1.053493106256093
0.5466802817797203,-1.1136609906760833
2.9522004790871006,-3.1830304521146195
-0.6812796777534741,1.1747382114449747
1.4036630320699865,-0.8350267022130455
-3.0762092881275582,-3.0862374200661757
2.223336892504012,-2.9112671259901237
-2.4012702238751276,-0.6658307533501769
-2.4376926958729075,2.8156013874349726
3.0282631576950467,-3.3640678279201386
2.981510290421143,1.2960543808501686
-2.7555805180287845,-0.5915406840820855
2.9804588251431605,0.7437067395808695
0.9163169455310336,-1.3104542237056271
3.020903723572312,-0.5575523356369904
-2.9002274562355965,-1.2806311046911902
0.681006783739177,2.6071281475018284
-0.737244901999303,-2.461706266224487
-1.4794722614421512,-1.1990676894884065
0.8562230843642105,0.9900102365878437
-3.296035577533555,-3.153888358155983
0.7620609432888901,-1.1190207754459822
-2.888304887816202,-1.0684974233907667
3.1007922577248577,-0.7808429980549533
1.1085904506878732,-2.872110652929142
-1.0106565845479565,-1.2030893671617224
-2.8881410551199296,-2.9022247597580066
3.0267944094470915,2.0443642761058682
-1.7994092883978514,2.6348227727716824
-2.4768763539139598,3.0460752911467646
2.3170817479490693,1.0533270498108545
-3.2178284641050787,0.7357655233905025
3.1816776668734046,-3.0376584605124073
-0.4369266512390837,-1.3347879839396117
-2.7424956037978006,0.7693232153497801
0.5136010069363642,0.3141822079744307
3.233259301618788,-1.3462174398992017
2.6539601534906567,-2.97496070633873
-1.1211016807197718,-1.7067228880262726
0.3452165517510385,3.2563005591401533
-2.523832606966539,-1.1188708345180736
1.064728180384454,2.8669831743702776
-2.5003990072986935,1.978727578592608
-2.2714724891922615,1.3388594787003611
3.2559973642241054,-3.719362646336751
2.96554144177488,-1.071738342049211
3.1547737490588497,-3.2085759917488277
2.906293192823464,2.228181396553276
0.9812213026280535,-1.3481092659768676
2.7882246083857916,0.42881551034604587
-0.9423817750588478,4.026927986569448
-0.9199728632022373,-3.147194132260123
-2.3871416624625037,-3.6878637647902273
1.6049718911122566,-1.1249431968524195
0.8749155514743664,-3.010602658872866
-2.713700343973992,0.31582886487600564
-3.0664890199713386,3.5513854852559636
-2.227174994913292,-2.768700597614443
3.329511567641219,-2.975836137405445
-3.0776637908828364,1.8815322875455318
-2.5351545481188236,-0.13897053873466167
-2.5862342788253874,-1.212778829925754
-1.982054104931483,3.3181626163805373
2.7075955169787735,-3.505968744433664
0.6684916757983751,3.213994063994745
2.6072667344577125,-1.3861975460101132
0.31832191008510075,0.3040165310614333
0.682715083618026,-1.1092830073402717
2.766738697367908,2.372950983795223
-1.1534103766867876,-2.552873920520179
-2.914998131692397,-1.1259369972918651
0.14104865807393588,3.238185542288905
0.956260938650293,-3.107242512110159
0.6081699823908403,-1.181135601750134
2.3866884409823372,-1.4187454920191456
-1.2797967327474127,-3.0281882321932465
-2.424291544263907,-0.39923731076128494
0.6202641894437448,2.811050720100735
2.7880097491335896,0.7808517628737803
-2.973550714155412,1.793964912398093
0.4666988484845064,3.0603064292144
2.2648353828913748,2.3869844515428977
-2.866876537829267,-1.2646554207059257
-2.380629734209637,-0.7440687508682561
2.970285410329869,-2.5117716496704845
1.030187777154947,0.40856802202375014
0.7068746450957509,-0.5045388092505321
1.237208451967217,-3.242680350172568
-0.7373195233290204,2.79608062583203
-0.680791767679363,0.8818068774322799
2.5216571265896017,1.5057866841277228
-2.939778772717017,1.4925099007811522
-2.9658347899214967,1.6459019683551819
-2.7288077973966267,1.1681630643053644
0.793050239913378,-0.7658536881888254
1.364991160811728,-1.0218696847267632
-3.1645172841325273,3.053437933170109
-2.9159199289235533,3.394373311644854
-0.6540924563647516,-3.0617212693154645
-0.49223511685387683,2.6163713234499366
2.42168024012488,-0.7284767606390384
1.2108626140628962,-2.590126744469824
0.14701605434526227,0.872696609751465
1.4010770136119417,-2.819249028839455
2.812393021112163,0.08223011669019627
-2.425380327452558,3.3094173605907025
1.0221951789283583,-0.3935880491794105
1.2134120019149044,-2.3264817364231605
2.3590834651369637,2.796919852401499
-2.999563799441885,-2.5554919100968454
-0.7360592248318573,-2.7945537998932886
1.155431714263666,-2.258635885140464
-3.0333596766468185,-0.9727805029478908
-2.624012463078791,3.006894777658314
1.0167816591315018,-2.687580063422015
-3.1164108396082773,1.042011665630941
3.501200462445651,-2.2348208312400732
-3.160060819682649,-1.2565008124487456
0.8715183787246585,1.331095103566432
2.125858331696439,1.483574335024745
0.7871977200872655,-1.146626023246707
-2.8266379832899227,-0.9486849731193817
-0.9728515232035694,-0.8323726178192242
-1.751011624279667,3.4475787406040235
2.3749618625102227,2.511719716550384
-1.66244060325425,0.8141163224672382
-1.0135124562976485,-0.7995014994200329
2.7432968554681234,-3.0870203254059434
3.160680268238316,-0.744236339228121
-2.5549571392845123,-2.6145285631098085
-3.025356203103439,2.8679218695451962
1.408424231260095,1.2237222187404884
-0.9261354126845762,0.8520445599153637
-2.50985286173589,0.9542132862113741
-1.0089636045757917,-2.800387103811201
2.52728875370078,0.5030683975010557
-3.2230918168669445,3.0984609483543193
1.3820197696773457,3.283440864603035
-3.0667759823998213,-0.9016618854132077
-1.832269514559348,-2.0756358944345057
-3.3333959891948353,-2.9813097122937475
0.7656941426688043,-0.5919366114205961
-1.5156937617068074,-2.4724037027018597
-0.8235320392243924,-3.3076944196597893
-2.720565543235584,2.545197714527577
-2.6675616202859436,0.9939744390432786
0.627311821958807,2.712976811853146
0.9107680131469168,-0.9129330836430769
-1.399619318056823,2.943703864016173
0.9348754105711926,2.4987051490094396
-3.174720030790717,-2.92238708697496
-2.8447773411026915,-2.356262366500971
0.774932204991103,0.8714566907229182
-1.2050249760977765,0.8922125703848756
0.9580723864970785,-3.1132846295095806
2.1035288139236195,0.9020643400586711
-2.8445891340391904,-2.5816001857131163
-0.7453224560343122,-1.1867170939700413
0.570326242242234,0.6233789487898331
-2.78541718749472,2.838608537615579
-2.3309586919641454,0.7644689670214371
-2.4184526546787866,-2.4857146495343523
0.9109197356577787,0.6977659606816822
0.7125093296086253,-1.0853445245418498
3.1436991141279798,-0.5908804437269247
2.659256891568949,0.9836939996485778
3.206822334332414,-0.9201218782705327
0.7423476040699244,-0.6607648888544239
2.4280917597166796,1.4107250451882918
-1.3553810320225532,-0.8659500599022325
0.9451883950394775,-0.7403761526640514
-2.550399208394919,1.9291393497745513
-1.2615874169066064,2.7361624526023234
-3.1388418562979545,-0.8536945341974044
-0.6054496475256947,-1.238609377397315
0.5782836272156918,1.1264016717439151
-0.7637333815880393,-3.5707179244524467
0.5969430507131501,2.6434110759530096
0.6798878141673823,3.3437023802926067
-2.6161648680137835,1.6627559331303723
1.4760751094187172,-1.1907912990963294
-1.1378357937911239,-0.685508638780133
2.666177375907943,-2.8495434239056805
2.7726875586763358,1.191737343698074
3.309021637039467,-0.7301424037681178
1.1871074077234998,-0.763049471925735
2.4582417928686846,0.7388237501070761
-0.8482746936746278,-1.1173283167837067
-1.1932266618279685,-0.824708321258208
-2.836456570875513,3.6479387151861
1.497106213805158,-1.0263056674795827
-1.682715470160682,-0.5232906786045098
-1.3710000995092588,-1.6504255948435242
0.24190864971466444,-2.786071825963888
-2.7269121906825737,-0.33988693978086976
-2.3800558657411774,1.5305364697549586
1.1848368491861998,-1.3325253851854963
-1.4851783786114792,3.291004599513757
-2.8771504662544203,-2.6942967799265483
2.754711181442072,2.6363992730837915
3.2957052913530775,0.7579411235469046
0.9539783219209349,-2.5814554736717685
0.8763572885950153,2.1700849129250632
2.09513991954814,-3.1190891244512575
-1.3295928302211837,-2.738365170747319
3.546675800123105,1.883548289396127
0.654646489481973,2.6777357402042385
-2.733546107784623,-2.8950031885063816
3.1576365901267085,-0.22468469844496572
0.6591764985853071,0.5656324584676005
0.9785989267570457,-0.7074876979752974
-1.0287447934584564,2.6199915881882245
-2.1820902449219792,1.0508646520177227
-1.1323691783203569,-2.9210580511763755
-2.5586753113654863,-1.0722178330479502
-0.9273930034932131,-2.9706026820993534
-0.5554256315234788,-2.915856610773236
3.194648678658855,-1.6906634106490492
1.0457740889892038,0.6985170805329657
-1.3274439515296212,3.114382095776587
0.5514160016982017,2.606099404559024
-1.1137906629291996,-0.9448934801827336
-3.3486510373377865,-0.8363235571741848
-2.8618454726936915,3.4120719531569557
-2.0561863276880556,1.4564397111269698
-1.1716895293371994,1.7161205315027865
-2.4163427663960277,1.0234001749936936
3.2717648510497703,0.1944433792101508
-1.1259781662534625,-0.7851339323441009
2.3611030091849528,2.4758202696017984
2.765369508439928,-0.7139655958295789
-0.655814414251281,-1.3502496678808056
1.1583430107423554,-0.8988734908421836
0.4918712521142593,2.3637777255290615
1.019466886486094,1.5816760259220957
-0.7252602534883721,2.486190261929556
3.06912514643538,-0.9371758584584221
1.3711841832977654,-3.081592228232537
2.775105295758551,-1.2654862742010973
-3.058375892051864,-0.4069934187480557
1.182178874188311,-2.695279914700561
3.4848429410284187,-2.5171321118652243
-3.170338607198393,-0.7249807716416559
3.1905566529386813,-2.4430618015160603
-3.609043958725835,-1.4114529378888852
1.7988939443530194,-2.1963561226130044
3.0167064383026116,3.154596606385385
1.2226099681874487,0.9155405624361443
1.073211231147844,-0.5996134162111454
-2.650062351932925,-3.1188617113877637
0.7967253645202514,-1.0263153967544307
-0.727488826571369,-2.833551250790647
3.069858632318447,1.9836238936917348
-1.2993890871071527,-2.5185574022307455
-1.305311535194397,-2.555757626460181
-2.5515338207007514,-2.3623477229829803
2.461397314725914,1.9507583835208693
2.424560799177661,-2.0582739287942613
-1.258719531769506,-2.53007617615257
1.3658945770676423,-1.4540871962458997
-2.65625116499924,-1.382491212420876
0.8754442423730264,2.6689351548502755
1.139064838263204,-2.6763528519874447
1.1528344336256962,2.5799919464934717
2.520963044168573,0.7139300311758833
3.392229511579692,0.30375134643703133
-1.0737231133053944,2.6557091979916807
-0.7748384248390804,-0.8936217536500902
-2.7590543585682608,-0.6223623514066775
-1.089832673101653,-2.34274335680071
-2.7058980662611876,-2.696950443835972
0.718922271117456,-3.0071001652512876
-3.116678055258041,2.6650005163594144
-2.1469801445065833,-0.5380126715429634
-1.188028789053135,0.9320052741111964
-2.3918261588077674,1.6042090809823797
-2.6466669287557396,-0.3948406017799553
-2.1710861512207265,-0.61339602716579
-3.351096475675103,1.485907495994467
-2.2992193043617095,-2.497421063717905
-2.8077070590022832,2.0796908136962933
2.9333698449670176,2.5572747663140767
-1.5674406354066857,1.1170563408178826
-2.948545102196776,-0.970611037100508
1.3660048471362227,-2.7824666045584845
0.555099826219685,-0.8585234200340479
-2.377627548314161,0.33310892736202347
3.7324507939123532,-2.805074890561174
-1.4977983997743827,0.9402192473364901
2.7392391446648596,2.4136109742421206
-2.707847547218169,-2.8022003726670897
3.05300719225724,-2.861732996519964
-2.9474678746676717,-1.553526838317668
-0.46004968801078006,1.1533835854239103
0.8117190414727375,-1.342959828005644
-2.971616237293359,-1.0145046075738524
1.2195421961408852,-2.830639537162232
-1.2898560038148832,-0.9145990297216863
0.9939417776144321,-0.28550209674613863
0.8371633775204147,2.7745153910211027
0.8398763372378433,3.2189699899893647
2.5690989612694644,2.2132918585737267
0.8717698543947632,-1.1137754825211088
3.200208596315579,0.6560903336678563
2.711543332887468,-0.781724611795381
1.1108877327973117,-1.675594532912383
2.95049028767115,1.2392107240221304
-2.7612617370159933,-3.252404594680361
-2.317924333673175,0.40111030929605707
2.939218345099281,2.991746935285501
0.7177584077479094,2.346766728602915
0.6055016616607096,-1.2425539650375912
-2.4171028550803246,-3.0915970464309726
1.4082568452409974,-1.2422207100852556
2.702952667328262,-0.8021778742529277
-2.61767658358541,-2.923473477260766
-1.2968704980124295,-0.7049622770935551
-1.2850499191148692,1.619203775131089
0.643831458755489,-1.2266738275943287
-1.225968816117851,-0.9666942774578475
2.6865536428249452,1.2277461688911873
-1.5110572249577578,-3.0011557839240504
2.785783832677846,0.43860945047185046
-1.2406058768333719,3.301457320567906
-2.6515769193422654,2.4921439562980496
-2.7469414331664033,1.1300045885581378
-2.2054241860451462,-2.687230066866526
-2.3874791751586466,-0.8773540411017068
-1.9638458376169996,1.6758773106149984
2.8514249445877025,-3.177629210244733
-1.202042035452305,-3.299335694068975
-0.5000370537564152,-1.4362700625951335
0.9989416273517908,-0.11493181656072109
3.0441728068823557,-3.545456608400904
0.2977168904848346,-1.0571137925629985
3.0213589882009955,0.29498687304827353
-1.3415253202230353,3.198609308208537
-0.4482095976759353,-2.914679411393935
2.5703133864847048,0.6368906862904377
-0.2848397612764365,-2.655479059745343
2.444377566982384,-3.972240333047614
-2.8766735438153783,-1.0154605375553134
1.1469773631383258,-0.03003241070242908
-0.5254483584743197,1.2174082889534987
-0.6845558777461893,-0.999502982540852
2.8418914804156623,-2.5488873632698295
0.8418224174515518,-3.441649513029307
-3.097819136268568,2.8390481427139687
2.481366224142928,2.907027679496635
-2.3442478678362906,0.8519418211658181
2.855717643644276,-0.9269851051344172
-2.324715322021828,-0.23451710686244617
-0.8356663418484862,-2.216565208769377
2.5762936825152636,0.893342469213919
-2.3800707327053874,-3.1121305664244714
-1.9821916609360755,-2.75278180558287
-1.3689027148898256,2.6753305831049516
-1.1971501500127175,-2.77733609232864
2.9615975019657284,-3.515219166047451
0.896686446230885,-2.5993588521075646
3.3675382333752615,-2.4630368253576407
0.3350124904211545,1.5610450609962916
0.9235518514451075,0.4515427003028694
2.515629185544806,0.9221903325516316
0.5695634450351593,2.8929524103138364
2.5650913527090626,-0.8528016717964154
-2.3222562547736634,-3.1610292063026115
2.893327139353252,-3.0489242936602055
3.4080630054704213,-3.1547936247760093
2.3255600579302214,-1.3751958187032094
-2.408424429247149,2.825067674450956
-1.6084658510380576,2.8195400029599518
1.1038727196717222,-0.7754021033124152
0.41186281892682886,2.073053060701807
2.990882124579232,0.561273968972501
2.294065837461844,2.590669063754076
-3.02298050345903,2.9781087066821033
-2.8123478821496373,1.0238878638340676
0.8638125450795029,-0.4930232645644715
-2.9855213976118726,-2.837528875589665
0.8870230177625404,-3.642455150383897
-2.287174189107945,-2.0680889507022813
1.2832233275086402,-0.28675635946632255
1.366453825571327,1.211856964367475
-2.7531902608888497,-2.749730229895094
1.475144642062623,-0.7260097932180234
-2.7873412333595855,-2.754533676484987
0.7496251729648759,-3.0384322644679287
-3.284310684350105,-0.6836731898527593
1.005982179078365,3.070321264946141
0.46674335264122613,-2.327956194669786
-2.3199548341168774,2.6688732708330014
-0.8726374637886039,-0.9409559279712117
-3.3523087938007206,-2.582683690574201
-2.6405491811931476,1.8859041741198426
1.0228004353531486,-2.918153711088295
-1.2325229916143354,-0.26213677902015314
0.5084129789256967,-1.345131511001234
-2.684893304592709,-1.0682105868268255
2.9869720354152993,-1.8050713202053394
-0.949076322525668,1.0642535349245563
3.4149273963322013,-1.7883419217340164
-0.9091395983788506,-2.8148924050426594
0.5768366195091161,-1.0188686769814614
2.844222817844791,2.4342300605105778
-1.0172749575474136,2.127914593466858
2.9025397470368977,-2.920699740241249
0.974334587380648,-2.691596583901058
-2.9292381026942573,0.5148510658149663
0.5457596854117253,-2.4140485832742926
4.053710174565797,-2.9585312268453454
0.7895331651503388,-2.5063515415334594
0.9935311392770848,2.925053125117031
0.42791998617802884,1.7153182028981584
-0.9004934934108852,2.3605194561869025
0.5578108785246756,-2.488427817263113
-3.100653352573311,0.8196505827443544
1.2500413109584636,-2.443678647000072
-0.23484717103084626,2.6029440885503172
2.8311922359617263,-0.27263226097199167
-0.7973504486616321,-0.5446904126932609
-2.8381484637863483,-2.6709975531951016
-0.8564473352166329,-1.1813429504643957
3.316109154815886,-2.5880403413999007
-2.5748139770755425,-2.6137733922216824
-2.8679933783873186,-2.3237937276485328
1.1242408088883042,1.0529274065339058
-2.7690598894182954,-2.7434627320766327
-1.2644138919182448,0.7769620102395023
-0.7013363319117574,-1.1361080605106504
0.6518934329180693,-0.8615383070483774
2.7403521451458563,0.646622833720214
-1.08680212089127,0.5283288340772503
-2.2289791645250956,2.71856523738119
2.8324026204703756,-0.8543843568583182
3.0369310185067078,-0.27294896851080064
1.4585650673716177,-2.447402433617385
-1.5296031667677688,2.468204313284
0.23508248077872676,0.6910822412267135
0.6869189093790709,2.5200479656513584
-2.3919560725587403,1.301522147178136
-3.256790665966987,-2.591374634360195
-1.1770154295077868,-1.3473569796805671
0.550401520787821,2.607656280448367
-1.0304870111241045,-2.177142041612152
-0.9461445701383014,-0.4749839419651613
3.158473621497717,2.523498577089097
-0.8981578061311288,-1.2254279939288868
-2.65950036322599,-0.5165503451237661
0.2134498078859459,-2.8757942482018715
-1.1133485809903942,1.4060377209533859
0.7987797826495823,-2.782401597522286
3.4043222955073076,-2.936011875023219
-1.0351550722230587,-2.886289004032127
-2.8632143855574723,3.3233500185742257
1.4313391146014836,-0.7902329106985972
0.6346515763811893,-3.12922441628695
0.9172732783041883,-0.5778231941023722
2.329816147364287,-3.407359779667431
-2.508097560449153,1.2388996500705522
-2.522123939368837,-2.4889509638657326
2.6251276029362334,-3.024656170989227
2.5181716153814455,3.468659109048771
-2.7536974015900464,-1.4991644533766615
2.812534606075655,0.7090795634491042
-1.4500441948268274,2.8311561227023767
2.714628968883513,-3.1423685312580534
1.0154269973629573,-0.1458467573787279
0.7194670077006132,-0.6567662239487404
0.3029926496525943,1.245487558018286
3.057880525227222,-3.0590028189809733
-1.018814102228581,0.41379093400319317
1.1777828508396273,-3.25381960928705
2.573321756026144,0.0349146971535538
1.096756475143768,-0.532187934111015
0.8768244274518395,-1.3674978884041495
-2.4593166595696623,1.0597181767596595
-1.3214866052974932,0.6434623866965612
-1.117291261393027,1.5146709813950263
0.8402369430530723,2.703718337038038
-1.2125751407170415,-1.205208385994344
3.15653829985489,2.7432624616550085
-2.607500162074124,2.790896925665359
2.8733184540489733,2.7940111416916604
-0.8012975418974568,-0.11762490398470833
3.005892909918011,1.8238563512477959
2.23751488649115,3.4834687973213936
-1.3186932854970992,-1.0823960091244418
-1.1813159636441446,-0.7776748157413472
0.680181179465334,-3.481693438984384
1.4242323269823052,2.792472088180364
3.634772147339211,-0.713518052380884
-0.4170141438953544,-0.45768660217823715
0.9350658577917407,0.8664277364309053
3.366890194305907,-0.7271253462170941
-3.18232719184165,0.9310641606294316
2.534127605929342,2.6945881514663896
2.492651197030842,0.8895325481762169
-2.5332203360364036,1.0914683644735428
-2.255150108537547,-0.6581443152585287
-0.9385876460308411,0.9427264366025814
1.5998613221582672,-2.9801035885202074
0.3774575287398495,2.4080991628879644
0.8878954443302469,1.3802000561988188
2.332562340282357,2.3395983912911467
-0.6935013291304161,-0.5082084055325473
3.5317028692046852,0.7218208324687493
-1.4496109758866937,2.783452264684223
-2.7656391741731423,0.3847570448217958
1.0084975645799386,-3.125858920344925
3.272191505970193,0.6511065310180683
0.7164827939034618,-0.6089396359378286
2.7492883287621876,-3.32826538963643
0.8140320451725213,0.5998209172168546
-0.8538648557080145,-0.8335889059853608
-1.0746741620563813,-0.5057707013292262
0.9183240163012646,2.9439866279190237
2.449624386790828,-1.1637794399575025
2.854162988771369,-3.2482481585803193
-0.855806321901828,1.6941202437767424
1.246236735600595,-0.8163509040844942
-0.9311969998529653,1.146246838872014
3.0777545592234468,-1.1124300951753556
1.0392086017086963,-1.6169236556964004
-2.8709596744294275,3.4039428772871383
2.6663704366045464,-3.347661135840021
2.4121967269583298,2.657865888517706
0.21522417768084176,-2.3251704064252112
0.6778263851005734,0.8559132377246398
3.378078106551966,0.3576559562557448
1.3618984623624846,-2.69112411290046
1.351363880459407,-2.76145069287483
-2.549116940355693,1.4568469560371258
0.865268851626743,-3.5613775206466833
-1.2860767574261232,2.34207177721289
2.825486545832976,0.8144023044052208
-0.921298265932101,-0.2307717978492862
2.8650878141714715,-2.6785527162236606
2.747585039344936,-1.208482868491969
-2.901366651615036,3.09572926470272
2.9836899457011987,-2.746931966241442
2.1313639823655697,0.8666701009170603
1.8114782795820024,-2.416529916812145
-0.7822165031023116,-0.9106677117617402
3.0645972572158895,1.0541350324176526
-2.9722500388970077,-2.600162184632603
-3.5385396194915244,2.724320616939242
-2.992731090937996,0.978874484789754
3.2587332771527837,0.6588543297742507
-2.6512458770383236,-1.2177224738874435
-2.6950178608161983,-2.9318989051070523
-0.6004860289457387,-1.0342624967589615
0.7995768492622483,3.1030228090427316
-2.797906546846619,-3.2864369627992387
-1.0986841081888383,-0.934293252289197
3.2144798696739048,2.5351330035533888
-0.861705462473839,-1.2795701391209235
1.4964399651125642,-3.013536714921244
-1.401473653588871,3.0926530921776796
0.33303933203550995,0.9262485546546352
1.1328629787180606,1.6913515814212763
3.2922811687792453,1.2260304870685081
3.1991466003011646,1.3774425675539712
1.7876959746236465,0.4091934616209235
3.068754223943672,-1.2550898416490515
-2.714659917976837,0.24765603251800733
-1.0125838008509866,1.1169182473016255
-2.6973321353789874,-1.4037473069580921
-2.4727481169338876,-0.8488731723125393
-2.8136384786232838,-0.7252818236928438
1.2178318483956605,-0.8441839052464648
0.9020760069003969,0.37307326312580136
-2.606356145480434,1.6199060118760227
0.6897823952736163,-3.2188548896784304
3.04133500938592,-3.0041343229814292
-1.277708109526426,-0.6414581116786885
-2.926138255777421,-1.5106862573708733
0.7539425564768549,3.119219583523626
-3.229467337426211,-1.0004692338941539
3.075510552411072,0.44336438075731277
-1.1642066730059573,-2.1341605187614916
-0.4153235501071898,-2.5037626840460314
2.829532326248844,-1.3573295326693504
-2.4420815789456087,-1.1661462289271909
-2.95234104061471,0.7602823656908136
2.0429680103253327,0.8637133378112126
0.7805623719465149,2.5049702444329367
-1.464664905981969,-2.6793838463404756
-1.3821752782311996,2.3197174564372336
-0.8825455493878694,-1.255683818776345
1.0292621107730453,1.035832962135366
0.91460187972834,1.462866937184124
3.3196131830356173,-0.36337837589390537
0.49537013158248006,0.8040215968400993
2.4736937347793417,0.518024516265602
2.569275020145557,-1.283710535807294
-1.1885718615196805,2.5120940493933626
2.659699904489898,-0.8943319886770549
-2.9106459982024546,1.2047193594358072
3.083530899654587,1.1629179755700203
-2.9995162510687634,-0.6606423741521633
-1.4798236298290552,-2.3224582991030953
2.352665699187234,-2.8575801407778783
-3.2761978219785792,0.8780380951319645
2.6499403953747174,-1.042397888908553
-1.1271678893043888,0.8792864238288949
-3.1627323039771627,0.7652034331043986
-3.181087223223417,3.210339564480224
-1.1012570802725694,-3.114008919172816
-2.7500136467785152,3.111887015546173
-0.47077689914374604,-2.5961045699639644
3.01813960046546,-1.1903676290830039
-1.1236969272388255,-0.9740720102451182
0.5275858823398948,-2.7989359772592155
-1.4416788126387285,0.9133886029809279
1.3647431674820263,-2.7168635618499715
0.7194108719367243,2.1523406250943924
-1.2685192625413357,1.575846741140203
-0.7493648079983228,-2.9991610808358167
-0.49168512148588855,-2.8001792470541877
-1.3831560191945065,-1.4693566594131533
-2.9411766653726548,1.2488894831762283
-2.3395925913372864,0.45087164648348427
1.8514503063045853,3.4013074241707355
-2.8823055794975208,0.5431689953457415
3.1967895486438587,-2.441739522596372
2.2344896942432997,3.4318559162803286
-2.755222787063209,-0.3898854455424821
-0.9176247954020639,-2.427578975098459
3.4318517037935776,-3.271539213858008
-0.9231575203050025,-1.4453570685134836
-2.096354082799432,-0.8294370458863864
0.14540013665453058,-3.0965173920872067
-0.5653589499701034,-0.3800646488895666
0.5362068322301409,-1.114755593103213
-2.604523190753524,-1.4298310368362461
-3.3799850156353304,-1.9394672456982214
-0.374810949795592,-0.8246914955654622
3.0431422118226883,-3.7129439290998465
-0.5009193306842978,-1.1495643863071776
-1.3154238071838733,3.331018557228185
-2.7662479480100473,-0.8752389775946513
-2.9541133360465412,-0.0716318893957368
-2.7988734145293996,3.236981698026215
0.774531978720253,-0.6853797162821621
2.591288406964568,-1.7845111916898984
0.19829706219633528,2.3095409012465624
2.7528966248820352,2.574040776780852
2.5322540867520886,-3.2953248115302274
-3.3443665934128086,-1.9042718542534456
3.0328909821706103,-1.4023405016032129
2.8132459044098788,0.22442538633102466
0.48382942367788917,-1.265085694978898
0.924170730197827,2.3713219293825887
0.745544268431545,0.9869569452245516
-3.094754047136574,-2.855346411740293
1.0024934654138777,-3.3910211157694286
-3.0191871969109427,-2.378979243724053
3.038787546435125,0.3503890559189891
2.91593585349531,0.5545231938428121
0.8622696838437882,-2.6335998122396833
-1.6408507840125377,1.3259145860914983
0.8612529218263371,2.077594215683044
-2.4728341237226132,3.132885659473939
-2.337204641347911,-2.759417351971925
-2.1364654244572683,-2.0906586551392556
0.988636002060507,-1.5101885919392875
-1.3700774643863083,2.447548275621085
2.8832760703216658,-2.8880618056492704
2.8065918327654837,0.9650409292295996
-2.947980400918424,-2.7963215518038447
1.098448629269787,-3.4801369041586607
-0.9947631741393871,0.8968982226340441
3.5546597732043304,-2.2969852657988117
3.0414846041769157,1.7138223572993
-0.7627375939094306,2.723424336037808
-3.117546124221387,2.652526953382159
0.555809389394978,1.2580396213622784
3.050318260498964,2.2065966848665792
-1.043337933801106,0.6909019795605648
2.5117331288782005,2.876022061766072
0.9725576324707896,1.334233965595508
-0.9330592733442153,-0.9771849558474723
-2.6837916683967675,-2.3519841757024813
3.6098937302697816,-3.075815279526628
-0.7549177989875746,-2.4201736444376563
-0.2599668871194001,-3.5287147069721776
2.4846671066869193,2.7841572285200358
-3.244210045620994,0.644799046494277
2.8291896387269855,0.9017923882954949
1.2602010936786943,-2.3797725658200455
0.49235352659222736,0.28019528774957464
3.0299196552255316,1.4305953180335822
-3.0728319645314026,2.4133680992536615
-2.240177841759784,-2.913921433736105
-2.4183684048110163,-1.330089399687041
0.41702690341896864,2.431796723145877
2.604001075812083,2.9670034533047307
1.5175729071775026,0.49868381983755306
3.186018405003589,-1.3170175850465042
1.126454242583043,0.9593443818031031
0.5245694672137692,2.723158703235178
1.4878876635685783,3.1876059676070954
3.3784257641938424,-1.1791806359787413
2.6224421980034625,-2.8110214984621487
0.8059196412691175,0.8715366114871254
3.324069314083106,1.1740378906676538
-1.0184655351983165,-2.583946814709713
3.010592332483958,2.2975936368498933
-0.6847975101634064,-0.2636124571199383
-3.4037219927117692,-0.64034032898179
2.468557916880385,2.1596685245945797
3.2221854503043943,0.9362639627071894
2.6734369456334988,2.5914201512495034
-2.711318030322519,-0.38194522147301974
3.114905793852422,1.1994794430268938
-2.6486919818474632,-2.7186554078563545
0.9673437285799449,2.4034236214974882
-1.1332667546965776,-2.1532978647425494
2.683019292495346,-0.902552958679365
-2.8444539391997674,1.3500301985967273
1.208631290834313,2.070377349593735
-1.294264934239946,1.4861896336228735
-1.9124686282316896,0.7561209436875149
-0.5002891532787858,-0.5802845860778365
2.754243787623077,-2.8847974654123303
-3.599158554697989,0.814225737424776
1.514603226869799,3.1579664601288124
-1.5098674128637024,2.43300614959414
0.9617817970143334,2.874716829869178
-3.0272711671092525,-0.8864285951847596
3.55832900539043,-0.9351591583739756
2.5054489455448716,-3.0076945887697617
2.840690265135381,1.5128181309207835
0.6637454924168165,-2.4068203623386255
-0.6298734916612828,-0.3865262519129586
-0.9954266503738434,2.08290608053165
-2.899124796314972,3.7494895948198503
0.983281752170118,2.773933173724853
0.3532979041681139,1.3057696979783726
1.8469017635266252,1.2172770008821816
-0.7165205764860397,0.8108351345450066
2.771368613388042,-0.9297960850025865
-3.7604814669410436,-0.21484096408526443
-1.069423338027977,-3.1984111636788395
-0.7916207797025139,2.970853942613389
-2.433112992535021,-2.4853022020116544
2.3564550346983864,2.5601696383655694
-0.7318434183310385,1.5513755584785998
0.9963350150296144,-1.1484489296670715
-0.7444352139967929,-0.39640402587302026
0.9169714487918933,-3.213048804624945
3.4616544569939713,-2.558463526639225
2.947954912621461,-1.258333254848278
2.129157056691031,1.7059678904325928
-2.3537421100949896,-2.9617022639604405
2.872574429811482,-2.634885003152471
-0.5316844354117523,-3.179309958378816
1.579023915922104,-1.1064939587334086
2.727606187693017,1.0897636375311122
-1.1054620063276672,-0.8854633413388778
1.1177659987121533,-2.6533830287211893
-0.5470085189433824,-2.5285784804804674
-1.537654811634158,2.689757366147892
-2.914820633148867,1.342660751805477
2.403089281638686,0.8194477045254944
3.1288625368252383,-1.0954514768200236
0.47320012366431496,3.085090205814385
-2.290830480163257,-1.1152440191986834
-2.857242635922868,2.3435388907317205
-3.2679433437317513,1.0428155088390025
0.8572394258974526,-3.6073384808022717
1.1006131755909216,-1.1221275579144017
0.8723710215292092,3.4849143777195715
-2.98373414732705,1.0152744102968279
1.0928307974783718,-0.6468040738124374
2.8463789065475833,0.6272443248751717
2.3695519785933494,-1.1798501992554495
-2.0351515435665215,3.2895281034166888
0.9583036922919049,0.25755783427994783
-2.465890889692642,-2.3717612106842614
-2.351008046999731,1.1800889120055646
-2.8705482669283855,-0.5533925719736906
-2.5706589268607365,1.0519725546812089
-1.51699392883042,-0.4125402320486003
-0.8863526347669584,-1.0248606025062392
2.39268314150896,0.8865340204896899
-2.704957968243483,1.0100178982278065
-0.1843974147959009,-3.2101280301389163
0.7518623809618099,1.4857716177748237
-2.705248693142387,-0.9047676710882558
-1.045563599541137,-2.719332355500979
-2.4653881474703763,-2.7962588147184086
2.8741533686093255,0.159929342808378
2.8749423155306566,2.354952592909673
2.610756420213401,-2.760521649210032
2.586882031229427,-3.3356968128609568
-0.9261635555884049,-1.4139407440299965
0.43850365726692375,0.7383006963687696
0.4705770421877922,3.0027554968093932
1.4463564825732007,-2.6522886165011763
2.3384523225830853,-1.0714365444998304
3.017915735013457,2.5910096323605294
-1.080451281508144,0.8939884095375916
-1.0839639491491604,2.4115677537181086
0.3955641754048481,1.1389054033997001
-1.1267190109376006,2.497680860785652
-0.7546774545845337,0.9168292158101575
0.5262063839567004,-1.088111957633374
-1.149258853900591,-0.7646159098348594
-0.9320839970821511,-1.0223341256892295
0.311976547727709,-0.6263839435644221
-2.873095987933242,-1.033057867239543
0.7303757815399429,0.9348152991750055
-3.005102129927556,2.6168826470789184
-1.219226630683572,1.1009769476478777
0.615168415350375,0.7474945276580608
3.55930014147656,-2.9877628588014526
-0.31157980040446515,-2.6867821765011977
-0.31631957274465955,2.4490397031893285
3.4204952154594417,-2.8616415867002067
0.7408667640459784,0.6237819775160077
-0.6928683825031716,-2.630179899365918
2.2369770442234445,2.7247566962981193
-4.027719532532093,2.755169094012879
-3.0042217382569993,3.004018211753853
-3.017544138445071,-2.7337394683754592
0.6342867947896822,-1.075506605878444
3.333515743193622,0.4321313818727217
0.2767512530809654,-2.9658144577234173
0.8792201221414563,2.4147237860138215
2.1912481991999746,2.609237822504449
-2.204783835246831,2.739117097370056
-2.516807782254179,2.5144341167931263
-1.2201860276376688,1.1523267582591596
-2.780459930411067,-0.8942491981420754
2.372288170540932,-1.3324951050967084
2.920275708023589,1.738707037161708
1.1967008065290992,-3.321886779903971
-0.9267633193892224,1.1405315688163384
-2.675443232800498,1.640191358114733
-2.6591382467329585,0.5009476621344804
-0.8591560227055652,2.715935877476369
2.892736499843389,1.0243671046290992
-3.3604239325736343,-3.098409015139507
-2.5461168791980913,3.328648303020188
-2.8639999293532474,-0.9928836624816703
3.3949482098830326,3.0199418459576743
-1.0407873099412475,1.1195776696067536
1.168384855130241,2.582780955016059
0.7943962851072481,-2.5552736052886003
1.3122040986769004,-0.7527247519523024
3.226658743386903,-1.060579407889186
2.66716382079871,2.4280207045150592
0.3068498974538307,-2.3967311199853065
-1.1279711074075736,-2.9738837760769736
-2.4306528984994067,2.7554771301633605
1.1299625542244083,3.2742372883478037
0.12045338793502418,3.438052364531596
2.786890781267267,-1.2574828921814079
2.3776539674025656,-1.00655992972702
2.6900709554462057,-0.7907825546635991
-2.718367055630838,0.19848116271332827
3.3177981517280215,-2.622536038134433
-1.9865650040693164,-0.8986063796631291
-0.9836302820832616,3.2126267533179576
3.055145519982263,-0.9059012233157587
2.426868054840973,1.3498735242011808
0.7927023694742712,-1.1150726783526452
0.9777097781887756,0.9582748737636424
0.6602501061984531,1.3302927160808238
0.9894018113448115,2.5168747971252614
-1.3180378516911513,1.2434999080586038
2.685698462260822,2.970847241720311
2.6235404463587733,3.464143476674663
0.7150361757010341,1.0633738872685792
-0.8481637955067116,1.3231050678948144
0.9225171007960411,2.4352588278750873
-0.5147063812125664,2.9660854031303083
2.7537805460733105,1.560269423606361
2.6229019512493523,1.144843290875138
-1.2835500976273668,0.8644896389292467
0.9438121564008554,1.5520701850125629
0.28070703026669747,2.7590646316000016
-2.5642604392780246,0.6910116762715118
2.4497167829389452,2.637816680694384
0.8845478945799604,1.1156331135651987
1.1448151464715437,-0.7450148750341431
-1.4027646049968145,0.6594841380665347
-2.9732338345682923,3.1612757926621726
0.6135315228953306,2.3984546932989907
-2.7405701733363963,-2.705384933586808
1.1950103541264014,0.7354401892342901
-1.4112356156168981,1.4636017602439952
1.6837427718175726,-1.12223570978682
2.488112041429975,-3.2692711075144305
-2.307254538241453,-2.645341072412613
-1.3988333019254322,3.2079702424594854
0.948585042062799,-2.5316060615737648
-2.9169519522883953,3.3253582837851927
-2.7634061719673544,-0.3116790929968414
-1.4937900554551444,3.3162204754092963
-2.1969599603653283,1.5373579357386842
-2.4358270544907685,1.2161660141112194
3.1484363682075216,-1.166580949883692
2.2360475154897337,1.081326202551061
2.57176701881417,-3.13005585453505
0.9048624123070906,2.9186978131879924
0.6373117579054587,-0.6609340040614528
3.2133763094480265,-3.083011240251055
-1.0713279495628447,1.1456490698190345
-0.8192400409834302,-0.9170324284590411
-1.0941946007159584,0.7926631784840649
-2.665476586634572,3.435985948592892
-0.764627191581648,-2.6713867121229544
-0.8348054919030298,-0.7295126116517642
-1.2118765567406449,-3.116344088500353
0.8362118079653407,-3.3700040880278688
-0.650538558989184,-1.0043244299530205
2.9042342573389024,1.1304216091617107
-0.3479905021456984,0.9853142439881248
2.5339246531179467,2.1902625522101276
-3.021808609181359,1.3918499517769427
1.1672848132853075,-2.415451900843805
-0.5045052205441858,-2.4346396179511256
-2.9565597438364657,2.6441132297923646
0.2070930653306466,2.301262406024227
-1.0273923377397165,3.0366223664020806
-2.81310497019867,-0.7631217954712721
-2.3908714642187427,-2.316775643644543
-2.2290111369055903,0.8434527593952144
0.7607369763665954,-0.9262478224298917
0.8011682196575618,0.8749730428354332
2.6200761696229296,-1.0335276750106754
0.6957869130925193,0.34058190679282696
2.0422343690756852,1.1546231630954498
-1.1625615292626614,2.459178489633528
1.888030252517493,3.2591524925225017
3.2860474077016506,2.0571768567870885
-3.1401566224125306,-0.5186491463959482
0.9637168081272852,2.3684008890117436
-0.40656071221881696,-1.3468426314611468
-2.632008481248101,0.06316116440274713
-1.4127289305082829,-1.123034200658753
-2.495270584633263,-3.601239773615681
1.2090667928032577,-2.612561382650389
1.0389948482748628,-1.06143068862331
0.590850028789065,1.242575439334817
-1.170613170502168,0.9578432074718959
0.6410724193445748,2.736137734344669
-3.0571750856271276,0.0901592937245244
1.3574782682398252,-1.3993163311725847
2.465376093655494,2.1787989499953224
-3.184497408371964,1.0336426724760974
-1.4140042833121904,2.436880182066674
0.9711453399306781,-0.6025999952338369
-1.1656622843016058,1.6089869783505282
0.9978449529599752,2.132401846525193
-2.9857606667131047,-2.2707822923081924
1.0354770445810522,1.9288735202889284
-1.1377230186274787,-1.004213339970763
3.129034909511993,2.4253959197556965
-3.5612975129440985,-0.5064404692019082
-1.2645988283456047,-3.026516573951607
-3.456179561015444,2.7953202254862073
-2.6221832582297955,1.4497088909220281
-0.927410080679956,2.736828071073157
-2.993019860190389,-3.3063350437302015
2.549094632370188,0.266586958069737
2.592256333797679,0.8980744680467233
3.8000789972291567,3.018701819163982
-3.236793573073543,-0.7844417922720324
1.932358682229149,-1.8210109367493201
-2.9128799678492183,-1.102021895636956
-1.1910710500996156,-0.8310939129704777
-1.1070226191259034,-0.9949430718506932
-2.31541423820076,-0.8895822959822901
1.134832980272127,0.6256777765644248
-1.3069503195453271,-0.6849841263938626
1.2096504241168675,2.7078051572700055
1.35953530344065,-2.270655583457016
0.44530338547378395,2.885097393834794
1.2166235727469807,3.323628688882994
0.9501530171820085,1.082746317109572
-1.0861315852349214,-2.580771596549136
0.37119803792837397,2.183560301006409
-2.4641733103170727,1.2793241051840614
-0.9037343713951277,2.332365838486421
-3.246750831365395,3.0335760338489783
-2.8431226884941525,-2.4740280902568355
-3.025215885513082,2.603061242529683
2.7462100876982283,-0.4468567141619312
0.6988255646149787,-0.5946035973422369
-2.6046515929868552,-2.2681030567238127
-2.5092091831007153,0.9060460340396979
-1.143533688178866,2.988561876819295
-2.953555659719328,2.4782293359722933
2.625038497662113,-0.7123125209622343
-1.065888868554299,0.872113178727147
-2.592723497648897,-0.8543374147992175
-2.990271771986607,-1.0453041488491062
3.1342180697451876,-3.2353934006288525
2.5978888901659816,-1.167518065675274
-0.7282520992964207,-0.7643772740048033
2.4445248592933164,2.7385894222260796
2.666855303992631,-0.6972800623018289
2.8550779277866893,2.532919201795577
-2.765274813463006,2.6474579550537096
3.0271286790446386,1.4228147722418385
-3.638834667141665,2.78767124722777
0.7467905269782512,2.941594164911712
0.28705517204586833,3.070884693236424
-2.7321409237660066,3.022722798862767
-2.7262441860735427,-0.6631560903662265
0.9643114673820695,-2.8637726955258733
-3.0917251681756377,2.276173488496734
-2.870155927600635,0.7197276912568699
2.6884081582354615,-0.9914164245790638
-0.6331506128734865,-0.42317270024527226
0.9110942791230067,0.7809423545737026
0.7859524731835112,2.718326033501633
3.021521757290578,-2.3261111280214855
-1.363739054327068,2.9672873660582013
1.0942615444206534,2.595722729530054
0.23175258723772751,1.3712722964832935
-0.5410788496026754,0.8697020104330159
-1.0851831109790826,3.232440072401261
-2.422018273925929,-2.87045886551938
1.0491276096691227,-0.829493037491482
-2.7151860897722386,1.8545068010364467
0.832740400090124,0.8751512028024214
0.8200081402361415,2.7202827153004256
2.6363203828962836,-2.7885017720689276
-1.0787656506968522,-1.3313216535190089
-2.6926077264638386,1.4318398436623612
2.907370764947252,-2.954019517536652
-0.7623674905272944,-2.4890026958845493
-0.48103589452188167,1.4039348303437054
2.6464959047078382,2.903051095103027
2.8198770289224293,-1.2789711880713828
-3.153502148870764,-0.2811371347942467
0.43086689334609857,-2.821456218070343
-0.6031574952840771,0.5362184544389829
2.669872743368089,2.656899018180661
-2.775069452506242,1.6139445068933158
-0.652744407155658,3.710606533839916
-2.434945772090508,0.8555150035613124
0.9862509510275806,3.0661477734944445
-2.6266597509693876,-2.094577395383256
-0.9887232148161816,-0.4606400061382361
1.1712046332666954,2.7379377300965366
-3.056537169838465,2.9306494240674623
1.00469611587936,-2.838519396468909
-0.992474382130913,0.9366915499833962
3.0275474558795374,-2.5474397264885655
-0.9917783716326288,2.504923912091895
-2.9400986767322466,2.3171678392269732
1.1548320372006042,-3.3341625848866276
0.8147566946917487,3.2740942777432354
-0.9578554647154408,-2.8798393254780232
-1.5273337833368652,2.9802961717846457
-2.4305734043190825,-2.5383621016659057
1.3565155606401686,-2.962785186074298
-2.9895371525082495,-0.386039996019062
-1.0898219780410336,-0.5424189443125005
-0.9404844382104846,-0.9665813691367728
1.6928946948736139,-1.0880813929933733
1.2591598251180622,-2.990909310864601
-1.3203802849023443,1.5907824466480256
1.1769412855264771,-3.4956299573480925
2.918070660444122,2.3161070904793135
-0.9289260864534356,-1.1884092961225468
-3.841681083806121,3.5183514098719577
-2.976288101568576,-0.960675337428125
2.8077830999261204,0.3569640852164997
-1.1669558321722193,-2.0819089023639084
-0.6163461691552657,-2.5984381069797555
-0.8336887509703839,-1.0110336570540641
-3.081633758196405,1.4273295605760317
2.7629604188368955,1.0536508054988893
2.6075139808042356,1.8751621324733652
-2.6357550770687252,1.1338160675508082
-2.8192234907904816,2.7700653798698736
-1.6727617203209868,2.1895356021595522
1.0101969710782959,0.7266047974097524
-1.463992383355827,-0.8905656874535185
-3.012716132303655,1.618530121722999
-2.829888935666687,1.8248913765629333
-2.0430235563781753,-0.5731078947629092
2.7773479163912564,-2.739434408898028
-2.79000892480048,-0.3014898446624274
-2.878156409950268,1.2406470589957868
-2.6414871920237855,-2.2342603826689302
3.198628762313402,-3.287448954887899
-0.6430456361672632,-2.45040021826129
-0.07615021591895645,-1.2015660331598959
2.374782732701516,-0.8509102622262303
2.3320520123638717,-1.3663152468044744
-3.2898991224752336,-2.726384563235059
-0.9554231391051267,2.6231465799077047
-3.503151079936991,-0.5643327201866097
3.318394508634651,1.7192182441027324
0.5483537473186607,1.0300369352052672
-2.876801437953547,-3.4981407044763095
2.693569773160074,-0.8342497875487852
-0.935350722706675,0.8426412007623005
-2.9587098827456444,-2.628064519175833
-1.8467436334937544,0.7181718230060702
-0.8220539923619249,0.7575901189565442
0.726814053835645,2.5272354785638105
-2.6341766532064694,-2.555381796302079
2.4786202752028443,0.551900352865837
-2.7635105359307883,2.9596464402493035
2.6480674549257657,0.560539911222219
-0.8351550397393985,-1.0160549513220947
0.09273268819637541,-2.7130672531962086
3.6690300788276233,-2.6426959723556647
2.3490792068478563,1.4234637608924796
2.308278377579484,2.8465723933213813
0.6355282431145911,-2.8455518771290587
1.3403832264632092,1.2737042400649148
0.5537256635941311,-3.1528122597689725
1.5378494990326848,1.1549440576382166
2.906894081470309,-2.9205474509161986
-1.2024336394018764,-2.7063597689134093
-3.121990798780088,2.03955336034039
-2.857452951112417,-0.6560144731744187
-0.8715650354252032,1.9675943457633331
2.6421715065515707,2.2928680599085074
-2.9199899415919934,-0.7195925999903854
-0.7748438897737379,2.4062982554278554
-0.5784846106964973,-0.690806607871998
3.027373862075465,-2.6457518248043796
1.7149575368495278,0.8953787384410749
-2.6358298352383867,-1.2763694623395327
-2.746362204055684,-0.9830028816537871
-3.1592516241723287,1.325104585047996
-0.7215984825827985,-0.5469607920061391
2.4211799043954665,3.4025462258738055
-2.7052379288629838,-2.9739096889482273
-0.7825435221733961,-2.3188156171980565
3.2722349301082567,-3.230492141583927
1.6286088338784965,1.0591964998462946
3.229292946676028,-0.7980328651317776
2.6694780128310973,-2.5009571347786137
-2.651917781845728,1.1695365395271973
2.9617906891453223,-2.8364703006197822
-0.7497311568502639,-2.832969670315277
-0.5161478886649487,3.5434305193780347
0.6639969413883429,-2.805048909400169
0.9257318362815564,-1.476475730502692
1.0183705361835282,1.293845405089759
-2.081649898495804,1.5281567113758034
-2.384024198900731,-3.238706969863122
-3.171227513683607,-0.5183063073156434
3.325431924943531,2.4153999246793627
0.45648140840177304,0.9966768838851464
-2.826836001544263,-0.08477445041795036
0.6040792475547369,2.649306866402141
-2.508210808334871,1.2157172573478487
1.0882859784222676,-3.009753039401112
-1.101390696378481,3.2237079589683764
-2.54061310601498,-2.8940158615200304
-1.3236132399998775,-3.1009515733873116
-0.9942987408255132,-0.71260065657357
0.9636397408292875,0.3092349074741286
0.11681421599674045,-3.2292474947909824
0.8425791809738383,-1.0281841728429801
3.3513018581638234,2.806030210921778
0.49843689719955603,2.525826362992177
-0.5120008358239573,-0.3417985148865905
-1.0701393357929712,0.7515498681682806
-2.9289017868548854,-2.291831829664098
-2.7653346210918985,2.5183416912560275
2.4000925934861788,3.1689602433034767
-2.5917262016610745,-2.4353766297289523
-2.9209389470036884,1.329802764920776
0.7228811939341041,0.8307324382487401
1.3561325152719976,-2.751664492119671
1.000645290630085,2.874716328486827
1.0977767747619562,0.3755018021253968
2.632494375742641,1.2040885325691133
-0.5232681429786724,2.8018845406242976
2.3993410202010557,-0.5394612294523558
-1.1736200910914443,-0.9966652601196473
-1.1570414588543183,1.330254760611121
1.319121770597689,0.7661334790488388
-0.796428272081332,1.4773252995671988
0.6034674824481058,-1.0475698460806628
-2.4405036475775783,-2.870028369653705
2.7992077112814275,-2.8199308889108337
0.25384690527061576,0.7745917766035428
3.05222088015251,0.8628046466051437
2.5795327647012374,2.38565217552113
-1.1892900259410293,1.2272540361145217
1.437108713641633,-2.7269633134482647
0.5619347101574527,1.5105907838350991
0.9943369651698413,-0.9870600560651335
2.7300252008137087,0.3133493273233648
1.7591167093254592,-3.486121207540657
-3.4266694803432034,3.2800157188886203
0.9660441298869272,-0.6534492374086508
3.4017366115295227,-2.5933258124812673
2.8497683160136518,0.9688871409417027
2.764342540153903,2.383667778459356
0.8104079887449848,0.8791117486605567
-2.3166126459973304,-2.524385784342312
3.2121102484918542,-3.0265357284181467
1.936198746406877,1.7290265801491356
-1.36158094624318,0.8689437971953633
1.2389321677053928,-2.6912267607317513
3.164496142663559,-0.8048329486481526
3.1400949450874767,0.8436550506803331
-2.5917123053451903,-0.4893987193603984
0.8493438701953477,1.2412008858405137
1.4883163750530606,-1.4654879450499678
-0.7749978269055486,-0.9578121070293301
2.528112669410294,-3.066360825772754
-2.218387587273791,-1.3560023241028627
-2.166636386985789,-1.2756449450451481
2.8592059742402394,2.7584396074438144
-0.6333788705493799,-0.5655441905055589
2.9406411189697748,-0.3443112750077327
-1.1153154312914582,3.0452828381427155
-0.8844826418382539,1.0954039609885258
-1.0254212382736092,-2.0402095720162094
1.4104017711886774,2.1072591403306684
-0.8550978484366345,-2.4992643488711477
1.4600652381548227,-2.4183052398479536
-0.7369852793045272,2.843670223062145
-1.195109843713831,-0.7184097454454688
1.1044609906819256,2.7840112501151664
3.200213980780455,-2.818695830320195
-0.44015997921711475,-0.6883876767384375
1.0272193156461138,-2.8085490211739605
-3.0201504415241436,2.749780494022978
-1.2422117064615115,2.4541105767635742
-1.4065258667022233,1.525869879989437
1.577260671307875,-2.4503800553548416
-2.9971792138894635,2.529555259101719
1.861512568289382,2.884054287150296
3.6497923381027193,-3.5923114359752644
-1.465685935566041,1.034800173186455
-2.801040268258768,3.235410279416897
1.0415157259458574,1.0338418302322254
-2.1672958972815906,-0.43037278850099286
-2.8985893548913175,-1.197729387469819
-1.125108038156857,2.9526658828993186
-3.509445661912057,-2.4993784001609014
-0.5044571106970172,-0.6841625714122113
-2.8968827428317607,0.9378014313284312
-0.2820330627584726,1.0426274904570316
-1.4838363562740515,-1.380654176212508
3.214372259306271,2.081602141946328
0.7930447408017722,2.5432078386060413
-2.475750054457388,-0.9069010546283526
2.1141898446742964,1.0905492002134167
-2.9526390667928806,-2.5320997532753435
-2.9106842229169057,0.39991834919377606
-2.4680232143956204,-0.8860840132257823
-0.9920429627227394,2.6471060812560223
-1.8884179068205733,2.0384481241154626
-3.074737570919882,2.928389643729325
-2.5763590926216775,-0.23064967625095137
-2.7976605964613364,-0.6817850357907398
2.926651617999598,-0.948879632884006
2.41957442611905,-2.9144337759147767
0.857782165630816,2.5367244681225944
1.4717131956299216,2.919733028807367
0.6622263645399981,-2.4301215150889752
-0.9813348268533308,2.466308693199056
2.4831404159397703,-0.33587491484127574
2.77847646069082,2.070052525392566
2.3788054377743255,2.8146967143977073
-0.5971078389377374,-2.715825286704439
-2.526154056358491,-2.6311264671767876
1.220799303797307,-3.259362123670694
2.782544291239102,1.0466262075448218
1.0201558610584749,1.4042362521892957
-2.7823885370993495,-3.021620952204591
-2.9791916675675925,2.8785130253752915
-0.902599345398809,-0.5344372160808227
-3.146369225834337,-0.5328842326031094
1.088919700782899,1.1027381811906802
0.6098629077362617,-2.815950117019869
-3.164656825176687,2.9628951152361904
1.0178548749729888,-2.29339037494843
2.830406765946959,-1.4859928667771807
2.6894356144515204,-1.0033324253884037
1.0360395284062176,-2.622228724057154
0.5332619037124873,2.2002370115337455
-0.7721413012351469,3.2610597951921423
2.9086654074508487,-3.020752467942049
3.5312831332494414,-3.1256346183412087
0.23534058415145645,2.671753346443282
-0.36008609138128994,1.725678291444899
-2.8045174591695567,1.191724410738236
-0.8504473045650283,2.6082855843654906
0.767566417876326,-3.121404027059395
0.6013594702906827,0.383134624230809
3.2106445093650904,-1.0551189087908743
3.482553246254557,-3.5982173180390062
-1.066600894415936,0.7380652243032715
-2.5440003927552364,1.6269103268581364
-2.5623814172986337,2.984021821832134
-1.141892474236859,3.2495820426808013
2.906873291418648,-3.1477489778419976
2.9375051259887104,-3.44146941012222
1.5698883411480784,-3.110261464714348
0.6034439810250346,0.3652284441191581
-0.8582315180587975,-0.8196803292898904
-0.9541720496997019,-1.0747709366832543
1.0678293387493778,-2.399129280213948
2.9823828568969772,-2.7512130885671704
3.5503409267514026,-3.501358317485575
-0.9370165428025209,-0.6507188247034033
-3.2181288537096098,2.341219595711925
-0.9407772658403258,3.276095628231122
3.2575860737567712,0.7372980561594443
1.041311641824772,-2.0638141307155604
-1.0865822831811172,0.29729414277301136
2.467425941104299,0.9261123949020305
0.5956145169462005,2.757413358755613
-2.7336928322061893,2.4886874012166778
2.41795123548257,0.9318514847320796
-1.1004645982874113,-0.9663718169879462
-2.5942631440052106,3.0429930093300386
-2.63186897215757,-2.5179861852108694
-3.5453953713542234,2.9440477493514186
-2.97022373359403,-0.36324012554048796
-0.6028888579888229,-3.1903465796355244
-1.108501357287566,-0.7146613481122648
-1.0134609698542114,0.36340174130931757
-2.8837590892752507,-0.7884925135924058
-1.3613973323976123,-2.7878531641046798
1.5853453460281628,-2.6099196698336207
2.7777265410657317,-3.269345247519437
-3.5302138310342617,2.5942234006565057
0.24439965755935383,-0.8253810917669201
-1.4153231975090725,0.5345660897753617
0.45515144768153654,3.0065560852981355
-2.894270818801563,-0.47152257489085836
2.353827147743787,2.836839768654512
1.0403733927585115,-3.249789947315386
3.102199871753874,0.4041478750458797
-1.1414934510518395,-2.7779771704305456
-1.270458203627703,-2.964066204313348
-3.314194917766627,3.182767304314378
-3.4335382891657367,2.7954561601612773
-2.5255867905346303,-0.4665776845778175
2.9225325054346896,-3.128323862354446
-2.980770278709968,-2.5645955646260186
1.226818094203939,-2.8695022453471615
-0.2964940200190871,3.1594381669748923
2.7578296039944568,-2.726867729626774
2.7063493167308463,2.7814558340902944
0.1931056727624719,2.6144427040604645
-1.2717174030764782,1.726775918426122
1.129601708195559,-0.5502640064712574
-2.3905275354848663,-0.6601475221931824
-1.5847676330958704,0.9293583523227157
-2.682280479047744,-0.2157039100343069
2.4361543203708433,-3.006867613009952
2.9329577984923016,-3.502326297537492
0.8722336239662072,1.0535342963232048
-0.9204013882358159,0.7275738909148397
0.9110531137130884,-1.1521129904598781
-2.9600928241206192,-2.618393730346113
3.5274421722139877,-0.6636917339913102
-1.1712521920893861,-2.974640980614979
-2.5572387979918747,-2.6951230670522524
-2.9856898430371217,-1.1515285748325792
2.7095944697144065,1.2256151582286852
-0.7702198435028782,-2.357970955514865
3.0206668386480446,0.6159923597416236
3.0974891485774156,-2.535688959092674
3.195460171266614,-2.959628006164208
3.47600435638677,2.5954117893761963
-0.16741633520361845,3.0171040380979948
-0.6648831775609546,-2.912191371779894
-2.820872870299176,1.279112196943464
3.0179091099883806,0.9195624629467655
-1.0219586759130712,0.9653861384125082
-2.2548058841674457,0.9699706369141278
3.097813287907226,-2.8148388122376042
-3.3310396736022265,2.8318106961587968
1.3663198396257843,-0.8352572523980013
-1.039673933819201,0.725002444254552
-2.1147861105144967,-0.730659670831887
0.9258786320203549,2.011778859058969
0.8030679472221309,1.3396948984375576
-1.0897815098785397,2.2665820314758793
0.7850393339480966,2.6196964408038834
-2.7319193659059837,-2.7812360299519305
1.4224148597794442,1.1585054912961565
2.4162884070588793,2.858793842493255
3.7058532285282784,-1.1106870388039345
3.246897802760322,-0.5790632707673883
1.0052892185308477,-1.3357392243392123
1.2725363402432006,3.444882012980223
-3.054731746316204,0.8024222016380796
3.321189259729725,2.7112836740534836
2.0938766813237737,2.721177491448246
1.2156890945570806,2.1276407775711097
-2.8070450785845633,2.7111070599942497
-1.0517111151192335,0.9749725980548891
1.1125161957076093,0.9912778955999311
-0.7060206911906171,3.0157285768680984
2.6742944745849724,2.476201564916424
2.814863258389552,0.8146856408440949
-0.5444139248129594,2.303490457490386
-0.8715995754795469,-2.319045741390633
-0.9298503617475158,2.38054299169857
1.0507266936670614,0.641830674160406
-3.0250776832702106,1.373705217226095
-0.2946654281167191,1.053684540015012
-2.664210113961984,2.517612721447445
1.0392697478341437,3.132213054791172
-1.5149268365668582,-0.8523195685315146
-2.1497484493526677,-2.3517956956084753
-0.9222290658631523,0.8877146162782654
3.256939884653133,0.8423264239645102
-1.263135865412906,1.2117962641557065
-1.0921913371453358,-3.1155865464365373
1.7477244833228087,-2.2634046304934965
-2.8969532666181355,2.5937810954583402
-2.513811949439067,2.894572739891037
-1.1085892501863601,3.071469031851502
0.5543397832341918,-1.3111865219990275
2.7069162150283224,-0.7354019588819212
-2.890598381545111,2.740711763875913
3.3355362396691204,2.755118047196673
-2.872294760556227,-2.7486130885265996
-3.0660483550270237,2.8921075663515605
-0.614840559360357,2.923971852009589
1.0247411120504302,1.2985213313412498
2.677590600910503,-2.7568428493642654
0.40503137521551835,0.6333862824853081
0.8531474285023817,2.569121085301206
-0.9722998498233132,2.9417237957468214
0.4238425215251799,-0.6767372225419136
0.959079597798658,-0.8896319922967963
2.8336300583451366,1.4852444785734407
-0.4619158187779858,-2.982358057449594
3.1158878558406466,-1.283575389535821
2.3883559298088954,1.4624074212782747
-1.1882228488212234,1.5330654202908895
-2.5724587303567126,-2.6840733180690326
-0.9093750562981276,-0.5546164013906134
-0.5815569336254538,1.3920018842838617
-1.3121374407851336,-0.5073473914004208
2.578024416037762,-1.2114443519483409
-1.0623812741967629,-2.3545267036848134
-0.23914535967923634,-0.9637584200461737
-2.4934500006266043,2.976456599018233
-0.666172620654354,0.8175389200690454
0.8902548241970275,-2.9776601632432715
-1.983167825315389,-0.741485585341714
1.115344158111884,-0.0964278343583952
3.072019488227905,-0.7979294319224169
1.0665484896997008,-2.569673032474832
-1.25998519899836,-1.1107794611334352
-1.3077346058006978,-1.2283456119227836
-0.5908830175046799,-3.1106729431747633
3.3333620663913583,-0.9553309049013727
1.8302652976589335,3.1627363502893915
2.1971928536578367,2.5045252462576717
2.1277643671272504,2.262040445585606
2.445469072596401,-2.7070396321898698
2.374820064491581,1.985076602957113
2.29108374833166,0.9568661493672057
-0.8370664020496666,0.47064311480904925
3.267847208393397,-1.2103735251376535
3.2369589114198103,-0.26261006677090337
3.377918704700083,-1.3939761811044094
-2.851101939320276,-0.7515571778579933
-1.2609080807513997,1.6437516053434738
-2.6032541715583326,-2.866039176259492
-1.3724559272584598,-2.9211997949524617
-2.4303807798178165,1.0078462734625906
-1.1830359978654374,2.5815924377056234
0.9121473600319315,1.2599145016270052
-2.2889056020063427,-2.6648173245392885
3.228135771858548,-1.6733081970232389
-1.144674281928501,-0.5659428664885118
-2.8146767868176172,1.7305011303205258
0.7052137408844752,-1.1090021094378861
-2.800996229738852,-0.12422749043496904
-1.5860642732315786,-0.5817316426332294
3.1806605705873436,2.7124391516008983
-1.0418674215822101,-0.6655651589690804
2.703901032802797,-3.1888178060417447
-3.6381302082095566,0.8876141007370022
0.8423923302777451,3.1732542183724832
0.7549900906636984,0.5518575081692204
-2.5868713450662852,-0.06811167147809648
2.9954884332634504,-3.5019933282914617
-1.0255530887767241,1.1188079796790407
0.2747219157707895,-1.1364373001169903
2.8465521285356563,-2.7515146485646755
-1.8252926994705865,2.5213411986040186
-0.8427993054409904,-3.1813146592146024
-1.9049789116521445,-1.1873565840165194
0.8101047634354063,2.967176165496733
3.4780760567279065,-2.887835914040182
-2.7131994247408096,-3.0213675155410438
-0.5190033190699364,-1.2052285044605056
-0.5218698338196761,-1.0715646557823912
3.7522583820945843,-1.3384768505480336
2.6774962871308614,0.6498289539178616
1.1732416967146826,-0.8976209133851833
0.8261542779877687,0.5713543800040466
1.4741780488476226,2.621226818421343
-2.4202295387194184,-3.140119846671583
-2.4857597972508607,0.31507771759109227
2.668814739108871,2.857818410362123
-2.486553050207909,-2.0907399801711692
-3.177033108276713,2.3407181485744686
-2.9262566414418614,-0.5207183246702187
2.8830888357760047,1.8379095687805318
-2.604368976741972,-2.1437873356010955
-0.9485081643171439,-2.8744999985148008
-3.0645816640392973,-2.549317243711268
-0.8418631393266344,-0.7901020363829415
-2.8605333939816187,3.394715705964881
-0.5981421864557361,-2.510074281504951
0.9118362612255722,-2.597015258808486
-3.4378783245134383,3.0017746509376844
3.0245595065762783,-2.1537926771516713
0.867618254470936,2.106872868298844
2.9153273813370792,-2.357301338888026
1.2228794111961638,-2.4722287352922807
0.4925172317077502,1.1259843302003398
0.7602146311050731,-2.725327150320278
-3.4602796945182366,-0.7017679799352086
3.660137062722802,2.3765343171402034
1.1827624127721656,2.372193387783012
-3.1552834843218145,-0.5610178768712841
-3.3138286226077844,-2.463418817933356
-0.9615666562504788,2.7087746535865014
1.2304173015827038,1.7265812372041558
3.008996338290547,2.435183839654246
3.259381658714223,0.6985199719773312
-0.9002139556187778,-2.3169845291482316
0.949140951556966,-2.5445359196081316
1.3914777295521306,-0.9545997776497506
-3.216108430704619,-0.8955305780982793
2.669777011224993,-1.0971016677470267
-1.270793322784497,-2.9705954913113617
2.4819417313312746,1.1125147810521854
-1.1770522953842313,1.2301217415316812
-3.081009146890549,1.6857378341214437
-2.9689949704538194,-3.128606649079997
-1.0904109799057673,-0.7275636262078781
0.9650821207158878,2.8202789782994273
-1.0608684603321468,2.3291909120370127
0.9999793762444132,2.765032498414209
-2.6614931475825303,-2.8998730984910592
2.8694330947757924,1.0798124844122396
2.1852213814233994,2.613143882237542
-2.460034985956016,3.3562377502915526
2.615684864959203,-1.2404811552147994
-0.9088341086239973,-2.813605385259537
2.6806463619160987,0.29015750460279116
2.8359422104095935,-2.5721491750463055
-0.8668075738556169,-1.4465520278033777
2.9354143562144013,1.3590862948715787
-3.0316762290417576,-2.9267772397489815
-1.2571393763173948,1.0165629924416317
-2.110181617692817,-2.4287030443713298
2.6565512800645674,0.9651882429468368
-0.22862632765210675,2.89598325737066
0.8498050994004867,-2.5821985374055627
-0.6005866700177288,1.1593587570716712
1.0255151623235166,-3.252626291077906
-2.315682532535934,0.9300979536716708
0.5151563945548372,1.7792882507720347
-1.6637131262878557,2.8765911817933696
1.5237865803978112,-1.2284984679746513
1.1856193025697392,2.6572694772153356
1.4211814103778504,-1.9619429562602464
0.8894872308204307,0.8069681303378687
-1.3732776899834458,1.369880253689946
-1.2693155781542664,2.3275801988119245
2.174450702087779,3.1467839077715323
-0.8537305990306073,0.6082680436614495
-2.4067800850075747,-0.8920715811906857
3.170069015329098,-0.8849237732270557
-0.8620781868660089,-0.21678539051822193
1.2856118890806834,-3.1430556525810136
-0.31572979844214527,-2.850393287251948
2.560452953120753,-0.7088069578672571
-3.511591205192405,2.7584904260873406
3.5278336763446045,1.5990818160990328
1.424294241039653,-2.843762457995108
1.3610217418277937,-0.6866706822476278
1.0249157859701277,-2.9361729809914037
0.9121477823891951,-3.0655202879800223
1.0989112210632501,0.5718298030034938
-3.013005572791887,1.5082840127850874
3.463084097597179,-3.061067788263785
-1.0724012762902944,-2.679694257947979
2.8617029565852694,2.03114470127978
2.6594243931652275,2.482877673192097
-0.6915929651461812,-0.0874312220884725
3.2616751496167233,-3.1953338449577773
2.3981689915429136,1.2851799936540345
-2.5446810641373028,1.4903036476695983
-0.654172009352235,-2.6124955876057516
2.263346883184679,1.9607571377441984
-2.9020235282158136,2.6060996927495643
-0.9280119874019988,2.6850863319573497
-2.4735055569108853,-0.23114858840043162
3.1051509202478678,-1.214335400422814
-2.364332562375353,1.7093643941975394
-0.11082244349167979,-1.2580357877404413
2.8273937748085096,0.890784350101098
2.370378645728222,2.3487916888650973
-1.5346411868037504,3.0954022107776527
-1.0509317235391349,1.3467339134801388
0.8528200752420292,0.7631040203524723
-1.4232752372991904,1.0413267773617931
1.0614086863955905,-0.9405909843313006
-1.1062510689139826,3.1452754491943047
3.230149201271007,-1.3794844504151627
3.0483528808320735,0.7372806551134005
1.0983934410023644,0.593758017532939
3.399491078403089,2.353797283622863
0.35923502520966866,-2.6358284514624253
-2.759220225749054,-0.9958557867645598
1.019114013608409,0.9249513820283509
3.186956217080871,-1.1728361651206802
-1.2609746175620034,0.9841703305313505
-1.9561435946898702,0.41910190680970744
0.3193665734136885,1.0946451527202619
-1.42352329413064,3.0876892157241094
0.8429416574392794,-1.2566031259968935
-0.9182602236524926,0.8725120772575816
-0.6658483110202869,1.0679964401850919
-2.5379777775381753,-0.5950644380309094
1.0561104850205294,-1.4706835004819248
-0.8668763104232524,-2.2777812730964277
1.1332362289643072,0.6268440205530301
-1.011300923795298,0.6549934971341245
-0.9143938030701558,2.9999286312286437
-2.9177135926838216,-2.8111902098392605
1.1400887023295199,-2.0225167406967834
-3.285795631086976,-3.714689741395772
-0.9758865795478271,-2.605544279918747
-2.35941505652199,-2.8842770802825926
0.8161857573521629,-1.6351008353867826
-3.591321023816758,0.5007149312718486
3.03223582841633,-0.6270273372208837
-1.560058471101555,3.1281162876363644
1.3231607354072195,1.0767788502717128
2.7755394438235337,1.048260346631935
3.16662587053104,-2.2075670441730035
0.3069887147255548,2.3386925230689606
-1.6877051010823894,-1.2414201297435887
-2.8922815407152616,0.6878831403889787
-1.1992214353922495,2.6010613608538127
1.1424701295558934,-0.7021097339362821
-3.0027254299402317,-2.6270572570900135
-0.9982698729167041,-1.3355986716289343
0.8589443717654468,-0.8815543754631674
3.502027674545783,1.0704789003395607
0.7425660853452786,-1.030500886830897
-2.5324180876634923,-0.9496133308304248
0.4150246040225225,2.5641508644725395
-2.787070108605782,3.07670864023119
-1.146790308132433,-2.609089795889984
-2.784435048879819,2.84811654180261
1.1512475730417353,0.949643902904165
-3.8218947410560213,1.501180665662439
0.8687222318792406,2.6469000170286345
1.09886917289878,0.9672494547956918
-3.26705515608426,-0.7614715046870756
0.7190464020082052,-3.3201064063703587
1.1202949090120782,3.234284764608229
-3.2369471691361134,-2.615092734208031
-2.778270906951838,-2.5340541798178386
1.0906956821650384,-0.48152583506058244
1.1658322566840127,1.437689406386591
-2.7346915284622026,0.9709612019394137
3.281986600646085,2.0512786577844238
0.2609903947133226,-0.8454139589953911
1.4185557474198838,0.5890382840407589
2.752075827828184,-2.5829290930942506
-2.880006577888304,0.34454775989271896
3.025764439763361,2.0589532405052915
1.2236343764901394,-0.7540598924808396
0.6371107160984395,-0.8402729209413168
-3.2190011534666634,-3.4510510794760605
2.7011008604002105,-1.2239522205233935
2.351794162366677,-3.45077022241717
2.6091425949809333,-0.5985155931026163
-2.6500830754114846,-3.7280837014178827
3.0090317865638214,3.6565918213307107
-2.894177657278047,-1.1446678504259808
3.7765367550655085,-2.939805355938755
0.4966868620396729,-3.0404882167108584
1.1562824203014364,0.6856768414767982
2.8963384559463976,1.20300830840684
-2.438755174507603,-3.0793969718217498
-1.2582830893188062,1.115352752121
-0.9923323777119474,-1.5621215239499873
-1.1016126107324282,0.4831035788411925
-1.0813834778357903,-0.5424559075571014
2.9916293255377844,-1.3942685496581937
2.571919186917426,1.474417304716539
-0.7405573626919921,-2.897519306680187
3.432926217359482,-3.524073551593617
2.295422810013268,-1.374059534704557
-2.9951485715246258,1.1356286958171322
-0.26490985973417824,1.5824669334889787
2.990498558195994,0.9590754699725191
-1.1806310776922697,1.5337809736699202
-0.5021154690205655,-2.4151587512551105
2.910764785840622,-2.7898304813927974
-3.0426638095510206,2.151397607607231
-1.6125771172085632,3.100556361171353
2.1669159558464264,-3.3249566958519905
-2.7183638235002694,-3.0803592053660185
1.5052938712749435,-3.025796482332392
3.0511910003560168,2.2079296605484453
-1.164764106291575,-0.5667581051268802
-2.9320810856623822,1.0611497008191466
-0.3210171547968067,3.378133960077667
1.0037555765446982,-3.3707692531135303
-1.6931002891064366,-2.735046686207118
3.1336557642348306,-3.056766351620674
0.7328942867640206,0.44670192975238254
2.781631667232179,0.3321457759177686
-2.795253546226993,-0.20611165732227418
-2.1505916573520434,-2.3227943404943923
-2.5952628223782472,-1.3429262688149355
0.9926129494018934,-1.0258093854209138
-0.3892918821994644,-1.3350655545050467
-0.7753535867267628,0.474291100683868
3.0688482723414485,-1.4572538150471022
-3.035106445942301,2.9961893974946237
-2.8963136836368206,-2.768179046767056
-2.663749112502,1.1576481586062717
-1.271476992203186,-2.456164830391224
-2.358725457502048,-1.1240357422327907
-2.6735862279230616,1.7020712017488253
-2.418946703316841,2.9093454723683956
-3.0107342472381355,1.2751856943798665
0.46141867530843844,-3.2904520097411494
1.4093565465042395,-2.705832015048465
-1.372679148889433,2.201857485883476
-2.4673901029983565,-2.2709037575883477
-1.0662998948590774,0.22400333184659596
-2.5585016127428526,-2.427215103802668
3.1633339675902,-2.010906445797804
3.050635680902632,-1.1682812814579104
0.6409104944129439,-1.809276610395601
-0.7801719691641938,0.8542640082901388
-0.6580253012678289,-0.9111473110352507
-2.235395281475907,-2.7487581815706315
-3.1317680833027137,1.5952206303804255
0.969949650451867,2.6465480957371614
-3.5088894159568533,-2.246244841656655
0.39514782654087477,-1.1253200670044716
-1.4126736261813764,1.5333125421236855
1.1620230911590408,-2.802255843414497
1.3534549948307175,-1.0125261129207102
-1.634595042404638,2.4467934615637894
2.3239265741870674,2.832044704975956
2.599828009602045,-3.039647008881356
-0.8444836760653645,-2.833982886537029
-2.9149988235458806,2.8886517695606986
2.023732451942992,0.9819929304756819
2.4878412968192007,2.6543544354982096
1.1339886921413516,-2.7113435314089633
-3.2660719674625294,2.045057662731431
3.1457802433522106,-1.0583399319512639
-3.5595872588960953,2.505773889166344
0.5655100652208018,1.3870824057889959
0.8411768474618141,-0.9843840823925545
-1.6455025622596016,1.5266305719923356
-2.2723584636350473,-3.2302209413436493
-0.451589380756869,1.2756543234749207
-0.7380435928079763,-2.62867860156671
-2.860578002352858,-2.7341243413638225
0.8266123722741225,2.466416115446615
-3.446146664588898,2.6007536022932696
1.9584708039463263,-2.3848977739401263
0.9242157342471901,-2.939858018521452
1.4266912794291517,-0.7013119830289851
2.741832861521354,2.7186194183995283
-2.4956324099767584,1.5681892203753445
-3.1100240442091325,0.3330939133671192
1.501007651791396,1.2929914332826316
3.275775131351904,-0.9105251151010766
2.230503894653877,2.7462049913545346
-2.310868530183162,-1.2456783007391565
3.0608265669073518,1.0933367838758452
-2.3384017099204812,2.971848980695201
-2.177144375466883,2.6839465157927784
2.555787223769957,0.6011652899593882
-3.180250427460445,-0.9182258276996049
2.546794369141337,-1.1497280177703864
1.2189444094253647,0.6564900359195105
2.528285500890387,-1.017711196923124
2.4854048522741126,-3.025523031029506
3.216657086059349,1.351161731569261
-2.3718637117258115,2.867221247694578
2.581169255418192,-2.7878582016682594
-0.7896767647390163,-0.8962788236366812
2.091560440868273,1.117711945518425
3.4023558229109727,0.8725097308445198
2.909535860239053,2.729243992217047
-0.8491272604960388,3.2567863990931816
-0.9491767653442441,-3.10966598287545
2.6151341413348206,-0.8038278872158562
2.6457586834966547,-0.7341706926602389
-1.0184192155086913,-0.29842952944320905
3.106034957644197,-0.5190721962736574
-0.9675082323880388,-0.9646117989640968
-3.412487972922136,3.0354420373241733
-2.7507628672300695,-0.8486497069682918
-0.8018129048079286,-1.0883086558004793
-3.1933179064016493,0.8309889295585611
3.1716906662200954,1.3500382974371257
0.5445289573757175,-0.9233125561861145
-0.9471516383566578,2.6614220037479113
1.525375958214334,-2.330958586705301
-2.6964280188728336,3.3567642692075066
1.52511822512506,-2.8607745715118997
0.25915924977376437,2.7371237487207
0.913763062850678,-2.6335556516059255
-0.4944706297160713,0.6874426042523722
-0.6574660927984787,-2.1596588449037606
2.34000785651467,-1.7294401431666826
-2.4967690800159197,1.629405957925877
2.862566615703752,-0.24924180410084648
0.15177186090382136,-2.435270526475527
-1.231080848043142,0.3909104324106444
-1.4177819506857596,1.1743854648068797
-2.8204180287719156,0.5019202346992561
2.650145749926246,-0.39668559938015663
2.916043638500016,-3.2521237030757644
-2.2100424436355333,1.3747754334041986
-1.2179168541818393,1.2075583510692534
-2.397140494259359,1.4188572271804156
-0.84083486230943,-1.652745684116191
3.029409896761906,0.9984882659432673
-3.0157856768642435,-0.9804988315308623
2.7185361824202654,2.7958684805082075
-1.025892552499417,-2.164890848351873
-2.2740434843011244,-1.6607970029473123
3.1761401799311697,0.5882425389250237
0.7666492957864434,0.8499675200397311
3.185237573282447,-1.1373904299103366
3.367191516433123,-0.9845114964569135
3.117571593221214,0.7093177338994635
-1.4399256059602157,1.4986291448480056
-2.57573008518015,2.052746780900943
2.0650634892039736,0.5171596708739596
-1.0624030542707497,-0.6197736795219707
-2.4595903790032017,-0.8276021907283554
-2.605101866128721,0.8426871777453678
1.086281551599956,2.7556800732525906
3.074394917447338,-1.725225452900468
-0.8259061692064202,-1.3509044828686976
-2.7882854906653534,-1.0377446841812257
3.018915153892594,-1.4165606298256854
-0.5828283560454959,1.1018712634421906
-3.1006943616449467,1.1115381101407265
0.8498437626412573,-1.3274295870758548
-2.893056606529441,-2.7479716806061876
0.5866154424151753,1.4033102549630077
0.5453786726097779,-1.3513526473428075
3.3046630853300094,0.6990263309633261
2.786128002120653,2.7375644371542145
0.6396308840966785,2.6164824881025712
2.322361510256482,2.1096336882817504
-1.2363053004901805,-0.19002955241629937
-0.9536493188167993,0.7712319251291991
-2.7966128942430255,-0.2607645151565013
2.2549492642655817,1.1207957036855773
0.48419524592906393,2.277245714638474
-2.7913546658208492,3.1639910202905424
2.5723908170871908,0.7515180087918139
3.1746000033594783,-3.2068126096118426
-0.6800633934914471,2.65440193071375
2.6410008039341792,0.6002418167412046
-1.3215302406904066,-1.2150725630967987
-1.1692881101017947,-0.047028078293553675
0.4523586401475322,-2.739902097937328
-3.086459127783909,2.901125945530574
2.6443054630365346,-2.3062777351908
2.831214777578208,-1.5132563511213322
-0.290318186889086,-2.6316482638828638
2.9823315059128337,0.5928835847134869
0.7591597307785887,-1.0770633546876642
0.6669863423790804,2.429967149921021
2.070551827870827,3.157738311385765
2.8654529473883237,0.8181448979777021
2.38527405276488,2.722627060993197
-0.10386664660081926,-2.750071474589285
-1.4330579546838809,-2.3588174148572687
-1.9825459887093309,-3.3865868272507016
-3.506211175401645,3.059808876174865
-2.4374137023541578,-2.6108813286441115
1.4374395089657974,-1.2272430844717397
3.16088249843811,-0.9641768656152581
-1.4740197741103291,3.397757664259283
3.1401440731613515,-2.1881707487680275
-1.3247076517904133,2.9033072462321043
-3.386427021455092,1.8585564904582965
-2.0709789266657004,-0.7812930234698435
-1.7320863650613085,2.81790463413965
-2.5285551809352493,0.9621065798923181
-1.3339291181661415,-1.2214504704688107
-2.846232140287225,2.6327952239324257
3.297873958056478,0.17788394766131155
0.6615644345043618,-3.234568663024959
-2.7984769145973156,1.4607414596413537
1.3869080062905612,-0.9620078106530285
0.7882029542802753,2.2034714016646175
0.6312136540823581,-1.002772682777126
-1.6746099307802307,-2.757787949580646
-1.4193437893891259,1.4467936039583877
-2.782287155986882,1.1739472531477153
-2.3554283124815236,1.1768574821938618
0.7883578425375279,2.358019609630624
-1.3347903900240747,-0.587509192074969
1.0115968851278194,0.5589402456697261
-3.218986477661064,3.0873684172152793
2.8122141229076947,-0.6657601551607406
3.3729685136996124,-2.437031573541988
-2.379428696062845,2.498939175120575
1.1969414612248235,-2.546543758584948
0.5816797340801787,1.1513340229484461
2.5253245673037075,2.735433380496835
-3.0201048112703845,0.8768061230231189
0.42510717793388647,-0.7209352139730392
1.1587401440911018,1.1876802928752415
2.531931646206547,-0.9901059616802145
3.3425620153682445,0.7569743711282202
2.6677202995821845,-2.8299512894669596
2.6818033035866367,2.5332741454285954
-1.5012230393073147,-2.744117087575618
3.0313287672760674,1.2832980184503924
-0.926567863602235,1.3663197664451379
1.2579141413457091,0.8859861168599485
1.2153613871402054,-2.8818984344537917
0.9418986133897487,-3.1895837608206623
-3.1287035369519844,-2.7625509927752288
0.38192497879920184,0.6315772581057735
-0.8353281927034263,-0.917456527075425
-2.720114171815935,0.5800221718552286
-3.1429442739156745,-2.9994969707789845
-2.937608235416364,2.3575646787328126
-0.7632115352512465,-2.4005709284720798
-2.9234633408421473,-2.8426941577029043
-2.375458479515871,-2.3169506309347545
-2.3511104233283855,-3.221195507950568
2.197327954344239,-1.3507409590654533
0.8323443882276699,-1.043139277970497
0.3571425910014166,0.9462903097322938
-2.326737112051134,1.2620652264299952
1.4999658385375412,-0.5682332779361096
3.1802767255995743,-1.0876035427927635
0.2609275045875154,0.7283705404391073
-1.3626906795189038,3.029540461012734
0.6766661236571608,1.1566465407466486
-0.5300612387719964,-3.25802549282907
-3.057752118716724,1.239320839500209
1.0277478369494673,0.509827748401102
0.6386601984990494,2.5409995696662535
0.9111573724907016,-2.5107235943604698
0.4978666345277113,0.5461449848790835
-2.217607112491339,-0.8310649509012906
-1.0127346373576143,-3.1221321267616347
-0.4377768393151778,1.4016171772148973
0.7211820943118242,1.1880252121888437
2.785507246269816,-0.6690906362441106
0.39348163430642774,1.4080657012828381
-2.902951042570328,-2.280919654690449
1.0000709314246143,-1.1387419961845644
1.0715923671255503,0.27571592259030864
0.7665279102196301,0.936167819466953
-0.7921301543787616,-1.0775734314997811
-0.7731477976113549,2.6117992913684835
2.844864847516962,-1.1517724520888728
-2.4651260343852326,3.020601230844595
1.1845426697482533,-3.2389380918864834
2.490215252135976,0.1452558610384197
0.6529176011623804,-0.7297118909986213
2.993745572657395,-3.0750591099432296
-2.7003029620045957,-3.45718838239041
3.3225419161639747,-1.3843055579931716
-0.965878134721462,-1.1172053949783778
-0.6919342837932024,3.170514332231329
0.6379238019524719,-2.5168230707169044
-2.8756505629534694,0.22347519012889158
1.0696616528134433,-1.2199974410147734
3.2517907684458613,0.5974663610209099
-1.8859864594082563,-2.4586478481415353
-0.632801120106703,-3.1259838002006815
-2.4220019539816158,-2.422975753447366
-2.274406856302806,2.6727323264809146
-1.7237455168584683,-0.4541259578442822
-1.1976757310556834,-3.2591941839053726
2.9791029149683705,3.298105929534371
2.2051047343714782,-1.4551000821925841
-1.085104346858198,3.2071583423515477
2.9425215981343316,0.6397562912172208
3.5006233632325694,0.46127511552023504
-0.7960446200942637,-1.0368284448600542
2.6666605798486587,-3.265242069988744
2.191721390327242,0.7002527889613445
-2.21602171020879,1.349616713327101
-2.513006728020099,-1.0053048809316678
1.5842713635707877,-2.5976552402898774
-2.7895932522965907,0.45964426552555143
-2.6204665563430285,1.481790206991696
0.7638724822576107,2.964555253281989
-3.2320052948954516,-2.6780038827815034
-0.5178285056284634,-1.3501870486523802
-0.5258817646459566,2.6695362748205014
-1.9737803353986911,-2.2424258206667007
-0.947423213997545,-1.2503667823639946
-3.344400022567311,1.588708641675337
0.5902271095941278,2.345253037549374
2.4009465536872456,2.3055775867213213
1.706109469703311,-2.8048098603426537
2.803834424708381,-2.8431371881198553
-0.31660413509996344,-3.167573148870908
2.8517897530191583,0.4172115516238522
1.4568009644325044,-2.7931425109956773
2.018451725192059,1.7811372629520925
2.4273963498088924,2.992000339286571
-0.6733910634359299,1.3854060486495736
-3.419184495948762,3.0962548760718445
3.2568220287380343,-2.1072000530664803
1.293286224373819,2.2570732380397853
-1.7125679188373395,2.9092404437395305
-0.4650575620175934,-1.165929590741479
-0.3146932785353679,-3.629213537233098
1.4254417736747667,-3.3029202739937062
2.9516915317073735,-3.0049035148557177
0.9426048073146699,0.6914275278205037
-1.0435774582903068,1.2486513196661477
-2.7149490721205414,3.3740847176171136
0.24834062290409065,1.0608770314577312
-0.8101683587485552,1.1963046101985269
-2.7702446392836233,-2.4192254389674477
-0.801745656039889,0.9186608429534594
-1.4638012536856726,2.737337839555405
-1.2063806615402168,2.796256881605482
-2.9165796606153833,-0.1723978014799101
3.2730099479600407,-3.0922581042885304
-1.4629967447339614,1.5883222875720264
0.05107457605735076,-2.3322276144833043
-0.9156804587693399,0.3002479852984609
-1.2394901176008277,1.5268359071514512
1.2456039399372991,-2.370670825456024
0.3132693508102881,2.704621211594053
-1.68403016954793,-2.719646928101302
1.0161879179338404,-2.639427112100517
-3.30443780793932,2.6594510017977067
0.44739241816057873,0.9310817374334849
-1.1308115560496133,0.7060549453903298
2.928029511117197,2.2574177767376407
-1.6866971679872664,2.7555936418358975
0.8537803444215102,-2.7550508387270582
-1.3853831161612897,0.8167796537863241
-3.5612249798736397,1.6031514659601311
1.1421750975046365,-2.7488305229936767
2.852427490999296,-2.711238564047791
-2.5574722336308415,-2.4258069059522387
0.5770784858503902,-1.261622129558337
-2.2999999873818906,2.388553662227853
-1.494043780263857,1.344189788732845
-0.8549627540788846,0.705889225632367
0.8513950529693959,-0.7563631341781888
-3.522540649522429,-2.5120395658870027
1.548833105648029,-0.2114319614532364
-2.531158244321627,-1.7849773806876468
-0.5159182908118739,1.1205321221660618
3.3898838936844995,2.9077011648834117
0.5847004767088795,2.9441069455868982
0.619870555827853,-2.708619913500547
-1.454686445885258,-0.5897671319046628
-2.3402142867416837,-2.3774488886673346
3.142838329530074,1.2013403617025995
-1.484289319658787,-0.5012098806054367
-2.6660271754021387,-3.364468143236764
0.9311959276603811,1.0133951379142891
2.7906165913847136,2.8830238139801114
-0.9922466780652375,1.3068536013288399
-0.6477507487573944,-0.8153269337921475
-2.731030245228986,-2.9207492674679227
-2.028288113929991,-2.9976109497003205
3.106781377989708,-1.2221760910040462
-1.7216972631355285,-0.6203818847004703
2.478957869228055,-2.846463157084995
-1.0040784764477322,2.8713944316681226
-0.6056569455459063,2.822791334337877
-2.2920639637812816,2.9204476319185315
-0.5032256800834163,-1.2196299254078329
-2.668797923250577,-2.4084854043807833
-0.9329286412378595,-1.120846011286857
-2.6966055916648775,-1.5396474967985867
1.118738709069481,-1.311077752033236
-1.5991442465793475,-2.9994834914778994
-1.2536533528337677,-2.7278104619305137
0.9658638130795133,-0.8090724244159565
-1.1753987176427658,2.745153714128293
-1.4042769727425544,1.1697536077393227
-1.3780001452011463,2.677554073959231
-0.9240532373031085,-0.6246318728412034
-1.4760000415902177,-2.269866489665852
1.3879614394623656,3.0367058565561416
-2.6131030403961053,1.655306705779099
0.6663929782170069,-0.9025154888757113
-3.1678464249020872,3.1862686475897286
2.9823650486133233,-1.133013052763313
2.641406060342699,-3.369128893083929
3.0897768090238236,-3.03003920422533
2.4570208139831182,2.304351842918806
0.8336975962006463,3.620370746664042
-0.8668740945192326,-3.3743687404579745
2.5313918273309772,-1.1112508833874717
0.8289083975196156,2.5678541468284677
-3.383899549554345,-2.864728447538281
0.6829190614760031,-1.5425557808308858
0.6877208708239909,1.2800915859387343
-2.898688949561275,0.0950590039662558
1.2034482941042965,-1.5706540324379341
-1.1303741221047119,2.7235996461641525
-0.8515775911133143,3.2692323492076074
-2.361282734439572,1.6028735556562768
-2.5903849526849307,3.0672481399380325
0.6938038425124152,2.743670182908698
2.7128911688691293,0.8123572983655538
0.9663764040595153,-1.786453560780534
-2.8256717433787353,1.1601225878002719
-0.19241056533876888,-0.9323710176830988
2.31476418581058,2.7957930415781953
0.6489058128812998,-3.4761959320994698
2.5025992226874725,-0.6237580606908639
3.1777709316922,2.739808488433885
-3.1398905883367654,1.0326814258793766
3.05838710495284,0.8173881976194636
1.1982076046013002,1.5276154759548437
2.793176196456339,-2.048641182149611
-0.5850275133872316,-2.3694094053490615
2.671883934287287,1.0126912944450308
-0.8203063368350187,1.1286495172887678
-2.3231068648097,-2.483285564394133
-2.7459678240282117,-1.3854827642035874
3.5721143163693787,-0.6708234207237203
3.880557111588557,-3.5732478685057707
0.9498710390121167,1.5474360577555006
0.8769625151925028,2.6464321330607254
0.43844136308105813,2.6422183083687263
-2.9240683985772167,0.485710220466382
1.5697400470199847,-2.9035043556206195
0.7909855973713744,-1.2920424003300963
-1.2353082955001953,-1.39117239752353
0.7828363068628177,0.511758070868591
-0.5897452977223678,-2.3324196430099664
-1.1566904679715762,0.6656207373385016
3.540231463053593,-2.655036610259913
3.188831492910917,0.37729289948367245
-2.541164306400962,1.2872119594064948
2.1081930194824334,2.8591833641508626
1.1198374009636007,1.0663993634811837
3.0295860185502526,-1.604112347893998
0.7973820547713538,0.717312825076808
-2.9469414264517333,2.8862647012806035
-2.4504196795752056,-2.308466701607838
-0.7071855449385587,-1.080830298514628
3.1033621393589295,3.1710819529274183
-0.5776950946195113,-3.1709873281787595
-1.278054348369311,0.9898141035961223
-0.8832161308858206,-2.7025845715131975
3.495206468289048,0.6848993454718126
2.2414621599478375,1.1919512670949266
-1.3487134274836636,3.2346304576497995
3.3444003997500142,2.022677928235996
1.4928737503714031,-0.9265903829795137
0.551754185870467,0.7429669650845409
1.4473456393232806,2.2769026565951176
-2.3812622195345727,-2.304386482815007
-2.475497790248518,-3.076441629043321
-3.3023144089802297,3.245544207819687
3.6003309048856553,-2.6954763710637013
-3.3260380053549805,-0.6083693534883103
-1.7717445360651758,-2.0455226955022296
1.4664699394261997,-3.3366922194064186
-2.704864544471392,-0.5715559001421375
-2.4493266795871445,-2.4986244370828365
1.340304430926835,-2.998300869887335
3.268945549730762,-3.021885088982077
-0.8471575554064041,1.118759953158057
2.805023546275463,-0.7811237164928112
-0.5948203352036964,3.4421035095624726
2.8219791840540704,-1.1516795738772836
1.066798789406394,-1.148368188373553
1.1675499131466969,-2.4495570807391935
-1.421515182542158,-1.4475136916228244
-0.6006943816241688,-2.573017794860056
-0.4909545346833371,-1.1146993923616342
0.9144300954280784,-0.9960616119491803
2.9897350525408233,2.6015070761824686
-2.9004030323069117,-0.9865525478447452
3.3377722586649012,0.24789921180643776
-1.1035411701876445,2.4745033515372175
-2.4665455553378597,0.8724712051340267
-2.805411062745169,-2.5687345544201867
1.089913744322051,-3.0352616591953843
-0.08764862751228576,2.941845691490286
-2.835898207866311,-2.503482097758767
2.528630570293889,0.960905537679478
-1.3171221829925148,1.8903635753115402
-0.7416344324472878,-1.6951337929976664
-0.9231324146196754,-2.38892722099297
-3.231473348819999,0.558928720136552
3.0528543482504156,-1.3350543994453419
-1.474051484336932,2.136640579791876
1.2819144406851024,2.830606318639193
2.8924453533317562,-0.5148095265168501
-2.880312977088416,-2.907970019777351
1.528877007426982,-0.47836646677046185
0.6929128521178953,-0.7872839622940727
-2.6880910147337826,-3.012262551452278
0.9496950762334875,0.2823299227033798
-0.6078058401441067,-2.839569794505415
3.0690643574744096,-2.901833861276869
0.3795224961708335,0.9384410364568371
-2.4904130626704606,3.140831929044962
2.8355921745892476,2.4446342096562272
-2.898253076301233,2.702851861901393
-2.648723354283083,1.223304144259604
-0.5150486686654272,2.9326746552076495
2.8026020991107443,-1.5876142282687347
-3.12677513082178,-3.138266956567275
1.2454757430358796,-2.8271882965263884
-3.3611141651706533,-2.9159556499936663
1.344106390597551,2.4581375565539196
2.456770510352206,-2.0363791302159755
1.0045984290747076,-3.121371920303109
2.7530792824310155,-3.0630085901541
1.3224079134629052,3.2404048621340764
-2.848501215344503,1.2928007768867071
0.9447707818597604,2.7084712176106738
-3.152221241953766,-1.6074729256126477
-1.30576118934068,-0.9446635319980184
0.8062437895761322,-0.6930378423911253
-2.908070323946077,1.0547363935611047
0.6705018847597468,-3.353159944369759
-3.37584728463406,-1.1648096713845497
-0.8686821431473113,-1.2309359915677327
2.8231823019354683,2.6502133654566546
2.623767538429335,1.1732392052117662
2.9282185406354686,-1.2921188363336413
3.1425985832783376,0.8946012707927348
1.1414114612104953,-0.43353914869582466
2.5224021612892673,-3.320454832434189
2.7712208202371653,-0.5534180654362666
-0.7976323671493879,0.974611837387781
-2.5334519876859387,-2.8766989499674973
-3.015749877173332,2.7969741701093596
-2.2292871365283076,-1.0164391812071747
2.435858104963192,0.6032952818351818
-1.14924774323826,0.9427657957155993
-0.7762740086484571,-3.1207205201906754
2.632828711797174,-0.11571137585494336
2.8938140732647275,-0.8248996272663879
-1.2618269329966387,2.782957445078762
2.6930313055057393,0.5505869196458171
-2.970049449933141,-0.5647418748795351
-0.6701679973270109,-2.6681367803098635
0.7695005391206134,0.7941013219802028
2.1938124878753866,2.7157417280699945
0.7014694237779376,0.9461727291651499
0.9785997045669154,1.4142838927298869
0.4845406227268689,3.217321436996793
-2.7198490794439474,-0.4822954523783611
1.6610236453561686,-0.5756278810511707
-0.719327281050913,-0.5045214482953901
-2.959131901467054,3.3219179258700744
-0.6659351820566095,-3.4385460815271074
-2.6465004448670997,-0.7559765375719908
0.8764766480999862,-3.6020781455832807
1.1719994102600757,1.0618680679047066
0.7561334373067689,-0.351185760943087
-0.05848815741768665,-1.133235513007541
0.37740077782087483,1.0892322497774558
-2.8014611047039897,1.6903466847384014
-2.66466475720737,-3.080150175674299
2.9835808042646135,2.691094326016826
2.406969905399497,1.3860661369138971
1.5533956210167386,-2.9960415903858046
0.4514062958141709,2.5464660878066665
-0.7719285585017481,1.3380801345568278
-3.224136322831058,-2.6269535315789727
-1.275675791728596,-0.6960740943288116
-0.8488095746623038,0.044131880116478735
3.035054891314173,0.3637399163301256
2.84862861617316,1.699419726580642
2.561007253299737,2.1864629423085806
2.5149843073717717,0.48599021222197314
3.106336218364452,-3.3499679276154057
1.1871451802120079,-1.2330788933324326
-2.7815362240022545,1.5204070484415277
1.055084818028675,2.8985705823131136
-0.8040560949107446,-0.75434007148505
-2.424720540781318,2.6102916171204025
-2.839097549503259,1.1402649722178384
0.22603612275523727,2.662548797782083
1.0265294771508937,1.7129615809196548
-1.0751994602092467,-1.5165187737969137
-2.2196644743230776,-2.794070729674839
-3.24246219198901,1.1344641052633604
-2.757519936244667,-0.34800414732336277
-1.341106034803129,-0.8855510019814212
1.8131383427905439,-2.770975347381271
-0.8380583135617967,0.23652598537301336
0.7879234085805668,2.9225792768135213
-1.1399727705435083,-0.7013647776755478
-2.6730564670748307,0.8834158420858771
2.4589894713991716,2.667955875313495
0.6470790327412466,0.6011259585204372
-2.7102887506489903,3.057405368326668
-1.0541202280210829,1.2911421014106965
-2.9990458427597813,1.2000393495425772
-0.9098456593313556,-3.234637442748252
1.077490077357224,2.3374658300907654
-1.1542160136208037,-0.20371895911776827
0.9424434240535345,-2.909322873867734
3.0460064163066045,0.7498886730282504
-1.6604510796505731,3.2269559647214745
3.077525575828405,2.5773443808696137
-3.0567849248235865,-0.44403302043636206
1.5662869076294927,-2.8023219624962015
-1.367394027202197,0.9596238620601267
-2.81872322052081,-2.5661279896266715
-1.0025106010268845,-1.0968268008416526
-1.1629908718058826,-0.9403415509787122
-0.8008007939483412,-1.3235931826853917
-1.034146171023551,-0.65141696902544
3.138535879339913,2.7227778633111046
-3.0005876123276383,1.747579336317838
1.8044342747941227,-2.589624793266271
3.257276618802702,-0.383104360821742
-1.2395273685704633,2.605593574330197
-1.2618696666841844,-1.0844216964175453
-2.563897451893783,-2.9648539140833883
-3.1051750168660184,2.6495907462122443
2.596069406942487,2.560562062166557
3.2307143858088896,0.9679694274982459
-2.9505871863622324,1.0450729900842777
-0.8941473137999411,-0.8785875532926806
1.2112688384347983,2.7313657086502157
-2.285212749146395,-1.0742605778888588
0.7610328630351444,2.674582402960968
-1.000510786167797,-0.47558026483158683
-0.8866783616592434,3.0258009096042224
-1.4707475282223437,-1.004198353445712
2.581688388292961,0.14427223347662585
-2.9195609490783676,1.7117572016365232
-1.3587660696273918,-3.18849403020233
-0.5930782245908287,3.257683826906515
0.35845154955475533,2.337652595998136
-2.546955525310734,2.642359930430973
-0.7120161880979509,-2.2816704506748384
-3.620898848699587,-2.575232234827858
0.9027366472211342,-1.3515829884594857
0.6450974082861554,-0.7589999060117156
-2.284590918843276,2.920499395438043
3.087643992311889,0.8037200717255203
-2.5753684795677465,-2.3601716294036996
-1.742229746639855,-3.235356132741015
-2.6016596718367206,3.1133919754110875
-2.6171601925993304,-1.0268481600613408
-0.8614030903925767,-3.3814362307418016
0.9707301139886657,2.602984254390649
0.5139354024288897,2.6842382186492473
0.829388031528441,-0.5486462806585531
-2.666122150349935,-0.5902942238012855
-2.9286222401476016,2.225300010746427
-0.7700727611807835,-2.9993077472462115
-0.6825397008050853,-3.3659580874369093
-0.7322843741340048,-2.366491084969427
2.468687230281867,-3.3925608658116126
2.833519116018895,-0.9969425258294021
2.763985067017998,-0.9986268792552024
1.2196004442786537,-1.346861758038253
1.0754943441852658,2.9749647848978853
3.066653092854935,-1.029899612241586
-1.3012645369421167,2.5867904735056437
0.4238316458536254,0.2390294616016753
1.1498765432829003,-3.2280366487102348
0.951437191509219,-1.2700366078700744
0.8902455030526978,2.497584855761337
2.419015450265615,2.348163668393877
-2.8039444131023457,3.110532259181094
2.3477388922668965,-0.7609854330158199
-2.7564670979416235,2.6667372658016206
1.2647654477100283,2.8467236749513316
2.3091004517594294,3.1546427958572485
-1.3538855598975275,2.6478185694847594
-0.349585669642249,1.1095739152792303
2.223099115979041,-1.1570616206699813
-0.1460113915481655,-3.144527252388208
-1.4890534878194293,-1.2144779421838487
-2.311290656773422,-3.5823069223903805
0.7007836693064287,1.150731902413466
-2.4996954247189307,-1.0093452914820724
1.62761696059914,-2.078921176956293
2.834508547675615,2.789816854994404
-1.1982476538681694,3.4560131571919377
3.238739766980902,-3.0769848928732615
-2.494022734566957,-3.895690353500204
2.842510402774753,1.7301621795622388
2.687261337588513,-1.6389606606356724
3.1681498206643663,0.4898745725438936
-0.9496724280986085,-0.7929069345098789
1.641015199956488,-3.1978250387201643
2.80785722448979,-1.0453855004496617
-0.2060658062364886,-2.9703693729273692
-2.8118818781878074,2.6943521745213137
1.1932793449723755,1.2272783975944404
2.723585207766841,1.8824842216898143
2.946203419223951,2.334169000256847
-0.7132763673481355,-0.7825589591059451
-2.5027971361080747,0.9022060973417295
1.4690443154878012,3.351021800844171
3.1982361948486027,-3.1092103280543086
2.5798275844382386,1.9049854528149857
-1.2092870185642886,-0.7792091412860673
3.0376802518549915,2.3370593645709143
0.759921841600266,2.6903973390245293
3.453063477743559,2.7071194308678863
1.156576667257938,-1.2617878471166448
1.338708755908051,-3.30194566200661
0.5144682249618042,-2.6032329452595615
-0.8998090447434612,-3.149811073336533
3.1689656503950037,-1.0625950732777898
2.848138514216844,0.8064709311551527
2.5383846698574617,-1.322809949915648
-0.07180104905944197,-1.1587314682672782
-2.814641137903449,-2.5348054992990177
1.1387936150520952,-2.148372746016769
-1.2116925787019257,2.6061234971360907
1.3402342100124784,0.8734307583965513
2.723597965884326,0.2723187593721645
-2.912651516194426,3.095631872480299
-0.6963769036422557,0.8809159396165167
-1.0568356136764,1.7001063137905355
1.4897126480011824,-3.1134270071823558
1.1055560829919466,-0.8136785524838671
-0.5048758152884437,0.9105970955292716
-2.581729417433484,-2.7979231145833716
1.227340813172796,-2.7418050211714924
1.0472829990113184,-1.4991716978835459
-0.38965542679974463,-2.818474466261272
-0.8841435070768818,-2.435409548184572
2.7802908476242583,2.189078005127065
-0.6691095703734317,-2.6416958654983302
-2.1726525122480544,-0.1960410052382285
0.849135495439947,2.1998029544117426
1.2201947197043082,2.0124679109554338
2.713540950252857,3.1349392673862146
-2.4351395381579817,-2.370966345055907
-1.0923384144759305,-2.39351495687643
-2.367230710845819,-2.8066937328924353
-0.41952811820960784,-2.1252859981388896
1.451479021301824,-1.311180121565458
-3.2550101703379446,2.7348458040298196
-2.7378947330540857,-2.8581547140372545
0.403278825610794,2.2926959588189315
-0.6031849161029951,0.9720678875054035
-2.758461258127952,1.614064023566165
-0.7687930479803606,-1.2868454198846988
-2.5288507757185794,-0.7823336082538006
0.36307217015386384,2.567211196318892
-1.1704383841150967,-0.9298413998260475
0.5625127667841435,2.451839860265975
-2.7798725312651817,1.1521754164494362
0.7422078293264712,-0.915026992868727
0.6178068360089716,-1.1414235578105871
-3.052038562143576,-2.3648450699634194
1.1281197456384056,-0.8918506713551934
0.3071233255261732,2.8212291421772933
0.6496624285322012,2.1002491870549678
0.14621343653198704,-0.6685528580833061
-0.9928132543867012,0.9295214604622327
3.3071606582600146,-2.9602598618241482
-0.9598746705978128,0.7976823960402394
-1.340379364202312,2.810812964771772
-0.6374302844430637,-2.5947643856919047
-3.280291228005363,-1.1284761139059853
1.0643916159640048,-3.2888990869992734
3.107891595614202,0.96920675619146
0.45494181326111555,-3.2294107340945386
-0.9658747520482391,-2.8828086123169134
-2.963834573059888,-1.582631610284556
3.5599256867112667,2.946535101862563
1.1226434405081505,-1.0516113646859533
-0.7483677630064778,1.4746203180049813
-1.4104401869816092,-3.112094837337902
0.5088003761957562,-2.3045664257741985
-1.0178191055694714,-0.9006182685441921
-3.088004833464543,-0.8977444714009283
-2.9634551778434086,-2.7760664877919394
0.6964796247171925,2.1444752662963986
0.9811243897242923,1.0752411541361448
2.787639050219348,3.3059643923294324
-1.1149242520260547,1.1649803910774885
2.517396037681543,1.1016341204105604
-0.7753006968651892,-1.0865756819288708
2.988186015146291,-1.364713026444742
2.3705018490050342,-0.8916486694084724
-3.0049699192051214,-1.3420609916902784
-1.7590174149113083,3.069281579729813
-1.3704637935214412,1.2499311042625791
3.1257514426783692,-1.3287157018269407
2.3349934585043943,-0.9506674543508489
-1.1077805781632917,-2.7323820458634467
2.6637347612358497,-2.885323468099005
-3.3526159692308823,2.3339789218532707
2.612285091644112,2.7033055170998925
-1.5586191442320272,1.1496385714659916
-2.682108491695364,1.4258478400664514
-2.342922856010285,1.3636643366676098
0.8495764903672938,0.975304774419644
-3.2922092920745682,1.251957832604816
-3.0220717971866096,-1.0661686325684052
-2.260761707264773,-2.8708268934785828
1.125335357669323,1.9266923200611206
2.9125721440110715,1.078041758025989
1.7089080338185492,3.0750158349539682
-0.5330515138901473,-3.4891226573594074
2.5016775762098904,-1.3647682367062735
3.013909567472326,2.1146839931013903
-2.4621954257668035,0.6214354140019595
3.0986405683544893,2.987672192540665
2.418323819197947,-0.7866416887124269
0.5254571702010787,2.91133258262412
1.5539177654084422,-2.898576412980128
-1.0451505403197185,1.0314258487011871
-2.536156574086992,-2.114030803295939
0.825529752482684,0.8718731877510418
-0.7526527234227733,1.6570267451410008
-2.23287534801778,-1.3275470134509082
-2.7237236744424047,2.7879439095239618
-0.6384921344234712,-0.774520386535034
2.36657863031981,2.8588326171624483
-2.912652283829383,-2.645552220810081
-3.131235085904524,3.0830184109945575
-2.4034429709479386,-0.39974886429488576
3.7375392283611872,-4.004754167863618
-2.325439204984249,-2.5749868146085704
0.8385244326528605,2.675567110688914
2.96415894920116,-3.215862994101759
2.6762454511531772,-1.3691135381762598
0.9242517968126035,-0.5823809030791844
-0.6846586755223357,-1.082492353657385
-3.0136354252429545,4.136707151621356
-2.069185237025556,0.6653716074158059
0.39755252859458245,2.9629810468068234
0.7263720783547815,0.912704803362548
2.544014759153483,-3.548527154323024
2.74456870173487,-0.9193413792851025
-2.647144348687714,-0.8544752298184499
3.4923007935975567,-0.8640679430949056
0.9057219590507496,0.5034630701566126
0.9830554613400587,-0.715587017779583
-2.7312696900849356,1.1647508852857287
-2.9466501777573995,-0.17439313728133615
-3.1299938013993667,3.0015028816099965
-0.8936090006451413,-1.8045570802389006
1.1239320580863168,1.9983494107321496
-1.1348062718417653,-1.1823464184779282
0.5522193980375707,2.9072847358101166
-1.2944651834047636,3.137463872279741
-1.2610528998220438,2.413944598845451
-2.385215812827211,-0.5821658230743161
-2.667388377732407,0.9655782450992249
2.8955658834084823,-2.8927694060904448
-2.95279213678933,-2.8608832857379602
-1.297398668487202,3.225155910339
2.806769726202718,-2.8888510507457146
-0.778796619102121,-1.0554064884393006
1.0812245481784202,-2.9554817707050556
0.8630907630434946,-0.782059386140712
0.34205775712429226,1.2187441446020397
1.7456471203405814,-2.3752428036298174
2.7565407293126674,2.4754723383245634
-3.2413386830987183,-1.9706839554720237
2.230718463953249,1.9874624612027045
1.2278401715061242,-0.5575779136466281
-1.2276244905350508,-0.5687131003645193
-2.8301662890363155,1.1159989468972462
-0.9857900808950774,0.7054023179097948
3.159059094773827,1.0617777958531376
2.9496852800866025,-2.6903171351792645
3.8843290900493863,-1.408950062325459
-1.1276950857228618,1.1797817926989256
3.604643590811001,-2.6594522333825723
1.0827436895047846,-2.655010941000014
1.4165962191575598,-1.6465146918263416
0.41489977725757554,0.5125713212282245
-1.0873415404761504,-2.6410687079910904
-3.2891361643032617,2.568618969732476
0.4906947838906767,2.2678296583002777
-1.2264637088719337,1.3388175019419049
3.0228249075378564,-0.24437496139938558
2.6263723104071386,2.685418099484802
-1.598583632367304,2.343689143396286
-3.0695206046859775,-3.262694594536452
-1.3210213066460517,0.5114713576543145
1.4670203889754152,3.051181316069117
-3.343661962854005,1.2518931323160416
-1.081102957994489,-2.9362963447992203
2.741007578423629,-3.111932176587626
3.177619211140768,-0.8696722733119281
-3.4863030269309503,1.1924089183710167
1.4253568283284965,0.5827115246985732
1.1724419447963361,0.9011804015398261
1.693406387225876,-1.2550189718182454
2.8181173598538347,0.8172822262929241
-2.5358330806715865,-2.258971125170818
2.64390533817431,2.9133145792058848
3.4937060411593546,-2.7116510427995464
1.4191035189381782,2.223554617118691
1.5514868447694803,1.212146858522863
1.0298303610024493,0.12273249746132736
-0.5531831306238495,2.2289294059644575
-1.0240075766259147,-2.922998974690678
2.6589540065847426,-1.3343438340288978
2.6464517778312424,-2.713047352079549
-0.8116980985145295,-0.9430761743658763
1.2263639624836107,0.9498428569294134
3.004792445429661,-2.942889288921161
-1.1488754646853618,-3.0797882761594932
-0.0032670015164925955,-1.200585949859278
1.1110727737424104,-0.6529403397168171
2.955682686614505,2.9969087474723537
-3.2753441349700876,1.2547491545426868
-2.7519904354033327,-1.6047898004875556
-1.2297991305506366,-1.118294978909591
1.2171976130062745,2.4294838846610016
2.74249582631754,2.4390423050706223
-2.1431300133795803,-0.952120192662976
3.390791783203284,-3.5542620804723515
2.914692041866738,0.7430794099378447
-0.9691176106230539,-2.8035867100057477
1.2859256063522535,-2.8118169586087567
2.6651318315243175,-2.560800437555607
-1.147942690862039,-1.1342570892049662
3.257635289522151,3.183259357257563
-0.7651798090215364,-2.7211285383057757
3.2659709970166926,-0.49632546548514517
-2.2743923730023354,2.730048514708597
3.408928999165444,-2.6353108805383028
-1.0616678395106964,0.8993572929592717
-0.26708752352015624,-2.42680465273255
2.5506623057387885,-3.432894247788221
-3.1088024953298885,2.652295923041645
1.783181904891599,-1.0175582334944717
0.5796343188019217,3.255494567162238
1.430477890292565,-0.9751926035556353
2.7674016782464443,-0.4852605580630787
2.700366100400059,0.9855404760881161
2.4139697055525655,-1.146232565350739
-2.4846080450923016,2.7715807686835245
-2.497480691004288,0.8671296867005769
0.49332977749947926,-1.698548581218413
0.9244055188691156,-0.9571412419628014
-2.833117153334207,0.9646399568511637
3.722642710936736,1.5914463107170926
2.9340714232574823,-3.108932571962614
0.8764729608180212,0.9166610316034828
-2.7448910208201474,-2.8283230593525075
-2.2723491256379966,-3.4111873102184433
0.6957643192524006,-1.1379223202393745
0.6050692699125918,-3.666105739380217
2.9924930333994917,0.8140764815886367
-2.480031302684153,-0.5543809988297254
-2.075780889345226,4.01423048784369
-1.2576004730845711,-2.2780319461752736
-2.4841515804636,2.579800922842625
-2.7532081972048634,1.454202673198945
-0.8831984332780972,1.158523123842077
-0.9538337448655471,-3.050781256426801
0.8758813000555701,-3.4158433534252346
2.7307859417137093,2.1987887698431092
-1.0263627319818212,-1.2351603400905373
-2.595899651958818,-1.119451290199676
-2.1861592660106823,-2.562951884809701
-1.936314911216375,0.7945878085265609
2.162455411594372,0.5690927278943426
-1.1388101352898883,-1.665642137589043
0.5115333151907321,3.4187562166231587
3.0268123125735067,-1.9652881366716783
-2.881310763663879,-0.5241029018327862
-2.6765787720944694,-2.876267709370992
2.8607999401087376,0.36409056364843906
2.933230110897102,1.2452193621850811
2.923453312633927,-1.6690520741569836
-0.22139491860269367,-3.6037578272671795
-2.774226198073116,0.9616689531783047
-1.7168516083827428,3.111278450493832
1.2922331165581442,-0.9139071396329853
-0.6998733182031945,-0.4292559160269021
-2.8653188351729484,1.540563467771188
-0.5237860423510414,-3.204717082075425
-0.5923492864385604,2.8992741965488706
-2.227178024848878,1.524339888060078
2.2200063691772325,0.8116266862100189
-2.5124198021622193,-1.7769164948609355
3.0977647018465864,-2.656920050774877
-2.5545515072448133,-0.17217712104939675
0.8792086727862661,-2.527605808826158
-2.6135369206843784,-2.442931560864206
3.303038008603479,-1.0370047155120565
-3.3275238639466327,0.8228919635639227
-2.2906490916791116,-1.1599056822338887
-1.1082242317951154,1.0095340036013862
-1.4180543342145875,-2.9113290494891957
-3.036898648185772,2.9939932939561387
2.977125017983795,-2.8714479908228214
3.5454125259250953,-3.035611514448366
2.6502255061341935,-2.5564320213205174
-0.5215762145550382,-3.6188160394706443
0.09237749647497713,1.4816669009560455
-2.884368439365714,-3.1828790649075036
-1.8495593049701597,2.729663388721765
0.3834469104732552,-1.1702286834531108
-2.0123445457589506,3.1712365892475294
-1.5721897875852744,-0.7705221757531368
-3.089653831372984,0.7482525649028248
2.410575715319127,-3.097088715283793
3.902886836006962,-0.8042021226216955
1.0017579356388702,-3.059676703151329
0.9845117869189891,2.305473742419744
-2.493787871452423,-2.545674585449925
0.8479335412371647,-1.1442900594673542
-1.946733059941739,1.0997007284474052
-3.1862081801354196,3.41621026453739
-1.2860123386655071,-0.15769382087097314
3.188159091778829,-3.6570280635292898
0.5041113632255536,-0.9229373035652947
-0.9915667786159188,2.266126566133696
0.7312670075344552,2.3408280596415536
2.5733862172275908,-0.8689938855174155
-2.9573588846725016,-3.025648928528933
-0.8937191864624277,1.0163350387850658
2.354475227341604,0.5908540930109119
-3.3116742283187164,-2.584550262863491
1.0480471761763506,-1.1327979201457026
2.8891516966392334,0.8297499632840637
3.3533674483586333,0.2835404747849572
-2.7503038216369293,-2.6141479931471143
3.3931194001709932,-3.3799356095705817
-1.5634479952703615,0.644826273968458
-1.3904988261225837,-0.4645140783996531
1.060533029837974,-0.9990762233537166
0.8147060754645482,-2.9210375772345114
-2.9583943735998015,-0.722577955984982
2.8174458156598323,2.6748800492542344
2.8642982631677754,3.2268714603616653
-1.1209289857294213,-2.1699733900422107
1.040821828179918,-2.917369857720111
3.180642929497123,2.876666159341215
1.129219991822968,-0.8664252159144475
-3.3372240882684983,2.971536107304425
0.49876345483044265,-0.9375243828143692
-0.7530163847343814,2.649320146520701
1.2110558678873287,1.2230766444323933
-2.5653443370517635,-1.4652024908838421
-1.4347532163717371,2.8045006286028644
1.7113687121474868,-0.7761075363328375
-0.952558711177848,-2.1956408338676043
-2.6495278564626754,-1.5803259693831027
0.9305893339667296,-1.479204087893503
2.8104559070127393,1.2599547552744168
1.437231618962212,-0.7460402777909876
3.3864480669037227,-2.96258106949575
-0.9395270812145949,0.8181244749393023
-2.43736907417635,-2.206792444759991
-2.1913345310054875,-1.961195284213697
3.338534384019758,-2.348651068709017
-3.275622137369342,-0.9862462584941466
3.323559831279006,2.8717307353639763
-0.868164553136869,-2.087717957681626
-2.8493785244445253,-3.559044706484271
1.4477634404807955,-2.9263852260925636
2.93793341185644,-2.651697348905454
0.8264993628230116,0.978622567734638
0.8413701680147797,0.6660866152135554
-3.365475631968117,1.89141212873313
-1.7936036972510305,-0.8981961180988579
3.3421447751147673,-3.710499939339083
1.322300075251913,-2.61470326099001
2.912418027231797,-1.9877632911105099
-3.0948418223626466,-2.4420472351787685
3.263353894982423,-0.8358809953411482
0.8247411046862215,-2.720269668472457
-2.470305040515612,-0.8224882542386383
3.3220857032831983,-0.8980367194730022
-2.7208368519213737,3.0199668044556485
-0.7040927544357813,-3.462888373389789
-1.5355198692124243,3.449499636877793
-0.6028761798873185,-0.5992810689603394
2.2515636534832733,-2.43761517261988
-1.1434374983581166,2.84571371041821
-3.057982387033576,1.5668466850307072
-0.5941286435008284,-1.2740550779390307
2.4238933573975943,0.6590718547319812
-1.9826305607531225,2.743872958537174
-1.5849824831339434,1.3698885767862532
-2.5862144050547218,1.4672840780820668
-2.2273802987159734,3.050466099086852
1.318772971128495,2.46313388786072
2.7167332741640275,-2.0308199361978967
-0.8510985970220453,-1.1408961605193702
2.767504616108076,2.1551572994569064
0.6704163607246008,-0.06274660135056125
1.269730118687535,2.7283804219810777
3.046842314445291,2.7318479726712703
-1.0289114163449453,-1.1577341048712024
-0.971080712497381,3.2162175056519136
-1.2918469476712562,1.2640807041471933
-2.7954885983330167,-2.494081153526801
2.7016540561263453,2.750594920041154
1.0942653344741724,2.8518972157614475
-2.7087598143532876,-0.6044282463984533
-1.3772998311519697,2.367899941796266
-1.222979912586745,1.056335985486477
0.8787841736934009,3.3750616185815345
0.6949692641937546,2.488065604762072
2.6011600159585355,2.9202501200651603
0.9582823577231648,0.8411258977124967
2.8607021017714893,-1.06481873397939
-0.9896679212297249,-2.7556434854451046
1.107887945571283,1.0771074708730048
-0.7721875630653356,3.6478221869119407
0.8214516367210659,-0.4067143588593119
-2.754853217029876,-2.6842203735194556
-1.2226195321692637,2.739368035904059
1.9674118190678354,2.861824781164635
-0.8220910695722468,-2.090730111008055
-2.4279815430923612,-0.997542355016573
0.9604061508570961,3.3682498326069767
2.7455958390745034,2.52367329107174
2.4546105860265772,0.8645487893172139
-0.825784559226395,2.721574271093229
-1.089093841700724,2.9977532140771697
2.735663098680867,2.3626067257801666
-0.7993225548250935,1.2248878552512528
3.6036018837193127,-2.6153282692991
-3.1158022764956685,3.7084545212370323
-0.47698559642966804,-0.3850153930562774
-1.4785123207599977,3.062106942420317
3.4416296346338533,-3.090502078375848
0.8423303875328332,2.096817986325211
1.227271090439208,-0.8495025474179134
1.2008809273819467,-0.9378796260923761
-1.7405945945635974,3.075327997799501
2.6521262865013737,2.7439844474845123
-2.3587523621442847,-0.07459069673497426
-1.2960334061462264,2.988098170365579
1.1319445166135444,-2.670649956688138
2.9971944159900348,-1.0542549282340619
1.2173509027597493,-0.8133877149105558
-0.8414507019085457,2.863877379595394
-2.7919472676097006,2.8035557094495047
2.5896471312923905,-3.223924092729367
-1.0470983952038584,-0.861935355902103
1.0374747769557469,-2.4595720430939414
2.672822250286277,2.459736126066247
1.0869747110099766,0.8824038992739519
-3.25768989537764,2.77908449181691
2.4636237818153752,2.380974414033922
3.0343461114666255,0.8839604200372556
0.883531565356956,-3.2934054708327407
0.47842520861980464,-2.499915965587987
0.49542080798838994,2.4966467338556115
3.2504713017101623,-3.164479540824306
3.3799841401959365,2.405909410734039
0.28406940884244103,-2.446823176863088
-3.1109641626215154,0.4968149907829993
1.1691598422696527,1.0212151416613315
-0.6725950124395058,0.63474827089122
-1.1833413880864352,2.656270953470081
-1.0045464625285445,1.5108608191515847
1.1126652183652124,-2.7719943885327734
2.916918299241559,-2.936656556849074
-3.040044705646248,-0.6383461597228942
3.0073378205029604,0.7689988771647776
-2.7215943442876696,-2.499944493437279
2.9342982823352988,2.2301572448965716
-0.3322631117076856,-2.731906309732748
-1.0547324270861402,1.1868226071796184
1.0165638829506927,-0.6827585669105395
-0.9690813474616887,1.0453557704539924
-3.2767729529280483,-2.914837120392538
1.3059469132244794,-1.2880164367799627
1.1630996417642772,-2.363574184970203
-1.0108819571802978,2.155005047049437
0.7099453131852964,2.2252028569828166
-0.6677024539986742,-1.0043559273542155
1.2112276297630171,-2.5295474678572556
0.3916550139028555,0.7473293640554551
-2.9453125051024367,1.1272945599518882
3.047332583054876,-2.9323772011412412
-1.551279235587066,-2.85809811912404
-1.003323928182007,0.8942674607526626
-2.634446802812926,1.3517695527908649
3.160871621779392,-2.893539913711263
2.442185781532781,-2.933581721000368
-0.4017801379919577,-2.5461283244507364
-3.5857334963461285,-2.8169751687380438
-0.7613081992269038,-2.971968191876992
3.099172433305573,-0.44773524298860534
2.626232891861407,2.79972296121144
-2.8251752785960655,-2.976857354049146
-1.077491300480751,0.7462999896776379
-1.2727525774163666,-3.14150620541082
3.429572697588199,1.2103996866729314
3.1379283014446417,-3.2919218972917075
-3.305445594548377,1.990411339621547
-1.3551482011245308,2.8944712157407935
2.7737315718834705,2.3556216325770745
2.8190992514266435,-0.8970236566691038
1.0765230677679052,2.898679754751404
1.1865800078785378,-2.887842400108186
1.7217738192025924,-3.363745144188186
2.265518889060525,2.822426441168326
-2.874996056051393,2.410582340986032
-2.501728460980983,0.9561040632947013
3.2245620783172844,2.7460318912575072
1.2560634696130066,2.4001677849930876
0.9361774663874304,2.4230279961369394
-2.5327629434118655,-2.602358991402496
-2.1360812692625966,-2.8561971061064093
0.6258755934683734,1.4138895342969557
-2.7944288243229396,-0.9407812588180534
2.7419351122195668,0.501182775551168
-1.3186870580230639,-3.1819016875774646
2.473159725156432,-1.02827970106068
2.387292424546849,2.6945574877424576
1.9253213364561956,-0.3794630832909647
2.437502608706261,2.7463019117015834
-0.9383592673061429,-2.396213268345532
0.7701091601190373,-1.2557595869717417
2.9361574841071625,0.6700097327881884
1.1049922198895439,-1.2803077966347085
0.798051783938626,-2.829722121783412
-2.6242221495332245,-3.0673207858974587
-2.855598351467888,-1.237104275974135
0.9473186952617378,-2.452588180833494
0.9908795275301976,-0.8920774522524315
0.6080039913556919,-2.6517576753384726
-3.026991826945008,-2.9529713339170836
2.876649311338577,0.6548192738447476
-2.908763497976791,1.0263580602604798
1.8024879219439767,-0.7886863733764554
2.6727749091682,0.516639786257726
-0.8140024883125366,-2.9624453633737944
0.980614396715626,-3.0003747386879427
0.986402103302471,3.171642841349934
0.2839576530006593,-1.086452815741536
0.9836637460607187,2.1512963277627444
0.949900751440084,-3.1151991342062475
-2.2060517462654583,-0.6528818984193139
1.474615343614023,-3.444942131245102
2.706179809122401,2.2385427508822597
3.2167090270069028,-0.9827152382729955
-1.0828732168604545,-2.4727639429143684
-2.770172574114455,3.2451626915776894
2.599266700219727,2.67751717924941
-1.1779914958765374,1.1436127066531536
2.9534075341073467,2.384446766493135
0.682515317147626,2.6361122820533542
-1.0932751673118586,-0.9315365817568573
-2.8441569772442086,-0.4804227181862601
-3.1211273070398167,1.2784875404483655
-3.2101405067376354,2.585876801820513
1.2602707926522145,-3.073404714951328
1.30138049484529,-1.2879471464847654
-0.49885584232077085,1.185096696668401
3.031948948520339,3.2614732441327967
3.0684632118271553,-0.8752489352242104
-1.0421969872164827,2.9932550752298237
2.5400740553139616,2.564191549806836
0.38559530971990064,-0.4513082196964862
-2.384340056920237,-2.8943809992141656
-2.6256246023869743,0.4431201763462116
-0.990773680139321,0.9418445887182656
1.0756137895851885,1.3839227790312523
1.3474932365993935,-2.6244698310739203
-0.9552872963410841,0.9624845470978436
-3.425458817331217,2.5519323212252703
-2.61802205184229,2.004505791008376
1.0309354494357061,3.0387967167353596
2.783790708751323,2.6905761066092917
-1.163585032859791,-0.4482147500801925
-3.2814046349458645,2.6426264883975716
-3.3832423075820537,3.1745998016591175
-2.3169110101833654,-0.09969753474162406
0.6142194031688812,0.7284738280416833
-1.4638083409124414,-0.5054952601527177
-1.1854146177605336,-2.4690836133647727
-2.9737675826613157,1.580354326174809
0.829177445702612,-2.6663600905476947
-2.7677753383376964,2.413507380526408
2.687440022021191,2.0437246404445824
-0.7715486924937467,1.1155867031613826
-3.177175815537618,1.670574730683027
-0.6379714993382515,-0.8310790116975394
2.2410992671618,0.9666939929313965
-3.0980020872062117,-1.3043259550353608
2.6314331822291126,2.322447775363305
-3.132155206613894,2.5613604250586683
-2.443785436397161,3.26422156597907
2.77373171888078,-2.53560003194073
3.2261829649900764,1.1163550446698678
-1.6672562914841869,-0.5576459381806594
-1.1942023373386688,0.8050537379589415
3.1341392775668213,1.0471435490686742
0.8410031197418358,0.6267832819533138
3.30037981492777,1.1015816760745507
-2.0441049462073946,-2.7527132962985084
-2.657587255014588,-1.1777786683111884
0.8000866245751188,2.1180424847682957
1.2111304105152256,3.025332981957199
2.7272493327095657,-2.7466328284247528
0.8710065649626897,-0.5963944404089888
3.344726325626693,-1.239454780299868
-1.2929535336487794,1.424846295157618
-1.4449088750725416,-2.3747797203786214
-2.7121580147478315,-2.7731847069300266
-2.6193514758716576,1.2027955962768841
-0.919243683561497,0.9855317231591655
0.6237242767900639,-1.3393086150209144
-0.9556021384897061,-0.7661192450098941
0.8966727344323621,-2.6049811517706556
-0.9501662501666156,0.5364867326702503
-1.371869069214423,3.1181736868405427
-2.6667760353395216,1.196413346179912
0.3125691885732229,2.9633561263030974
-3.5617073930149665,1.0073825284929792
0.9182110467948031,-2.016545775647129
0.643484469577796,0.7019409778559521
1.5754229871257632,-0.8034204000349774
-1.197168773866771,-3.3033110868098094
1.0837269755184051,-3.0578049291806453
-1.5434069833329247,0.6533490342647065
-2.590443491540721,2.881028044620556
2.629278548777709,0.93926499137104
2.6296018850111413,-2.709146335473541
0.7845556299738621,2.7072761558635925
-2.6727862839223686,0.7235885734247481
-1.3178783417577915,2.994299555078704
-1.20491572276902,-1.2839648789100082
-2.9850349335565407,-1.2317223886531807
-2.8023143001212003,1.1004750821396456
-2.8100713630968124,-2.499685459335998
0.7133929699875144,-2.9100697999445284
-0.8797314136496178,2.5925460068207977
-2.1584872601788416,3.379572577990612
-0.9160918959450255,-0.9156488158784482
-2.394844817090456,0.8305103059980061
-2.763251438875393,1.2992392617439705
-0.5666774441879188,1.0148105644999035
0.8372030862054789,-3.625478418412146
0.7897493713139805,-3.0238771291185795
-2.852213036413438,-2.270001877312262
2.8815926354214763,2.8454089585296627
0.8849487335780957,-0.9662908200848112
3.5375677361297666,-0.7722191703306674
3.0902308181172407,-0.6769957994566645
0.8107935327610282,-3.1516764403829254
-3.097654787900226,1.0918305882490305
1.3027184743813631,0.9924026671092374
-3.039416061564523,-1.2490851320072076
-2.5954912953917333,-0.8529623976659897
-2.7877065170937327,0.3496681091385169
-2.816655407061314,1.0658652565407776
0.8241499140675298,2.5766639336434323
3.2644813365093417,-2.7111134153180023
-1.1464904631142134,2.5227508943981647
1.6901042094391345,-0.7841586653574674
3.006757452782954,1.6333675615394734
2.8817734006713276,-0.8307839581054666
0.8506474012284608,2.2615578406618373
2.2102509844779057,-0.5800396025881261
-2.3375322311199653,-1.0659717489959577
-0.5853340672150164,3.2613875717538026
3.523640171330187,-2.998468377748868
-2.984035065307008,-1.1475598924561858
0.6672643992577744,1.1586221685059026
0.5820582746087364,-0.7225547565176873
2.812724283624949,2.4081403016396012
2.7953018277041877,-2.06612026829403
2.896151040512392,-3.3342629555318237
-2.5650596235698604,-3.3328554134805044
1.0294380529738543,2.4592977551230004
-0.5771460995722691,1.6548050253118776
-0.6448777867985689,-3.4017425475466094
-1.7449182893351707,4.1470860120323865
-2.295331820788533,-2.710944224448467
2.573906824102925,-1.3030642537116233
-3.277249469790301,2.303817028292514
-0.8850690743389499,0.6860428318934744
2.640925000261924,1.3031122834287328
3.0465330341784185,-0.7776521970767495
-2.604643287754551,1.516030858217763
0.8521468765255346,2.775761019581119
-3.148712559873525,-0.5661432179209014
2.69939272208619,0.4318026583811109
2.903769562331087,-1.1613719820750052
-2.7986551213098023,0.46293754646924895
2.453509413364134,2.7685220190766815
0.9606772212141068,-1.0956923535944845
2.355469491399289,1.1292413752638804
-0.5846213684666113,1.2183509940607609
2.7774443374808344,1.0048536103655532
-1.4882006606819893,-3.0079335864689765
-1.9444504421236757,-2.485356000425428
2.524131140454513,2.1465710408921197
-2.801924260082688,-2.0727813339078707
-2.533880055472742,-0.9907944480128773
-3.317509163190095,3.1209346192406264
-2.3649567281830173,1.5712829452627823
-1.1604029900116635,1.401684713588658
-2.656310009115774,2.645881851568524
2.4597166042498873,2.1264607957007393
-0.6445006180007852,0.6334906722646654
3.1864567823241243,0.4742981506826734
-2.2719846531474746,-0.629952616747014
-3.0418556592961306,-3.0206344937602805
-3.4763933114304852,3.3789887036251085
1.6544209559087868,0.7162765634535061
2.32552993460429,-1.1549872452812724
3.1882427115169154,-1.5659001517084847
1.5165218365146136,-1.8515827247944372
-2.496887538998602,2.7321663338753908
-1.0362920467857903,2.6037820975109893
0.7407004251773605,1.3154541954443633
-3.103756306876915,1.7807721827943104
1.0195803822029574,-0.8556916361618082
-1.2836736210742916,1.2380947186893951
-0.905556672429091,0.4759866252445936
-1.1286069522563917,0.8079940902888231
-0.6238762912931826,-2.9750071380182708
-3.7209078361711434,3.382090137949819
-0.8395164510133556,-2.867056692634193
2.9955449436850583,2.5778833527352227
-1.0897213774686727,-0.2449352645136023
-3.576642644106265,2.7103720721122007
0.4697777589245376,1.3644259107128653
2.7598286672863837,2.3055153336545913
-1.204788903262255,2.5880920724248493
1.25887151929767,1.40073876754442
2.204667854806712,2.4120150960441324
-2.2387453130497166,-0.9185162884823592
0.8641561590520688,-2.2702532004880775
-0.7952786624458933,-1.0531075647664994
-2.839556567023694,-0.5622507367677986
1.0922247486313579,1.0294492063700567
0.8429565472490769,-2.014107048743723
-3.2550651816971716,2.618579602508642
0.6897776981129407,2.8608494697136893
-2.82954229880204,-0.5954127619313319
2.4586419087915097,0.9512510129820142
1.3737019147384586,-2.6945698980985213
-0.9197641915460264,0.9696165037972335
-2.95804083628993,-2.6976328630867696
2.3292289859432076,3.0159465146018913
-2.6468175576045994,2.122591396873827
-0.9347746082029063,-2.303090833851252
-3.2677204934031807,-2.5192444473883056
-1.2419177151480887,1.2547969469017295
-2.743447363086565,2.8695782103672562
3.4830443909068234,-3.4811727708894735
2.8956764548386995,1.2184383776069598
2.2813340314524693,2.8293725890340666
-3.839400806069886,2.599175202663384
1.32660668462866,-0.3235150019087913
-1.1442499854575217,2.9588620475136733
2.820426856894503,1.5905337977070957
-2.5180313913407213,1.6558835759742383
-3.016253008938842,-1.4158566892191808
0.9830389214039271,-0.784377288476793
-2.415821222402991,-0.8630427170755717
2.7529280329047894,1.0525319039535095
-3.0271178017814018,-1.8143505358119547
-0.756686576829881,-1.5957887754933935
-1.4696587430541697,3.0722822806445573
-2.5887974634101587,-1.9698265779458373
-2.4633226698160366,0.5149774573003043
-2.0390153423949813,-2.090314454963339
-3.085169803349399,-3.409678663567743
-0.7614285724935244,3.0428046198925904
0.6755313464687861,-3.1199843272511747
2.5787353486666498,-2.788671758949604
2.8078691882413565,-2.4160182872082943
-1.3387662153824538,-3.3332447936556178
-1.0398444466326524,-0.34112419905856634
-3.276309291701681,1.0057066426262506
-2.4527816535147697,-2.664362774371277
-3.009048924658572,-2.870554101329033
2.7176336619937427,-1.106642412602227
-2.778541355159881,1.3080241939246084
2.916620074186491,-1.0531907227738566
2.591049841889552,-0.5555181153871628
3.9383091097143317,2.673410740286099
2.5090998826159385,-2.5066967826122917
2.962461365731761,-2.764286501716769
0.30997876591308404,-1.0612645185294758
-0.6755317624082614,2.3646430710728605
0.673432290555294,2.7978673168449006
-1.2791357595119826,-0.8440980499623834
0.5190513000093074,-1.1343081999355338
-3.1765742859525634,2.447286740408004
-0.3697450326681156,1.670658980500832
2.6398234428749885,-3.394415081741403
1.2003808225310135,-3.2908374375635487
0.676865722099281,0.7346927470804847
-0.5220542936058818,-2.135593361774825
3.0110558409886767,-2.9236324974477808
-2.951512902670085,3.410795241562811
-0.2790029249270145,-0.6635021322391146
-2.743391502113479,-3.0392474266470253
0.6446913319477734,2.4966629206230158
0.7152995713299884,-0.899702909828468
-0.7394905152257546,-0.7310661679775173
1.2315201643837934,-2.6773998176565565
-2.5557505284397433,2.8311422716297487
3.1468743465778926,1.086667038037389
-0.43323828496238753,-3.3153214794816805
0.7633507232009313,-1.3166549871339002
-2.413024368621756,-0.851270291830343
-2.4062276061258876,-1.0119273146760168
-1.1318195713632615,-0.7546378180929771
-0.5207256115172525,-2.677813415312801
1.0927864762602177,0.33913148847201724
-0.15143275506490997,2.4128228464053474
-0.5159700308090789,-0.676851922751538
2.9378031423125845,0.1617230509135138
0.838630783615208,0.9622439545989487
0.7203686251729917,-0.8486056916512724
-1.2691559172235125,3.0747843826882124
0.9006605681184491,-0.36771850683246277
-0.7286069379140065,2.664151486127981
1.518225812973878,-2.8047004278585415
0.7058273381319005,0.4809554621892387
-0.9761127152127728,-2.786346501163718
3.362476945661421,0.2659255376395615
-2.8291699998395887,2.1429607177147467
-0.9020338225115193,-2.9898483489160403
-2.9095920025218582,3.6436561306850375
-2.839388899799403,1.2702955731924923
-2.0215726501843654,-2.50475818087456
-0.8795048738268616,-0.5801259596094749
-0.5886886830760898,-2.2567213464435087
0.6813768848015458,-1.419197221781682
0.6964638057740222,-0.7669059970881394
2.5829825668828583,-0.3796100823346658
0.7015792972381188,0.981896986186647
-1.1028806737246817,-0.6727022914376063
-1.049449981398532,-2.763373807692834
2.683141147211612,-3.404876217146487
0.381286519773974,-0.5268429730152442
2.9241577120263735,-3.038041966873462
-2.7435708424879146,3.211762324203052
2.3487091419553496,0.5046386132547875
-2.8664722021902134,2.9669308889074975
2.6155888450613887,-1.1274426718493427
1.215760256159076,-3.0328567665551
-0.7876892473097594,-0.412669959180258
-2.671773249263738,2.729354622521732
-2.6137739049236224,-1.033604497084708
3.160814703861076,-1.2894307880183615
-0.8241284704317661,1.0797663482606055
2.3473386869374857,-0.8307469793101085
3.0214233287319474,-3.141772379635203
-2.708814020410746,1.1785876634125652
-2.7649369456800095,-0.8189832959509061
-1.159017895462915,1.7253434652657407
2.5654390988778,1.3957540306136051
-1.0676857129317723,0.5865560995157129
-2.856840905203565,2.5883162974318457
-3.4403654741303384,1.213272450998632
1.4303761497896215,-2.1836384825372277
2.73332891315005,0.6792665240728061
-0.848380441988426,-0.6219647709710724
2.992757772649959,0.2567907518093305
0.6278832214366034,1.9992797491054233
3.143958661179592,-2.6037606750962046
-1.092352311573624,0.84732250606559
-1.078820060321518,-2.5374595503476307
1.6056559981802723,-2.8428547307780283
2.726403250515553,1.9362211677025676
0.893868955050611,2.6371358351534324
-1.299338445503355,-1.1580370664936048
1.8091347948886884,-2.2337499752824006
3.008030956243228,-2.538353503414235
2.6175495121946386,0.6694534524877197
-2.725286678650467,-3.031371027836954
3.1685169612967687,-1.2929425019234664
-1.0458225224410886,-0.8392188223035351
-1.9897935960107422,-0.36143974893423975
1.2027532654725828,-0.722847667437851
-2.989309168019265,2.848570135742936
-3.3127287479600818,1.3840461406914846
0.28605759054136976,0.31525766362396335
-3.2856961620619947,3.168403858899659
-2.4001819144466325,0.32334476800499434
1.0101943369836688,-2.8127868016489015
2.695096402576044,-2.3823758919006393
2.6595376272333824,-2.8768144375624227
-1.3342665240801448,2.687029743990638
2.869699207516634,0.9772063160830353
-0.7143373593127222,2.8028723068374504
1.1321011179695082,0.5359687869798632
2.8885058225985722,-2.821765716175314
-3.0990200022168026,1.6791074204507408
-1.2252002668896569,3.0589794014310034
-1.0605601893620098,-0.9371304687753103
0.7778574305482419,-2.6480591864046854
-3.1036924305945934,0.8653457402731705
1.4644709900152157,1.0539011670652787
2.8532835437788493,2.4839492779844643
-0.4603178180109766,3.0068233770375463
2.7188987051518994,2.7436960293248362
3.2491880811321026,-0.5332286801863144
-2.8402395884193283,-2.837093671910314
-3.1449407068938213,2.1319509299077137
-0.4474832320134999,0.9902607069932757
2.173019902715253,-0.9200451884379217
0.5227336688329105,1.0816899582876154
-1.3219750019566423,-2.8510048992995043
3.6004278686447777,-0.5606040855303398
2.3858394145105435,-2.752513588044138
-1.2671426672166684,2.9149928687799553
1.2102224062504907,0.9260274180220771
-2.8577517689360312,2.8758883618749835
-0.1934653485268972,-2.626679778587279
0.6543438368814987,1.0789573984846705
3.182399822003439,1.4965714335356994
-3.2598474284177943,-0.4781722214016118
2.6336347660351485,-1.5061413631128295
2.6303345819010358,2.8741009028130327
-3.140210907912867,-1.0402274586365214
-0.8614434671628771,0.7070350550870582
-1.1021488014167105,-0.8358781172359079
-1.20440219879492,2.7491216108235865
1.0932386150218645,-2.8578052936072007
3.3034231254778663,-3.3385702065825185
-3.271458595986854,-2.822809545858878
1.2226218767171542,2.2101178428861536
0.6515728246753744,3.00889406000611
-2.038284865216307,-2.1345874183257774
-1.8525494064810295,2.571429881282964
3.625119926005684,-0.41289698210343667
-2.664534067794931,-0.7980623649886862
-0.7012124743469291,3.6376750002703897
0.2598185686991652,-3.049039162493596
1.429235923330879,0.9342648046111712
0.9187611803845085,-3.2523833684591583
-2.1962516033233905,1.1848010966305391
-3.089596353056101,1.1980292052608201
2.9404339349351414,-2.7148549918343514
0.8922736895195156,2.4657150096467806
-1.0034779227347184,1.0250825157771388
0.8951258638254377,-2.884577657643743
-2.5300272585476407,-2.8474117975291238
2.8052883317268433,-1.0460245396927774
-1.1307621313386036,3.31481217429116
-3.3117189280864805,-0.599213153723953
0.9709091685890437,-0.8050148193572605
-1.4922034668918385,2.3682314018725825
-2.6981796563293123,0.9105669501784679
-1.191497665124201,-0.8561679296569016
0.8989958720193509,-2.467499844986947
-2.618826191078229,-2.2796691912402967
-0.9214288672805023,2.8239360144648145
-3.232512443767374,1.535394613884814
-3.1533761804201514,2.4845735333490384
-1.076902841281261,1.3979013283070663
0.828974901082282,-3.524883052578783
-1.2718633970297926,2.8601101730055274
2.821610114843289,2.2339933096032536
3.158468615750444,-2.069665806664945
1.010106822540662,-1.39284528571642
-0.956808526151109,3.51559999836165
0.9673238237288614,3.4688566510150047
-2.986749225001394,3.690581901478643
2.8014110794302347,-0.8525655036309411
-1.2328956991824171,1.2901111357022967
-2.9177407950235112,1.5429482217647554
-2.2504089046980345,-1.2694681317093908
3.164726385609519,-3.634125276611475
-2.767536372657266,-2.576227730843089
3.164206293498507,-1.3409646629207972
-3.2232192864663443,0.9291456658317573
2.975036330850755,-2.853352331467868
-2.446090118211926,-2.3230906432062546
0.7117105984891547,-0.91994074691562
-2.506219276667128,1.54089117455427
-2.2789834026725586,-3.1060768914919548
-1.6202220610534592,2.961066608297476
-1.8669569940487678,1.2563742428862597
-1.2550033256086588,0.7596911014247302
0.7773892221700235,-3.0053505884512406
2.437796226763382,0.44145493612862724
-2.9047229769449876,-0.12524949726515125
-1.9554558083036575,2.8009497533884784
2.49442181264678,2.918893351527847
3.2812282466315836,-2.835118798402916
0.8558720556441715,0.6165365862478251
2.2235526243051527,2.6822643743687986
2.47526501195285,-0.647168139868403
-0.7181507357500561,-3.006690683625917
-1.6512587791730933,-2.2922569650634266
0.806374338499459,2.464643583228062
-1.8668739833343704,2.949490198317091
-2.458226818018085,-0.5577557228004045
-1.095597191533364,1.4640046115149403
-2.5409652050041642,-3.037462425021382
1.193862835576754,-3.027175391863003
-0.503149610005741,0.8791600321624587
2.047504725252523,3.6508689873805102
-3.5022316154638453,-0.788842823833896
0.6014808706918634,0.5139875612890746
2.0824766844774905,-3.1293192858426413
0.6102680862156856,2.8479943547624904
0.6811519152207195,0.4679849794814349
1.5582755515321363,0.6665208069574501
2.6237433824407064,-3.5331026167893627
2.4868503366827497,0.8039893438944883
-1.4763397698215688,2.491257318877476
1.1275793299185513,-0.7994603912424143
0.899629314040326,-1.1645146384742475
2.404406620702345,2.9331107901150495
-0.8897310876090654,-1.1541672279096087
3.471724158497406,-2.8021557734700777
-0.735327396098009,-2.472253926032001
-0.5270196754789284,-0.6540658899168118
2.675109501971419,-0.49890941714628495
0.6800807413901683,2.9984280439307707
-2.7813125648945087,-0.8921698771632305
-0.5404245295797026,-0.5817977507896014
0.844891777900704,1.0815524454879468
0.715678918752274,-0.8633421059344603
-2.3622955765420888,0.8144267376095782
1.60116453063769,-2.710999544721037
2.510731271088684,-2.794936021020766
-1.3953875534463014,-3.0006507501795228
-2.924698274169414,2.7789520012716147
-0.42338473556417,-0.5212895863821702
3.6246733624288847,-1.0891052612296754
2.6815348799034333,1.1189995996469246
-1.2388372583075586,-2.651881679218067
-2.706765106040142,2.6156926747673035
0.3747587160960374,0.8388711917177606
1.114012766621895,2.816561717991611
0.7516479416521641,-1.8597141326157929
-3.365361781720656,-3.1244181818244594
2.787271499428504,-2.3150251783609255
-0.895102813381813,1.1678472058232325
-2.5462429432550464,-0.3105780440870384
1.2446194054074171,0.9056665294434786
1.7441165516024815,2.7632710490087233
1.2766279307895494,-3.311895487605993
-2.9732718358662678,3.197211657862972
-1.1992184864341984,-3.380886501677425
-1.1237827434918497,0.5128467177818165
1.1162505642445715,-1.0694451114122254
-0.9017762511621731,-0.5042569265207631
-2.7864645608578322,-2.6730379023131685
-3.1076719471063563,-2.9217583089881347
-0.9645359177318495,-0.6559784443323852
-3.3151785809265366,-0.0444637581066429
2.629659967347073,2.547264227569685
0.8611533265912821,2.1682310878432034
0.5999105134880955,3.274967281139602
1.1400034681580915,-2.8004204341878585
2.2181055395033704,-1.2968444801543715
2.5221888103159524,2.6335231128370586
1.073395495991467,-1.0788597008239236
-3.0290542218706644,-1.1349148678274557
0.675627665718574,3.151684976058241
2.901434247455414,2.645735272984546
2.4538201769566825,2.4471159413288057
-3.3335361188063835,2.545954672407682
-1.0409180537131413,0.9336914627810524
0.5104150138753802,-2.9331664656889815
2.21697454433218,-0.9532124338741934
3.1491565785583413,0.03281863353821411
2.377020169014472,2.738295278625589
0.9211907479269024,1.2637468230892237
0.7763271452367504,-1.39715092961402
-0.9419989052479213,1.1874252981667952
-0.8725711584955387,-2.831222571176945
0.9744132628033301,0.497483772719474
0.3804465345171828,1.3658285957820249
-1.4192964093473257,3.335482394009428
1.1481934389862107,-0.7285583219915799
3.180053445496934,-3.09119635201985
-0.2251865229478127,-2.768864300812629
0.742944083140119,1.4977574147802541
-2.3188072171544194,-1.1867528643240441
-2.8324031387599744,1.526343689528462
-0.9575371554124166,-2.5930468177958788
0.6539698751040149,-0.6813799850939469
-0.9448502567554781,-2.7207864459968008
-3.1631412251805346,-2.8890265719706467
3.31100750005376,-0.9889693818680184
0.6260918629971991,2.9392249080186073
2.7974835722545675,1.0705461783767904
2.50142853532661,-2.817881353768726
-1.0740628548256652,-0.6544978000200179
1.321669033140589,2.581280283474917
1.0748314076847976,2.3857456448447474
-3.256078722245712,3.2936725192351095
-2.467230205597082,-2.942901477060201
-2.57854227087328,1.4800612254080363
2.8171764111285413,1.1383107490282498
-1.1998140852915347,1.734298763278298
-0.4938201565717285,-0.4879587717092827
3.1791910063234523,0.788838546516652
2.1595024640218163,-0.8655702436258906
-1.002159042281985,3.592522633414613
3.1842574077901435,-0.8211703362722875
-0.9487848887216558,2.7700097281613356
-2.3724425882006464,2.1605617026867683
2.713323413527415,-3.034586485863301
-0.8647179878029072,3.477609264958681
-1.0006345386897622,-2.292454394562681
1.4524847451816025,-3.4153962280185683
0.8282676454959536,3.1725265730356718
1.8394632016429997,-1.470548364276827
1.2505676213875228,-0.6755614644444349
2.879354088879928,2.9154439839509307
0.7298411120441719,-1.0822355302103512
1.172696861947255,-3.088043296306301
1.088334816213159,-0.4886173684826616
2.8884932253692184,2.3554779898265847
-2.7373712352618473,-0.3790490777073245
0.7409969061051312,-3.6352267525226916
-1.0347153483704332,-0.6828435630957547
-1.194042662080996,-3.1816590436610346
2.290088844274965,-2.8301468934292937
-1.4771421756468357,-3.1038936690926997
1.2691230123849568,-2.6284541957825787
1.5389168333939487,-3.137257857388595
-2.974650182968813,-2.93703088304605
0.9849889962223874,-3.0716404406683457
1.0907732025890926,0.5764484363718607
2.748786239439421,-1.1693769991431784
0.6467739222063306,0.8661420687686591
-0.9065891190250395,-1.1188935196214944
1.3997429940126944,-2.599702627157034
0.7038905602221057,2.5615161953558543
1.059003320896016,0.7234490111239078
-1.581474752908464,2.5964357714168966
2.749350631912297,2.513934684444526
2.450498985741396,1.5255508316074904
1.0851842693663627,-2.4449317259397056
3.2515089932282577,-2.6881572488968497
0.9064092118277844,1.0356608348698602
1.6221851807591774,-2.816400319495038
3.2432725826188453,-2.6565927755614926
-1.1079812820432016,2.7238422050365667
1.1350949824362904,-0.8620803670573245
3.0951105562744305,-2.878302928567857
-3.355274669962987,-0.4294643558100831
3.0320729061740423,0.45528995003596906
2.838007291537117,-1.8617785057394967
2.7757157595236466,-0.6199631726012681
-2.7239397805337915,1.6205837570549821
-0.6130284634141401,-1.2562634417999732
2.6420404597613314,0.597027666280634
-0.9677014628695795,-0.9810185949412418
0.7656120190175663,-0.9870091206807118
-1.1746860246309405,0.8616353266035359
-2.760911043230779,1.4465338133330077
3.3632345317389123,-1.2019556192899101
0.8205762148754908,-0.6100490207211927
-2.4283897369723824,2.502688436659557
-3.0901763519074823,-2.494775779917216
1.0796149783991174,-2.966708159827218
2.5346216858228763,2.234028493352132
-2.5667428971308017,2.4684544362611116
2.716586020879397,1.0981875843202296
-1.2827147311775773,2.285140075837622
1.0172915087314267,1.7515682756177062
-2.546929586458591,0.9216746341507501
-0.9924816106914042,-1.6724448667855005
-2.735337146655686,-0.6126029548307451
3.5228961385299566,-1.0494593809159953
-0.21137739071671563,2.12520228397071
2.763282086538469,3.1111715643569298
2.799551889534028,0.8357357650301918
2.8915355362748203,-1.2387690177045942
1.507990283273469,2.5198342962133067
1.4308898322643004,-1.2392101219975813
0.6482284595393691,-2.8497829713461686
3.2981397160936012,-2.1330305801375293
2.9713205974611188,2.666397153067883
3.030807337849354,0.022374191497034672
0.8995560323200006,0.7556370626728371
2.974186884226124,-2.9469328575834752
-1.1898558256203813,1.5828033915634712
0.9840127538662506,-2.6353386219472594
0.8717894703738337,-2.9764864442780254
3.251132421352592,-0.7933027010236474
-1.0308056272140298,-3.021388174132575
-0.7098367214582035,-2.3635304329199887
-2.1975751013755263,2.651722052176587
2.6972841727573456,2.631960403105423
3.0518287910383903,1.0721940036232258
-2.7329784983299197,3.070207355951131
-1.5364968069026423,-1.02729470607955
-2.690631490801078,2.8054588842619745
-2.522514465877079,-3.110315496462893
0.42736920703897696,-2.361936659141492
-1.4154748394669934,0.67849542125574
2.3257548573567344,3.1510845282052116
2.934205364932685,-0.6751787865761456
0.7849162179127355,0.6171789240205944
2.400536977706975,1.9141951461820725
-2.380982116354449,-0.006756211868524133
0.20681753469530306,2.6964378901223887
-0.33478578314127067,-0.44558305357731787
1.7825433295094582,-3.323654388182953
-1.3975505088919566,3.107896980005745
-2.5191653184908427,-0.9853961870138002
3.4235506386864185,-3.2727694284147035
0.3519058419030235,3.0992546978017077
1.544190363919206,1.2350286823620247
2.3690883194640313,2.7668216232081546
-2.94304678393466,1.2660356549048766
1.0802628837402402,-0.4412342481040874
1.3542760562100902,3.3173120307524857
0.6526030460192925,3.1077894073167243
0.9470448081115093,-3.0506308272935283
2.973302451502549,-1.8341779418801
-2.5748504081674497,-0.4213521733904289
2.921808710446088,-1.3444759053858244
-2.7119955909309623,1.7576749977608155
-0.7485433517140733,0.8497489515816153
0.5058922232825287,3.5352029087013634
-2.5321408572806505,-3.1445523602684373
0.7323298635997736,2.9805451925169626
-1.2511704850800567,-0.37488030503086256
1.3458522113185207,-1.775356067564651
-2.9723495127638038,3.068634945908427
-1.2638561649209892,1.263842736906563
-3.4182603991799563,3.126822659165786
-0.6018373148659487,2.7207745603835845
1.1444443000846836,0.6642067807990082
-3.2999096710345577,-2.603053186499847
-0.8635664326911753,2.978760195092408
-3.139267438885795,2.804938718676979
-2.7267700259915775,3.3932156750890132
-2.7694997589417936,-0.665074322366811
2.581882169278273,0.4954668653271414
-0.8655780919254297,1.0828555097365664
-0.8427533508379341,-2.8790896891357645
0.4486442996525199,-0.8103511794043091
0.34974735775102667,3.1740303681709516
1.0240857404815251,1.0121720157743608
-0.886918280888965,-3.0268086335784825
0.7754778681904747,2.781594961066818
2.3686579263526166,2.781699523844009
0.4821316591787097,2.4890202271509465
-3.2076079259479187,2.9284593731079305
0.5135332587959084,-0.8005370423959614
-2.6328987150870637,-3.028322348497751
2.7022785700358285,-0.8294593141743483
3.564768730469126,-2.9155340620363472
2.801969209910622,0.5168320170217165
0.6276515403117066,3.4928839826370663
2.8918164713972874,-2.027411314494865
1.2940761607781621,-2.6089089150792053
0.45690377266717735,2.707981994859662
-0.6097147164466246,-0.4592855713396026
0.5217084796153276,-1.0912596296913784
-0.7852583976526415,-0.3539241831976938
3.4739206387230865,0.5875449060982736
-0.8341372206713352,1.067274828328423
2.995069888591182,-1.1951270197153776
-3.3670228828728272,2.6667805832858447
3.4826053011373426,-2.966927831435189
-0.18766830219718597,1.9515829252394319
1.0913422499426604,2.5772865159286984
-2.918971548431076,1.2496749688307411
2.95928298085193,-0.4081169178074467
2.6800278296906908,-1.2998641303455714
2.9446862356008103,1.3040815606321832
-0.8591313660001793,-2.8566463113599254
1.038730772611235,2.685639298091929
0.42435226695226186,0.948329170779482
0.7646645041661725,0.8657614607258955
-1.1068211545388102,2.726798300669688
3.15025563106169,-3.336898915595317
2.7512798568017827,2.6244556958040612
3.7658050712260396,0.6916582364171409
-0.941082558902216,2.7516225155852116
0.559410028082367,-1.3975749167186409
0.9346130409714243,-2.973877014228976
3.628592137662192,-1.0656475408175452
-1.1240454483549116,-1.0569188689654536
2.8475018785566992,-2.979642573155728
0.8353960703856551,-1.1667904330656877
3.097082442878461,3.0924275781167974
0.7326478689160499,-2.8157880731128984
-1.5104965747683905,-2.481016398153603
2.858864183798115,-2.200549807222643
-1.1991441058925247,-2.8830718124682835
-0.6230159327875322,-2.781869879573694
3.484219509055833,-2.8193268226505546
2.9521497872316744,-1.1105932166595132
-2.6333138211702347,1.3067080668512472
1.0821745809865135,-2.1873424897598035
3.3169679553978315,-1.397444281224469
2.624522446029076,-1.751636906058514
-2.9703661076550403,-0.3605411272924231
-2.7428282586022372,-1.2860740073481713
3.3835872625654906,1.0747114031211857
2.855675499703107,0.4938414885308518
-1.5574551611713017,2.6455648215825587
0.6701865286336046,2.1524449736062694
2.7035389939445977,2.3248780216737734
1.0647248159012557,-2.818596159049576
3.1632256371026934,-0.7530787444266979
0.6792959812430096,-3.1530333286473073
-2.232212779142411,-1.1866026590805507
-0.9872868374406382,-2.153978777227125
-1.972972818843291,-2.7105570870376714
2.9620269314592114,2.365569143340761
-3.181738095926718,-1.0281030862891305
3.4303432656732187,3.432549049272107
-1.2145105496391004,-0.961739309203844
-1.0799853646635378,1.0032918172459757
-0.63486764046172,0.6537158373662089
2.7642370620778167,2.9175188061756496
0.704312720471533,0.40237221055803585
-0.8399960989614205,0.5404695825520306
3.049335579061223,0.9363641459136913
1.1342864530880163,2.734678034187025
-1.576955703709751,1.473343147954252
-2.7968973768656347,0.40040046376281674
3.062131495226183,2.784387733895384
1.076864714799401,0.6689537634368122
-0.8001410908235392,-0.8885213251299848
-0.9390660463151631,-0.5162216069296819
-2.843622349802201,2.4417377514372287
1.3017743997702527,-3.6304800579743293
0.6568620884683124,2.7954090014191357
-2.6446204684477497,-1.1675736390039502
-2.4571128497904122,-1.0668829467129253
0.6544483549504904,1.354244355415309
-2.7476247761256456,2.2096541061652415
-1.0410215145842776,2.1674573774568464
-1.022026793336449,0.26815825555005657
0.2516451937531532,1.3050967451757267
-0.897164117239444,-1.4225760810128458
1.2477894784426236,0.5078935879690222
2.793739915520051,2.1220570659252864
1.117485546023674,2.9216525052423594
-0.6527234270484772,0.9448580507504806
0.9811652791904497,1.4033721804629549
3.2197316852306477,0.7134850030325143
-3.2854557775680715,2.7370049886360563
-2.042146909518179,1.5106996911265158
-2.9319299389809665,1.3502563230810036
2.8718433871461437,1.2072788359992666
-2.6491797404967605,-3.298680304450706
-2.547724053416424,1.3952674393118805
2.5821030228554163,1.0722630245932772
-2.6289295441076614,-0.8045097092903191
1.1290171801859494,-0.5301827303666548
0.9475578352516362,-0.4269587240699411
-0.831702825869658,-3.0941911138861133
0.5184813797420136,-1.193006251151817
-1.2629799264357504,2.944868691021887
-0.9949928173869368,1.1129522658672413
2.5247002607214255,-3.0571909991939514
-2.346496913840549,-2.6360228504014156
-1.2864410607059844,1.4004927331575148
-1.4379631588433577,1.5145039870291497
1.4390100291258618,-1.1821900940969816
2.801636917650822,-1.2642746198505348
-2.919296311770825,-1.1427527044982126
2.769770547322513,1.4713405255166336
3.235876953685136,-2.701361318203969
-0.7748770166702316,-3.1015503580899573
-2.6554482498546994,-0.5435152896711507
0.9865036521617421,1.3534585214285564
0.24317756606964294,1.1223326621568437
-1.157558237218568,-2.8145991608777368
-2.3985081400318666,3.4595812926844887
-1.079632066052359,1.7681407414111485
-2.6026278382055956,-1.138336681741996
-2.16002111604324,-0.5201739176288027
0.13239709519506268,2.225824818355682
-2.736875695144384,1.1162086637311066
0.7114179784942766,0.7899559508865678
-3.101805888944883,2.5386214214868654
-1.1645848978289575,-2.12653768133721
-2.556109940327057,-2.570482536118496
-2.3166720938502494,-1.3299994201995589
-0.20612129919041447,-2.1221885316001527
2.7616315071280777,-2.932617711080429
-3.5211185662297018,-0.31635014932106487
2.772442955445682,-2.8221260510036754
2.9598821087559264,-0.9846527681189591
-3.3808495517057255,2.7014009416339717
0.7134656370764166,-2.8022308307842687
-0.4194095745749587,-2.816714829903976
0.303827662053567,2.775103380234545
0.43352454184595945,-1.1193146016206479
-2.096853742501166,-3.1445817456025025
0.49561440054851325,1.1467393976775404
-0.8716075331700588,-1.1155590354355036
1.2595135592099682,2.1328987889930904
0.05708146962276781,2.8634689405207214
0.06599761905077513,-2.756712228344697
2.9521854053996996,2.341946940576991
0.8463955967482916,-1.8948016106813783
-0.6707770840619629,0.6376333167783506
-1.4307638292546727,-2.320868889527905
-3.199740758223902,-3.527487762147777
-1.2531827611824558,3.195113075141797
-0.8892618764819699,-3.0926415372369647
-0.65555821336377,-2.781116132206723
3.07513369378195,-1.4993586814109356
-3.3067466116212922,1.4830183063162419
3.081021715588102,-1.748095852364658
-3.0645556800876013,2.6547733676580303
-0.6683985392757368,1.0481080179513595
0.6877185440235491,2.4232170726149693
-2.961603228642244,2.962492178973697
-2.8134159069311218,3.3464722349013623
0.7582368595731303,0.39960519389045407
-0.9172971685237871,3.326179023652217
-2.7319949291228673,-0.39489126317574375
3.073383814446292,2.542985411274206
2.4360306563192986,-2.495557756607001
-3.136733404224223,-2.483961235574884
-1.1428609252857516,0.9608806752450685
1.4498031128210966,-2.691766409745356
-3.2814938330244576,1.4053193237223163
0.7117684845238365,-0.8563063315841805
2.881955529492362,2.753484307758988
1.0708772316509985,2.6850964963702006
-1.3927273572830328,3.0068058655624976
-3.0229584836261245,-2.464947937959948
2.1948148800140976,0.09623365724522971
-2.6785056071755147,-0.47313688512497737
-2.677298926510058,-3.0226005217746175
0.33942939539079175,2.810905566813956
-3.045167261688861,-0.8623648032386216
3.270740952617436,-0.48734104548631824
2.9154402595660027,1.9905771628875883
0.7191615349854735,2.973958999322953
0.5808897569341737,0.7046624157136919
-2.6419250078141028,-1.0080801156126253
-2.423835735641478,-0.8362135831920032
0.853637798985404,-3.120575891151524
-1.3382823918105833,-1.5709338030698572
-3.6863838588120563,2.6146544058414323
-0.8486359711238785,0.9923219401328996
3.3227554726233617,2.8272420169115344
-0.9355154733304455,-2.8857937446251265
2.646328941656221,3.0064379049723677
2.6331829055018656,-1.3164553354617354
1.4876736582128092,2.7614368010173744
0.997188259460229,-2.5474042061925513
1.010954807605021,0.799770061284139
2.5975994190742817,3.291862377441702
3.0457647635523917,-2.6423235108315333
2.7284821675969604,3.0025369469145438
-0.658388188803055,-0.7335526181436046
3.0436676240906757,-0.9465459423868933
-0.7695310053879981,1.5732348856482763
3.0456076228224176,-2.1201317283273693
0.6069659445603457,2.7838168006149626
2.129183999750654,1.187781603481293
-1.3225478728930007,1.0412129906365932
-2.2875775913837626,1.7634066373431994
-0.3216641711396863,-2.449262397218038
1.3137510351417119,0.7777936355333224
2.660555752424034,-2.154616977152585
-2.674842973898705,2.553914803285794
1.795850052877166,2.931455596079608
-1.0684370804705923,-0.4730964703909496
-2.602513754283303,2.810150439343656
-1.3615796327773992,-0.5892694661111706
1.5668939275612137,3.1150304382317233
0.7006240770347872,-1.0203190657720627
2.92712060184797,-3.668088309633941
-0.35291447026784883,2.8897934742662637
-2.7250373972268007,1.486721047091505
0.9443186269643017,2.991302288987991
-1.1144448753653293,3.0919161245962328
2.6431198827513875,2.3876923462328183
-1.008684379019817,1.6844662347627197
-1.22675800110666,-0.7757310246414966
0.9601811843130762,0.7344880091571939
1.1683525098127339,2.228222380436159
2.7115391766785804,-0.7457739559211176
-0.8585472152484606,-3.373139188350095
-0.5943549377379236,-2.441627869469177
-1.9749105374323783,-1.0040031999817236
1.1542223051042966,3.5412153469826393
2.3408896360296225,0.9080998167099461
-3.453917689123597,-2.13267033147651
-0.4158326685702283,-2.627939950501476
1.023689314551131,2.4008735802185535
1.1480165304412413,-2.8962139889494445
2.388866961375016,2.8363972832771887
-1.7825746688334903,-0.4626427900781643
-1.2917189280304877,-0.9396456633697661
3.3218019376242838,-0.5950461395689258
0.9230606552449387,-1.3606361329984282
0.633498679556424,-0.4272357932394114
-1.199053657864958,-3.182078561649126
1.472855700314662,-3.1979550974024096
3.066345071963669,-2.7378857663144274
0.8305637120387926,2.4617624157441655
-1.3015044444620747,3.2735259047697722
2.513995647248489,0.9011599226609371
-0.8670212495713653,-3.351165184455262
2.316876466893759,3.2036293232124633
0.777649616833412,-2.7950470986635754
1.5215113641099733,0.7316121501746023
1.001786164020049,-0.30427707549842126
-0.5601270598424721,0.8450445818632887
0.8301661834227977,2.8207530662267497
0.05060550108009069,1.0815426386751619
2.5738785613809334,0.46861535560592465
-2.7055977075675877,-0.5551392455600225
2.69152572376791,0.9573616363330801
-0.7691300793203236,2.6167499700057757
-2.0446293464440535,-2.325628189787091
-1.2476813666080018,-1.0509391106957362
-2.988568315188489,-2.6507476391025606
0.8168164580443824,-3.127200016938667
-1.0411862418831075,-2.5643600644090894
0.9132236347028546,1.3938252649811125
-3.193214530818414,2.7485151942324038
1.448423978754609,-1.1752242714357233
-3.326614997220301,3.0892376504136534
3.3224464121851054,-2.187042978631812
0.23948467846598198,2.638100226085949
-3.4875523965403437,2.753266524555793
-0.45412092455140596,2.5021942590823825
-1.0157457508059202,-3.1218125595016692
0.9030502896921924,1.197459673723611
-3.045034474993013,-0.38128966823951205
-2.663930357031073,2.8629656647743977
3.337874330157548,2.1533350734365317
2.682488734316473,2.2539537539363734
2.8510593519567413,-2.5265610407425494
-3.1586246388010766,1.0945952963599888
-1.0567265861212927,-2.566933744448536
-2.4540101881095207,1.3485330139092333
-1.9850604224724075,-0.30011951987967195
-1.4296793129457974,0.5668749469232468
3.4830313565796502,0.7880681558311575
0.7540890685226388,-2.643157188763699
-0.9503453113812238,-2.8162481187953743
-2.666299345156476,0.7656356381296496
-0.8117948259873912,-3.4403738604471483
-2.617598025042481,-1.1558477598611652
-2.7474529059689763,-2.555015260328232
0.18887732564880355,3.0254320524158453
-3.316577025323484,-0.24126592856027956
0.8218801628183301,-0.9809843461553059
-3.555158166904066,-0.40813315746037804
1.1233593283099919,-3.2502450812873906
1.170799282018271,-2.300586901843881
-0.5621539800621078,-0.24311688220626926
-1.2818763769898216,2.5043578781429487
0.49175541777824694,2.2738851067125303
0.7600540643231364,-3.1936831192990316
-1.0689323893311033,-2.4131208536701005
-0.9783154028148758,1.9824911039463597
-3.077766824874479,-2.175204059926593
1.0173468408682147,-1.362381562826691
-1.0348138438273944,-2.1911347411899795
3.5098437479333446,-1.4681789075522669
3.0207296260923147,-2.4145411273727313
-2.8988609470641284,-0.9574715881342851
1.231390741797759,1.1729329622583162
2.7464969167425966,2.541900810275947
0.45471919972066377,0.7429699601478231
0.6504545454302701,-1.4333593798469901
-1.3019428773818624,-2.8043145389932556
2.8448548026823888,-0.001463954655817091
2.2396375029476046,2.38035493406074
-2.3730968660141194,0.7479714414754302
1.0599557720590378,2.3191940905554214
-3.1420520218764847,2.287128049978645
-0.6597593351313236,-0.9594692242007433
0.6398172243838746,-2.6772937942591106
-3.516819498232829,-1.0937393682107028
1.0891204317109926,2.24373500013227
-0.7908018775682356,-1.063447170427655
-1.3605820371478496,2.950740107516306
-2.7534093126489467,-2.5924816933651704
-3.3759369786354885,0.6037415438144753
-1.2670959832566675,2.737801144528182
-2.924548327410907,-1.0939108887869535
-0.9639258281825754,-2.7742814953489163
-2.4615511706447366,0.6279431300307099
2.5504270065425962,0.7996550867187215
2.4982006337405025,2.9247465565380737
-0.3981776171733496,-2.7825930061276893
-0.7285199271669321,0.20902399987899387
1.630504821141018,-2.419206101139562
-3.388020807261952,-3.2193530153983843
-2.3185952375880587,1.641390081829333
-3.0130163645331005,-3.062897590315885
-3.2793264403183295,2.908994171998916
-0.9442421339449963,1.32667726731701
3.262584690824819,-2.5965563855317737
-1.1056324239102262,-2.712841157589268
-3.0749770633563673,-0.7728175814754071
3.023776463232793,-0.6650422352898626
-0.932290868292063,-1.210701522386627
-1.0197004666393863,-1.701521701302761
-2.773119176844582,2.608078258058518
1.7256322003376954,2.9028178601595687
0.43569847182311305,2.311750098567199
3.039744807285319,-2.4275347416701565
0.44066455263627435,-2.9269547002414473
-2.7791856300699482,-0.23858682918501106
0.5804740426131284,0.31715066587658486
-0.4411468807780879,1.0004337222758668
-2.5639587509860977,0.4270384337747385
-2.804091095997718,1.012898012467488
-0.6246539255788865,1.130610344252921
0.8842321836804209,-2.9449049683510564
-2.571728326049632,1.1784880148708239
0.7897586953190723,-0.5115611981040502
-2.559284212518295,3.1856547052998647
0.42928436935742337,-0.9185520655733795
1.21896569301375,2.6834230958195486
-0.5157819350978358,0.6737140561795268
0.9225292590318158,2.524477964303334
2.442290858110562,-2.814260871619011
-2.8667914746520164,-3.2118878446451924
0.708071517469526,0.8810298116884564
-3.2474490596728884,-0.6806225912614521
-0.5548496267672414,-1.4912795973952884
-3.07126255175018,2.7378835101388925
0.6530650763332668,2.7492737782201866
0.666971004731011,0.7463116290519939
-3.4898116700367443,3.178903907476634
1.2696016412760072,-2.740489027158915
0.4191470578868869,1.2890592989342657
-0.4180050284510681,-0.6746097976007478
0.3753003522171348,-0.9363986191928425
-1.1429077649793582,-2.852803771310069
2.719766942066881,2.7040131301422172
2.6250357315485378,2.401906682853578
1.2015949958228729,1.2436392130431622
-2.9159946340020917,3.2990514037098007
-0.6504394328309848,-2.9151263209531675
2.9195431284047713,0.7021404871059377
-2.8568271217451127,-2.02694976467881
-1.565270162966468,-1.5696099099962122
-3.0642527161011777,1.2191355928972463
-2.7057228812263268,2.741612928712564
0.4656473291370769,3.211934287205029
1.714829209532283,-2.3843587282315486
-2.390187856452855,-2.6440470386174955
-1.2713694690956152,3.2890657352083705
2.942749710283951,0.3657197638345993
-1.1937669211199862,-1.818095396953692
-3.3254567697373427,2.2643579253567303
-2.626238903464897,0.9330936411467958
0.44324817546221024,-2.753742022497744
-0.610631835921156,-2.24156513336943
-2.431214482990508,-0.23526807806831204
-3.2894016117619205,3.1093649725214934
1.0468131629394135,1.2639580009760867
0.8030568112384227,-1.1081370561791217
2.771666398135248,0.4759301506491111
0.9894525500107418,-1.2112761100109046
-3.013363253872145,-2.767326058124597
-2.558736235287094,1.7226627344381957
2.631859347467528,0.8804842892526477
3.3140488963692047,-3.185151548995137
-1.6978093119723499,1.6029573196559133
-2.911213060877269,-0.5129580038083837
-3.245233905163157,2.74997456507926
3.004904120697811,2.2386606567245564
-0.9398383947961853,2.858041055043781
2.876172413418811,-2.801039297028458
3.0620686520667033,-0.40896747014644996
2.6678959743205937,-2.829801296510097
-0.5461222413141682,-1.2807769781196867
0.8243226966070245,1.3233195449558877
-1.2589298903311084,3.1950197381230176
-2.8150090984719336,1.4078577035180442
-2.6373846708099338,-2.6036617613740187
2.6424922151340264,1.0773794149307712
-1.1736988214830424,1.2035851105332664
1.3098248547028677,-2.2804576421089227
2.958214299763591,-2.8080667695679944
1.4658713079645869,2.590285426284446
2.427579817889346,0.4022835405326143
-1.2340747678454815,2.443707495691473
-1.0826904875323715,3.1967652487036613
3.3868773818488687,0.44344012093428153
-3.0453924759084234,1.3542659456831263
3.144057377384615,-1.589214165132591
-0.7557300000643152,-0.6351630807714993
-2.1570210127317915,-3.0401301543575614
1.159432571160756,-2.35243434468867
-1.0951353805904966,-3.3299521365249953
-2.7841122267216227,1.0732418154299626
-1.3434900279950135,2.9798811420061373
1.1203306450642687,2.537284857350434
-3.667291525036852,-0.13564613815006515
-0.5459859557995834,2.5421600407595903
0.9291518828058101,-0.6873523600984586
3.3644660655422474,0.9110255085056813
-3.1529483515430834,-2.493312216390668
1.0668860237278082,-3.838485462735304
0.627800082159853,2.57000458100558
-1.0809518845564312,1.1756807385279067
-1.0943216391604567,3.288208208505665
2.889441468084,0.8876342506796752
-1.2131848277284512,2.8378732561245923
-0.9748573917835214,-2.880455220317699
-0.9749693996908442,-1.16616322621316
3.328087710428821,-2.720898883614037
-0.6159632910755614,-3.2130421868403154
0.27334609774815666,3.0084432974523905
3.0809253999203836,1.1593539170144298
3.822641420098386,-2.1390668574823137
0.9472275892263082,-2.5764320101089426
3.022339699581176,-2.5176263410362822
3.101374098609223,0.903407060064105
-1.1263943187359582,1.1897456076090214
-2.436383280170766,2.832083422012512
3.4614316209998477,-3.5608270945235754
2.930880872004656,0.30585305451827094
-1.30535889769921,-2.080541376089382
0.29960168169050455,-1.3302446284353717
-3.052541858630981,3.2592384803854597
2.2490524245302863,-3.6109874271936464
3.107393383158763,-2.345759358152943
-2.3565308169863632,-1.094542543638866
2.360383857858262,-3.040867058573879
1.428381891893492,1.518081891487014
2.8182312300117887,-2.579171701986674
2.910585814820062,2.7194561768685817
-0.9260740061478286,-0.7166997662636929
-0.8112676424656451,3.1293779246503526
2.7510622478444438,-2.5891076511962408
-3.2190163079249356,1.1901257887090988
-2.2204853782466807,-0.9014813580146581
0.9549203018419711,2.911468799265111
-0.886029907710423,-2.399876245227488
-0.9843991169358662,-3.19237795559867
-0.8104438632880739,-0.1934792151090221
2.546505459348148,-1.7281691110466935
-0.6887714197360649,-2.9334885780652495
-1.2044998630317179,0.5811977888073689
-2.3636726012607254,1.3441584590113662
3.21043127880943,-0.8875658114358059
0.9972592881640826,-2.7809135299579135
-1.2346063018197946,-3.6206293616185428
-3.1796203738420936,3.0781892599953555
-0.449165800179076,2.3010691826846177
3.02309598206454,1.261695261640685
0.7921257617394455,-1.2219251492122114
-2.391170873566106,-0.5275811833565069
1.4230488167050823,2.859020729733087
3.133278649163803,-3.001409719299134
-2.9393344071687935,0.9220423142565971
-2.943117442057124,-0.6430255665282367
-1.0739500405836182,2.248832224004239
-0.9712190143414877,-2.912518767306082
-2.9979887183258067,3.0826093183408716
2.8607288121152674,-2.3054876178598116
2.722867125765481,2.137535601159311
-0.9235045335330777,1.6318733529967684
-2.954105471162064,-3.5246802488799376
1.0855573151215374,-2.5637714143450263
-2.922350716431611,0.22840310765828772
2.98712352489173,1.545467956137184
-0.7966526021827587,2.363695350907277
-2.8247881492815545,2.954827860355136
-2.5043150168414177,-2.421491988068279
-2.459813189216036,2.777803872425347
0.6374508803909026,-0.4930242949823376
1.1037920474397582,2.6111233172424786
0.5196162005055373,-3.097470150962689
-2.1683885599145603,-1.4086075542913703
-0.6551139815624265,-3.3270121945882414
3.2224294734223955,-0.29724034631105894
2.1052207711626396,1.5925882608870823
-2.449315687967826,-3.216126148299295
0.6289349200006259,1.5402382492277134
2.796099163010818,1.8893092173676655
-3.040484959865669,3.7709349945239827
-1.2494228152968276,-2.6792358370473783
0.7943972194958691,-0.7680392034096837
0.9819625590516525,2.503294067411264
-1.4498069760592573,1.7242782317867806
-0.8581999048503899,-3.3797358234788915
1.0217799718563165,1.0340974138286427
2.7381216061734723,-1.2746091587242616
0.9461324189327842,-2.6726832305204806
0.18140368140410784,-0.6958134893665249
-0.9530691595729334,2.2046090559991933
2.5824062277145106,2.853573797115715
0.8059969033611141,2.7623640876414335
-1.3864011512749677,3.1259894429604356
-1.3964163367490476,-1.0733302721643165
2.6725642678875055,2.3473607925002633
0.7238661776261432,2.3624837656564663
-1.043503645696149,0.8773687707020914
-2.5356467837979455,1.1966396579676393
-0.94586603101131,1.2487099560332655
1.27252770508126,0.7265096626211165
2.3625348675413296,0.7691117382618343
2.9058957013235487,0.8025972692666591
-1.1687746324857318,-0.20497120341576378
0.7718948076472139,-1.2962531540010545
0.3650729256821907,-1.3685097449018508
-0.8894049247544032,-0.20593595242967844
2.4107210948213154,1.4632660153587465
1.2279685457865006,2.366173806303561
-2.947126646322949,3.568032804424425
-2.4464515255980106,2.750216174547939
2.908622564533412,2.411398991093815
2.342360855390576,-0.8037720839492557
-1.3930475211614024,2.7104970154182815
1.321056794912751,1.2163772655256675
-1.4946160002234745,2.695521331678715
2.9009665707997976,2.6576265180557956
3.251330023196617,1.2671706182913514
-0.5333988828175446,0.7887344048442317
3.28778201976315,-3.6635869484240344
-0.7238679458854579,-0.8241997138151523
-2.579883224185266,-2.674658794763688
2.7819794589637405,0.9110316835853988
-0.8455185659463467,-2.407195190861672
3.1602135252925896,0.9923541096132618
-0.6883102988241897,2.9027486888629297
-0.7134657522962277,1.2470934991109046
-2.8268406011196547,1.5751067819783922
3.5918827424166793,-3.239837997677402
-2.6539613815977665,-2.837583798016882
2.8186435670100276,-2.83468845575555
1.1371950947351193,-0.967030210442585
2.4718044395814887,2.639138627672299
2.6457927953628984,1.038209360482016
2.8921675425005584,-1.2700939379346818
-0.9943425464347743,-2.025321382585602
-3.164891818205963,-0.5849786466773647
0.4582711221801626,2.6994077154415272
0.8101839429042651,2.4512220359698516
-3.222421541461002,2.4064621716257752
1.0269171977188312,2.4019106433252615
3.7761833122959274,-2.55380059429402
-2.8986184983848813,-2.751640767416863
0.5956773847363319,2.9083595618619507
0.8774944241634309,-0.6135200811334564
1.7832274155596082,-0.5156819048361501
0.7362490463911096,-1.2944171605878674
0.34301570281026333,0.9425608219642255
3.0799082335493706,2.6324113244362195
-2.578540553684578,-2.618715541058363
2.6846860332196436,2.517106556463355
-3.433585710118322,1.4306472010913527
3.293866452140683,2.4448813691902043
2.6290226261371186,-2.225200194417214
-1.3495803944743976,-2.6879535324940877
1.1114357129742596,2.5970047393043916
1.233614279346786,-1.0593345062939408
-1.1215872985364626,1.3389218099323872
-3.376807840187844,-1.0379851371380908
3.1909244786857793,2.5674053891544677
0.6525109769103459,1.189785971428924
-0.5710334924946441,-2.740019426126
0.6541705427197348,-0.9446194211701898
3.0587952033711088,-1.1191509418932826
-1.5011736783465222,-0.3256314120313401
-2.6095219825077276,0.4862809717898256
0.2617388390577864,3.2166118030217827
1.2874147639067073,-3.3566439343340444
2.3611565331547477,1.162199916522118
-1.082675332745982,1.4755788890793125
-2.939569150258949,-3.308111308713929
2.9388099257620923,-2.950948764583174
0.8716734965673807,-0.9753328865061005
2.9018482088653688,2.663478754208951
-1.048418305103023,1.1756391215712738
-0.977170917709808,-0.6062701827221718
-2.582160467593447,-0.8474938832194701
-2.8774989451062463,2.3919196124207343
-2.5774591479005178,0.41084885149630984
0.8440717884957115,2.7751142210779456
-2.8015514492575173,-0.10901538019189723
-1.2046184167201617,-3.0264626849591605
-1.130166684369499,1.2838995497248658
1.0929458121642617,-2.524051858168402
-0.5546155981417905,-3.1804474520997044
1.2875131135534896,1.2882444109959563
-1.2935049945415773,-3.2597200515398383
-1.6772212371285684,2.5721033881828927
-3.2821995114466747,3.240118515962028
3.0683992978737322,1.1432297277144652
0.6736575467282325,-3.014740422796525
-3.0593145748189365,3.1464309723074533
-1.223960661520545,-3.149134670059204
3.081424275338425,-0.9843575246007586
0.8469446209536416,-3.248315082285102
-3.3217115803488624,0.8579903910788994
-1.5163228952313026,2.993700098245095
-2.3021823046501253,3.349735803801073
-2.3410754609561994,-1.2378307761168963
2.9712412027250044,-2.8815841465656944
-1.9903892362927673,2.4472606553406733
-2.9365186600708415,3.1517921482326465
0.9712595179376045,2.598698968855355
0.976856911472631,-2.9637242111224547
0.6616318725565454,-1.480717169377074
-0.90590173491213,-1.2169467481051692
0.8051391620007298,1.1125162561775415
0.34714974855400826,-0.6487657157860193
1.4667765170291174,-3.2547879549696725
2.752619429666132,-0.7717889937320127
-0.41319501308262996,-2.8873217408960663
0.32042787176565635,1.3023695652679175
-3.1433513783890317,-3.0753887827513418
0.8320727237104432,-1.6284145815138724
2.4012022003133646,-1.9804169615697305
0.899335835176942,1.1454398197528606
-3.328406100643319,3.003593802102779
-2.301549509112679,-2.551550487396569
2.1135566938037584,2.5255285434540333
-0.7276778807250477,-2.4536518875619255
-0.5771439453160131,-0.7893756834545335
3.3853954884294954,-3.532215791977198
0.6385336592004408,-0.9103196858983073
-2.347145288406408,1.5900557120912262
1.2854084794013891,0.8009590383410607
-3.504822614247141,-2.2324673408244946
-2.937336107965408,3.0048869885784133
-1.2931503167600022,-0.6060620582604153
2.302429210390613,3.1416296021773866
-3.094680866319628,-0.43947264224654425
0.41225162795698983,2.6131917271067167
2.660650457254657,-1.2700012761407726
0.6740154954855049,-1.2557880374581203
0.3662523864279927,-3.0577573998829166
-1.7140346141869822,1.1291173574407887
-2.858897814831309,1.2016568418369769
2.6955262349166027,-1.0545684818205894
-2.5204359015434012,3.2815106242511605
-0.43741769436323963,-2.164111473868656
3.330052643962007,-3.759326372412993
0.4371197324210532,-1.2972900184958789
-1.1222138583928558,0.8652322790335266
1.2459066297049979,3.3209340369215252
3.2297867584023496,0.5560416671074243
-2.306196309566688,1.5487484168943038
-2.6896296488600484,-3.006448778884749
3.1163474662623067,2.5816317810090585
-1.5462935949712806,0.7320377508482748
-2.4574086269643347,-2.506704296323213
-1.9182584002346212,2.758581209988017
2.9006950937756075,2.4992541596957816
-1.410098042351004,-0.5831169065870572
-1.077802752569459,-2.4555640001412193
2.6998216172210316,0.08871796741782267
0.6699515539970426,-0.6260268526519045
0.9073578880579781,-2.7770022584478022
-0.6054590781259951,2.767898308430504
1.3351099369701882,-2.6616256864361447
-3.360159081735368,-0.9366160255612339
-2.9037324932790853,0.431668925865359
2.3502455039816916,3.487124170646499
2.1089378825619574,-2.5510307343680187
-2.614501934470769,0.6941833761784403
-1.5871187220857927,2.45218610728543
3.4117086921283972,-2.70715508408183
1.4647066652882257,-0.957553019328401
1.3251913926631602,0.9189972215081916
-0.4955533296724257,-2.5633950754448502
-1.2611644274716518,0.26723087669360784
0.4419598232697432,0.9072691619107404
-0.9647950085662137,0.35253829786952645
-3.125460494325721,1.1531027894634558
1.2183401072345839,-2.4609410677243404
-0.22530803457160947,0.6591253709430813
-3.2228000263853596,2.6138591755150062
-3.624330531345334,-2.7150518828800183
-2.4296236697661415,-0.582108562328089
1.5156901092051287,2.9204013019361486
2.7305899663750455,-3.304730142158689
2.7647884646130603,-2.869638999632936
2.259895646496559,0.760668782704558
-1.4752817253807209,0.8360965518572088
1.1760730842773204,-2.953725510293616
1.0642399521581685,0.6329380343412679
-1.7211654845238058,1.3816431297940757
1.168173682052005,0.6998511480109798
-1.0235950785747305,-0.4614330616420882
2.734943446171765,2.5350127293014104
0.8601656009793992,-3.348069205591422
1.1671532478320596,2.664649186807761
0.5144290483822356,-0.6294902762111722
3.4925081166064267,0.5017853695830269
0.8436789671578554,-2.7682981892491045
-1.1276740572807062,0.8333538637414308
3.3397624167417255,-1.3380651373217347
-3.086942715524651,0.5289110855640242
1.3601647704541693,3.0820264569096065
-1.3526200351673185,-3.3437708554480357
-3.158456711546955,0.8124998549833456
-2.584601661526001,3.0572771776372765
-1.3342152576763968,-3.3175073951634704
-0.3917929129685602,-0.7250560439520916
2.8967345782399585,2.3302224294381313
-1.226909169552305,1.0678075703322678
-0.3241122914623907,0.4345824392818134
2.7531707927034796,1.1168228031579246
1.5164179131957272,0.9958220145674638
2.5267894557924926,-0.8444102066160679
-3.077958625374593,-3.0425959573418715
2.6935504492775535,-2.6510280355380473
-0.1443093212484748,-0.909471529188925
0.7361171724572191,2.7605562550918314
-2.4567886772806937,-2.691295856600221
0.19793150014058591,-0.8236764048892466
3.1257889393799783,0.9257149019654413
-3.2130437864387624,-3.1126448828378175
1.102398477467317,2.733823154847503
2.1863814838090607,1.2184896148823379
1.1416090726332626,-0.3799791721899699
-1.1070400904832958,-1.1427159615397264
-0.8989333498069062,2.8111473033210332
-2.3258846734741607,-3.219527085088171
1.1014560272909282,0.6607854694706082
0.6809004769542601,-2.241395837545916
1.278049736918071,-3.585935835266677
2.4708162102152227,2.7650100446128345
-1.5391102122721618,0.6813639021927763
0.4413362557700634,-2.320606932223253
2.990130509599745,-2.574052058392821
0.8584270013094395,-1.1420534265515088
2.7840794999854155,1.2889949646413037
1.648727276155275,-2.9578928186940208
-1.1973801554653554,2.7239665611716717
1.890863462407342,2.6729199085868456
3.3463352066768777,-2.5282912360535437
0.3767465187190733,-1.2914877043050639
-0.9359769325565421,2.5526693933789066
-1.515380919928387,3.1474560943169103
-0.3071432424821026,-1.1025817157956936
-0.12773445174504552,-2.8875792921469126
0.16100345901980873,0.6222186237522974
3.0109181492162858,-1.043011213944001
0.8710977878394746,1.0733059740566693
-0.35830709344694306,1.2113590129043197
0.47249451161988515,-2.9830033316048206
-2.3022859581826114,-2.7708282507787003
0.7628614868354034,-3.0822592244164833
-1.211678712770201,0.9828742671849855
-2.3006034106429447,-2.7079225936546543
-2.9446541623435425,-0.38060786922011425
-1.1437429837944635,-2.4058180404172926
0.7806437785870659,-3.143296597727935
0.8697441287124562,-0.5516281275620548
-3.2728442655232715,-2.829482424179793
0.616215173349778,2.711168693019671
-3.2802247987695057,-0.5804905945955122
0.7738661530511037,2.4494513397114983
2.092834577201257,2.7553636797921293
-2.506546548429889,-0.6810937433051942
-0.6001087128431167,0.9211324945113409
-1.8332627571094862,-0.517253496971762
1.1756134831189988,-1.3610820324140989
-1.3187365084018206,-2.8860242555053612
1.1678604604567242,0.30509772719752515
-3.0605590013977944,-0.904066995855089
-2.3473004481343125,1.1747519255103913
-3.064316092974629,3.296599690586561
-2.47087626465653,1.0489411336929453
0.07094605444504351,1.0467966027452682
0.9299529353521777,1.124689741860206
-3.562639370930412,2.3336977172962663
-2.5995152565231177,1.5582208301827
-0.8631683107856004,1.252868806316562
-0.9615813387853424,3.183895073616724
0.6044582323589855,-3.411995898712873
-3.1469666000898506,-0.7560704627493092
-2.9931254049474525,1.12186445379476
1.4937937381389392,-2.9181098349011454
0.2492806783128277,0.8521072295598605
0.43685473188428986,1.6115734807827375
0.36527515337828637,3.322455256428232
0.7768396198988211,-0.42870336659732716
0.5596956222791345,2.291371719731798
-1.274965251275302,-1.4815889795674517
-2.0082628967278637,-1.5658423011540195
0.8866518462431052,-0.694067270838357
-2.798410715855773,-3.2562005571812445
-0.18609519110642728,3.1153799560788844
0.1916080119138287,-0.7233480245864453
-2.9123438032376585,1.4272504215925863
-2.4728762239690822,-2.6298602041439185
-0.7065966858517395,-2.7924155163715216
0.6532760236303419,-1.087146029950787
3.2916676727591163,0.3948811013927814
3.140669266772741,-3.0414667755334226
-0.8131267198616104,-0.8415721733109968
-1.9775187213452778,0.7063958401980951
-3.0068422019080727,0.9920392832703255
-3.194315470048613,2.433911578240064
2.62840605639245,2.293658699912618
0.15144368554693563,2.654709929608147
1.4139445623381581,-1.4798231387070755
2.823605160731696,-2.2899291960749975
-2.5341382130135393,2.8409487928816617
-1.4594254208693103,-0.9542923376765904
-3.0476412714475223,3.4362038996464412
0.3861494577000147,-2.8425554156367014
-0.7868745140284941,-0.22272363096510192
-0.33409204346615445,-2.6910671306307945
1.1311797624290223,0.5847313427079378
0.6493452645246478,2.806250576177894
0.115399575967815,0.45925223737594306
-0.7257203227239675,-0.0439966316872639
-3.341286101629659,-0.8106902488990642
-2.9283068451709555,-0.8247966055639578
2.860053376357991,-1.1611806318424436
-3.281242228444861,-0.7677951807634594
-1.1396012476413913,-0.9416771383157487
2.7739513778071854,-3.202522781600297
-1.044370132345108,-0.5946867812284451
2.2102124201194213,-2.9603973111050124
-2.6134851376550974,-3.0800445453409866
-2.564253192019874,-1.170452862845759
0.6647865816162402,0.654057483812394
-2.960240152123599,-0.7436925483602778
2.7451929190287543,2.652082927533287
-2.612677258454845,1.1167592003766154
2.7378326144513987,2.5926255884735054
2.8367381436583234,2.4247197109058516
1.487089866137435,1.3555788999319909
-3.293979928959971,-1.2463645370464378
-0.4323203975897969,0.9197855657957532
2.6381345105327596,2.4264868284462966
0.7274841737114316,3.336120222261954
-2.4618211524088434,1.0031005478896478
-2.801409767273415,2.9666418881308982
3.2503322378166373,-3.244319914227854
-3.064691792999902,-0.9574389541182914
1.2745657482638242,-2.5607128344736276
-2.981480844043904,-1.1347392512243968
1.326427953546832,2.437160883038364
-0.7968752511585576,-3.253589671014325
-2.8765609220645985,0.836234515451245
-1.0052455871754247,-0.42622420435076275
-3.6392458801698333,2.471449273086692
-3.0760687510055527,1.4253745046511623
-1.106689986738958,-2.9687748114780392
0.7555343025674154,-0.30238827147311376
1.5242058758671828,-0.9278231131347902
3.178812240288706,2.5958753073384773
1.0535660809741647,2.5829608088852747
0.9865830069772761,-3.043439303014502
-1.750601530555638,-1.3726710699572136
3.0742957122425603,-1.121912438419778
-2.787116868004046,3.114188796948684
-0.6574573727210874,2.343220426878309
2.121323107445916,2.576154467412962
-3.1362678656986036,1.0977218018772676
2.596020412276467,1.2925111256403543
2.6203385527631875,3.037799328947553
-0.7839616215776763,-2.8232313005500864
2.914007393547523,-0.972366761341343
-1.4291680390525368,2.7764635752014146
-0.4899962876857449,-2.119386475858073
-0.4225024313016407,-2.692112886616364
-1.5244545240122207,2.488754087410914
0.8820273970193386,1.6712067030492785
2.8868002698278885,-2.59208947525289
2.2443885238429955,-2.9846301987204567
-0.682569245305677,1.6048152125217863
-1.0405632707341321,-1.2641669978396817
0.6758915110712653,-2.4489457028891874
-0.9478571590773024,0.5372865925066846
-0.5908583986757524,-0.9876434663100838
-2.6937500740000933,3.012906870213815
2.770315511781938,1.3431394957989289
-1.2291578792007294,-2.7710730228150973
-0.7932290174554945,-0.8007869815415227
0.9234720850716881,0.655455208950752
-1.478141403387496,1.0275306486609481
-0.516934561381193,1.4937392557464246
0.5890342185461838,-3.218489637612456
2.9734393967825987,-2.3848072437556667
-2.816830484928919,2.8005921804283527
2.3288379484306154,-2.6820510556626695
0.9161774788345076,1.4715249832154529
-0.16495238776585425,-0.8695796489282956
3.25728646939779,-3.079442813412202
-0.6577387029578197,1.0216934443931023
-0.5706389828126569,-0.4373659991471899
2.5673381176062953,-3.396685029557974
0.889713949885265,3.0229625333250887
-1.260704235452371,2.6096351844188708
-2.0790560647830465,-0.12067962867537868
-1.6731585713543822,-0.34396771549516736
-2.2523464772794544,1.1414131614823682
2.5140962073506583,1.231581802347929
-0.873976732852605,-1.5278948053307018
-1.4312465304725612,-3.3011222519610706
-0.3884229490369746,-1.2918085358601745
3.251432910178749,-1.2209735815826612
2.5102814493072336,1.2371034186244732
2.659405548735204,-1.4134482086952425
3.2927540030700024,-0.42987852650876524
0.8658238779377531,2.583998443697699
0.6991574446867274,3.0802432687479038
-1.454639275719257,2.2405649299297377
0.6396250181825298,1.5559049872526312
-1.3729777389131315,-1.0236167361390571
1.3895338748176638,2.787843740547575
2.1401249760806027,2.577952146699704
-2.649813025523465,1.0379154289745378
-1.8669472949396282,0.9773866325982861
-3.0134362438588695,2.976755863762342
-2.5726352400992116,-0.5003544818186861
2.463549763593837,0.5171670023258257
-1.573951400211943,3.0632216116951003
-2.33860940113063,1.5928129223351681
-3.4501123141041607,1.4414609008214467
2.1331878673326368,2.786742730388168
-1.280585463765727,3.1177494279052196
-0.7812244279196452,-2.7105532209695875
1.0869655755072245,-3.434615106839564
-1.3285032642728645,0.5126564539830298
0.9002118142621489,-0.4775815118880778
0.408330037247584,3.3622057544477846
2.668977763441897,0.9982144901268439
-1.1481872730369806,0.7871362898778951
-2.9432729204268075,-0.9259317738561744
-0.9520313460533087,-1.2799186576992978
1.1736763110363824,-2.8132325678492163
-1.3204267113194539,-3.003145751575256
-0.9004040504904907,0.8630012295831263
1.3332581771010987,-1.1520689793819427
-3.230375458847405,-1.6655434621774847
-1.2484739938778213,-3.174939987915901
-3.3672022492162963,1.9880230639967793
-2.455147981527122,1.1232669125823913
-3.1513605752566725,2.9601054133361218
-2.001628062239322,-0.42702383560434437
0.2971924166831324,0.6143264666553037
-0.3367273699785144,-2.65457742057178
0.8976439632588947,-0.36152827804213067
3.097316255656172,-2.6709168324673236
-2.5812337171232502,2.6006935438023455
-1.3711908258483847,-0.6272663115059883
3.053649292546594,0.1547857684565165
-2.9458115590277263,-1.8014155657608022
-2.6792456301806475,1.1757085742919784
-2.5459293791224833,2.0285480606606376
-3.225477653415832,3.1901111945209215
-1.0072957450403743,-1.6515215205498386
-1.481277224906642,-1.0926321761770252
2.5331787225187417,-3.408565401115827
-1.2992079521789757,0.4105798796005656
3.3905535240567914,2.3801944670303756
0.8266434295354324,2.215145147299396
-0.8234905438970611,-1.30979364157597
2.4747118578856684,2.648792998885952
2.39397283364308,2.7072996093982202
-3.508932369540672,-1.7687869481452616
0.6719118573188754,1.7704181243587593
2.9832395859785845,0.3790975840532172
0.47363783273338284,-2.812197016630641
-1.3388453471832829,1.5707914969375307
0.8818901868641087,0.8360541042465884
-1.2264041341037089,1.4415122713496247
-3.2364613129716218,-0.9878290737722734
-2.785709398520414,3.2291024059456013
0.6979391967564261,0.8078909820680088
2.6858473054291143,2.6822526329909713
-1.0325020994522083,-2.5349833252635863
-2.9118462442497384,-1.0806467270289586
0.9777331693689869,0.7708185346695728
1.2610304143253985,-0.644752995647591
-0.9418314525484348,-3.27859763673676
-2.869584399742075,-2.20276775406137
2.5262413141673767,-3.030523190546902
1.3523326259839634,-1.0539282346056216
-2.3107528519808973,2.801851734688192
3.2992474658431266,-1.2922118510001817
-3.0339580194768465,1.4465037016548312
-1.1086247726255607,-2.5543807102769973
-1.6360765759170746,2.653085402990052
-2.7254157486857697,-2.247479827318539
-1.1845546448461746,2.755666113242828
-1.3302021761575968,2.4741506074336024
-0.7661357809034464,2.384032887792668
-2.6920040558472516,-1.2537040372264747
-2.9357405080873495,0.5944756800618894
0.7105036233220323,1.2672185089348853
0.8950845557177284,-2.9796349729768337
-0.8357346915829751,1.112812690333351
-2.531108289104784,-3.098237348145778
1.1048029242545743,-1.1131565967320094
2.48005360403277,-3.592852351137969
2.976739210862268,0.9380872901912982
2.6704983626674204,1.360787337185541
-2.9161158406652286,0.464948201777843
2.3906043618639266,-2.7717716262247385
2.0735482886247794,-3.2651455029914
-2.938350945691112,-2.5526494216257727
0.9051451879382573,2.2140960973379826
-0.8072946135568522,-0.07724872642058263
-3.243660475975291,-2.680875459880218
1.3851388167718215,2.1184035662335536
3.178777565992085,3.574685536319945
-0.8034241553931957,-1.160114812111597
-2.676269804592673,-0.6196891205694763
0.6865258891316848,0.8263164645905875
3.325103039122047,2.68848394580387
-2.374966653843107,-0.8858360568408781
-0.23091477578440742,-0.6740474152851084
0.8591430583935623,-0.6842309122065543
-1.218838058519547,-0.8782911067362624
-1.0801687177101698,-0.3885171037538523
-0.7784395090930808,-2.9338982325050464
2.3465364280785,1.1511709767162324
-2.728966045743739,-1.1058407383181699
-1.2210592283515447,1.0880078824590622
0.993307146782197,-2.7949380717775623
-0.761109363105815,-2.7144372922232693
1.2057255867282586,2.719029137454606
3.2849465889707394,-0.8226803477760168
1.4751504634716575,-1.3345997544103303
2.8135300171033344,-0.923870477300869
1.101834706159628,-1.4661905008264478
0.7426364522284166,1.0844801391011005
2.9479867637700985,-3.593503982883448
-0.834400618024225,2.761284381966318
2.5812825399021597,-1.1758874240412955
-2.5612854031829415,3.043227817506922
-1.2837660331126102,-1.0560274027698124
-0.6375392697023973,-3.128330277758794
0.8207122995198121,-0.5796157025302272
-2.936827773005902,2.4507320450050507
2.8546450518383057,-1.3624899365700642
1.8005148747564426,-0.9035141065227953
-1.0683131510947135,2.515486059691324
-2.622527911164856,1.3431511844268782
-0.8142784251602817,-3.0744064403151343
-3.0323900073970003,1.2466716155495678
3.3156737252745603,-1.3119437986485998
2.3996365590552835,-1.1760788144157104
-2.96417197393942,2.8695571458423066
1.04390229533137,1.1386938297550542
1.0054974319042493,2.735424949181925
-1.5550903569659158,2.977847882721817
0.10663713232507219,-2.2749466506628515
3.4369216960968303,-1.0097865306114004
2.926344023939145,-1.26205809754065
-0.36333487029330797,-3.578829046813889
-2.3713316374965623,-1.4521849834249636
-1.2007794337250575,1.5122244728117897
-2.348160252796908,1.0517734009367483
0.2669614440083997,2.3648889242273565
-1.5219932310190496,3.132969580763375
0.20843242622249633,2.470313146165591
-3.645503637473532,2.10358564848303
3.2642934631787823,-1.304652352910655
2.4556726627088,-1.2453876352609272
-1.9302513150145548,1.1819362568364926
3.330983373219536,0.3207704690072264
2.443560326760803,-1.137775260736714
-2.66636962864392,-2.549887914565639
3.5179049127969075,1.0246904742238732
-2.593679987595019,1.110393767091699
0.8014751725566667,-1.0191719692009267
-1.2795715602358564,3.081303009962046
3.1157741504590586,0.6513937552446619
-2.5047425003858073,-2.39100134132281
-2.307119532104433,2.779784628453494
0.29341311092239647,-1.0885421826263575
-1.0050234485684433,-2.2974306865923264
-1.1277160715281138,3.0434297238142456
-1.3364105476493735,-2.181015657911948
-0.7441603996379248,-2.4063285020189986
-2.860536128786074,3.3293768275540514
1.4712096437926256,0.7960790290830635
-3.13281198537878,-0.8887903520539341
-1.045813107155057,2.9837111879923013
-1.4614080508939757,0.8001828985350934
0.5357184276293797,3.0532589951794478
-0.6244632781976239,-0.8023781212218793
1.0638579877586414,2.395954217135063
2.6860902411859833,-2.5590190808569506
1.1373894005727452,-2.7032805605598664
2.2020827405198946,2.5594487083310082
1.2275658886893628,-0.9956884274722209
0.5116575021225811,1.1966546720234499
0.8497933689145444,-3.0038931052057345
-3.857838785113726,-0.3803504028468169
2.4752965970051215,1.3059383923356553
2.43234081415522,-2.9345039479235586
-2.5970008363192725,-0.27101785973749926
-2.775094878854287,-2.5198774155916115
-3.0374853876666523,2.8711033442943443
2.0818737182369498,2.6097812682911337
0.7299000732932468,3.2895189355179637
3.018978823490857,2.7092572328900695
-2.78485965439025,0.6527196393695065
-3.0602826990500973,-0.7080781817713743
-2.317964691491876,-0.8904352725167162
1.3497620597451314,-0.6749326784700915
3.0141807608582702,0.4946099720045407
3.1287343839660564,-2.2942649261246286
0.9847010799534439,-3.399570380039457
-0.02774883424096057,1.1087844178945956
2.662809401676457,-0.831904821198397
-1.268630896227984,3.4356415327739156
0.8432876374350526,2.046113224624442
2.7003003065814895,-0.4208398820311828
-0.8705688848670105,-1.51296796040984
2.876561386755534,-0.3816633027860089
-2.8641446736836125,0.8925125011226489
3.5521489806401196,-2.694299867585181
1.1204810993784575,0.3455563388377186
0.8802264884657754,-0.7739842165997316
-2.916678268246664,1.0038303212650783
-1.814780487589803,2.4630841447522047
1.7542163370392176,-0.6451064914727768
-3.633968238394339,3.119761990497083
-0.3391395112518729,2.425825950462322
2.676642429643649,2.7002862259436706
-2.6052184067514386,2.188132416573369
2.5104867704862035,-2.663606172440974
1.5675789899887855,2.700198554566884
-1.0378335859542673,2.415130017051573
2.5125224501026615,-2.3608182337148853
-2.8178617758576845,-0.8099316126978288
0.5156832805933178,-2.425992725187041
-0.6265068724901216,3.0753861103625617
2.840934657363492,2.6667270810655594
-3.1915030708252488,0.9756372701657346
2.887737724585663,0.5910242938059905
-0.7900795804099144,3.272349555416686
-0.9780203287388883,-2.960833940335393
2.6313755506165295,1.0162001242279293
-1.3722445115842792,-2.632544688942478
-0.4779513579383666,2.508505901191356
-3.1072166029278825,-2.4159190969528623
-0.9177340147377854,-2.6928687717534534
1.147081118170834,-2.9215002384421354
1.3533791568402083,2.1726433641503684
-0.9812504667556241,-0.4576419591677585
-2.9519512109674406,2.464590203822785
-1.1555139470077913,2.839341681316556
-0.7348059218075134,0.9482019713392448
-1.2237937794751768,-1.262930819745424
-2.397556880709599,0.8641810608015501
-2.4745867593426936,-2.59428547952029
1.0846534366943597,-2.9884304784422415
0.42733750878910276,3.485576813796918
-2.6073259542578335,-2.7111210219880757
1.513866606183676,-3.20149985718921
-1.0744613037273127,0.959810122049879
0.8056507361424986,1.518619176739824
2.7958352746908877,-0.8527264042803909
-1.0802344667714314,-0.8633449795771719
2.4146533262732346,-0.8167896764781335
-1.4226147273017429,0.8691313926622912
1.247841821511144,2.4214402709149945
2.6948693745043433,-0.8897492625618377
-2.586284062999529,-0.9358627705208449
-0.9245197532961449,-2.6494431167981514
0.48071563971869946,0.7599541913330624
-3.249425443453115,1.3459484269105622
-0.33251241796742004,0.31895812020565395
0.590642963334865,1.338469974180752
0.8693486110182498,-3.6066997366071503
-0.6871032920580743,-2.2168894143253
-2.912029460986875,1.0788763717781558
-1.043736522564127,1.6260371837268954
0.44372407445244894,-1.0555133886820467
-3.058670338509943,3.2236020688014357
-2.519662440124707,-0.6978325452590836
2.307379948895398,0.9919306673205985
0.8836082641648426,2.93645322213835
-3.312309575908459,2.8898007759767457
3.3527060796532546,-0.5990445023272408
1.1685358116490052,-1.3044770653798066
-1.6333623570974556,2.876630311807233
-1.1411585240878979,0.7503734179914748
0.6707060498630134,0.9174928256310025
0.6733001455827119,-3.0942786914722715
-2.646691320623648,-1.0702194506585343
-1.0185183114026735,1.4500845086732803
-0.7924656977126305,-2.362520428547488
0.5563430489198685,0.6977741672127554
-2.8259281093814583,1.3004118871138817
1.1188920953256625,2.418471955750968
2.1446197687612427,-0.7923029751676456
2.8911169961937278,-1.113996509773865
1.1776677182202804,-0.9110447985799718
-2.650337943653752,-0.8898311375236153
0.358089797308304,2.588178980160003
-3.1083018451553954,1.486510114292211
2.9894064504024493,-3.335754641209815
-0.8754998855333109,-2.510542210803308
0.3344787537353528,-1.3491162573954694
-3.232303896122077,1.0777972481875888
-2.174086127488006,-0.577029584074342
-1.7177920820306742,3.2262988354539517
-0.4414873864170097,-2.904564274799424
-2.9445972108875673,-2.6505577243551834
0.8118742142976002,-2.7460066775870695
-3.383387017537599,3.1545086690077078
2.985291868420596,-2.7454557182226886
-0.8508554873534484,-0.9658426689358289
-0.7198637818822436,2.4001923933720857
2.3862298326939615,1.0999053047579208
-2.2586815231980526,-0.48838259363080655
-2.753144265508472,-2.6201084783244215
-0.711979738242948,-1.6796852926420924
-1.5072480023364638,2.7452138262797647
1.2046561489711367,2.4064657670838883
1.0952613729640874,2.462751547745503
-1.2608336143830143,2.933661406324755
-0.79108184746492,-0.8811251430545813
3.029659673094071,0.6240511767164151
3.3735328100429056,0.8770624291485634
0.39476800778831833,2.394636055393579
-3.2650912918151254,-2.5098902572554027
-2.3895613295864533,0.9484528546963739
-2.193692923908968,-2.5159294360608206
0.7424075838001852,2.4663248952069914
2.92078086631779,2.5498165745584136
2.418907812155496,0.4414458496186776
-2.6026285634097057,-2.2332132970635175
-1.517192028411126,2.6701849618733253
1.3232514998295566,1.8437076336854552
-0.9858640406303496,-0.9318789826115721
-2.214819398723213,1.1818717998721706
-3.0763997877121616,-0.8626877168341475
2.8512291937828995,0.5770024465285928
-0.4203063640362019,-2.489823807203124
-3.329616852533648,2.9738301163817895
2.54481142711377,0.5558757825291678
0.6491977078100417,0.933512677914074
3.1070216860548734,1.2335623656227594
-0.7505229301635408,0.8619704158628
-3.1196946473226683,2.546896216144724
2.9566761265521286,-0.8603321487026854
-0.6908631695607597,0.8977360921737811
-2.966264960053164,2.8349416575401936
-0.5145687424256606,0.9014381532589791
1.0947429723201445,-1.163724766641226
-2.776541175975514,-2.5357890668673315
0.9414155460686575,-1.0769404262238216
-1.482102206337618,2.561199713626734
-0.7513224448309075,1.3534825027520032
-2.82509122897341,3.0436809359627897
-2.174619368715052,1.6236324456357325
-1.021272358252108,1.3279770566488143
3.1061633011197487,1.4942338550950918
-1.26498720176384,-2.5431601211452812
-2.903421303623807,-0.6989447723109975
2.8076019575288895,2.14456118618971
3.35594455893218,2.823495545020887
-0.9791595311587653,1.1143982542644475
0.780238430775293,-0.5273793539040885
3.3041434848453273,-1.0005446652625687
-1.5012421851341327,-1.1070423175802717
-0.8234070876037587,1.3489099062289398
0.8427708754235966,-1.3573243320823245
-0.0008543304760256191,3.2310175953172897
-3.101061060671421,-3.160177746426284
1.2968572032672032,2.92233972079577
0.9339206860933517,3.132020643240188
1.3524302176385485,2.9000334212447894
2.6699168520504712,3.4001979206114936
-0.9282771006709613,2.730659171466168
0.841394780540942,0.42952421720877915
-1.1110213264741173,-3.172277938488988
-2.682185627167158,3.2097577435304134
2.485939969955321,-1.0496003576334707
-1.026327614064065,-0.6529266287162461
-1.61484793492641,-1.1499876108858713
-0.8352589950602178,1.1139904468695716
-1.307581456976844,-0.6804869144055791
-3.3216968898878623,3.4192850329669455
-1.0620483813544914,-0.6426711658833633
-2.583373452587684,3.180237993987943
-2.5175300504188463,-2.5463701827295098
0.7642563376255975,0.84361626432251
0.9273591443467528,-2.6638380261702865
-2.5055767715458175,-3.0834745992738433
3.3540955680565836,1.5583152733495036
-0.6942338007567065,-0.7424170792647145
-0.8747839075683089,-3.253215055888693
-2.8107644177212867,-3.323082089655181
-1.1513313803406255,2.7728882110402453
3.164563280063439,1.403120346127992
2.6655873868316933,0.7965334538885203
-3.0949780257762503,3.1597588496054816
3.1429293909937663,-2.4997422721642275
3.392923943793434,-3.0060779289977853
-2.030990423180164,0.8386253550266385
0.18592663080280397,1.5324021325215393
-0.7140739093795976,-1.0200855527411326
2.325127013108771,-0.6732690885046657
-0.9610743474888579,3.23824263899004
-2.7139575024535714,-2.0058037038335277
-1.731438323630227,-1.0781350796266052
2.594722277191788,-0.7763677533860618
-2.448336518903388,2.6254205027172843
0.2865079949500802,3.5051483383250637
-1.5360195553133522,2.470107673604459
2.359177738023253,1.24941268747457
2.3543375845890546,0.7453051594114457
-1.4496323030270055,-1.063154821662325
-2.621832096941511,-1.1755159182779067
1.1316323121297192,-2.5969317393030646
-2.800552336815051,2.941599498097816
-3.2509457503402404,1.1905643550136293
-1.0097060255089576,2.7615145070618556
2.948769589413851,1.2799981756201564
2.4413392214255003,-3.7124598148399417
-2.427776876403207,1.479545542234095
3.201574526229782,-3.19841879869923
-0.8724714349029947,-1.0897583795742147
0.8598749867490663,-1.4492298157643806
-2.7771297284074916,1.423761174141979
-1.2858933918670594,-2.6018951007560887
-0.9638639858262898,-1.1476131991285876
-0.6028898606618814,3.273418263301214
1.2944363831400534,0.7203994936491169
0.6126747796478438,-1.4129042203420623
-0.778620430736041,-3.1312883621518344
0.18839421071875873,3.3021807892804667
-1.6501170155571974,1.1764375894161687
-2.514206016487178,2.623833727089265
0.8904244164903936,2.7529755960957027
-1.1468414350601803,0.5501359795451208
0.40855195775328357,3.1424519790972543
3.111302851316628,-2.5491213427599027
2.7798898922734514,0.33305892404233745
1.0829843199640705,0.9519848151912793
-0.8879739910168709,3.3286258625389973
2.4528177773496114,2.76262690476318
-1.2020587722834848,2.7758189481945044
2.4204460721092707,-0.6635642926519394
1.4814933400823687,0.5992104492192305
0.9195066615889363,-2.873683034001159
-2.5456163788406623,2.683535314468643
-0.8613959504420354,1.2589286302829779
-2.975558525907988,-1.1720794654361641
-2.5993582119291676,2.593320630267862
2.96903434210889,-1.6268966762756123
-0.7811654796806544,0.6320732854405006
0.9111271226981611,0.8599700459861339
1.209061952307967,-2.6859110990515576
0.5594287788580125,3.185821101964951
1.1034262615382868,-2.534465028015981
1.2250615254222028,-0.8738993977200158
-2.4675783545033325,-2.732445930993067
0.8874042633038592,0.6091857073940677
-3.692489408606028,3.2800963776582144
1.3426480811017576,-0.5773284485932865
0.8836668132553307,-3.0970436707610665
1.29485473403178,-2.901168923644078
0.9097926274340011,-1.1350077692439988
0.5030706978725431,-2.281085966643139
-3.1038497753740923,1.036667471625516
-3.217545910187235,1.2779147754892997
-3.032233679585545,-1.038944987978366
2.7210831468738883,-1.2358856327037158
-3.487678392203305,2.352961420005344
3.037875958797926,0.7336872584138502
0.1645435003900914,-2.957138508345933
1.353603890630736,-0.7701335593435832
-3.083628174391807,1.0644325055386876
-2.502695075181255,-2.46467770686369
2.7149357196492003,-1.0225389086174244
2.934858778733594,-2.37312177086309
0.6236900822683901,1.5851130151296309
-2.630788194738898,2.4984004810934297
2.874124021157233,-2.0661274728222754
-2.990551961116081,-1.0624959731208299
2.854627683990448,0.44023240656234375
3.147315208934871,0.7613154316995853
-1.1647910600574987,-3.138499340086615
-1.0617711125038878,2.5143863411797422
0.8787381211651538,-3.144048325285933
1.0926904605655399,0.7569092727074972
-2.6723292374809393,-1.0042009984069082
1.4760013449883391,3.538663385626027
-0.9382407922522866,1.1071810251397294
-1.2285940499531989,2.799612750793479
-1.4300757164711688,-2.622012917182482
-0.9437336766248893,-2.827445740537934
0.680474141573471,-1.1226466194514964
-3.2130327894593558,0.9787672128562397
1.0228441596180031,-1.3002832432565428
-1.0718285168410042,-0.73845666536766
-1.420872405154033,-0.8219135935203681
-2.69659253018227,3.1016881842511475
2.986652635026293,0.7731663526661349
-0.8761278704342932,1.2015172789665742
-2.775058028144793,2.187187839110733
1.3238156865316806,2.9571491503342795
-2.815236487445711,-1.0662658155045392
-2.868694750828878,-2.6922656857082403
1.0758984736941237,-0.6251281514177724
-2.5735896382114603,1.0392959864339824
0.6922629085953352,0.6181385084333161
1.1364972410884637,-2.3124896330028917
3.3556171475510137,-1.0993794240889025
-2.9260471908406482,1.0577621516482627
-1.046243471666015,-0.8624169713274691
-3.1428008827118266,-0.4701817662780355
2.0799630564213456,2.6548919364981303
-2.682059762597253,2.9844465623912613
-1.4990150209489044,-1.1961148647344497
0.32911669976564506,-2.9032862466093863
-2.1155132697220576,-2.7495237396392453
1.003261192943189,1.7080246866831594
-2.320614959736394,3.0288876040014787
-1.3099848317792238,-2.583530987224417
3.2119098539420334,-3.0737710752979672
2.3282538484477904,0.8132512017431739
-1.1389253687815535,-0.9053240673981131
-3.3420550294473674,-1.0503806163826892
-0.9441518471370581,-2.8900646929885028
-1.013707532321959,0.4523629828766049
1.428696722695187,1.163151964097489
-0.605416226400336,-1.082063040779433
0.5690166716819107,2.8925483929539797
-3.0166058118829944,2.806150732516632
2.8062525547489363,2.4757176428685694
0.6879899458601667,0.5725308336918895
3.350401108265823,-2.7851125884530146
-1.4708054014125804,2.4810211210486366
-2.5615754037718337,-0.9206576551600273
2.4395315510107896,-1.4013204825520562
-1.0101471123799814,1.112759953401714
0.6700985085945679,-1.589252384291805
0.509813662473923,2.487029567048459
2.5881852993767693,3.08222391143016
0.9359921877398906,-2.8915377450401216
3.123626994220045,-2.960461158052631
1.0561677592251248,-2.8163088685092115
2.6976684520636187,3.1597568963314777
2.865664333259274,-0.8056166648777379
-0.7869665884526994,-3.1449632523571567
-2.914771808600906,1.2540238144282427
0.8725882170102024,0.9793009619760951
0.8429725012376693,-3.1261853280633924
-1.1046377663500702,0.7508628579031054
0.21152498000148723,2.994017503450749
-1.1521385633306573,3.035418745600176
0.6547750308931776,0.8275244281821675
-2.3164629541014734,-2.522927939236218
-2.4178835716441034,3.0661128690430424
-0.05568872330274903,0.514503891154425
-2.3962787679502906,-2.886717462451119
-2.705661856239192,-3.1325950668820535
1.35993116796446,-4.020970514240208
2.7589813029572183,-1.2646290777665297
-1.3425356425275774,3.2716581284685504
-2.733684697915887,1.1765812345103959
1.2629166013412931,-2.7049613340944467
0.8306888792476784,-3.255669930684628
2.7730090806963665,2.5246949173885467
2.5641304940012946,-2.50862514113869
-0.24886426807526948,-1.2204435202335013
0.9559081488393335,2.596440106566061
2.7845701075015983,2.5555704244907735
2.9048454942767634,2.782320373424099
0.9412934846870559,2.436453330911116
-2.8535694829112557,1.57643933375769
-0.735825692852327,-0.8677811652917357
-2.80060760960529,1.276609712263105
-0.822550198371893,-2.6502392933017607
2.9580384185833237,-3.061262192171541
-3.273973862121825,2.5870939396645376
-2.8340481752835776,-2.1024750144048787
-3.404264710818166,1.1681533990144017
0.625159900091487,2.627005099838816
0.9824185600455009,1.3944119210719073
-0.8154522339692669,1.3016640258873386
3.30099603680513,0.8974164306657835
3.1778853085960055,-1.0300955220619317
2.9986419785834624,1.0797834131649717
0.7599635257095292,-3.3889015785739103
-2.9666956560823388,1.5800929404773045
-2.920315592540331,-3.0069171312191068
3.0097251737207595,-0.9124402467045595
0.07203150290739202,0.6330632823442366
-2.10075211394159,1.659988952701116
-0.6647289113910125,-1.5007438202519994
3.2516811677202497,0.5731431356408088
2.56251117274981,0.8968200465621023
-2.0872950074003556,2.682859583365881
-1.930109054521986,-2.100110536267902
-0.5558569063814445,-1.245100148259727
-1.8447050085192611,2.4665269497238382
-0.6134903764354553,-2.354984064884606
2.924165567768578,0.6840917609974435
3.023768706624938,-1.0362138869417694
-0.7948617574708181,-0.6861547453415372
1.8184036693915488,-2.622113962897059
0.2507526903157378,2.1455942307794293
3.224927658189447,-0.5869220598014063
1.4354585107150286,-2.6703189489757553
1.4979884645153316,0.8476413838274739
2.502247157151708,0.22021701891073528
0.9183667117392603,-1.186121153892505
3.118299757508362,0.7775846055825893
1.5708043359301356,3.0187874945747057
-0.8121674269049132,-3.2126094253245108
0.6755949877465182,-3.2326234451380933
2.8287230229113156,0.8024758178808765
-1.3501059479607425,2.935599966893932
1.3083851397295518,2.4161574623890325
-3.313744322469828,-2.412817100446221
3.574671190563634,-3.000675533197004
3.0206891205939885,3.1937243405622184
1.4266643971979183,-2.6908058897235723
-2.0273357205585656,0.8229304625770775
-0.7832493795262074,1.0194430078827494
2.7458961826062196,-1.3089369274538425
-2.1347326661773303,1.0697811545254947
-0.6699892947325841,2.6828615947301007
3.4856777741692806,0.9663868334570376
1.4610109033639287,-0.6799318963164399
-0.9749482691167008,1.253344223146405
-3.02829751485062,-0.5330699572776055
1.0835413971290209,-3.0858997139154347
-2.7768898694367867,-1.3159355208291126
-2.997052985560489,2.2972369268186346
-3.324527405912817,3.42011936570274
-0.6218939516339828,0.5251027667710703
0.5898835193959996,-0.5012743779175151
-2.595477174692056,-0.7449705220833114
-1.27361154670312,-2.4589677606503084
3.0814629644579816,-1.3103525022100935
0.943242494822244,2.577358997259531
2.661483014217986,-3.4057068909995474
-1.0805869864931745,-2.2911743848347754
-0.9669906477593337,-0.9796857358063957
-2.2907669672321997,1.1151775525928818
2.3913905034091263,1.0841024877334602
-3.4107935437510766,2.5583623725601505
-0.9498486327152991,1.354491965049654
-2.8000670644098995,-1.5655176788128062
2.909681103081359,2.729179087087491
-0.9637394994092441,0.15180626872263245
3.1738927923264084,-0.8318689633304736
1.3191368826010081,3.4708298946253895
0.6640990209865184,0.7779649602023709
-3.3644217834740413,2.434498792555986
-0.31093707981989555,1.107043476732861
-3.262555465190239,1.0166004732265261
-0.8602249690722578,-2.633343791943891
0.31635940681776414,-3.536129825754725
-1.043927870079869,-2.8381400538805828
-1.175982371431133,-3.1302239116730766
2.8028598477231856,-0.7514719769527234
2.9800862339698027,-0.6230532888684303
2.450959992459324,2.017339656584452
0.40742024232244406,3.0127957734470288
2.9272215405334867,-0.7374846228589689
-1.2121759898363793,-0.8134738474430352
-0.9838510926230966,1.513289025857287
-0.4003404236227598,-0.5522720516208671
0.8450313181486927,-0.5645725112667473
0.6266179350292016,0.8050180619056105
1.8475402672395884,3.836817119005796
-2.68695684992289,-0.6914519743114342
-0.9409714284469641,2.532074910528703
-1.2543488758785495,3.0296013004102025
-1.05872050954794,-2.9670608774262703
-2.0852718864777318,-0.32813538210730026
1.01741409505963,1.5128635537328048
-2.985264231805065,-0.6407288681016582
1.1337963639535023,1.0345089200087425
2.543162640466193,-2.914135068228951
2.750562192733266,3.045550868640053
1.1082038959046367,-2.6981585239911094
3.08808100995375,-1.3144853623786152
-2.793421788771776,-0.30101209968725773
0.7795275195695585,-3.1052415366617874
-2.924956929710835,-3.213207260887759
0.647112620043901,1.0629939578301686
0.4243703269164304,1.3125447661673249
0.8415209034224811,-0.9504967329748765
-2.2611803653515574,-2.542234231656813
-0.6184355050283291,2.0239796159459496
-2.594769615260777,2.9982362077915394
-2.968049087950704,3.3545168388344577
-0.5913578344639162,-2.7885834461938135
-2.750322148835496,-2.509065128964969
2.643242061881118,2.296180939105581
3.1498237973608942,-2.8637123148207047
-0.6804979691862821,2.2517552313618054
-1.0764086354206384,1.0133299755074578
-1.1391614273809945,2.2900920364921102
1.1709638029396805,1.6041270877700937
2.669596179496784,2.2155998808483477
-3.2207461311695535,3.5093258662027123
2.62179665291069,0.47072301509478626
-3.048090866376752,3.5192767887748597
0.645598760741122,-1.5881759704381346
3.1193349267219106,-1.3725759537877675
2.7360899530526717,0.669349085729615
-0.4031390078939632,-2.299024139383039
2.49210001589903,2.9083423296341464
-2.5270769101895234,-2.639176290547977
-2.860546344438958,0.7804883931689722
0.6549409599638982,1.1588024945670343
0.4582065422731504,2.4695190016768622
0.6389905837871194,0.7489459604409848
2.347125341152963,-3.154256186395164
1.3189934221804043,-0.8242417732464462
-2.815115695019183,2.924863504674594
-2.4428115232764602,-0.6760925294091469
2.337260033756965,0.908233877940235
1.0971874366313155,-2.552494890531022
-1.3725142373221035,0.3796223496035212
-1.2568809305419892,2.754249546770104
-1.3020507129634766,0.4517089406320746
3.0017354449790825,-3.175615808397741
3.229513427020367,-2.9400051405899448
-0.6285636628730793,-0.7788807025350938
-0.8834528665551938,-0.8408139831456892
-0.7584203867072222,-0.37919110966295294
2.7011354650134445,2.9959683180510814
-1.5809529376221085,3.1721646964455146
-2.952928807804617,-1.0312515519992147
2.919889906029688,2.7211436219422818
3.082917025503114,-2.386854939600646
1.1384187143207538,2.312460126646289
-2.8769211804946138,1.051091749658034
1.241251949470645,1.0895047060726235
2.9728472035947995,-0.8304567519977536
-0.956868542873871,-0.8622664332224934
1.0425179227899268,-2.5544765017245816
-2.8731894576112427,3.0190414906111163
3.084990155060855,0.29009621616055026
-2.8424000247251566,-0.2024762356436189
-1.6413246947417106,-0.23336418418837132
-0.26024514167323465,-2.717460886053967
-2.4913308890089274,2.809653440443062
-2.8136244964660677,0.6385305635135378
-0.9918316243787865,-0.8665107805105452
0.7258466546401269,2.8373307927486717
3.210449902956531,-2.974102680047467
-1.1911062536878247,-2.9837650917724923
-2.416858212795225,1.7017778144001057
-3.3810632646235876,-2.9559777159728573
1.0460585164804557,3.2511309326171185
2.829579503969107,-0.7638425211401177
-2.8444352502248074,3.1062246920228795
-0.9838405220639409,-2.772668079940567
-1.2693764417171298,-2.78495156724341
0.9026362551140481,1.1288633876251777
-2.1563806376874366,-2.531938896972173
-1.000312697520175,-3.1687371528462096
2.7276714537897924,0.7406788750049734
-2.5678700502806606,1.1748985484300343
0.7128961961025687,-2.991858502192856
3.027200119859863,1.1492218311102878
3.248975806039949,1.0928262280743188
-1.0536099364536868,-0.7220383033050716
-1.0288449914006645,-0.39090565180982423
-3.1417417305727517,-0.765220042428813
-1.2414352554399688,3.022788616907147
1.0118899874207343,-0.7183304283306721
2.642006366173299,-1.0651865392604711
-0.9054596734742899,1.0767656533156171
-0.5764436360243147,-2.963461707872049
-0.867695214141984,-1.0900391772929454
3.230079588002125,1.0819525755323587
3.1203693461327746,-3.1549276221267912
1.0489488469238888,-0.8805218685276803
2.7981404307194,0.23674859683797356
3.4701262557915658,-2.7673073914505073
3.362427531763612,2.8393391490298585
1.3110856090690606,-2.540139832437473
2.689639670221545,1.2827208613694248
-2.669055120579783,-0.7434893436980685
-1.3458737947873822,2.684022911823415
-0.7504731085561637,3.0428235820167
-0.7524399017045557,-1.5597262474497495
1.3028956753425365,1.341062434839512
0.11980072153778609,1.0210277853732572
2.847615989211415,-1.003690037572115
-1.4468646964557825,1.1577757789251055
-0.8439879020174462,-3.498347637590949
2.710542862647682,1.980386861382898
1.5322941163780337,-2.7592060191429697
-2.669840400701866,-3.1778063194447967
-1.2797200878257922,-2.832105631880706
-3.0831685196278804,2.825538034679268
-0.6592763180091056,-2.520706620126484
-0.8171294094675134,0.3009541290832388
-1.6007928216319847,3.5553467034268222
0.7837965925786077,0.9655264980787553
1.2862738151970685,2.446129739749884
-0.7149807314931472,2.597793470932433
2.7301435851256346,-3.029431465593827
0.5676213662502643,-3.070437934122165
-1.3136895523131251,-3.1505676096543933
-2.8580675879196913,-0.7334051902252899
-1.0866108224465918,1.2769540455075712
0.818586675481878,1.121261463470282
1.2108865001430644,-0.4767772799492419
-2.266025164647485,1.0045527474533797
2.338806491484126,1.5087119206438053
2.4855277522344386,-3.2292991281904833
3.0752562104528134,-0.9573226672252436
3.265745965103664,-3.314402821982537
0.2614051269293029,2.3955473372859504
1.5138654558502234,-2.582266063841323
2.7526391728076236,0.90720964789266
-0.5496001525294192,1.0262111272024725
1.0199456105451052,-1.1077239124438127
0.6329490145448792,2.8450282452076676
-3.0063774556518044,3.444904394746929
2.500589200111771,-2.724743394960759
-2.8568284827025003,-2.2254087651932664
-0.6073695437364484,0.831792850566558
0.4055671661560084,2.5304286055141523
-1.2894287584195507,2.5903930898827663
-2.3682389869475466,-0.9887405227369955
1.2146841281225522,-1.0599608576956274
-0.9887625631392603,1.3894810655151393
2.8792556681522123,-2.993121317415975
1.9986397944244252,2.9019564412132848
-3.1228064838227296,2.8491017818406794
-2.077251571779347,-0.8433809676239493
3.0800734367651295,0.773932953207504
2.9567080811738093,-0.7520712805088056
-0.9122208844190028,-2.9589539047443743
-2.619546555446887,2.9527951330249844
-2.972546302411211,-0.5493566472836544
2.7518122550791895,0.7692049569293412
2.475880211801361,-1.2002653102582608
-2.983932012631974,3.6798447294383796
1.207173705275831,-0.9401425495159494
1.0139485251473768,-0.4505985915694961
-1.2502193830891977,-0.6711678547217415
0.5340992570500059,2.700282890918896
-2.8113459374056866,1.2621311062564153
3.040306440925232,-1.3288535661618666
1.4045913319290084,-3.1263806543268955
3.5712729986171325,-1.1162814424395284
-2.7220057768097394,-1.0067928506399535
1.2575404225694014,-2.6107648181977794
2.487170862813772,-0.6327957561400401
-0.7876799341840868,-2.3476295432798997
1.663796301270747,-2.696681124670929
-2.201751045751916,-0.9887469786102014
-1.8698830936092055,-2.573762499811928
0.8835236602206442,-0.9141520425672861
-2.647200118072006,-0.5469395988155674
-2.508909480361062,0.9004011676940422
0.62079339092465,-1.4065903099508275
-1.7720620662388111,1.12551201930437
1.056665786233037,-1.2380834927412596
-0.7717310974245184,-2.210367279781159
-1.1055181888265755,0.9136690685574804
0.5841039983543139,1.0833789731732033
-1.2568931647647743,2.3253232519969167
0.6588073906931131,2.6109777343458447
-1.37282019922328,-0.5008942238130927
2.883110379844102,-1.18308570140669
2.4023518176985266,-3.304507286503213
-1.0587196887909989,-2.275128903082637
0.6450814648569811,-1.0752735795905533
2.88771216449684,-3.14720157494201
1.4159002014417135,-1.2631819424351256
-2.8039486981351716,0.5895404918658869
-0.9293182071635906,1.1630869056806816
2.8047944961436118,0.5363223091655743
3.3250025939663925,-2.6567098815893853
0.6259631224894298,2.326057209348583
-3.079810062290141,-0.05485672607974555
-1.5293420286770565,0.5773362008900279
1.4034399156889923,2.450975724395106
3.6209238566258524,-1.0201575116196018
3.188887014677876,2.4736666331217854
-3.1793267734970443,2.227272944081267
1.1000345013827555,-0.8287702870487861
0.9543144712589882,-2.6482775297778085
-1.2636670180367058,-2.588849356993365
2.506654267227928,-3.1201855218177608
-2.715517881397777,3.010357244630512
-3.162130599484429,-0.4375330011632452
2.794003175326671,-3.077011488956504
-2.5174269444105266,-2.4114186856971043
2.994520539757902,-3.1392217977757255
-3.027394463906344,-0.967894028110848
-2.6543265955050934,-1.098874266495827
-1.244404389657172,-1.2201217278610927
1.0668946691598573,2.3528848634898147
0.8019498120452814,-0.6219829170868935
-1.3040720560115462,0.5585489532967626
-3.363200430772281,-0.17442806730956611
-0.8061249652727134,2.4407928698789316
-2.733464041041513,2.478971032534956
-2.7057421646168476,-2.9462367972885515
-2.297027967098526,1.3799361659272484
-3.3216471413616118,2.523622349988664
-2.9972412237895165,1.234120603325365
0.06859175888065555,-0.4611473138566463
0.7380111278497375,0.5146831125878556
0.6352103672184015,2.8847948050294936
2.6854807467606583,2.7793987465802057
2.6233837986490207,2.3726978162665233
-2.4771793936956756,-1.1396746609067119
-2.521773056546466,2.4105070326793707
-3.4805255204517085,2.5137672889043623
0.4930432627640316,1.315258063782919
-1.0088060376745072,1.9336076000117877
-1.1206947697580265,2.8343063083973425
3.3225166929982937,-0.3034013667336492
2.4881022259144476,1.1432674721268241
-2.6404554031840903,0.8560188461218682
0.7664964286069167,2.4676243473759722
-0.41963360323567034,-0.05845124133071438
-1.4709518276543592,2.501081123622314
2.9510172004347486,1.6744537634615582
-2.9289426900751763,-3.015788470199427
1.0598826391815706,-2.2198392726021448
2.911230776632973,-0.8515275070001839
0.881483556787623,1.1489209009688524
0.9081246364754798,-0.666377307909157
2.2665081230872692,-1.159376828948461
-3.0851958639693757,0.5628523944850744
-2.6398873737279334,-2.0743267528205394
-1.0636845662293721,-0.5624574998194075
-2.321654176318912,1.158879615793245
-0.8856107726063199,3.22582202550881
0.23840225163085382,0.4617985583049637
2.868813357654996,2.8400574433397114
-0.7070162276264301,-3.1682557765083907
0.9490268584944077,0.737166412630629
-2.875935213599117,2.7511743862122526
-3.1267912120126407,3.2125262884999715
0.2003323718540608,-1.195217584160599
-0.775424246844126,-3.8385149474903177
0.2674244943840341,2.8247011793027257
-2.8964302165772207,1.464223509672218
-2.7227613036162257,-0.5826174486990432
-2.947955266648951,-0.856329831394189
-2.3058879246444723,1.2125012345113364
-2.3411937570769763,-0.5077963221235358
3.147905486608762,-2.806774703965972
2.818275876587837,1.7273016235905312
-1.3991034964456455,-2.7916531390631527
2.22876429530163,0.9458850895068482
-2.812519303068528,3.1165627308103026
-2.436276531316843,3.518321774433599
2.394869847488044,-0.9542496394378779
-2.607206282339315,1.4843543175534446
-0.5395663396669724,0.894525648716727
-2.222101351815561,-1.391943835989271
-1.3460905694482324,0.8557824299655208
-1.3867653496954495,3.124948139515741
-2.761777864856246,2.9543045295411425
1.510503705265859,-2.3615442835090747
-0.7158300635144047,-2.8980962290882095
-2.508973907474583,-2.850550304561198
2.8545313208774967,2.2982724434156836
-1.0540112028739808,-0.37821069607246366
0.9683841828613065,-1.2107566204304712
-2.8624772207900446,1.7529264099432063
2.585057008352493,0.9347194596574981
0.8075531320186127,1.1801943866893205
0.7035497546663334,0.946237165352379
0.6779924086828812,-2.946840659300105
1.2599241670584749,-1.1741056535196928
-0.6266897773155883,-0.6454173324150576
1.1952258890134002,-1.2042727595730947
-0.008498179988217815,0.902427467857917
0.34389054370026084,-1.3395986589571607
-1.089406008701973,2.5339812303834472
-1.7504482151604857,1.7325252025283444
-2.994160777291941,-2.9878192364580136
0.5640489388696583,-0.8986111087799393
-3.0065400700402765,0.7029835949276769
2.739373101850685,2.453500965706612
-1.3588111961123066,2.3107207056094765
-0.9358145784463703,-0.22314732884638283
2.55178864886023,-0.5746118176979682
-2.866193627374473,2.369858673780994
0.3719637348614416,2.5354104178651946
-3.2448596465584454,-2.7793728766290164
-1.3872493186566346,1.0454531168876293
-2.7724860309980635,-2.200451551445822
-2.4150947890017544,1.8970944437622799
-2.420780146676904,-0.5944566385600307
-3.05349890956805,2.904872536364381
0.5781491936088555,-0.6870500701038834
2.967586053510582,-1.7897901193108208
-0.9973855226682342,-2.3944752793891126
0.5905565596505545,2.2654231078323637
0.6725779686848132,-2.633663765832498
-1.499476571335162,-1.252613747378946
1.37859507767195,0.7327309964439586
0.4765052143357919,-1.2603767819265979
3.2549645566159082,0.5546191944428339
3.1636253270251617,0.563592691177742
0.3710195226464844,2.539306358672366
2.6219521396677528,-1.3589574175054673
-1.5238561089217293,1.6403305975489315
-3.3341627289110742,-3.298599503793312
0.7466964782454868,1.0436288474105386
3.0580204021552735,-1.1657505080574044
-1.1692312621089267,-0.686692965108759
2.9787438631828254,0.509081730113395
-0.9162478715104716,-3.3447527791397547
0.36209259886672474,2.9841852134517546
1.413587029597693,-2.486463563969922
-3.110881409736162,-2.9805400135863795
-1.1704446866151215,3.259263639215004
-1.130228163391175,0.9267398195714422
-2.2032869945050577,-0.6849648677883122
-2.9377976408212105,0.9720272919497915
-0.5836823498701077,-0.5211265203810632
-0.42083045815899717,2.231384988621409
-1.3700606186183397,1.0537164965106527
1.3352457185003843,-1.0920990467077816
-1.2345672773366336,0.9261605819491288
-3.0478966036659654,1.0192267533997463
-1.0264304486675424,2.2137271799416776
1.0187637244758412,-0.5956339217189072
1.0357484737743001,2.3023369073117146
0.7087506069387602,1.408174064523559
3.3431312169624197,-3.1016815791581567
-1.0588862990121768,1.1685174694190692
-3.072945794993849,-1.2409720055778921
3.0386613571254224,2.430242445629501
3.311206487948727,0.9872423892451183
2.826115102370993,1.10658471017545
-0.994741447856203,-0.5237572311695564
3.6243861182679207,-0.87074212443579
3.0636630056638534,-2.511107321045318
-2.5713885341339795,0.31498408179235265
-1.2991103610320172,1.3396467771070402
-0.776826888224512,-3.390770119612398
0.8694992782525974,-0.9248680667525803
1.266211236031655,-3.1036047760354477
-1.3918469608028596,2.815055370352327
-2.79484721864778,1.930246881651672
-2.787667518213386,2.4835724485667545
-0.7423505132468633,0.3134791440712814
1.1220484818059573,2.945050627557468
-1.1195163635090772,0.42948195819008206
-1.1989969021506517,2.8884889248261887
-1.234192875923163,-2.892969867688987
-1.640401527167818,2.5904111293148953
1.0333907878184534,2.9073648705223114
3.2324111776271174,2.246380922674516
3.0637087106034078,-1.2407162667339156
0.3547584799907273,-1.1359707957920715
0.8755222130401403,-0.3588324385514314
0.6987291455317532,-0.9631060698634089
0.6780208385580877,-2.328579249314171
2.7824181572326325,-2.940142171262375
-0.920666389874551,3.0462552236377327
2.982932164641486,-2.5287848307624556
-1.4140279069772856,1.0933337375656145
-3.2010887285250003,1.6607984197416175
-0.7164194058007965,0.9701037672972529
2.5381202481957,-0.992577598377633
-2.507769779636239,-2.7094895598235893
3.1422258181565415,1.4700616125559192
-3.4878176431379497,-1.200490233230184
-0.4615180927250102,-0.5166334701115637
0.6589275928649314,0.9703750193499981
1.2991872648744887,2.597047685478824
-1.4689339616499677,-1.972297493097815
2.5385746848038497,-1.5970911187618473
2.926181502608706,3.0035672575987573
-0.9791353267229893,2.8472488091420867
-1.2101537810891647,1.1374247896781289
-2.653368617145794,-2.4216601306953733
-1.4906541938329212,-1.0502846648447146
-2.9140249610897224,2.914989969879439
-0.37131633892241517,-0.8091440672315594
1.2305791278054852,-0.9058959523939404
-1.3373596241785415,-1.250524482797928
0.5533533317458733,1.3775412205375992
1.433059292789312,1.043893077606294
0.9720019739385953,-3.1099737449490155
-0.7622470406090275,-2.7144336856395084
0.575905373501032,3.272643038054139
2.86157636380752,2.9429206678877446
2.2788077236549187,1.2396868175088458
-2.8440811028405437,2.8735832148244085
2.3537587356215885,2.1724397786930054
2.1649645722085022,2.811685189099584
1.7361643637328885,-3.1848945782780542
1.3496314160597251,3.3168793580887006
2.0113784298286306,2.316490962582575
-2.890912086452797,1.6816199991517107
2.592900769074358,1.2007345401270273
-2.848420681733192,-3.2279290232233246
-1.1403397483913809,2.4783874773818426
-2.3969665755596736,-2.7497524335516403
1.4899045193182634,-3.2411598076624903
-2.7249138025374116,-1.1603358575942557
2.8035590354141693,1.129193012736765
-3.505518800270106,2.89853868936212
-2.6118468893197693,2.5592022934743195
0.7484997689002377,-0.5260428903802193
1.1482592249400256,-2.8472542793906226
-1.4379879063568395,0.4748105651750914
-1.5978610524034522,-0.8479578024093676
0.033228862454248345,2.798620530121074
-1.533177024084953,2.5492850896457817
-3.226526123903046,-0.2694777383641538
1.4599075460525082,-1.239217244527633
0.609369759880832,-2.9151100787926887
-0.9972411670691819,0.31407690937515537
1.7941694755644493,2.5581786843319922
-2.7317854327278077,-2.2405111510711726
-0.6413192759923294,-0.8547030150894728
0.7558118063204143,-3.167645151702512
2.7794149459147826,-1.4337481031572563
1.806256608877191,0.7916303447973471
-2.961784070317099,-3.208673480741801
-0.9196193673530392,0.8048432912568573
-1.0768088574589392,-0.6457780158883866
-3.2890319282176703,-2.3177539318543174
-0.9872576825564421,0.8835351184347313
-3.337320595037838,-2.110434664695174
-2.018896674787624,-0.9256815995273738
-2.5230877802908926,1.057949327763481
2.198392297204737,2.3456884450355613
-3.0507076817927756,-0.9967394594763603
-1.2096274932530755,2.8430724793170667
3.3468920134610616,2.6842043586649145
3.4688524766502176,0.8038658460997283
2.5358174971216596,-1.1953740435538458
-2.538738928176522,2.6501503128371033
1.4363837156639703,0.6420418994265618
-0.9574344158420528,-0.761933227489017
0.4073078188756613,-2.224505595811502
-2.5229355740039963,-1.322856063280754
1.5199143309207597,-0.6261719094463291
0.8369167203725323,2.5689894068004557
-0.7629550409925028,-0.4934836776541259
-1.4706447473292685,-1.1867141827932925
3.4352522383707025,-0.871868666611509
-3.2534839351756437,-2.582539709946926
3.4430555788181287,2.793097676495509
-0.5360281785876263,-0.6628854307082026
0.9833269237640173,-1.2457891286671794
-0.8344027603997501,2.556960001923282
2.556278165459246,3.1485461542135345
-1.1364785206203478,-0.7841691748222264
-3.533530976348897,-2.7603971611351894
-2.8140238431703204,2.3272022063089244
0.2480457851331099,2.28387598648876
0.8983347619503489,-0.518198288788423
1.328127939483391,-2.9832607968711278
-2.561720084360421,-3.1895274907768543
-2.7595437048228235,0.7745072205687721
-1.055710939098822,1.3733006371667817
3.0357155862114182,1.193447389829714
-2.7162800250649135,-1.1885564165963318
2.8169735234371833,2.2219647665290796
-1.4055614987907528,2.6132662582626613
1.7076179665276128,-0.9778133582836189
0.22686947927386303,1.4413549522138767
2.7669180872452417,2.6236583100422846
-3.272158504879318,1.108525825050587
0.7475165304647412,-2.521508842666757
-2.0264121869347598,-2.078611175324184
-1.4559841965399123,1.4129235746087767
1.7522596585371693,-3.0298739113167135
-3.312945071208442,0.6465535368903593
-2.418290918339834,-0.8932466590404222
-2.9497611160187778,2.732334874714922
-0.7433529573600192,-0.3917309530563589
2.6320160075732573,0.7404578815164264
2.634434419555311,-2.4445826617184587
3.2625959035100847,-0.7909411048737225
0.8325510733503705,1.5010080159026005
-2.996795984682439,0.5335196046546785
3.407357616099043,-1.1456621434622825
1.1987534223149858,-0.42875950844524957
-1.5340665559695128,-0.33863586723388833
-3.1051825075816706,2.957924654976629
0.8080116550400968,2.928578320380099
0.7083202533960591,-3.1916366722469087
-0.5992229800058695,1.1439201367274907
-0.7537308109649554,1.3031863925414562
-1.3595962714479115,2.337723570652642
3.8251619389370943,1.2223901869170615
-1.2295797627327376,-2.1449368799651927
3.7834109816788213,0.6835771051468074
0.27830959482572987,1.3098124518318888
1.4384550149487323,-1.6739859080701054
-3.172482525232873,-2.6328222575311124
-2.121724123793868,3.199653891991432
2.805244144211784,-0.8201505708982636
-2.647782919498966,0.5443382310655493
1.1906266122970766,-2.5107395154069523
-3.186639311481498,-1.1963392626529623
1.3296960808486844,3.4885631368312837
1.3006940544793755,-0.7718537450679503
-2.5013065913088735,0.3997315569663624
2.1233186225339074,0.739867688087343
2.649895379910311,1.1833278538773362
-0.48172459708394194,2.843549710170489
3.285383815823183,-1.595332915735265
1.1928508137717324,-0.9270635327877765
0.8103048322284628,2.574812315646837
2.926800979608401,-0.4792553489882603
1.1482955772622265,-2.7826251302253278
1.0557554946309204,-3.081413702388114
-2.839062643658169,2.9650814785749278
1.836286634299974,-0.7772410541025522
2.8400521412540276,-3.3162574119673702
1.204338487074352,3.3909437027889977
0.5761353542566491,0.8957739036047127
-0.357737347465873,0.21093877777682932
2.874378341975955,2.2177483719181077
-2.7097876775433454,0.7666647708295227
-2.7697812344057278,0.444074747009966
-3.081342712596036,2.6041407645437036
-0.6065887868854919,-0.5735673902070054
2.5903636167178434,3.7892366079212594
0.7267368603614832,1.0478355873618794
-1.3013550856746396,1.3323661500597543
1.2641220772739636,2.3688215562726955
2.4644204452800897,2.4809904647680807
-2.1478820639099263,-2.749613298201179
-2.9780281521317513,2.4181017209477447
0.788483118273757,2.494308592305791
-0.20132918259546045,3.562108639553635
-2.6418400877051496,-0.3819089855384585
1.2495056915734175,-0.9370328009168003
0.6103591655494228,3.0789918612023204
1.3225684916436473,-3.15238208158418
2.623209782191458,2.3463735107142365
1.0463688334060395,-0.2841922308706291
1.6318060960306073,-3.0399536198529518
-1.2054986912359498,-0.5419314879286401
-3.2135310321517854,-1.2596746341594511
-2.3079162328947422,1.5701847562934348
-1.080850382972643,-0.5609450495950853
-2.3927953282087375,3.415203805178099
-3.0018487360090114,2.711881235395983
1.2709210990257376,3.420786293901432
2.922663884911812,-3.1659404262769195
-2.6162181709835055,3.2415130509391923
2.7073597882158302,-1.0376187733586253
-2.8595360225696593,2.762094252450812
-2.7488652292452045,3.4477282868142254
0.4635466151975639,2.5021411251273915
0.7928629601422965,3.016657071962431
-0.6645964655691237,-1.206196894300673
3.1942058815745478,-1.1854305134685157
3.008897092717381,-1.1235970254527141
0.5630884931461929,-0.6183415736215414
0.9683259685975018,-2.810293608095723
3.1883332540869276,-1.0144132666471442
2.338540583801365,2.2508616758120543
-1.4919294089156023,-0.5109014415558578
2.361053898561637,2.4443647623269937
2.7440831665850403,-2.9692951040231987
-2.199525919815025,-2.1860722322420747
3.169216133021762,-1.3535396390329917
0.9848521952068369,3.1476903197200725
0.8249413573000001,-1.5306578559424662
2.9734512518959226,-1.057020334258063
2.989174672039621,2.1714056106583466
1.112558996102376,-0.8876102519458118
-2.9998409914063466,2.5750602883431437
-3.008352848011593,2.7711669056258383
-0.5794406834167631,-2.628984791243222
3.4050676677491567,-2.878952818502196
-2.855138036689148,1.0302110286909114
0.4087756459903788,2.249787197439322
2.2174252211214305,2.3309309854743887
-1.0585835432493476,-0.7267034766617987
-0.9438216361680842,2.678628337558898
2.844284826244451,0.8313429354791761
1.134037166421218,1.1410823234245846
3.240254492466979,-2.353599219334743
1.3956653012093425,-0.06065249500212629
1.3320946602850816,0.9840047031510419
1.104327834293844,1.9750980523492345
2.658409753695406,2.7828773893890917
-1.2996994658861827,0.41624646704792456
-3.0071482736211617,1.560094116973773
-1.3125823069299105,2.7867431999099876
-2.23435138638674,-2.368375506090205
1.157966599227707,0.8586460648347861
0.9944757982348599,3.067966271650219
-1.4129180339238379,0.9525118172145062
0.9753924885220613,-2.829095107968066
-0.6722021959899245,0.43027724644839116
3.14884009359792,1.1190050843567796
1.3815331895799776,-3.163683207257009
1.2654682624936224,1.030057459335281
3.138881791730785,-0.742089456065114
-0.7735809884578997,2.2224430215381568
-0.9615238292682959,-2.428033574264121
0.6583171897927143,0.5455166647699932
-0.6361043672669844,-0.7155417996027977
1.195374452730854,-1.2876379068347075
-1.3304051740294585,-0.4984405168238132
-2.571732362194669,0.8291065740699894
-2.1445192530365396,-2.342544961417319
0.9365820304702214,-1.4536199300008161
-2.9899525830640488,3.3476764211031935
-2.3051377270070756,-2.8682557890191283
-0.6605652678366244,0.7480051671083592
-0.5423587110274858,1.030907693032759
-2.741498670270036,-2.3914203781628642
2.695569923609937,0.6737262969242399
1.1336502846928351,1.098319399984056
-0.6647872263047051,1.4337518505706017
3.355158321361482,2.696109165190742
0.7405256857947309,1.4595960503480565
-2.49498372456705,2.950856507960747
2.877564126202404,-3.077621385181278
-1.1482179572361184,-1.150962549171186
2.8475673216734845,-2.8152962559269894
-1.5137075841805205,1.087295703734802
3.3950492396785052,2.5013217735247104
0.8933870015126848,-2.861236301157325
-2.9391351584546546,-1.7441968027291972
-2.864997843268086,2.935546913901398
-1.1103238296057525,2.726341691706999
1.22778204853762,2.895843622098176
-1.031297513899633,-2.9512936106225305
2.9062012784545446,-1.3244724635383407
2.5914442477939015,2.709176553693958
1.3406659268861498,-0.45380552056640844
2.511426948952397,-2.7751470585589044
2.611830987853742,-3.3166938564027144
-3.024218628295651,-2.9940046949894485
2.5575997779081447,3.5745531534478032
2.6995089123942377,-3.198829051075061
3.0935725241280716,-1.670353786568833
3.37958499788687,1.4832405916586024
2.5208241057613643,-1.3495252843367789
3.161256655806302,2.604165021718176
2.682360822695729,0.7719364881137329
-0.8665687634275481,-1.2807402039351679
-1.6799042615254276,2.910472404550067
1.0342801851774919,-1.1725275081564155
0.6374455898704914,-1.227941254998351
-1.4036703308693397,-1.0698972381160112
-0.9584255456618078,1.0155761190317252
-1.0339431141632607,0.7072079939823872
-0.3347784466439586,-3.054007405961216
-0.9697857884387027,-1.1347836477621267
0.6737363304834973,2.2885617512722214
-3.2917435173289897,0.893352328547942
-2.151602531259132,1.8955491588439124
1.113001338872911,-3.2682160146987105
3.104957295646868,3.1334137763891796
-0.8945744066479023,-1.2216992245204643
-1.0428179364985362,2.3927159188537876
-0.4297889762279525,-2.1952071936124415
-1.9207378337004748,-3.001205034347318
2.1637387655887816,3.1383862708192667
0.3187422804518186,2.679778966115366
-0.6934721835929705,1.3843063104443838
1.5194379699735725,-2.5576473533247577
-0.4067016394687841,-2.365912205703985
0.27247884497914543,2.8470467957921484
0.14357372908100696,0.9811757856601057
-2.7970334094888467,1.1965924136189394
3.0725050821655007,-2.3209548833140494
-1.627570614153322,2.2976176849972876
-2.574065152568282,1.7587398614047156
-3.0095779598563692,2.7684017784010626
-0.9394739410937454,2.993846396853271
3.242477910616694,0.3064717079593861
0.5604620253628682,-2.393500247676638
-2.7520668095137135,-3.2135514469682476
-2.812365394769715,1.3363195612454009
-2.3519102988343503,3.4854987660733703
0.6521466492387887,-0.5756850630926825
-0.6416726188386881,-0.6932679382685973
0.36237208196299225,-0.7587642686804204
-2.598321886928354,-1.2772060412768793
-2.395694081609501,-0.9406484498437011
-0.35073155205478246,-1.1262281536596788
-2.6646073265675794,1.2819225644631675
2.865245450311317,-0.8999583073925352
-0.5798808814953578,1.4367690400829076
-1.5985385980194595,1.556650993829796
-3.077369075611526,-2.862367110070593
2.4955412521444704,-1.316220076337133
2.9760007014713667,0.857335358954844
2.747904488150224,1.0344765498568491
1.3474155649180855,-0.5037743913087056
-3.3047421988719523,1.2407589494223992
-0.1346491510682205,-2.464024096855536
-1.0478944309592664,1.0785207029250625
0.12793001603081194,2.6110971749247636
-0.660629913739356,-3.0341457416935027
-2.4640469478949227,-0.4746998232389439
-2.8382604158971425,0.9242463311598204
0.38624735212753075,0.596768144269101
3.0840360015107966,-1.3900205668699612
0.6443603765804011,-0.9675804148929491
0.34489775457153504,2.625445568672501
-2.4469856861559145,1.40079530779147
0.6475397210160309,2.7485399698414072
2.9060424488992282,-1.1087820654534708
-0.8052961300294513,-0.6781595414277691
2.7819784445471734,2.5590760930684007
-0.9579014451710763,-2.3180453156559833
2.313090635960808,2.3384832036573315
2.8734742522526933,0.7329048337232807
-2.523745454916352,-2.706335889645032
-0.9755425769630741,-0.8857779628254636
3.4555717405166604,-1.0896463387767734
1.299084339568874,-2.42232123438064
3.2958683843513117,-1.295552379077549
3.060909823409943,-2.9395314264854955
3.208993946609268,-1.0528204029521013
-3.1994592970036346,-0.7894577690143664
-1.9954660844140224,-0.5405604203773057
0.1342028675161653,1.930024710239021
-2.561358606349635,1.569600550119814
-2.30974426616472,-3.0128145748812316
2.998051465099856,2.693065500711483
-0.8625267533908906,0.8570137732201271
-2.290566878181111,-1.4262601013925786
1.2973954232381164,-0.31831227657216726
3.1958435271435826,0.28064498037186725
0.6812058072805589,0.9254686682120553
-0.8378826085065838,-1.2607240265119122
3.0824831093039666,-0.45646099180166977
-2.53112089095641,-2.783582789104562
-0.5415281065815222,-0.6284585200919093
1.1847541060748805,0.6656144574888345
-1.4759753122974926,-0.6906784254588318
-2.45201865666662,-0.8782813359783169
-3.3265808518935707,0.8526653606122385
1.0339386882788886,-2.588365304435257
0.2161693697356198,2.762823373829918
-2.0256008586731977,2.74811090891454
-1.246604315221175,-2.6126363445189607
-0.8859945449897733,2.8000353761269277
-3.2174737960878805,-0.2689530521118974
3.3698520910948164,-3.2121707798904944
-3.578731523334225,0.8925694620277378
-0.5433084779208632,-0.9081126003288617
-1.0917123013430998,-2.82348966044904
0.712873983326337,-0.6620249167237762
-2.8277055123214643,-2.437715511085735
3.62600282551627,-1.2623620740373322
-2.538007004006843,-2.5730676791195424
1.5931499240539513,0.44423804361572455
-1.0251334642868801,1.2023752055212877
0.7260177194579722,-2.075962961389565
3.2783492220152177,-2.838821830265997
-2.89675856401389,0.7368053698415791
-2.9860571835911474,0.945533597300517
-3.1330205191494316,2.7747747323721685
-2.5447071861301263,1.0087399135464201
-1.6989785380222635,-2.972626766478436
-0.9218004301810819,3.0708073998436305
0.9675995548109908,-2.959339261328778
-0.8650600890353967,-2.823241999066245
2.6555741355003106,2.696325073258571
2.6589684152628625,-2.843083787959754
-3.5537205416005806,1.199816038977807
-0.7846065262689904,0.7953046892343171
-1.103808041303786,0.734205710053535
-2.5782064028598985,-3.0216156749901937
3.3642160303878597,1.3951903081412396
1.1174498082483568,-0.6323715967876469
-3.3104932300706897,-2.9322337626288815
-0.9563525024915338,-2.8978981581089096
0.8300354708588608,-0.32697960546749383
-1.0228275553049209,2.8343740917517213
-1.244731757578708,0.5050457178981785
2.810991342019092,1.720541635158627
0.8895375183862432,-1.1486213307140853
3.365955066922262,-0.5553128310906894
2.437977824948284,1.0133856492527027
1.0983830312893197,-2.47335671774202
0.8970868605255011,-3.7850333246798975
-2.274357269751033,2.640080973162178
3.1245287141321243,1.348062058268658
-3.36390984579254,2.5028263490786036
0.12594114230048453,-2.686841543199097
2.7593364979420962,-1.5254851733746595
1.2130308652833965,-0.6512392253273768
2.8590455541680106,-1.1477636092515944
-2.9169769301806543,2.700590382821927
3.113792041414775,0.8931056333469882
0.35171581961709664,-1.324332553882103
-0.5438621110605215,-3.265438447077476
-1.4775940424793348,1.1595420735114252
3.2325552106004047,-1.4013125054618054
-0.9842050565869668,-0.6723367243714706
-3.146576159965569,2.5019663467659696
0.8094984358714955,-2.7580637269831296
2.3818715047988164,-3.6490008951589075
-0.8856633802919652,-0.7904777956665144
-2.8095553419600585,-3.175820553081572
-2.7383415007481333,-2.0915023173075826
-0.6831299248099887,-3.2298269094516074
0.552299497223364,2.5422318505118073
0.9977586498509451,3.0590390154771088
-3.1358743500389017,3.0538120030956506
0.7306943376784752,1.8115176291083863
-0.3890471265972122,2.993368131690302
-1.7866767093429787,-1.1648358024949355
2.7938957496775525,-3.0764353151281205
0.4356424255475032,-3.157304804154668
-1.2470790784036945,1.4194413326917126
-2.8072228793031524,-0.7773122536435687
-2.2697227256695762,-2.64395802370777
-1.4961291963929548,-1.0404104824264515
0.8522368292832421,2.617877847887989
0.49440652317463385,-2.329139001336302
-0.7691056609672465,-0.26852039468197525
1.0794583890262948,0.8254391680551038
0.7064895535271645,0.7621758498792423
-1.3188067726977106,0.6241079929328439
-1.4995950134689617,1.0196537330192972
1.3080130999195037,1.0151658223590083
3.263141243136565,0.8531512522603535
0.9169330925901717,1.0738385575691267
-1.0565994863329673,-2.7501311155260604
1.2595904404076341,-3.238796214443409
2.9706758123670958,-1.3818352517847843
-0.6122868120459973,-2.596617019015085
-1.3437077430282138,0.8871623286369921
-1.3600304093023694,2.849942767023449
-1.2732654571042263,-0.8711813836662137
1.4219060658951803,1.189027216035307
2.5120258633234536,-1.031188083820373
-0.9897651207628999,2.6614225514428305
-3.5332846802512705,2.9169696734721
-2.16763510939486,-0.9450741768013209
2.757610575419008,1.5408509686969931
0.6640326599961506,0.5097530328059794
-3.0857644640076547,-0.4630575948412342
2.917078527797239,2.2887279935523046
1.1882377950534173,-2.2327268147613837
-2.4075682241104266,0.8218118490072879
0.2662139921976028,0.2651380295995277
-2.976720275042903,-0.8252804346551619
1.212074154233798,-0.5081949142650729
1.308379170062273,-2.330489761127359
-3.060951185375403,1.3270683480145857
0.5790287670661476,-1.0072901537846117
-0.7664911100134529,0.7971465984727484
-3.388932411380269,2.847673716245169
0.6029767948961556,3.0409088152654906
-1.2050746966952754,1.4671363480947792
-2.5035472890644375,0.8550998945709227
-3.480997877356441,0.8371338697998268
1.332643926840156,-0.7048897875833712
2.4649312901888454,0.7001109329810169
-0.6729909879167466,-0.1900281846580142
-3.0162290074263822,-3.177149793066199
-0.8938681580602218,3.028411414918165
3.212951696456718,0.7558312309709682
-3.445169177038246,0.1852000901656001
2.4809014923462414,2.2648966196129585
-0.8722538572526618,3.2740396398075915
3.2961732177757663,2.516843594062153
0.6513166944733526,-0.967793311442109
2.3937663587895144,1.6424641687589094
-1.5186343265728357,1.243077835477303
-0.7662787643653763,1.1510785685511238
0.9676887126618153,-0.5249690874983552
2.745754767619355,-3.59107239038122
-2.5288578017685763,0.7441941204360376
-0.5747942807287258,3.1471982074746476
0.7582960502199536,-1.0171406636720155
-1.0754377309657837,-1.1906167000117243
-1.4198465743208106,2.931795478769542
-0.9652405405307729,-2.4578315851846364
-1.30673184396202,2.8300083800216487
-1.6985992558598504,2.8166820735366227
2.7760791901189035,2.8548124115727442
-2.8616237371243245,-2.10384954720838
0.7965602289525238,2.460571011479489
3.6330189887247686,0.7798501760537104
1.3164653257370222,-1.0905897165223062
3.115548360547957,2.9842355973406183
2.9301630330467403,-2.1209001208885936
-0.5442611920863862,2.996668951462502
-2.5973564520921943,1.0043404862787257
-2.6091177757769133,-2.213705087254728
1.0549571188219367,-2.9154420626423594
2.7220386635390788,-2.7762639071975914
0.5945941402808398,-2.7784847105665067
0.9876627081421002,0.7817047239866801
-2.9843706067936195,-2.973731426316333
-0.7437637309753827,2.615660833637674
0.7003074545321516,1.6595809383851563
-2.197929446664459,1.309368676436684
3.201688968234087,-2.7983100362466318
0.7402217519052404,3.048760302171444
-1.1179959825963601,-2.5500116560244166
-0.800463721525715,0.3932748386074945
-2.971095972994509,3.079277972580044
-1.04278793794177,-3.401793987345587
2.415792855641383,-1.2007570543282755
1.1914073104855485,3.084535764330932
0.7448384066158962,-1.2172096656409594
-2.6621706525275624,-2.8378952390254386
-2.5892118171651277,2.8908548108354677
0.821144160062573,-0.754645768182666
-2.3121093163731645,-0.6880037939639798
2.667832536534755,-1.5216194953434883
-1.682031858454909,0.8962588906201493
1.536555639680251,0.8342907965646543
0.5018255348655745,1.3598257431667553
-2.7905452093762615,2.038090313154366
2.365425236336062,2.5269785159166003
-0.4746934052295615,-0.4343044332729584
-0.7768627235302704,2.844822740345881
0.9883992702952275,0.3325474515224986
-2.7557645944081917,2.3074154434458056
0.8304146865302916,-2.2058864479454066
-1.6417038186085373,2.700686966669841
-0.9854153438736802,-0.35265344722052844
-0.6441789043481029,-1.3559762855673918
1.003065321401463,-2.7524977047567516
-2.775307333558208,-3.213400489986326
-0.9578319830589397,-2.3622747143799985
-0.4592261075495116,-3.4383418912463233
0.4845127417528557,-2.714045549567815
-2.5448793577728765,-2.9435792228515867
2.2670187950449203,2.256529546346822
-2.6016379242768233,-0.9647647457163078
2.9724837701274582,-3.5254328333491984
-2.73931550207264,0.6873723296301935
-1.9083485989732418,-2.6103110337684474
0.38409997139432894,-2.452256219752522
-1.339515591120949,2.976101229260608
-0.7911401023093655,1.3182233314633383
1.0787572788537043,-1.2713366036708933
0.6124906169121228,0.23390354784811934
-0.9691071415803092,-2.9252066688241767
-2.897144513077523,-1.2439886841287466
-1.0140355985552818,1.311741851098864
-2.372269072241168,-3.394508536455333
3.1497563519290783,-1.617260302892485
2.607432236105559,-3.3367130251336903
0.8690049075069411,-0.962324658051182
2.4382165638139113,-1.404265073542664
-2.8115174960836455,0.6931177095859106
2.9009473483429646,-3.17637719453412
-0.795892068497416,-1.306337917728991
3.3300469681924008,-1.2380710062315912
2.742934931350221,-2.846633937444587
0.8084578249650479,-0.9356409225311851
-2.8660716554719676,-2.59177137804074
1.0386454831762435,-1.641221528330351
0.6630542146416991,-1.3799421674374135
1.7343734964037452,-1.6528202545424766
-1.0579443676330926,-3.3069808656526423
1.0365283688648415,0.4805747488249768
2.576968313090691,1.0409947341084522
1.1317439062336867,0.8909218767352072
2.5750844751267605,2.8874866249891795
1.2273150848557786,2.0630828667964614
1.0768692500962203,-3.5154382984376467
-2.975661792885364,0.9430561350717647
3.470191801583896,0.4324564903054206
3.2107158402682514,-1.325953042447326
-0.7826805726391294,-0.20231227676914468
-3.1174668094071514,0.7048793882876698
3.1223069642653165,0.8822072005608042
3.3039215522983767,-3.20136296719689
-0.7563589444418513,2.735710396867968
-0.44317772386491144,-2.729130068314294
3.4319347851997652,-3.193577368166039
-1.8311383110707669,2.286311853263802
-1.8881276383458523,3.128773222579917
-1.2087515994353841,0.7731401414508268
3.2429559375290635,-2.520958654787539
-0.683912198952453,2.693355024887519
2.852802129077913,2.529155440483691
-1.1758115525584596,2.5313383034818058
-2.80644463514495,-0.3366838070527571
1.2244601388286174,-3.5994497048820224
-3.1440365561468866,-0.5159754400399704
-0.07722250438754308,-0.8185126604815053
2.2406904903384692,0.7569476711943322
-2.5581321833203163,-1.572890314898098
0.9065451541422153,0.9519869456373271
0.40666605523422694,-0.8903088465610908
0.9610161683289257,2.029538829288905
-0.3192714275137957,2.9441959606144685
3.44704748274845,-1.4645906976664316
-3.4426374608764365,1.3492672918857018
0.9549671379490804,-0.7148253122299019
-0.7654878359450178,2.939189571342377
-1.5244636041798365,-0.7329853218292098
-1.0430152645898016,2.2976251894526647
3.023036875961164,-1.5473409813602046
2.0121979121040092,2.687332706164496
1.3657140609338914,-1.9672118822737017
-1.5420341892770804,-2.6960754154099242
-3.1360261775063356,3.25906002570027
2.9512218653698286,0.8322312427937527
2.665606303814315,-0.9667908912378264
1.1154937580298827,2.2579039990602046
2.4238222076344997,2.7181628461344958
-1.302382802762944,2.735844168867945
-0.638242962039257,1.4755924548991544
-2.9101953126969256,-2.066756779543662
3.1276367904877698,-2.785430530086681
2.519545430550231,0.8607404294820913
0.8807766940297055,1.1715840836518838
-3.327954647227312,-0.7430405529491021
-0.4788255941122381,1.1589900213231097
-0.8858193095529795,-0.3337846634728924
3.052074318164877,2.8865731026137187
0.6758065319073606,2.793106654701738
1.203156493553763,-2.2001087626094367
0.8416808418617233,-0.8720925271986605
2.8597216379363983,0.7518765275815587
2.734257248547419,2.669086022620523
-0.9195630873037489,-0.339974746979306
-3.4107704379806782,1.5093499327669915
-0.29193274888352516,1.113591428830838
-1.5155160180905178,2.953125152058041
-1.0044971785313155,1.4414646987169473
-1.3532524178897778,1.244650429781179
-1.1698081910539195,-0.6165209732765177
1.1420436853149922,0.8384665509726448
3.2879810481444367,-0.6606617132256786
3.0013877242861438,-2.988403849922864
-1.3579992919123938,2.6704781445031327
-2.6726175417952134,-0.8222063376112712
0.7846497971961333,-0.21350711294554406
1.0194906708430478,0.9876271290289753
3.1779290132186837,-0.19560723657372386
1.185521266281877,2.578059899254935
-1.5267462816319217,-1.160732923646632
1.0664539095834653,2.7828497050796708
-2.1420516947159904,-2.495171285105769
1.4061922512355927,-0.4373023598907822
-2.7576796433509876,-2.123592328075349
1.128380196041224,2.9262445765528766
0.7617433405309536,1.5853482568620823
-2.3897512564075383,-3.352368952954422
-0.6160922427022938,-0.8498791194807974
-2.2380510131757183,-0.30449437769632776
-2.1349128983998837,-2.8727960311745253
3.116050448112617,0.6748425387105342
-1.0511420533465652,-3.3556663384646463
0.022910947102642416,2.377393458376172
-2.374558688820899,-2.8206922190017756
0.21632139044468318,3.6674506036709067
2.317373028411229,-2.4213247610271016
-1.4543642958082492,-1.4672715341035658
-0.8915852311146967,3.397342493930723
-2.4358061790647256,-2.1006809214076783
0.9706619492458737,2.78452116478491
2.4372623815410983,-2.7069906605396112
0.3460702205149672,-1.4073994966672572
-0.6811955369311411,-0.47734934399740314
1.50409191616037,2.679137356437095
-3.201868208866682,3.343352094219664
1.0239541408450723,0.45405153128927433
-0.7435008249060192,-0.3698677330363692
-2.4757910256613394,2.674924018630059
2.508331928645659,-0.6286168469419579
-0.9068011196511186,0.5201801845738075
1.6246158290533113,2.585418017692
2.8685422282604183,-3.5462321857422063
2.621976107270446,2.9224756246208243
2.7549227390557283,2.4377419891913816
-0.545432611156763,-0.46010558288948944
2.9270056642814275,-1.4588215348890192
-3.358039993234986,3.1998150616028727
2.7637485460987623,0.9881964454164033
-3.127020651683184,0.996474269800736
1.0459253094461862,-3.09906479479966
0.5466059111243288,0.49821379074929617
-2.846073502348605,-0.4748113836804237
-3.086911544759115,1.0737052843471142
-0.7600541388596129,3.3583528935431466
-0.8862405508358622,-1.3320197907542102
-0.08865248718237324,0.8343289194757739
0.3613066246133278,0.9502072379671838
0.8751900287124874,-0.8958551964851599
3.1176763455331393,-3.119895844214923
-2.928896526170865,3.181915285994249
0.9583335963836593,1.0869515901659212
-1.4073409220330104,2.7177616904215416
-0.8324600617217948,-0.7283220270201266
1.474240367433488,-2.811307245223707
2.29548470025776,2.965324563212866
-2.8731002296732506,-2.4269215026281548
-1.0441992860715996,2.3979816138042467
2.292600136695211,1.190042197923963
-1.124464958296052,2.4947121832149683
-1.51379526011998,1.3819053047676966
-0.6586334642470079,-1.0827158232248926
2.9747002777433726,-0.1332772189808617
1.4030628785899353,-3.1205852392769593
-1.1717942852716694,-0.6326693028609244
-0.721527412258964,-2.836434278541199
-2.843829967187659,-0.9565432248972278
-0.7189819898645963,-0.562070123532666
-0.8409505067142959,1.1511322457586297
-1.180921496776192,-0.6335416849477912
0.737299847941606,0.8315980346151617
0.8627784364557363,0.9633527174496938
-0.6279210272607604,-3.062361849641855
-2.638328371830819,-0.7640613229638278
-2.6044121042406783,-0.7478530228743365
1.4039026434506878,1.28582963998722
-2.6640933006958063,2.495706256153701
-0.9025858402267556,-0.4068549025775174
0.7869479090051525,1.1670161789708173
2.5743838194854365,2.884241991907244
1.0210927873187134,0.5934651928862019
-3.244051686017328,1.477327113558512
1.4578096638625992,-1.657563254009953
0.7148568214913927,-1.158462069661043
3.3093183253747926,-1.758008306480163
2.607061012667183,-2.4759382112077186
-0.9800409316756155,1.6214701894412442
-0.7530516812076298,-2.18613660490995
1.050600730588406,-3.027429011993944
-1.3645251208423284,-1.0687940506399993
-1.4444961876373044,3.0333569760444123
1.682860922152824,-1.0700984628145085
3.201083093127154,-3.6024175323503203
-1.156952039263927,0.6918250602794169
1.202403097581476,-0.7863440192509632
-0.8995019599782632,-1.0295769886373904
-1.6424755105023208,1.4461321726599223
3.196004821649615,-1.5013160003656305
-1.2250357373432208,-1.325122933670488
-2.8719340654696177,-0.3891636421252679
-2.3384501343469095,2.7835012641427777
-3.2006362629374254,2.4837836247498104
2.8913876134595102,-0.92030877786198
0.36964180129617236,2.353960592997558
1.552229578206893,0.8420925868656538
2.398984546924971,-2.941678962418714
3.0401610666759913,1.0873592417608602
-1.4121299810232715,2.820861679855517
-2.7716364360716437,1.710159171922685
3.2391078968406704,-3.29604735037315
1.250135992912547,-2.650118200584493
1.1950798979321164,-0.8774908608632798
-3.14455350942557,-1.3190034564260134
2.910771524463773,3.3441372344655305
0.7643246325526506,0.6263363143452931
2.5681745552289845,-2.4627989953776033
-2.5633580601836563,2.737958331451083
2.9203261881443887,1.457781009749871
-0.8461308422232362,-2.750939366923756
2.0766476370391183,-2.8773551303713254
-2.479899654782181,-2.877927952964506
3.148400238822804,0.9811891051275258
2.9757377045483517,-0.9109394859776668
2.7128718806404524,-0.996304579367149
2.6749336555366754,-1.385767080631926
1.4925604360405016,1.2402340220004666
-3.088803333709225,1.0483552670986025
-2.3003460770037196,-0.009257728917210398
-0.9852000507511313,-1.103940207180218
-2.4733970685253746,-2.670845511476509
-0.6438296248597974,-3.4341460696867423
2.62895102471007,2.7730309195227725
2.738938118384111,-3.042642195453471
-0.19056307587373233,0.8329917471499309
3.0176194531657297,0.6437578820499253
-0.7662874507271494,-0.8508885706373462
0.8789231814911391,1.4200644983069703
1.1792917965615224,1.3477048400124423
0.6593418657244484,1.156458857111465
-3.0959662319307597,-1.2377300395950013
2.993102694684707,2.5404853308894615
2.6467543887357485,-0.30110386880234924
1.4628021767700643,-2.6407119113127258
3.224437351733362,2.993070816811692
2.6793942011299343,1.1888161133297421
3.2379372892954983,0.8702811152639499
2.77635577730581,2.000281102556439
-3.0871647001796103,1.4210607328454743
2.7350612256898303,-1.2427239277299507
0.9261100965386614,-3.1626745037884705
-1.0372043521710301,-2.6102692581481133
1.0311323893028017,3.210003346895675
-0.8607963534263352,1.1392547544848897
-1.201392821720536,1.4386810722263308
1.5179452430233462,-1.149175573881015
2.864931333606603,1.1266466208033084
-0.8922426355776146,-3.155332972164434
2.958558432201521,-3.0638181834699663
2.7309138270892688,-0.8624010860254144
2.7637212102309783,-0.8784676993976955
-1.182752906504105,-2.9579635619968627
-2.7618219105775155,-0.9050941316897089
0.6899893726270098,-0.7626076191728509
3.109345497128689,0.5314096620015615
-2.496215537431112,-1.6479851023663046
-0.8790133052935453,-4.162434404968739
-0.7089934283493661,2.8753695437119617
1.1261421101894677,-3.086190446994153
0.6662965496594221,1.4900829053245277
-2.2912874663097855,-1.1028146925236053
-0.753003809671233,-3.130861700917948
-2.887871578601504,2.6975739799781464
-2.732936968082626,1.0663323741211328
0.8291654787537202,-1.0334123505584647
0.9868006396257998,1.0718309724713528
2.783942291546063,-2.7695690014986507
2.580264324446039,-1.2166841513633357
-2.847585504806442,1.6980649146652214
3.0206129769105012,-0.8963076128933359
2.0518428632256454,-2.8668782074394916
2.8620796070176495,3.064740965081259
-3.1029252429115526,1.2802142672063503
1.3144893745867916,-2.998764680507198
-0.5178620790319177,1.4480121352630497
0.8152904363347935,2.3429791074016215
-2.613484311567583,2.4163161249000358
3.0624529815088386,-1.0051248806664146
0.8556551904700527,-2.403425438700358
0.23264684203089217,2.559361524630394
2.760177887545225,-3.1882069863277653
2.7290764284954814,-2.8667048673162556
-2.3047708746603197,0.7126257426703763
0.6094199505412924,0.6245880535562206
-2.5120714565113613,-2.949536074482835
1.6646909988386125,-2.9043907390017485
0.6701486494747807,1.2439328873865625
2.64383124847368,2.095177796977066
2.5518776359627986,1.4532705674186495
3.306072872464315,-2.8701579578564465
3.0512720590903517,-2.8792090446604104
3.0574344987281723,-1.0471894037214444
-1.252935108299085,3.192207642235818
2.6988573626861583,-1.1099878257621918
3.004154164615661,-0.9466409922313456
-2.830212368383542,-2.469689690119334
0.915022539515547,-2.684964221269813
-1.5361334691118236,0.4849766490143382
-0.6797433698261174,-3.0708696106191136
-2.5769827059692556,1.3000953018734764
-1.1942740293702834,3.0726968158380794
-2.9332445925013024,-0.8673203709757191
1.0634349694216052,-3.0603068145016934
-1.6310712561151521,2.343874799819491
1.2612572523489882,1.0217876200309948
-1.3609479810154954,2.5973026871263136
1.021575262792553,-3.3774039387402897
-1.0999147951398534,1.3691900867916649
-0.7630031471435581,1.0164539908866668
-0.9739715694637567,-0.27629430868853627
0.8755833149931949,-0.8349523113404501
-3.044070759499584,-0.7755383245211342
0.9023830965698705,-0.8515292452152754
2.7580244659271305,-1.1935635446202792
-3.143550756174641,2.745801798562929
0.512654955755936,1.0592702254983464
-1.0886127115270852,-0.9041190793084406
1.2126290777157163,2.677197084731247
-1.0519573459843863,-0.8037947733668105
-2.848350915814715,3.033575104215281
-1.1579722716020564,-0.30384924796337376
2.6872184399844583,0.7425947155954515
3.299056426994846,0.6401270990861938
-1.8787179700351473,0.823815252465712
-1.4431163002129637,2.6030723102591504
0.6960606326081867,-0.41476787784278846
-0.6792233380886258,1.2541347972880112
3.3161097290818495,2.6136883325688753
-2.826728508230159,1.2977560917062188
0.5006673437064106,1.1589615268933615
-0.8335357873181594,0.8399831012068367
-3.2282564182396287,-0.3006321292110942
-2.486190093210071,2.732872914708929
1.6587097479240818,-2.9451514815730975
-2.8912852187019333,-0.6880131368166683
-3.2473822466468953,2.474330391430545
0.8441704388875495,0.9348637986140663
1.1259828861498902,-0.9872532756952239
-1.1037031707640235,-2.548375813534926
-1.2515466953354109,1.4330013247779747
-0.7257370341061192,2.618898548908798
2.8146495013903245,0.7358243030182302
-1.7922724773920342,3.0615390045037425
0.9770157628435403,-2.6370715847434845
0.9935038748944396,1.095397845765149
-1.187699441968782,2.4589025633424164
-2.8596513110248027,3.0682226818781566
-3.2827625131539784,-2.52571399254358
0.7934537638589685,-2.988978489384972
3.5496493203554675,-2.7408505011838193
3.372340356910145,-2.8847940434452752
-2.895219191666061,-0.7132366445501264
-0.9217018910228633,-2.774028514456984
-0.8101052396395365,0.6530298606976546
2.7687217694242583,2.4648288310505366
1.5291607161530858,2.666408642914681
0.35666621835813017,2.169732050902864
1.1375164737912398,-2.448554840201102
2.2724020668425235,3.0956171013677047
-3.238038643738544,-2.3907727529213214
-1.6461840782504866,1.1664542000256675
-2.845336276271109,1.3191808885209806
1.182581719438096,2.209226929187077
-1.3025572164376351,-2.5373842599016427
2.656836025278895,0.485399588325569
-0.9012109667746064,1.5944332855366132
-3.1150477421353346,-2.486275194970024
-0.48065308062784573,-0.6535750157872636
-2.0646188474118254,-0.8986398357072783
-2.8925542350823052,2.0734353016507883
1.0162936747582485,2.4772213890345722
2.4459979525565427,-0.668893674356414
1.059497621749794,1.3273045211534356
3.65187901097651,2.227835674508306
-2.5087106311185026,3.2855402824772146
2.680343731623059,-2.686859992648757
-3.2974321911689324,-0.8759578260110974
3.8683611988067796,2.894742902696371
-1.4290217710201012,-2.557539873978546
-0.40321322793485703,-0.8576352819917165
0.33389939785058637,2.1532411452348996
0.9110194093471974,2.890974812368926
3.051664039517428,-1.0592132539716574
3.139934839473723,-0.5293228256779535
-0.8105196481699743,-1.5135501113116334
1.2388402297591945,1.2887019792594065
-3.2495130945661623,0.8324958578475841
1.159206747938568,2.9348692565284207
0.6091604747184839,-0.8666727147499835
-1.2688726827151147,-3.1638400019454456
3.1225267115916604,-0.9219200034565331
1.0581087371805622,2.7036703009250296
-2.091862402665119,-2.690887911095091
0.6307854022756683,0.696787153391104
-1.0959143326698046,1.4187879638048704
2.181317451708493,-1.2511678927134673
-2.6069871075983935,3.69058136931257
1.3092001295771303,-1.8757550782237902
-0.4802673467333806,-3.555941191331806
-1.0828811684045299,3.3130413538711023
3.2139223417317875,-2.9093696401807883
-2.6221166075911335,-0.5519711181151301
3.38577045974265,-2.7919165389724268
-1.3880990091121679,2.577049824740483
-2.5580066886004005,-1.105759073231015
0.4434848437873368,1.3869174930647825
-2.4834554076858106,1.1634091986992559
2.151464124522966,1.0367096249714929
-3.2760103371177096,2.905620418886714
-2.9685276765148907,-0.8996432028119509
-3.329164189898017,0.5739778915596621
-0.40445964312814214,1.6322054229842091
-2.7459067856095696,-3.296688617906583
-1.938125787094638,0.5314474093963789
-1.3460611077114355,2.6151643154694577
-1.065910757154266,2.9600543318198462
0.6373959068779224,1.5837057450791863
-3.0096183128449123,2.9308517916857824
2.3033329966394,2.5690277330095097
-0.7919759266564942,0.7069982597824623
-2.5923632524624547,-3.1394880442174675
3.223279970940074,0.5157567126794467
2.641279795588636,1.0676629434875173
0.8390719555091197,2.407587294680357
0.7820913989353938,0.5675894750489878
0.38648955957602854,-2.7961009545050484
0.8381350908953874,3.1233446470493256
-2.6526887298898876,-0.5276038349949602
-0.7202670659701179,3.2105689910569932
3.1199401282631443,-3.244858535336659
-2.6896614003358046,3.2786154446231435
-0.694670272383684,-0.7723672342682854
2.078751865029251,-2.7106884961147797
-0.23352846275708003,-2.90786291446599
3.28163420847504,-3.108051010346401
-1.1645348842178846,0.9593677530752616
-1.10210603408639,3.16273111760127
0.8702608900901149,1.6123854353157132
-0.41766073411443055,0.8890821277615694
0.743015740554875,0.9461648149500125
-1.499106876974624,3.0539348978921845
-2.5106029417164164,-2.286715161391269
-1.5211821618013628,-0.86612361033332
2.9076575432939653,-2.98121211880466
-3.2971872374452276,-2.6748864328536675
-1.3076314618570921,3.0901876892554117
-2.975730294845437,-2.492313598936885
0.5075972298488167,-1.3730306146364528
-2.2912694918393726,-0.2768295638612918
3.03690861159908,0.725429755316685
3.06127574257952,1.1006488246298554
1.0289869524197202,1.182139541336461
0.6888323943124177,0.8883086747250056
-2.8273287971688883,-2.5759300002486842
-1.0562516144951604,0.8931426568224705
0.9451927897885837,-1.3527372910345468
-1.2652309580881766,-0.46445731564302783
0.6054495093290719,0.38989129087518104
2.51663708271749,2.509140428504985
2.675477564926794,-3.424100774274096
0.6832649898593472,-1.112512237761831
-3.189554556510994,1.1891012071008442
2.6893155383018494,0.7913875279880973
2.903616311696213,-1.3478897780402639
1.2984041353658817,-0.5796689739814394
1.291770289238916,2.3529729956536687
2.52555184465234,-0.607084256233238
2.808036572817083,1.906904565346133
3.7515413595206777,-2.542062100199929
0.8611578116354434,2.436161160815274
-1.9032740640841652,2.7655663925055296
2.714684692899348,-3.1855214415915483
-1.0712675187767469,2.731531478603402
-1.1034607064488244,-0.4991164817423775
-0.7798787627001824,-0.4901044233551877
3.3905957701739315,-0.6143722002658079
-1.2862656039288958,2.760830642566066
-1.003010962610421,2.349513054520317
-2.285082078716538,2.619778761916138
0.7169086470061782,-2.64956260817895
-2.5795883896167173,2.1611400094085247
0.6369064431106485,-0.11784804068546656
-3.1443345592153187,-2.481611075079482
2.9925269041444027,3.339669925181911
-1.2268407877299816,1.1739840262962413
-0.5402052468734256,-2.795309763166863
2.6421336668922346,-2.6567341475079105
3.287142732176115,-2.5710392276072365
-1.5360604684868178,-3.311560221561269
-0.5142831688092302,3.0816501834567527
-1.091006776446966,-2.7267408727132865
3.357275571261747,2.3482310033212332
1.6651840490160421,0.45071449591714285
-1.0549631494981253,3.244112596895489
-3.1770195007368947,-2.326051107818015
3.2347608575779865,-0.7922625420888877
-0.6207750087113207,-2.796411241159608
-2.9098851226367626,2.6511680759678096
-0.6143069322285342,2.5617174382242123
0.5213480051990085,2.710059633029545
-1.985113333316103,-0.3350957306055602
2.6628276696710382,2.77417446371878
-2.930852899929044,0.23274314619625472
3.1725478909495175,2.5982684287148903
-1.1205310007877993,1.8646584280911969
-0.840801876088516,0.6727969941105556
-2.5537332773014194,0.9381321162726907
-0.9723218383100619,2.9175715059701206
-1.1010827974718995,-0.546300345167369
-0.946601835036842,0.8946129038474642
-2.9930346404065813,2.4098857193759384
2.9383563847916854,-1.1486057134957384
2.3798643745728216,1.3922180456349076
-2.6563706591139,-2.794452677220079
2.88521124015378,2.623123333062159
0.5325566665365156,-1.2896790359325223
0.6491272725242034,1.4493693638949876
-2.740040209948939,-0.4639423537517939
0.7154803330902685,-0.733901336853193
-1.0131152461563537,3.3413071172940674
-0.8885775488217266,-2.80089627141476
-3.1466079940041918,0.9519623702390341
-2.4982452580817154,-0.5886819518816346
2.5815534544197556,2.8791512170444498
-2.3664760761785697,-2.4413576998386333
-2.394675945144542,-0.8816992857089704
-0.7980811000048119,3.011294925936917
0.372595583688199,1.165211582144154
-0.07110569795836676,-0.5302814939476344
2.310091183581541,-0.5561930077066856
1.1462602911213757,-1.4923493408860082
-3.306889774387984,2.824120921434544
3.011533974176492,-2.629251740794178
0.5210585573258552,2.8019117386843786
-2.9884007462347473,2.4446526744670702
-1.1195503837221552,-1.9900653812129254
1.2108659952529988,0.6065090067641902
2.546616450880421,-2.723319370284022
-2.994278453696004,0.8886564671261066
-1.0748939423942816,3.413389671435816
2.6619181150909,2.921578638494213
-1.1924634685996844,1.0412284142616388
-1.13888232038815,1.513183459242786
-0.942799133097658,-3.4120586637789527
-2.8903729724191494,2.5806155549510597
2.723146087316786,-0.3812208964166844
-1.3066632019289204,-0.1429472939415502
-1.0873209812823406,3.051275131115682
0.5051040477849337,-2.6519434854105466
-0.8600728478858123,-2.8610446181497293
-0.9373271467622917,0.5923440602615813
-1.2281863754566804,3.049736903727076
0.9691160631295327,-2.8871967076605425
-1.2458002395829797,1.1642173374145284
0.8238587065912369,-3.2256198799862448
0.7466724340864628,3.1478648656902513
1.1163621776627128,0.925381396659751
3.370079189119188,-3.020483939079614
-0.9310376738339207,-2.723987239811001
1.3421863274884565,1.1503254523380233
2.098189949207216,-1.1106436230288224
-2.896253009919155,-2.940594000965396
3.1612494353046414,0.8270616290817225
0.3228158471908069,-2.9017883675642797
0.8267896015292031,-1.71059886176673
-2.778012276189184,1.1475408058470804
-1.9835998468857392,-0.3742790579212502
2.41487286744576,2.557844377629493
-1.0010841993561115,-0.5038340899380143
-3.1533173650709903,2.371263426314756
-2.875064489631259,2.945304160241346
2.618581805876753,-1.6788804499640086
-3.039017535004916,1.1724729440676998
1.496484088872417,-2.5351235794305587
2.90359936342912,-3.2048270453083614
1.4995200837671159,-2.6409377421054434
2.6161348514599436,-1.0477157070166727
-2.269470386955245,-2.2898013424996746
-0.8064192519010814,1.9604191510987772
-1.0822226913859916,-2.493835557765572
-2.533463783348986,3.040251731924393
-1.0353046903733114,-0.3086997747665377
-2.4504061238087624,-2.0774622932619016
-1.3098876926712004,2.4513085974886715
-2.8367811651976904,2.4389032157577484
0.8896956301545526,2.6023036545613136
-0.2119515391694149,-1.4214094089044047
-3.4785607645761254,1.0361888533270243
-2.8498709528687107,2.741896130102389
-2.8175340408076677,-0.6821076242547941
-1.0904932851003615,2.256826670635189
1.0314978413285742,-1.0624842827348204
-3.347669202251188,0.1377325790264274
3.5066847402130943,0.9697834096737412
1.1034414985268377,-2.8232499060475926
-0.6228992797866103,-1.3145883272733239
2.9415705791523163,2.6908070161101927
-1.0486408437660206,1.090263560087488
-2.8822865691406547,0.872317429246995
0.5788269008169572,2.2360240445757738
-3.3625336203851277,3.2308324424172468
-3.2785945216672348,0.5782829245890838
-3.1232499523011485,1.1452159477757549
-1.140779879317069,-1.2134169004774251
3.1270815821177806,2.2025712404019555
1.1175614866379564,-2.308944513398883
-1.2060713106152758,2.233644279356387
3.3151843059931343,-0.9232905367569286
1.0643078486249933,-1.3015785158925683
-2.8836999047500647,-2.8192682312236257
0.14873058742285056,-1.2443766107430418
-0.8502570568785083,1.206424863056221
-3.4908772260014818,1.2029261134284315
-0.560353464981229,1.1141461643142276
2.818629184471579,-3.119840360025045
-1.8580807671959454,-0.6782165247192852
-3.1112954003052926,-0.9163155717960054
-2.0585603596671738,-2.6170275753676697
1.0186641429990562,2.264279144710825
-2.856479714912878,-0.2724090104238757
-2.829385545856533,-2.964195362234998
3.332012061623748,-2.1130903068844793
2.9970197314069353,-3.160109527537597
1.1167631241900138,1.2357941951996168
2.782320803574821,0.60857053791356
-0.3080996547221149,-0.6225610433747318
1.9537912324196685,-3.3877242037549222
2.8131341986364613,-1.3922980611791598
0.5746529445913757,1.24791315359434
-0.7117373073178584,-0.4372686666633613
2.7467922983350825,-2.7303478090471676
3.656914846194724,2.5319654671847727
0.6433431491242756,-1.3139425512371992
2.627878906356886,-2.492986976089528
-1.3285893981563155,0.7359230721318889
2.987199662158674,-2.7443494356409683
0.9856889695727532,-1.0097218055150052
3.24357114749392,3.151021733134384
-3.5835878892109267,0.8052506813706246
-0.628704299613689,2.9782986795184785
-3.033451351378253,0.7478929078875923
1.3174758473397838,-1.3573800003467638
2.817344550754848,-3.147267402664396
3.007557063079774,-3.157376086069292
-2.5778357291694713,-2.923688202599956
2.7490159956461326,-3.121398098457733
-2.717369675242642,-0.4242946853869449
-0.5627952356275998,-0.674570240120074
-1.385320837531015,3.593406812308667
-2.2159344482900165,-3.1179325952151316
3.0530623872123455,1.0360830393339948
1.516070027546514,-2.789724204672471
0.6535922998433583,-1.413833908114164
-0.26986191754139005,-0.8110427453559798
1.126719052770384,-3.1433596823710155
-3.0302417437595017,2.9654827647751474
0.7307560611790233,-2.8580153714682406
1.1080299563022076,-1.302531515772693
2.8630512731271667,0.34639567295336937
-2.7084296518030193,1.1091880369078408
0.5962146502252645,2.416687210018608
-3.069761590950004,0.769708820845897
-0.755622500072981,-2.978112727953601
-2.8770639758251484,2.940199772222213
2.994112205006955,-0.6981051264404482
2.7338547841955156,0.8675608785716561
-2.0644274066876473,-2.949881426637141
3.0321709210506094,-2.9482218689227384
-2.909358170312415,-2.873191224976143
-2.2448138254560495,-1.24934140431893
2.9752349117033168,1.036435250921898
2.67849289789933,0.51553466134907
-3.0130947152049865,0.6942701291951662
3.201459833720629,-2.5286780351907474
3.2684213400923228,-3.267302725631597
-3.3620879114494424,2.412055480010812
2.776954082834842,-3.0507806095679846
-2.5305489562934578,-1.412967960567669
-2.889290236692669,3.0253786472014608
-2.351755721291149,3.085781600453632
2.7372905115622186,-3.129113487643028
0.7475412938691169,1.3787078461229565
2.918259823037022,0.785538269687662
-1.1549026339299386,-2.97904448330925
-1.4376142809381596,1.4045790508389797
-2.5755435848051333,-0.8486094495428806
1.0763768909794766,3.0141984898593552
-2.7365463739220415,-3.2374166483513194
-2.958995275172416,3.252768147379955
0.8945883577096705,2.674589069983547
-2.229391792825206,3.7592856686656524
-2.085527604418602,-0.050267852709599166
0.6509994679255992,0.320702583981307
-2.581017163441815,0.771289505610163
2.9643726226239755,0.28840939055827675
-0.22582623647059813,0.820980139613092
-2.6378670796636503,2.8028046805258566
2.2865949595132022,3.0350088614493766
0.6982138885062227,1.2828311262690584
-3.0200050466007085,1.1893009709191178
0.9078947043649522,-3.009065493224504
-0.9206302194081076,-0.8359887292921097
2.729121245668106,0.536502873755511
0.45278249798513615,1.5397789002985576
0.8402019102312631,0.5952414288900693
-0.6334454274960952,2.8836799847268533
0.9387517105136706,-0.6999802720093764
0.8662585018764689,-0.7116429060081776
2.5392255509966737,2.3378839292499505
-1.8657865417562058,2.6732830761567143
-3.3009165421858935,-0.5396049201923209
-0.20845620956296237,-0.41204580380337336
-0.9219957280373433,-2.0493136558048013
-1.2673548814381415,3.1762776005936755
3.4852551315140934,-1.4440851554882188
-0.6889507714512578,-2.468090921520761
-3.224168270619564,-0.680772760045634
3.43645941359537,-0.6034965056605083
-1.5401722074719406,2.4970978567631006
-0.9713365477557141,2.5131002679038117
2.8984271739760343,2.7400631519197454
2.707623208004234,-2.7480200029038646
3.1758154568172303,-1.3244748823081176
-1.0908081292269924,1.177050009685004
0.8156876724014885,0.7222011584216839
1.779033779758672,0.5905841695947548
0.7246020215856552,2.703569656493145
-2.9820240630699306,2.8816856801794684
3.0719521739865057,1.1018410566112966
1.4918332186202108,-0.8328443360429557
0.613358003652221,1.3490910662680184
-0.6470958516780158,-2.6873752095046233
0.8062111310057543,1.1977680769679895
3.1757201323180353,-0.8720165782970872
0.6204996171571128,2.17461803893786
3.259389894143311,1.172141539698736
2.4997169015997054,-0.2628006195929601
-2.9889553177272874,2.7052722599010317
-3.104384275872664,3.5651112671314995
-3.034741955022927,3.1300188374290445
1.2360510159864502,-0.1685682324491916
2.93899186576964,3.037730870217596
-2.7440327450527175,-1.4101734828410164
0.7734838038327728,2.5268091643125357
-2.856888100748616,0.806354863740895
-1.233900858075595,3.092115008677244
3.470705518497337,-0.6124960954832467
-0.6125712130800018,-0.3631729955983918
1.1768173337130114,-2.754853022123118
-1.694754328482476,-2.769062716230088
2.6693871021211,2.7650253613558857
3.140025919024523,-1.4243467271375445
2.17162842971682,2.9604451425159413
-3.262885301769318,-0.7700104178636796
-2.9946431204619928,3.044359302614706
1.14401497098443,-0.9646244420993887
2.075015421671447,0.9732468385146349
-2.9196984174511718,-0.4196267891412132
3.053630325030435,-1.3997280769011964
1.1044326423509698,2.2851161115938683
1.0889615495409537,2.475342813082901
-1.1826041269101601,-3.081595683322205
3.752680200667357,-1.4407371548126202
-0.9605046826283318,-0.37076236626372044
0.8222709349021231,1.0409527075311444
0.6755325446843428,2.7097292016167938
-2.7265331349776867,1.5731710829370742
-0.41190949987374004,-2.360052707892568
2.624216645051672,0.5708801006455361
-3.1885948182412505,1.0430750750573572
2.4166806705706483,0.7836171970766113
-2.5722938201628875,1.4655051273345083
1.5179436847385024,1.024676898480463
-2.6227607985733226,-0.6541598435800517
-1.353169491785976,-1.0334961060958294
0.8266307180359695,2.6453739795317706
3.2985083923497154,2.875847596872152
-2.5598204167938974,2.206644216309679
-0.5926636291541765,-2.568309558856932
3.4182527946176724,-2.9072546817494023
-2.903963131996519,-2.4407921341268666
0.9197841824749637,0.914655322115894
-1.4714644355649367,3.3139364564980336
-0.8726647813640205,-3.1540335679177947
-1.0983421858830817,1.3756555836219815
1.35114373327122,2.939679944334725
-2.6442413953956736,1.5217825018122
-1.4291920791604742,2.5295759052960514
2.262681370934363,1.1634920361795755
0.7602707874221053,0.6055239802740561
-0.42999730491561033,-3.157685813221608
-0.910880099764866,1.034267320499054
2.9640245840008053,2.860375250219949
-1.2758733019138215,1.1666040179772976
-2.5310807216858535,0.8023217055556151
2.7884693222656063,3.788263723990124
3.565116841771835,-0.5288045862960399
0.47559044204325157,1.2273952356360815
-1.1804899579450967,-3.16009888014146
0.8417365369390724,2.324594213796753
3.040644057653531,-0.8379594423605211
-0.9466083784234867,-1.050545503848245
-2.9613837601837334,2.760718419778098
0.13609722788235482,3.2830611364169133
-2.2236514507413387,-0.5568180995311272
-2.709224017686682,-1.0477266082091845
-2.131811614241793,-2.807276742609021
0.687987141358085,2.062293697729186
1.697418449596104,0.6162433196510689
-3.141586661822331,3.3773197680751106
-2.859960605140024,-2.701642186583643
-0.6936238320382636,-0.47653987420912414
-1.0677063612803974,-3.020987496146925
2.785385217244577,0.39448868739823534
-2.527779572718047,-2.0861523279274636
2.0287906002553946,0.48618127439244563
-1.2791132042217281,-2.4019352141895456
0.7013165498492923,-1.6257148018318717
-1.0456069325889894,0.989957611700389
0.6759668344679711,2.418206518892697
-2.8694570382284983,2.651199646296069
-0.9389131214766668,-1.1200800345001285
-1.4063213298697086,2.7435158561898274
-2.6932561798056405,1.6387014628215164
2.4684990262233737,2.3259354608776106
2.2565524324852353,-3.1497524894866644
0.6748472437364561,-1.4534765036130153
1.2735182436369221,-3.0219579564580976
-2.6697269001258612,2.635193740934967
2.481631149646375,2.523214050640064
-0.6098413356993465,0.7142779065416801
-1.0411861613885756,0.16319100926747193
-2.7479577236142867,2.9432759108873876
-1.2260800962552778,3.6805445197354256
2.012989601581013,0.5005007086225474
-2.575723574393945,0.8192845174040971
-0.9158603188183906,1.0702620953030024
3.1290620887024567,-3.1901306989998095
0.37081656382751427,1.0250904279394741
3.3157849182750962,0.8163810379548563
-0.9315757937610509,0.30055027322385836
-2.6276912023651513,-2.503157020337369
-1.2811882113175788,1.3504872384975304
1.208202310326748,-2.8593695697190182
0.5204698126896614,-1.7130049260266889
-0.8360301659448127,-0.7778109365190461
2.728250146469997,-2.7230749328429535
0.4483600495256195,1.147723180787636
-3.434124229468401,3.3580718771573137
-2.8681895289694412,1.372328743301423
0.825228656239761,2.1285146992754505
-3.103496706677947,2.55888460081129
-1.366804288794214,1.2552125246956056
2.5123669061110236,2.5155408545455606
2.4526225391217573,2.443504124295464
-3.0772327077815276,2.538585131167364
-2.4797694383798636,-3.2451042374487593
2.210290759775582,0.6130790001840721
-2.700014799707781,-0.7119225711546096
-2.506467611476742,2.5139163560883477
3.2457269192958322,-2.1683940819309817
1.2672455997227339,1.0621335168398713
-3.2263474630451014,-0.4259907623709575
-1.136052919686576,2.769055754705749
-2.5757203556672437,1.7396853590333483
2.3216295434809986,0.8631584990934187
2.6918095067926306,2.74316911508741
-3.621372386927697,2.296113964537599
0.7489582860797028,2.4725995848015927
2.7168087979548012,0.8338663140358709
1.1522635493601243,2.581133634910948
2.6178954432662604,-3.048219366268733
0.43961303314246164,2.7896622226927654
-3.019359715507959,-3.0655765551822687
3.3599810447960263,2.347386181522706
-1.2581227117835514,-2.1914495768184503
-3.2382251218515234,-0.8985619082833431
-0.6672005344871844,1.7428373317549375
-2.89706449423874,0.7674844380049101
0.9607711803341873,3.45205601350819
-1.2761794510039226,-2.6922726424901007
0.46595903729694804,-2.7374575611134446
2.9755477835953,2.511277626117513
2.6552838684632185,0.4777554721020599
3.2769760940978983,2.526798109577451
2.0522464050816196,0.9712596201737139
3.3859989130262638,-0.9787569818318298
2.8790015405776517,0.8921266643002598
-3.5256700905940104,2.6875813221282447
-2.348448936579514,-0.5665192619467059
0.9395167284137412,0.782663371394509
-0.9986793025350852,2.8213110707763307
-1.2998505153529554,-0.5923883610806322
-2.556138168577487,-2.578052331402857
-0.9891261853128746,1.0944671451864865
1.066736038926721,2.7812411544308717
-3.121832044493163,2.2069974764753613
-2.395470901366497,-0.4430521582922295
0.9367607342831482,2.546739721069493
-1.2179607653617741,-2.306799762412287
0.8401822439260603,-2.7881452600948617
-3.2889182442209415,1.141613340906288
1.6361296904559215,0.4632081066098286
2.8307420465922806,-2.820873895151491
3.748652980776918,1.1993130957253832
-1.4698011513625993,0.4295257840920665
0.7410259966316076,1.1304595028340698
-1.3369682577894406,-2.870868968756606
-2.637381331640616,-0.815072377298371
0.8643670338942707,-2.786690088622695
-3.285569442630702,-3.1824494173197055
3.5115967990159223,-2.744072850806325
0.868701143883864,2.8529745664759325
-2.399151197987132,-2.7543108419503324
2.1823442557661648,2.76088059652266
-3.148707446283163,2.9087719434383366
0.7104356884825088,-0.3644032613860467
3.6198379606711755,-2.193231344686298
-0.9371553638257895,0.8993811719515217
1.391039254598622,1.0843276967842737
0.6551759896436486,-1.2851420128865079
-1.2895697704115945,-0.8472019205132865
2.7173231010357832,-2.850874130523084
0.6418685059884656,0.7747430043581094
0.500006164412594,1.0826318897710263
-0.7822460706688368,-2.5894415692689026
3.5347380234201093,-0.7823214375657207
-2.585390773265,2.6180436610394664
0.5427148542145551,-0.6145601813913936
2.613915697304552,1.323115974871956
2.367488842427203,1.8949638784858132
3.038188867432447,2.9437466407149055
-2.8171058745881377,2.068509575883965
-0.7525985515131561,1.4235626549326241
-3.375464379861223,2.2624283158590033
-2.7140919839256097,2.6991715072793014
3.0396089332523344,0.5778757254293394
-3.072954395671366,1.720037732249884
-2.2852312127225503,-0.7923331271275746
0.7485280998690756,-2.7586416083488503
-2.6714373674947987,-3.302792956370553
0.5898508640444424,1.3598465316280093
-2.5789481268749994,1.407442684421752
2.3091439833665977,-0.8689531630637937
-2.259237558199242,1.1752353136403997
-0.571820922043473,2.826764388382105
-3.2243172880193067,-0.9806131524054065
1.2761374347531143,-1.0345325304320394
2.4981527997893114,-3.0129785906421285
2.8244636599338264,-1.2555024568803534
0.9332176226284774,1.3076875267416919
-2.009425092242801,1.0870890107022093
3.2843091210664555,-1.3048692236794597
-2.1914845712622797,2.681860453780307
3.0961237214824977,-3.1627345485413945
-2.455484871551542,-1.4031090316299533
-2.757353041641769,-2.08652803213592
0.770380781175582,-0.5121825562074763
2.7479996453882887,-3.4674701753540345
-2.13257408911332,2.820975537334484
3.1906214448481496,0.5092258982527645
2.681275609971415,2.0646563210930617
-2.011657940982165,2.9868896388664634
-2.2902370522147546,-3.0171273602242072
2.474914530149467,1.057403787945654
-2.6685329223592027,-2.648712814500931
-0.8040445293638753,-0.8607001420897343
-2.4865495006094176,0.9900464079868028
0.965696879180871,-0.8323860932782732
-2.3695774368202356,-2.8061258582302044
-0.9835110593794802,-0.987921221325361
-1.166851570439185,1.3666335229918951
-2.641091236527453,-3.012919796481881
2.4175617498583555,2.389669300675792
2.3645492424051864,-1.1455463913703663
-0.3298020689829682,-3.1229133800858095
0.8693316738733171,3.1288023590140535
2.851954788346266,-3.363700373103748
-2.9628211128813753,3.0749163896370812
-0.9495437095854954,-0.7233723137523338
0.47989126137765026,-1.1926155940727472
2.8218311658488733,-1.3814404763546497
-1.1701313118971561,-3.089186464733953
-2.384240019114165,-2.515655384659917
-2.3789369058063174,-0.4172890425453204
-3.031468927671486,3.373313488632527
-2.667664437952269,-2.9923814351491327
1.2368278106322814,0.8397174997189163
-2.8296704258646326,2.8107588124327996
1.4252761109737064,-2.779091231442601
2.34110788129219,2.9597350820929145
0.7712150834553458,0.4269798043428618
-0.8242154400710184,2.4490954021750833
0.4721995345787166,1.7409540359575113
0.47072929874406566,2.5703858618039837
2.9930554477824733,0.9993582501630267
-3.113418309181315,2.339738165300209
2.7429305916759357,2.6985779763697626
-3.1941344285875695,2.42860709271882
3.9996523442774645,-2.5639870587675024
2.6623670755455078,-2.9739259497901656
3.459917616958104,1.0820229957625467
-1.4595719418005981,0.6593397890762109
1.1469301976904025,-2.9020789071901922
-1.5948320608789028,1.2295609167918542
1.1097323678887694,-3.547159278191376
2.6738997782466996,1.8685858525228611
1.2150878441027144,-2.9767394313619184
-1.0252043505992068,-2.6441529255163685
-1.2939394203039511,-0.7223521923336568
3.830129048641385,-1.3955820020492538
2.859485325760945,0.5722668137651894
2.511365838148206,-1.364004375270249
-0.8759213801831408,1.0378054092823732
1.3535426546306544,0.900599839124963
-0.8012898796239526,-0.5802738172108708
-1.209467253424371,2.467938875302916
0.9077796123461801,2.3270058516076455
-0.8270167547040033,-2.423515754326561
3.639925824966174,1.7761209584770001
1.527962817945313,-0.5193285304201537
2.5178009599110256,-0.8874011326228425
-2.000528943695974,2.7589321006719096
3.0447484943293617,1.5886407758653258
0.5792281005540948,-2.159331047338891
3.31389872992863,2.5027659950344674
1.1634882503346133,-0.7745717596220529
3.5224818606678934,-0.7006706308791377
1.0032687386827277,-2.85213285118693
0.6812687898975556,0.4769553244023471
1.4851427230687617,2.8005332865831396
-2.826507988974131,3.47048453336348
-2.5587271680099715,-0.20533748340004562
3.151497036047095,-0.776044316593379
-0.5885044433244838,2.54590611787648
1.9878645942103799,2.5545981925541845
-2.4114341743048677,-2.3328011144681966
3.2294606693866688,1.273310383118606
3.649742846345897,-2.605938685071129
-0.5331416851561455,-2.3844842335778926
-1.2487809204153946,1.050307834352566
-3.4261823372680382,0.697220804258112
-2.7896024030734217,-2.230449407006459
-1.0901046985185938,-1.2176405640582868
-2.8166968138429125,2.9315978469899835
-3.1104486824107958,2.5699940988602337
-0.6464002125810646,1.8201572270722526
2.877753817236377,2.495018561004405
0.9247980879868911,1.274057753152374
-1.1288966764887631,0.7169794994254226
-2.385635277408242,3.2955245323888516
-2.327772249926203,-2.2349820526298063
2.7561197554660026,-1.4675755434062472
3.0700406775046845,2.1329365293560434
0.4304753140389047,3.105406673676048
0.9200011948427322,-2.2701048528447316
1.320900579011126,-3.0748930420087253
-3.0472659794390897,2.8593632659331534
-0.6635623169686292,1.5662043340095075
-0.9097143272577424,1.324284874735774
0.914813095609129,2.6610292926833803
0.6268420187718421,-0.28449922601398797
-1.1878611523134583,-1.031884884919067
3.445338837235844,-2.6774566553504378
2.2056950461889318,1.2955197700923278
-2.723887059122211,-2.9541447324446013
3.0950984081107626,-3.3259144453112612
0.8186365757239611,-2.9772552595753865
0.1990977041439597,0.8674347306636212
-1.249547283349111,-1.0884083259560897
-2.7545002605189244,-2.9307757786360003
-2.029065445902439,3.0260369791854154
0.9770907291662031,-3.151361928880556
2.4723735333377745,1.2349770464383911
2.6862373082661857,-3.149616479033431
3.0867705228943554,3.500854979842799
2.6811454555038123,2.5210634365531663
-0.7433020719233621,0.6598032699370572
0.3070031962940047,2.252085577086916
-0.7833251311916336,2.626196840436857
-1.042741465402119,-2.532491811766747
2.9512769398930097,0.12098044717207011
0.5728688370651007,1.422677391580311
-0.9199214894553925,0.39678592632448423
-2.6748490780268193,3.0954997566835165
0.7735644489287347,2.8481621183149555
-2.8805925946087285,1.0219824006223142
-0.3570092071044363,2.6155359433974965
2.4606920448629035,1.0185058617060876
-2.469310023680013,3.001070708705432
1.3348056803347104,-0.7706465952842866
-2.719857529602496,0.5695293970957126
0.5401258494718888,0.9725561233156336
1.0081072967946763,-0.7886830973573635
2.695091811854971,-0.7042948866858693
1.3024438392211288,-2.496820659290671
3.234921847059762,2.962563501633104
2.489835927027456,-0.9963837020369686
2.7671517017973284,3.109852336832694
-0.570001633441707,-2.6025241926514076
-0.23305659673843485,-1.70441725146406
1.8218746353828055,3.142802540488734
-0.7445585297085701,-0.8560829048209195
1.9904442469880559,0.44658125361454165
-3.007015227507934,3.0776715480054615
3.0051389303602933,0.5286614820398989
2.8240276368447383,-1.2996961970923138
-2.872582326412801,-0.7456552035051888
-0.4688292864445048,1.0820613830382162
2.5398841074994354,2.971160907136741
2.695347736841417,3.0826941078732633
0.1857362267140925,0.7307506652044796
-2.438849986812893,-2.5293929116882867
-0.7148515818710334,-3.0445061176759416
3.0992004051802526,-1.1576964507429037
-0.5861586501854718,-3.0149666781445394
3.9725945822312063,-0.8380077452516793
-2.603847280831736,1.5228789523350885
3.5139039827237517,-2.6234351128612183
-0.8126598521517409,2.92565449874677
-0.1369116455804169,0.7852015595777793
0.9929676665847073,0.999859578754325
1.3326324640209029,-2.8902791438382813
0.8066267147655792,0.12226927256977078
3.388814964149968,-2.9988686970694007
3.6772567758103234,-1.2982529702325447
-1.1140976958900928,2.848788402000248
1.049356912261005,1.1990049451113405
2.832540524491733,-0.9757260377994817
0.23146415124524425,2.174792126947371
-0.8673851531464686,1.3692469001238095
-1.4110915458371343,1.0968956446810496
-0.7785537134889527,-0.9192498598001242
2.862265551768278,0.32258866398914765
1.4221349849668905,-3.004469327835763
0.5140868957409945,0.6402075322639094
-2.492354299901872,-0.5464536303879056
-2.7146737224588144,1.7605079517608955
3.003673320754264,-3.8163295797222907
-0.9585658710397722,1.2792322690433025
-0.8988844029032492,2.45204094533403
-3.1009499969574,-0.7552417436242004
1.070895034306624,-1.2217092224785062
-0.3790191898934391,-1.8947787463629229
-2.3751481735701274,3.0600697677583573
2.8831222337277875,0.9602300335422864
-2.7886991566414356,1.1031674615250673
-3.0028958294101984,2.8791308961575957
-0.8669773578985724,-2.28959553140296
0.8897871584109148,0.8333535953260521
-0.392770403272857,-0.8782998527693534
2.244626569639825,-1.40643319891094
-2.5601567126488654,-0.5002277886535798
-2.373553246935339,1.21589929786595
-1.6951168906054528,0.9330014241219136
-2.3903249995155043,-2.5565553077748313
-1.850699337638185,1.4155792570629926
-0.9226554817138276,-2.7568318810866046
-0.9190444235811052,0.5170332941519804
2.8982339101250805,0.9146875320473028
1.3000352830386535,-0.8555391249137057
-1.5583122690666398,2.454157005701822
-1.1296008019116686,2.3604896695274076
-3.3578015560864327,2.6272596279920637
-2.970717461091409,0.9290403925106895
-0.874100814481873,0.71564552663052
0.21871268913472489,1.110704289123595
-2.649619204085809,0.8501977728270143
0.8344202758758555,-0.852497944430984
0.7747359675695219,-0.7356712873067355
2.780464313733303,-3.097991777061887
1.1138126504186858,2.330766481830852
-2.8493124145826196,-0.6617588200492902
2.6598929061538295,-1.5022802870508818
2.2553467684343107,2.579636787973115
-3.074943194792561,-2.706279386254129
2.6415414957875867,0.6301726267541636
2.590014329466618,3.561026970130411
-1.302830883357518,-1.249893721985854
3.083286733853566,0.879677154328804
-1.2433942809610488,2.01415103628174
1.1429009426443661,2.6343737173406163
-1.280501820219521,-2.923988621915782
2.8925320758786754,-0.9065975040281281
-1.2755095133201924,2.9256011023730477
3.0883528147670636,-2.643554143673502
1.8548721135251518,2.289857661631774
0.2972387438273846,-1.177303845072412
-2.6270989134950025,-1.3422041081232363
2.0996301917106504,3.2547179861615736
-3.291501376972026,2.4826244465923906
2.838285250347128,2.5120699845697616
0.7544272917015865,-2.9438776052495443
1.485089960888458,-0.825165862376805
0.8477891285206225,-2.4846540915877724
-1.35652159283684,3.4458842099040834
-1.4703754312901642,-2.852227882103404
2.7407099010298515,-1.8654744775100904
2.950657505275752,-2.6257601751526436
-0.9560946418698348,2.280296671590521
2.8398725470000064,2.9367574053257366
2.857776538547432,-3.3230424100185307
-1.2309787705661872,-0.4235271812740371
0.7371225504024081,1.1860714978141227
-2.9185035011619704,3.3886489269754207
-0.8592206671760226,-2.6810707088512418
0.3224095853537593,0.25071485829873025
-2.508711843328818,1.5465146004282877
-1.9795570240286458,3.1386150440016727
-2.608744426493676,3.504425270550199
3.1346463222885537,-3.408860592207981
-2.4101177271293883,-2.9300463981679195
-2.9769634403694716,2.973201524525268
2.767707816204698,-2.96406968600328
-2.64505611817275,-3.399756382777402
3.1942250430186285,2.5298563549799167
-2.681594139083647,3.0291024290038355
-2.608143735029977,-2.772028345979029
2.2077590937019314,2.9756267328370924
-0.34582067094852037,-0.9562419118782628
-0.573219769001679,2.9446842325566034
1.3477632764118224,-1.052787651931802
-3.1926196910797904,2.6670427615151877
-2.8784260034840403,-2.5037412656668354
2.8887307862674976,2.815421671246161
2.524400087203279,-2.726633946169514
-2.9360566667587187,-1.6463148341323235
1.1162438729430655,2.9735158782466717
2.7108825119940088,2.7016000215666485
2.562434924378152,2.6884731098367083
2.1263064587573086,-0.974618510568095
-0.7774916905110661,1.2996165821364858
-1.4578746801451872,1.0356715383079391
-0.6966715028124396,0.525068419835136
-1.1486648087078584,1.5823319747608435
2.024577619793895,2.6558302169445596
2.4865464181432104,2.7225133628980553
3.047971884769808,-0.9295566532689132
0.6752610355453531,0.8872873498246815
-1.3319778615933924,-0.4724500125993022
-0.7681882271007188,2.3000844129077826
-1.1179207847619117,2.8620447640462165
0.6552283294956854,2.720462507938955
0.38270395284660497,0.7516909719196153
2.9883945309400812,-2.696902811930215
-3.212140540954947,-1.5335669002937908
-2.592850237690622,1.0031042688963987
2.5237361183157168,0.8673113715699067
-2.4702719036632748,-2.6764736309415187
2.2616185817454997,-1.0363563263409559
3.2124160798560113,-2.504643519744136
0.5467179196984405,3.044190535536561
0.6470082046258228,1.2171615795621107
3.1606674268628128,0.6040869173855683
-1.1498477376864948,1.8499954138361725
-0.5161501684216262,-3.1834704989660407
0.3476194194170278,2.558733798805772
2.7404582166234808,-2.479909847530179
1.2485120051366212,-3.343143400527284
-1.111952590914624,-2.6572765584072253
1.1064342223457961,-2.7080531721313843
-2.6590636905227893,3.1258474968611094
-1.082099333539827,1.114336202768737
-2.947451247139132,1.2975802410145314
0.9253495256691812,-0.838144235125554
2.892798990718424,-3.5997541833640683
0.8424723841166535,-2.495105730559673
3.1071559262771267,2.548023338377002
0.7923095314033397,-2.4130149052161816
3.3922979819138868,2.162670994459431
2.1865016231362318,2.8560957078762472
-3.0678877954856976,-0.023352406591869046
1.0166349431421187,2.8746269604418346
1.5202313941441943,-3.073648233915122
-1.3166726672455553,0.8240276991278688
3.436394430215535,-2.984119968013966
-3.225169727296827,3.1617808903853786
1.403258062765017,-0.6699387812748236
-0.9578974481190914,-2.5850615726789212
1.6678408084645189,-1.4622026155962329
2.426680748641186,1.9398095416345673
0.9139753371342326,0.8498556674019999
-3.0306156314594026,-2.5533256119163164
0.6153964759210225,3.0848990572395367
-2.8324903076494934,1.1643706587529459
2.5823273218377754,2.097010543447196
-2.359444504998146,2.5079661960517536
-2.5726971843992104,1.470523145248511
2.5714351759630434,2.744794603758938
-0.8245076207563259,1.24705828353815
1.1743423782467388,-2.413558305917165
1.2491887341518686,-0.651364960342083
3.248904777498663,-3.058959720212116
-0.8606933895421197,-3.206957823563883
1.0165126692496547,-2.855162376600032
-2.926994280347865,-0.493309836946406
0.8803803661396795,2.816336423811209
-3.569796094366032,-2.678551461138833
2.570143150046922,-1.543849884480388
2.930446623892875,-0.8539659342775033
0.9872747890962968,-3.011489072441205
0.3193787387444978,2.9140038761994096
-1.2209493219206031,2.541466089917683
3.457734750700564,-2.871237012490036
0.40572829733562665,1.9318901828296984
0.8048289746844187,0.23068086124695167
-0.9095587020972591,-2.28890711584044
0.7409568277813477,0.42180645923432697
-2.7024458848798742,-0.7759342032565892
-2.74922646459128,-0.8478581780742206
3.0055463329183123,-1.5046242918122716
0.3852372093275464,2.9868670019360155
-3.4007137030983667,2.603112394019235
-2.5049147222221384,-2.924799361808754
0.8252328819051783,0.685304573203893
2.7135247685595045,3.1223274766104683
1.395859494064346,-3.219694443626713
-1.0966965067204308,-1.3189866696967727
-2.088901373569734,-1.0851435749311964
-0.8008265962863318,-3.2127259294362203
2.4076591492744437,-1.5189022732435098
-0.9449585628800609,2.7970976478849896
2.67738576762743,-2.6556931951229523
1.8763636870692342,-0.8256291089286075
-0.5264829465740692,2.619784667082133
-1.6048869787923927,-1.0837632692892412
-2.4319825081380735,-1.2187701899534558
0.7694987648137349,-0.8413543866179836
-2.979856662997907,1.2930644342386755
-0.665537695674153,-1.3683876435927835
-0.9525101426513304,-0.4373434779616045
3.174955640610752,-0.9426266753155522
0.4988506990673843,-3.0039138294402843
-0.47425266190932397,-2.6576527705056363
1.9527331544853772,-3.1627481661929404
-2.9961278750915623,-2.934001188871771
2.830705547069556,0.6889548751919418
-2.501912851076159,-2.7616228464522616
-0.8317389103942714,-0.5842740291470884
-1.2309912950100796,3.5448735163124945
-1.1161058884562185,1.2563321906815033
2.3198232832206624,2.9351105457159568
2.4896779311107675,-0.9808366296089981
-0.8990933118136704,-2.5380710769669332
-2.575719365254126,1.0479135199043423
2.7342488430588605,-3.0278024692993273
-1.0253263517169684,2.3182966212795093
-2.097292557836672,0.5366551293572257
-1.43810742349749,1.2129582937349228
-2.93901343215871,-1.0120527922572837
-0.9494153658277573,3.3786601316244784
0.7848566985531347,1.1975404863446928
2.792945891459792,-3.3432604580056298
2.8968039619266106,0.8227031504141674
1.1742766802214792,1.0855271049105804
0.9128556983805338,2.7138204055682853
1.8187979494622497,-0.7214688745254246
0.9923862078436301,1.2031814557854503
-1.003587301422487,-2.5873133375083643
3.2404137564665416,-3.545966108963824
-0.9527208653668043,-0.48995934874873615
3.3153273795296077,-3.2751631759539452
-1.0397628411190405,0.6954008988460101
-1.21345573543562,-0.9173650718111503
-2.3272448286541048,-0.7806222273184389
-2.4901701124307447,1.39347326467174
-2.633977164436381,-2.928950114060921
1.2051316387608357,-0.6342565031081312
-1.0376722222931765,-3.0768051256268842
-0.6241274442341092,1.3138069882916095
2.6736742326745317,0.7383270949296349
-1.3893183427778624,0.8271396614579113
1.2786088664677953,1.2201147014041351
2.3265359790175864,2.8772718290593207
-3.325720636616029,1.0683106643223907
-0.9526169586337712,-3.1045009764155145
-1.0127071762545374,2.888770726937335
-3.363763740468782,1.483730274888244
-2.6514459493398967,-2.8586790282553682
3.1500487053045325,-3.023940454794571
1.1840824144029278,-3.1164106709736403
-0.26206710037760816,-1.3885244898956022
-0.755794664733776,3.277422409915914
-2.7597183000523806,-3.1173374529474933
2.6319293249099847,0.41173620928723403
-1.1986180171835559,1.245319065576897
3.0542107373264207,-3.8207902601046757
-0.7349452114521435,-1.0034119087286129
-1.0480299002221554,1.1506087097036861
-1.068808279013967,-1.0625848336736416
-0.6395101259913248,1.004402444639316
1.1293950134571202,3.188903924949043
-0.9135938256912435,-1.1250169004388808
2.715003952162685,-0.7845807126936322
-2.698969102928825,-3.041903670083846
0.5484609516502114,2.5370192133189686
0.2733724306185583,1.7359658691507331
1.1024871747549518,-3.185811490390998
-1.4968515225287415,-0.25874585723155813
3.1096886629898086,0.4859497168601933
2.711527477045101,-1.0512835765994077
2.6628956195509392,-1.356465063658565
2.830057541518083,0.707352503849851
-0.3396113399780536,-3.1065650587222664
-3.1863044392440187,1.3872132677028877
-0.8535458638973155,-2.8316776184799477
-2.0899324741694705,2.3251839695430507
2.464356217030239,2.493398398229184
-3.0826021314778647,-0.2053308606112561
-0.9197768254804771,-0.4750974942053485
-0.5636208333779171,0.9103025257287854
-1.2604515721098046,0.6969257221215784
3.492037865315718,-3.2282870034205526
2.4905963554095942,2.892032212750784
3.1094537602443464,-3.0739837322558725
-2.5622488832257875,-2.9564389321603373
-0.9282611744194105,2.3863705747051642
0.5274949859224368,3.0364956711978732
-0.07277118115885624,-3.0497182826303684
1.2383394403892307,-1.2864152998454512
-1.1949173848411767,2.6827279658905545
2.581279640370162,-0.3777656367017073
3.4724041474054523,0.6902097954517894
0.8371373481120093,-1.8395911733651884
0.8471553708513567,0.8765443703760137
0.9940416676477859,-2.702750202485535
-1.3562013474878165,1.9969489126301316
2.9719793772920133,-2.3291537627640158
0.6018040479827432,-3.0507528975965434
3.1084053444563904,2.9703772276251494
-3.142344226956782,1.1419646484195192
-2.960315450059387,-2.188869292823607
-1.000733033617466,-1.0551686399366975
2.3152363079361717,0.6551910942167517
-0.7531868789982418,0.767696363696325
-0.8059594857301834,-3.02178475506461
-3.1995621690931526,-1.4925779092783567
3.100590224635362,2.4233531787969986
2.865289932332779,2.705803017758297
-0.7394074818443901,-1.0984347996926997
2.9250816735878016,-0.8110575762830561
2.2366737242694996,2.799974967144258
-3.037427923270496,-2.582353831614351
-2.5042108763134063,-0.35051610366606345
2.229304810169318,1.6959403403113917
0.7393719903465468,2.5126433638412813
1.4280173491536232,-0.10889966225468688
-1.5302742347471572,-0.017409973804281186
1.368803399614903,3.1542362502558468
0.6077211432273212,-2.2197550070897907
3.057750934515444,-0.6019850952608073
-3.203408155970489,2.578835400649426
2.8970571391233673,-0.9779431350634985
-3.4226726815590713,-2.1842980152624194
-1.507023599222124,0.6359596371603157
2.763068767767975,-1.0087288436900674
-3.1133740297190315,-2.9606485693092615
-3.0678809559880498,-2.001898986670313
-0.6803944470401667,-2.677819121280071
-1.4552382229634493,0.8239534816741114
2.9049119540284303,-2.8687538386481455
0.8466626228194026,3.034830658118959
-2.755491328460885,1.2591149604975442
-0.9625717576848577,2.9162534345466185
-2.3063283987320182,-2.3871691234680408
-0.9866259978740988,-2.7009127075020816
-2.9409474155089255,-0.8263534818590174
0.3466685069082745,-0.575798060480683
-2.6527769326226935,-1.6721877273333863
0.6006876891320978,0.8442141957001802
0.8608017277596507,2.904319293960424
1.5538456781103027,0.6598178541008223
3.1213368714606293,-0.96571544520018
-0.986934248549925,-3.361407333072422
-2.8259520778956517,1.278907203083159
2.158682680175932,0.13098357566119873
0.7332615616087288,-3.0051364313267666
2.0063964102161544,0.7998409152967988
0.7972403279134938,-3.0398567074947103
-1.0867297918631458,-0.5621589015532105
-1.0958780540829662,-3.244227671780606
0.6917850742104299,-0.8757651207154736
-0.6357330314291318,-2.8294580359212147
-0.848677371237347,1.0777049560407974
0.6925937335820935,-3.350394375654491
-2.6860514392570076,2.75098452860548
-2.484936140013356,-2.926962832751477
2.47044497754046,-1.137863172582051
2.6791964529428185,-2.929914057704435
-2.8490956036720987,2.681258688621417
-2.3376010333473127,-1.035704338152368
2.873873801868376,2.2195638902713832
2.25272921849925,-0.6845469136261444
0.7119209760922552,2.6707382777824162
0.6523805719915757,1.0442231045881922
-1.2287009036271945,-3.5960990961315584
0.7145694865351861,-0.18896098292494906
3.1229159536887,1.1498900029980008
3.038114240479281,-2.9006819683869196
-1.6859979183754248,1.148392430688493
-0.8891037454919203,-1.6272746461300718
2.7726089118056407,0.7157225180330126
-0.38448542161563565,0.9493942414719186
3.3451312707317142,-3.158364427972336
-3.142809224144346,0.8619015377161923
0.930660032155131,-1.3089771076500567
-3.1555394222058606,1.1121956537185593
-0.27505107592657807,-2.881076674337513
-1.1648393188126094,3.0817019495011007
3.5043808615455325,-3.1001910000736426
2.4033723692408895,0.886616276954886
3.0681955364252382,1.3870322435779268
-1.601654278466559,2.007807947967573
-0.8247290883319601,-0.3791662333148014
-3.216564173308384,-2.9248399426998652
0.7049710477146639,3.1565008831111427
2.2888491092623573,0.4778139126385752
-1.1557311262390573,-0.6091421496819189
1.1029918146234554,-1.646554482257976
2.8517889903708027,-1.544899481917628
-0.902578483378168,0.9446277859884705
-2.4084668625709327,-0.5527438391132713
-0.31438871686441033,-3.299401262196393
2.2192558429005342,-1.7277258653298668
1.0867677457653004,2.6797370158014884
2.3466215025342874,-0.9833973500896759
0.9385199848094817,1.2398780493320718
0.5499861301798951,-2.6378012602695904
-0.8155823965747168,1.1824887658496337
2.888628012792337,2.153207944123142
-3.2143758056785536,1.3331029566617965
3.1536000594352616,-3.259033054089247
-2.983497550637766,2.435518579106626
2.7689549139138694,-0.9482673202081224
-2.415196568074641,0.8131996093755047
-2.662518810800659,3.0873927794324847
-2.5338964792936016,-2.4869896488880614
3.4457158223274176,2.3153079681482986
1.1532466649764441,2.8371631235900487
-1.10016921656454,3.0912669861946336
2.8066679913355688,1.575214903646307
-3.049139472048736,2.9791990101760537
-0.8999244795704084,2.28542137388378
0.6306059264648931,3.548657259878634
0.9581145293174463,-2.734573313051273
1.292230928928395,-2.5531881119593676
-2.6874510709022714,2.9782035623322742
0.9809834044662133,-2.5647302598100645
2.7841128631834926,2.2749625399551365
3.5482619284744197,-2.5235107995643116
1.0983543211528093,-1.5547043421968831
-3.290933778660637,3.7018004711225654
0.9152368167825555,3.372874316716616
3.058813668979498,0.7830512635459758
-1.3901707876925804,2.63964400943349
-2.7728793200785202,3.2612448862586882
3.1262917364217757,-1.7165147414258741
-2.8002431133033525,0.9459473226859513
-1.7024632509460662,-0.84619065346632
3.2021192516769093,-1.104762979404996
-3.7136458679968043,2.638980640588703
0.7411961108342309,2.5896716734664613
3.0962827294296593,-1.1626944374112334
0.702624186462775,1.6241487184806818
-1.533238550501836,2.807982723552684
-1.6461869176170227,3.0375087690419273
-2.92184631239399,-0.9582693459247463
2.7447333627909494,-0.6905960373527785
-0.8509283852211754,-3.2757321406125377
2.6976499885004084,-1.4794554257268544
-2.748899387539488,-0.6097111104816638
3.213878039995912,-2.041080151411169
-1.1302980175754744,-2.8593047832904035
3.245964455732601,0.8477390354277912
2.682083950168366,1.5898609843405451
3.03849319141623,-2.561795786464559
-3.136107251249639,-0.21632958122808918
1.7975364685691686,1.2762014092157337
2.726342369951239,-2.4499328614213796
-0.9801450533291751,-1.0519841600855566
-1.5250885725915404,1.3907172872479159
1.4791535750029976,2.8531310253585462
2.9361769364498636,2.776151310636697
-2.5629713975251924,-0.4271984053463006
1.066419788824038,-2.502030393290316
-0.4870853772791734,-0.9583528636634825
-0.914348542828476,-0.6291554458060734
3.4574767444094543,2.7087747562845768
-0.8160531826242177,-0.6910404337023112
0.6166399814944014,0.988547040408126
-2.7371858773958104,3.2831849500467283
-2.838955316665655,-0.8841230039857128
-1.1102669881105045,-2.973605492344583
0.7671581598009655,0.6842545523543762
-0.9275672888989047,-0.6943167341560843
2.7598084438544648,0.42436868544905093
-3.0527345970984787,-2.6972944692921996
-2.9455720134389716,-2.907607001762965
2.4689253512107903,1.3348138636895033
-2.714075662480658,-2.7216637748650996
3.051419890731834,-1.0714812973743795
-1.2457502703041308,-2.4493839468326013
-0.5072770555483883,-2.5292765448452466
2.4990185088349044,1.06584050624996
-1.4024398130764613,2.75174538349139
-1.113199247754137,-0.9799530781976715
-2.5537133769011033,2.26636040661901
-2.4971816124355852,2.831840665716468
-1.0393676149095892,-3.0480847906846202
1.13709700429901,-1.1304463471373467
-2.264260489351057,2.4237668905976446
-1.5345632298279541,0.84901596752253
-0.7203528226499756,2.542208375416352
3.31208131219174,-1.1001456042490467
-2.9207437116940596,1.2747815051964027
2.198921808778348,-2.8693823755200687
-0.6638156049457368,1.2051550397025002
-2.369597292062411,-2.326780339787772
-2.8850965628044394,-0.06889545518401771
-2.7723969040124827,2.642750490062939
3.0198048443937315,-0.6093470811453485
-3.1060591250184735,2.4355569619209447
0.8327336546647942,-0.5932249456495171
0.5265002275758134,2.8754644254180706
-0.5151856482458472,-0.5546784045222491
2.8494769216856706,-1.3641645774988764
-1.5771930713003197,2.4650434796959555
-2.83987949249754,1.6768037302792658
-3.09823873640498,-3.2909170063099884
0.507222069751877,3.0532601254718874
-2.7853406707064385,-1.3820558364577367
0.5281551207405213,-0.9243414834051688
1.039452675975627,0.8389877984854942
-2.8799385419234453,-3.4184941902195383
2.5771603487595125,2.7238160579009767
-1.237992281120987,-0.6612807877081179
-2.2842756309284016,-1.18711919081167
-1.250284157117867,1.4831784525638592
-1.0364068548555256,0.9190754290165081
0.4260136046709264,1.2364378007551975
0.7674016115578794,-0.852513187300132
-0.9179096367135862,-1.1402371707408223
-1.2588642686429814,-0.8875812575445823
0.7477731192281035,-3.251849139810844
-1.2154482216512204,-2.3112693419674484
-2.229514941724969,3.687089720918731
-3.0700575867343822,0.1861752677372289
-0.4719901556851658,-3.642450620225054
0.3992252318744283,0.8766526718781232
-2.318022218427871,0.8264231250072595
2.74156108949917,-1.1278794876403917
-2.741410300885413,-1.3303711147428494
-2.6478887546488594,1.2170691061868215
-0.7181732787165899,-1.2333302743739734
0.6639633408204252,2.9872659504065893
0.9348496905199085,-0.7271935654039882
-0.9534950095729834,-2.8860340180766006
0.8144091181149808,-0.8604181495483286
-1.2445364673925594,-2.7358422339621145
-2.4890326872077173,3.400542727067842
0.830010209594807,-0.8583042712471551
0.9536616551517111,-0.8278436688013677
-1.1906904015055364,-2.664084409996437
-1.1580893983726903,3.000889348514319
2.4822079529227485,-2.5919756925959807
3.193808223035468,-1.4093743560813614
1.0109531191232268,1.2341951214218196
-1.4163455774563618,2.2723705950118678
-3.5907624867148122,3.1982390038079465
-0.7642824659589508,-0.8210320750062794
2.5473725317974094,1.126372627976623
-1.0849279598745285,-0.8146401466633201
-0.8957719039135065,-1.248784524485029
0.5030260771766834,2.259406904950909
-2.6462490119321975,-2.485135414352841
-2.3666580236394457,-3.3568176433513757
-0.6698329117895657,1.221364412877428
-3.50990857571869,2.8970565715830006
-1.0552418142392608,1.2017679030810247
-1.2126864897289136,-1.365413798712553
-3.4001738054749224,1.5339593927606023
2.955271222625683,0.7957265258237866
-2.8335395032344866,-0.17711112187923334
-2.578406124177786,-2.8600770461143448
-3.1489313649042256,2.5471801849402715
3.0545607441165363,1.9630787139666952
3.0368815748048643,0.9517204433143364
-3.3827636425280585,3.1204085475522567
2.8469753604753296,-3.069602860750548
1.1760579828946562,-0.8995880970669305
-0.8284133710216365,-1.0501349109986984
-3.432105664619834,2.842048197583941
3.071780426835714,1.0446266205905033
2.6832504732613986,2.135704574097993
3.5654380750515866,-0.5584180353528019
2.684559116614605,-3.0788976198233695
3.3939421555795546,-2.90037749334712
-0.9372693165987637,-0.6359995851064099
-2.7960241983946674,-1.3498177149247597
1.7478200386920102,-1.2370461921356566
0.6053557424046592,-0.40502123581632266
-2.5936995670414085,1.7646976549256899
-2.988847611372808,2.988530852041168
2.3443807779340577,2.579555758070073
-3.1742453639301313,-0.7966063419222912
-2.3609786009929388,1.2018741011193392
-3.1883165910287583,1.6863870149161546
3.2297873704064632,-1.4006375921509597
0.6447030828144551,-1.530629585034818
-1.2583305182710267,-0.7171890047566374
0.8301133853360997,0.7888823026666891
-0.6947905811111088,2.703436948966794
-1.6983872905136526,-0.5535036283365532
1.5531012153105213,-0.5722663128262044
2.4307768493651847,1.8305685204722444
0.684080177451599,2.8708457580852182
-2.8097619208676115,2.4127535335878116
3.1990714604301806,0.7890871352839613
1.3438541396105703,2.818953300921786
2.8571847736922287,-1.0221939019193853
-3.1430649397183816,2.3707752480159225
-0.8670995593409303,2.273974670594991
0.38432131621025845,-2.4540544877738952
1.2709809318036696,0.7473980762099346
-1.2915171181987848,1.2211262010706883
-2.2543825240035735,0.9423160342822469
2.7042523467606046,-3.047577941778766
-2.6197034511391704,0.9635456996770568
3.545458777018604,0.7990719233754771
-0.8729015312861881,-0.9108384509758245
-2.3397847458334855,-2.258722045932363
2.267240719416778,0.5504821113733048
2.870945543591568,-0.6182901277682534
-1.3672801044793492,-1.074820920157041
-3.0278739547054254,3.0242983469254843
2.664344167477711,2.3084638138088267
-0.8419779424188253,3.1397129856665367
2.7752146664541426,1.1258941183671225
1.1911285808468584,-0.2076408867583526
3.2007102374704344,0.37480514295216
0.8192358086165576,1.023792029129004
2.8665132800781343,0.4275993359017524
-0.7991516200410679,2.9386065636147096
-0.7308450254334753,0.9078577244281444
-1.1672917987973372,-0.5594649985532466
3.1771554438661602,-2.3403339269585226
1.0675580553950061,1.4374385825269207
-3.128970352842772,1.44065451575703
-0.8081693536770086,2.963260422531223
3.0932901000891615,1.1500769080996132
0.9221614900663105,0.4704405926005893
3.041965653396009,2.4486974007982236
-0.4343895722314142,2.466899740432515
2.8062070576005493,1.188707862595247
3.0988079626414247,-0.5105565461389729
-1.0382335120803325,-2.5258012676696944
2.741352863729426,0.720136879044992
-3.2754767387557018,2.6243041363961326
-2.933558334261506,0.9996567831912218
-2.8167430213824995,-0.8377300511424438
-2.4264618150660833,2.732306982451501
3.1537933412368147,3.4125332956149834
-2.8416302749231983,0.10219302444991517
-0.638465155448053,2.9995340913797968
2.467152261414887,1.8120756637662176
-0.6478849312973445,-2.8886745036437134
-1.081285972836129,-1.2734279612592678
-2.369115958773453,2.38886461381452
2.723267568444245,1.4763190133660866
-2.71851355516677,-2.422785131765673
-0.6799513578766879,-1.0996626144683097
-1.0798933359610647,-0.7472550361049726
2.3218251586358543,-0.783322726236356
-1.2844207197365074,-2.359683794165952
-0.6566904319653728,0.682721188543753
2.48098256986736,-1.232726701181555
-1.3782914823265275,-2.74039039255123
-0.8260299529066548,1.3274516973447479
-1.3936280732231217,1.059856664095491
0.5051951606451939,2.2863317850199607
2.182181193473343,-1.009436500261825
-2.829368616815427,-2.2480518617935554
0.5717479790661009,-1.119310608372901
-1.1745835114899132,-2.9641230042416
3.152773057438094,2.9917714943041505
2.9918057106614673,-1.270073893985149
0.6757103990098464,2.5597343415449827
-1.1448164444145283,-2.647178742137198
-0.9830067876197938,-1.4426083760320128
0.568103827057114,-2.487170861364851
-1.9416083417271606,0.7931312309456455
-1.216534641264299,1.797494572104288
-2.966216284008055,2.091426484186608
1.2444971636577262,1.101421152729212
0.8720757786508128,0.9871215812274715
-2.4923645390553895,-2.9118477643137592
-2.5114935742239672,-3.3871431313008777
2.4801058573374806,-1.1217077442863466
1.439650859727369,-3.5327111219250873
-1.3828662128224833,1.5004693905884972
-1.3873862326470614,-1.2962832642935542
1.2346480507963253,-0.5356047734917422
3.3661750173003173,-0.9495642000726519
2.689860508576805,0.2535490861243468
-3.413253922385586,1.1726797785180294
-2.8394850866963397,2.2406631612409798
-0.7579257550703448,-0.5779969967144549
-2.9036180179159548,2.3542399860055867
-1.3921383722299308,1.1578231056943704
-3.312624630979239,1.0328292389273388
2.652839403892282,2.81088991112855
2.7026327809851938,0.5573915964769922
2.988886770484614,-0.6693878160128693
2.7258097189028248,-1.5849517581722194
0.5673894231193348,2.462994021217773
-3.8226731221234767,0.7939676332107064
-0.4867412799027927,-0.8024189724007039
2.6157721014703155,-0.44558729911252876
-2.593762651717646,-2.6230454397815817
-2.415452712627783,-2.445326012874936
2.4765035048499495,0.21491784824507526
-1.4403288937754277,1.2278936593226009
3.145032066361368,-1.318030304318391
-2.8475817023021963,0.8880329689330979
-3.033091633223934,2.071418506933549
0.37773919038186327,-0.9775494160431158
1.3478496385891616,-0.8779656231172233
3.259323043331436,2.602763198713329
2.29788497797987,2.5180646452815076
-1.3874699154037,3.1002439058338163
1.0591893898574645,0.3139356207109785
3.5898399410651414,-3.159792346812677
3.1133597687759864,3.083518877584033
-3.5034174274107457,1.1277512093299764
0.92852089780261,-3.719752510845229
0.3037500719342556,2.7480073592152663
0.38497048354199015,0.5234237603574822
-0.7311494705628053,1.0992095359096241
-0.8771202804852831,-0.9713652199482513
0.9060279398799078,2.4200054974647385
-1.398755741165485,2.5180075836294553
3.715336379337714,1.1265798742952646
-1.4193272117787779,1.0297755105568722
-0.7353647225550367,-1.245689106627279
0.7475266548812359,-2.4392406580672312
-2.913820989630754,-0.34273047195381784
-2.2292117451698803,3.440130551210798
2.579585769760184,-1.2099092423278686
-1.2235689613304748,-0.842235451558152
-2.5613706525017155,-0.47494447139328055
-1.9444443615001727,3.014004994449501
-2.941075817834329,-0.8342951767781478
-2.75693394614524,3.420858825978559
-0.9312606362834879,0.8418543763726383
-3.175339665029956,2.129396912967742
-2.7498771620509728,1.571967418037469
-0.8739381635273352,2.616778974378996
-0.6212145069481991,1.4824561376327912
2.6840130932243267,0.9785834271122384
-3.0982769396348075,-2.542251068430686
1.0825469762647535,-3.005821290229064
-2.6437363749713114,-2.5939298907974004
-1.0926138726321164,2.3016637147005494
3.1614214215107292,3.435138308723006
0.9655186981603627,-2.7819786005821014
-1.453966129982489,3.1873899730703545
-2.827472268134089,-2.4068103603163906
-2.82827504647293,-1.1583933408089135
1.0204203836999077,0.5719223269439241
-2.8404425452494713,1.2291559184691168
-1.4246626340985797,-2.5222694439064424
-2.240568140625843,-2.5058235929331008
-1.1809818155497505,-2.9264474540585015
0.6062356101565184,-0.6541711317725106
0.7429056651316973,2.7535187418067704
1.0747345275047149,2.9972745956545674
2.8415350371668913,1.1334293624706866
0.21477934591775932,-0.5723700459410872
0.1524861940595179,2.6524198564360297
-3.5318215161914073,3.0246787244620097
-2.592343626809245,0.3961996058175243
2.534591073596789,-0.9797708698628336
1.2009338579821633,2.9109084129610796
2.794224133037004,-0.3693935296060326
1.1797957918891855,-2.6109595406688237
-1.3690152941272347,-2.8738831223712977
-1.013150257820663,-1.103056013158579
-3.0346154644420786,2.2379678663451954
0.5337795399943782,-2.2187420475847013
2.75793374797562,-1.538882097718984
2.7021654787765423,2.838023132163064
0.5900714458755227,-0.7181394552739081
2.0547638818825416,3.247573978054085
1.7438026433879998,0.5675992070878813
-2.7876871265564906,0.7381591328100399
0.8664193810056399,0.19223852518521295
-2.853455404849002,-0.9619185623481313
2.990750455544411,2.9529112332440843
-2.8503011005037506,-1.2816752025901053
-3.2621505309718826,-0.26508639914437837
-2.7467359316539453,-3.1347259733601445
1.1110868161486436,-0.7597432965219112
-0.6499630510895652,-3.0347990960009605
1.2700080191622385,1.147911337234371
-1.6839460855935016,-2.4801985000670914
-1.1259755371633025,-3.5364000876304917
1.4976292612934368,2.2411326491475565
2.8020747474339625,-1.5306931870725642
-2.7469723571362223,1.6370863623477365
2.8300678755602373,-0.7153049617061494
2.081678191156616,0.9594669473185472
-0.45260400248722304,-1.0189945152477817
0.43315023029465405,3.1027144811923253
-0.4926775831600738,3.008743355477055
2.777135151444567,-1.3369083806676658
-2.868654377619409,2.472685162449228
2.644177824880161,2.2815036291469846
-3.023212164583206,-2.7929567674467
-0.307585930436726,-1.309283660913741
0.21987564981466176,1.0636744388210904
-0.9675078655626049,-0.8651479799281034
2.3698591889361613,-1.0781636543099489
2.664969183321012,-3.564784501220591
2.5786634769889196,2.477695319813619
-2.689793686580086,-0.5532750363754355
-2.461064408964502,-3.147262528127167
-2.6781612993614927,-2.046821519874898
3.3754383445445537,-2.3170089461311663
2.580769633377707,0.915457987290272
2.5592041630882227,-3.1191229826683142
2.5642118992828697,0.6470846086802475
-2.723818852224241,0.5164258486533407
-1.4441794706347817,2.924750796261413
1.551016880897356,-3.1191705922309594
-3.0257201885789953,2.2356526185655428
-1.0417370680836777,1.660475825149945
-1.5069531762749333,0.8838809640776267
1.0569873707613278,-0.7136763953617724
0.7796694938415973,-3.3304805686771353
-0.3294609571713004,-3.1858771417069485
0.7706563512826711,-0.7423552644748793
-0.5332252435180143,3.313847138780204
0.22301711951531525,0.7638862016297591
-2.557132964382094,-3.0028913948327554
1.1618980659781786,0.9350874049034883
0.4734172095072999,2.8209378427368748
2.8856413166965793,-3.0026239185333696
-0.8940805705712963,-0.5929723503345149
2.5754628577062153,-0.7741120904516556
3.1307634367605592,0.5715133923182233
-2.82067078781487,-0.41787049835381723
3.5650503413562693,-2.938631170924896
2.7164955781537015,-1.3107428311414844
0.5032946944729074,2.897839759755342
-3.1368303854718445,-0.15774119585240373
-2.8240758619405013,2.8893917868770815
3.3676492059420093,-1.154880138914275
2.6383674112388027,-0.609690903091703
-0.5701523943948507,-2.5938797686521715
1.257687690636,-0.6433669312952108
1.3336053192721269,-2.972028279502767
1.8116744039022583,-3.4422100317530515
0.9626023684891525,0.9593594622965416
-2.492257972016801,-2.08006280287638
-0.47695533114957095,2.6666294283682426
-0.40104380356826946,-3.10583934365979
3.1089233787465465,-2.790137153787871
3.4064443534767497,0.9770766519781837
2.9522654014908283,2.330354595719176
-1.5525811122352446,3.153830039241098
-2.615333091031236,2.6030368841527225
3.084271837376263,2.275060675320791
-2.9353083604342274,-2.7691655042180607
3.3793493748457446,-2.008845996894212
1.1246885261329411,-0.43649563015897697
1.0976141540139983,2.691592953678448
-2.928305582721412,2.8481321927391594
-0.921515119966915,0.7452567098021775
3.246085517092175,0.20998817712379816
0.9960736022504868,2.898657826353989
1.44265377110658,-0.667162148325064
2.911915689651556,0.3102471041807901
1.4206009938181976,-3.43408070241653
-2.7420205923332177,2.6817309943988525
3.240696251130244,2.272261711353017
3.6034070279593293,-1.04925000134229
0.9544377138695268,-2.5388822390470054
3.8003728776388583,-3.1559165786218184
2.830977490481053,3.243452532111116
0.5218684600474861,-1.1737125773295722
3.396378331019267,2.2130738409686814
-0.748733900205808,1.433878969100996
2.588094039856577,-3.403394000470246
3.1189500191439947,2.8310396730927874
3.2189713521018857,-3.249930644562869
-0.8776508389448703,3.0293994909095723
-2.348630171842002,-2.816352002039316
1.5595696027270902,2.20577699872092
-2.912560915089055,-2.2137652024361523
-0.39002322889001906,2.45809395737043
3.1948596804499205,-0.6182676211536353
0.9224896623712672,0.9608579953819425
1.0056441944298558,-2.6789325382496845
-0.05215156186590263,0.8913398742105049
-1.2008117776637233,2.8459152655925286
-2.6245512063460525,0.9955074814414198
-2.195685989653416,1.1785143177560928
-2.816074955984814,-2.9784269187103276
-0.942694184154288,1.4230217055367453
2.7620357853203625,-0.9211445194417358
-3.070779970876063,-0.30065544217932827
-2.9893923149745523,2.2978358319299104
-1.4391676057969747,2.6344617299544066
-2.4727506250139686,-3.068614590127875
2.522300642132999,-0.67133291417402
2.9411099193903865,1.6589740050071389
0.261407048697747,2.938351539619828
2.4686083005676904,2.8411103487532405
0.9216143436227887,-0.47795749361002765
-2.85450289146445,-2.774941368971559
3.4222344949580084,-1.2337561544573612
3.309045759437091,-0.6237055302363546
1.0121871059475005,3.7975314762525487
3.130939360805386,-0.5133830265670764
2.890396785616355,-0.9213826173439388
-3.2436404761188506,2.671043594457114
-2.6431710438461598,0.24288721004528094
0.3021200386913775,0.4590486234453789
1.0319529934725635,3.1798424049788103
2.728749661181485,1.0018599208221532
-3.156330905659955,1.3811123948557151
0.8072398934696082,-1.002513621276026
0.596720687884248,-1.3266837702829248
-1.0572733036535722,-3.577378243909841
-1.4341766786782026,-0.9519900683996565
-2.399379782074873,-2.0303980241642763
1.0966766886321957,-2.885413655969182
-2.673809814363843,3.090092843418248
-1.5383038339180803,-2.784289188920326
0.5948329621607261,-0.6136126696728333
1.416418614439034,-0.4769985462091441
-3.198818493881981,-0.6803865498316378
-0.4502780785399807,0.7107337094432606
1.139462385618459,2.9966146560473637
-2.897211222529421,-0.43231272512888025
-1.0234664569183844,-0.5651946481203554
-1.184539304345404,1.4776981141947851
-1.1245632999936868,-1.1622458982174138
-2.7913975447141706,-0.8011143517074216
3.082332516516516,-3.7467405844850394
0.7893474225250877,1.4059506703973665
2.4391768242903358,-2.5617041437658505
-2.874715575999656,-3.249368650454418
0.968904133239556,2.8068451162977857
2.2232096631400595,-1.5348582743105856
-0.6451074296733301,-2.7764844537149176
-2.7589805313158275,-0.42117680458632595
0.5614391460580389,2.992162620554443
-2.9841117900308207,2.131625678213853
-0.6590403731448797,-2.183861532614037
0.34890086659049274,2.061563238623715
0.3588137328476577,0.8746415252675942
2.289747956020254,0.6008926886548253
3.1086213557039577,3.468648375933872
-0.47664545666520186,0.6902925054415348
2.3641840141020487,1.134940313558616
-2.54744437919173,2.7444479439516236
-3.3949248169652617,2.346751659286561
-2.8395819278817456,2.821615318993561
2.7544487135805493,2.8745749472216557
-2.98599059467121,2.6368561387771345
1.3257383055162608,2.243195702131833
2.8449541734149264,-3.288070367926452
1.2584252717832178,2.5468278220091927
-3.1239318739890694,3.148166582550163
-2.8332031635577373,3.2648674728581617
3.169864171111643,-3.0926336007258026
-3.0729480673836522,2.5423124462564686
3.1274885726228154,-0.7596606955387136
-0.6871791616953719,-3.1226675005033906
3.4977729293737987,0.6621032370440796
-1.1666709876872927,-2.7028829066515643
4.394948251551031,-3.156952332548883
0.35260310128890077,0.9814708280800963
1.1011136885630213,3.56087689461369
1.0805037026943858,-3.3179765023327503
-0.31923717271536367,-0.5978847937789308
0.9983631492255532,-2.9724178279128175
-3.3988073691166822,2.949412211389133
0.9516839769552795,-2.9963412698224374
-0.9104846625009906,-0.6332461924964521
0.982612028921745,-1.0428631846173195
-2.853258476738773,-3.089331515840071
1.3107011079090458,3.397157284594792
2.1164496815585245,-3.110538541984365
-0.11973241822199299,-0.5835397882201295
-2.837832398309098,-0.6369622756447024
1.2835541308663394,-2.938179035382265
2.1962112020486617,-3.4114889418694445
-2.3839137327608526,1.4715392132241523
-2.726581433533972,-2.4538934334038722
-2.8248577331572076,3.019946117264166
0.912922555722932,-0.7960465051579234
1.2492553980781809,-2.8770700292337743
-1.386503635604286,3.1789766403566744
-0.5646424216586249,0.2581897235707088
-2.9361769594620917,0.8228631964803257
-2.8480804853263764,1.4498673778312363
-2.809646554613224,-2.8765245433864215
-0.9902424669171388,2.952999722513146
3.160283785862551,-2.6895074995909174
1.1378071768656328,0.9106366008530178
2.6375094828373933,-1.036344429078457
-2.5616172685049734,-0.5787709265835975
3.32235685987428,-1.4197728066697304
3.338244629987303,2.8795847221898727
-1.5890727669270324,-0.6938927549508679
2.8247906492031714,0.6046350619544315
-3.045041277297446,-0.544839094657914
0.6646220984104885,1.1479425602654736
-2.501214989584664,-0.059373947032420424
2.3658625483245346,2.5573523688321322
-1.2873894986053271,1.3525499261202578
-0.6054634887903819,-2.5941108737648038
3.08864635566874,-2.533625804865116
-1.8514818151874637,1.760250667814923
-0.7874580571602527,-2.6736878670003343
-3.395465910371193,1.4246714087178896
-1.5765918033046948,1.1524648075642776
-3.016271379786594,-1.0770770907055176
-2.7279363377280905,2.4080670035942657
-1.231975993645736,1.0139029200659933
-2.309773639885351,-2.4391590693131695
-1.1628344350191644,-2.7796248505526133
1.1333810001103353,-3.2437365594902134
-1.2939306597775582,-0.7201626469128735
-0.8658435918054999,0.943126032840866
2.298047766781091,2.7068132236358675
-0.9590283183452781,1.2220569503341399
1.1903988285476683,0.4808148953959383
-1.187509118625545,-1.132297978683426
2.730844803503083,2.7229079339117
2.7291534694664215,-2.645557099440033
0.7554664373583749,0.7110851573441286
3.1828924801554863,1.59479519846958
-1.6729837694469465,0.09896169607181951
2.713741407792796,2.5797973693677956
2.5993227717935428,-2.5088235993853583
-0.4484438374460514,-0.6028583772349246
2.4304163680776782,3.028676581548845
-2.9076937880788205,3.183796758813988
0.44702002046688166,3.28882106703848
-2.295755048043747,-3.2897330315075393
-0.9387937627944193,0.7553149906295695
2.4166605724818075,2.884338085981352
-3.1391601422794118,-0.8414481441980542
-2.922921314255968,-1.221945961741529
0.8539975580872747,1.0516367110502536
0.5884247585499588,-2.9998139619307076
-1.0043054017232043,0.8539101140462044
-0.7769919398577811,-0.8040686666692324
3.1317030767676357,-0.5999574807208646
-2.7551519865991425,-0.2491494731380237
-0.6952363531798205,-3.342264558928127
2.645964981922997,-0.8359313448045294
0.8751839688335445,1.1901309578763886
-2.8156960720202417,-2.2967795450196666
1.2269829875246163,-3.469532425190486
-1.1300721676865801,0.9782806040987483
-1.1088231620585773,3.0109914680905803
0.60623339295758,-2.0635366830656707
-3.2491961692488673,-3.067635222602664
-0.7570129869186312,0.848562069646077
-1.3885399249053003,-0.7474270142033252
1.1295835060996122,2.8494564870363357
-1.4232849812650197,3.0983280543672973
-2.7272180130828407,1.1056966043269933
2.887478202535885,-2.1830946346961606
2.264504541815595,-1.5393051789786234
3.1518540419217604,1.0496548754507162
1.6370958637955046,-3.074095828843246
1.3292368723725003,-0.6582995327070466
-3.0773429821997187,-2.9941702023718624
-1.9324369387299096,-2.330738697707313
2.8171216794303358,-0.7748179873283286
0.8477924007662861,0.9519513779408962
-1.2216257956754302,2.6953926924269545
-3.1026315767531405,-2.8697287665583926
-0.5674829175881683,-3.6552327923377157
1.0533438167747227,0.7775149537779216
-0.8249810725435381,2.936713674148456
2.73649939973429,-3.0213888822084254
-2.7030908463628998,0.5835322148283746
-2.8619734513538253,-0.8589328797056539
-0.9232866291880341,-0.6351066988622907
-3.1919852660103722,3.0372942832355494
-1.3095650694321719,-0.6681080802105602
-0.7712445877830726,-1.4410671954507237
1.451783904588215,-0.7546507665695632
2.0016758625084377,2.2029053407898553
-1.1131459707353017,-2.7053329969010855
-2.4285076501091214,-3.597185951090578
-1.1022287816259102,2.6359621286798665
-1.7186581047736926,3.416374534315627
2.73409620792755,0.9777509780963841
0.3736708309383003,-2.606252034027142
3.482279675029001,-3.066443805138737
0.9410704901423942,-0.7875308702449946
-0.5680078928453757,-3.0918498836348793
-3.5676393403261297,1.2721439672335424
-2.001058792811324,0.8347111551089682
1.653586785335028,2.9381623560077066
-3.395581721103379,1.379564507922913
0.41763992612130946,3.40071787066622
-2.6467819556048364,1.7394580779435675
-1.8946968943761169,-2.6089061905059188
3.032059650654508,-3.2347859827165513
-3.1013967704988357,0.31612197180414225
1.05484607546119,3.0818102397891387
-1.4382092689338646,2.29822975135023
-2.580532418783186,-2.954826606110004
3.482494742293713,-1.0584354280643906
3.132609505778989,0.39284243683249453
0.5883414588435044,-3.1528829723308682
0.7044906630093185,1.4636912300506382
-2.609524371852084,3.286690013777158
-0.5961437752540816,0.6616101901227893
0.19533895486474107,-2.405231751207901
-3.2549993330429117,-2.638085963490597
0.29867437538063313,-0.8326631813475813
0.8580542808660621,-0.9486158554265176
-1.0689588030476393,0.6924488499787558
3.5925669156872955,-2.8726883321606835
0.559232687910229,-1.032994245389298
0.908733579715923,0.8245572179000465
2.8203215180228454,-1.8756113365391898
0.943833347423075,-1.2382184611745284
-1.6071191407100713,2.6329666697251173
-2.605738209688957,3.548690704292285
-0.5701866226411232,-1.0375562544111012
2.1869414168565284,-1.0777139108081824
-2.522753336347413,-0.7954145645054036
-2.9583318179953912,2.2902312922791954
-2.6028115605379103,1.202791111837076
-3.1875405047722443,0.5603016662795827
3.464579210234837,0.6890087054120754
2.3546833863452714,1.0443668939559614
-0.8137527179736594,0.011711817751662548
0.726736559041451,0.9133409809012331
0.15986305366380982,2.6474185983578007
1.0590174903704572,1.2012767080575568
0.5194334322028573,2.430398975589808
-0.8736876678720948,-2.4473225998644104
-3.327259978365828,2.866150099739029
-0.8055310729777329,-0.6588280334016877
-2.534586678952038,-1.3628475946915788
1.2191478549587833,-1.1715406259203942
0.544743080743135,-0.6700245223324361
-1.1920369087837295,0.39840892807124545
1.1474757488298521,2.913546739204623
-2.325818016614317,-0.47002957403107826
0.986760724510719,2.9198588301258646
-2.8556813681027418,1.3990594152118356
-0.19711660809146272,2.4972366891275577
-2.7430327824848777,-2.4462939525863443
3.1720449798699626,-0.9792808953757263
-2.586634121389304,1.0677092101414063
-0.7746252894740339,-2.929380536405242
3.100178289576243,-2.4545639089626596
1.6989235470111432,-2.6505646071514004
-0.976873630574594,0.889443389609889
0.9909187126614932,-0.6858226889534378
-1.0095194101491793,0.44567537627019477
-2.710702406540476,1.655550080556679
-0.2483120379653616,2.598359693264017
-1.8683876371847181,-0.3687378436141996
-2.4628703485102577,-3.3220340670475443
0.27124114680583,1.1461431691666022
-3.602014638745114,0.7923249295761858
-1.0864245694553019,-1.032761294166492
1.3272616866677722,0.6716809862659626
3.0411688940839925,1.1208187604941475
-0.8122456445271896,-2.0731070956381656
2.890252251427858,-2.6343652185224777
2.9068573289063457,3.0058624193094188
2.9537265580568475,2.906890118964369
2.6063981402634453,2.500911037344626
0.6849800502354757,2.787239943345318
-2.516609251773387,-0.5397516186084694
2.405811198602032,-2.7635401486287794
2.725796921002144,-2.779564950192992
0.6258137553500561,2.7070282397933054
-3.1165533133551997,-0.9998494120082992
-3.431235710011827,1.0373503304272929
0.897744350008346,0.4782280657482147
2.48076613741178,-3.0142373201710044
-0.3427884049974158,-2.273767956557588
2.7756516482087163,-2.9011543458279854
1.2053450823237515,-0.9500223356260559
2.68768424516348,-1.1361710880675462
-3.1149122278855503,1.2861721025264685
-2.9402232196402336,-2.8544846958595156
1.1102915962132385,1.2322127852387406
2.9852281054133334,-3.009559695463342
2.8030444838489506,-1.1224516996578915
0.44172179769009634,1.8800350016056246
-2.904693665179592,-3.2850848073713204
-2.6214094506602006,-0.35023503906214587
-1.1398884679546522,0.4945676976355545
-0.9190328984492007,2.537976812117434
2.7171564449776766,-2.816723914509749
-1.2973006093833188,3.0028107816398255
-2.750645842988751,-3.6152346814058967
-3.3885937361859697,1.4387833862315043
2.8853813477934596,-0.659992791506154
-2.8856759536530516,1.0151336315631219
1.0029318145812247,-1.05876721825165
-0.8122330010634309,-1.26322563761332
2.5567177976335116,0.7010819132949844
2.4108825372562803,2.7046123400843847
-0.9184212037410358,1.7381983217689385
-1.0348194374595805,-1.1841860026145528
2.3227369728168554,1.5069505948085422
3.5455078693296005,-3.0007830400896416
1.2488576035525063,-2.509786530272786
2.7942274428132268,2.391520517693174
2.1272668367922045,-3.6576737121424254
-0.11585937756927991,3.202976926231221
2.9301677741044783,-0.1828957877701288
-2.6275716181904234,-0.49187597474110706
-2.64203043758462,1.0936121320093741
-0.5457599707480969,-2.747326879558924
-0.878970904902352,1.1696621003925138
1.4513720318973884,-1.1833193107758149
1.0786549464427606,-3.1547756608760973
1.25756346208117,-2.628881461398261
1.5669624251643504,-1.3290096044902973
-2.966208019590473,0.6652448733241746
-0.4380183185808392,1.4980430087892112
0.5379720641799217,-2.6460323531548804
-2.6558199742527004,1.0879034360239623
2.595057421769958,-0.9707416680293957
3.002550924341127,-0.8685852261829453
0.09247652473076567,-1.6547517949530954
-2.4559839500489415,-1.0593549990890807
-2.897810397375649,2.186971921568832
2.2447293625867726,2.6311926840318915
2.180329183214039,-0.9945866357470221
-1.4224225316381713,1.114640846747406
0.5786329856992624,-1.0216994782110675
0.39210650903740907,-3.1785597821814893
1.0666756292433401,2.592525384402075
-1.0591021713367739,-2.719049759527125
-2.7506857280211814,3.2112391847891897
-1.2566654828700754,-0.6801686553736462
-1.2437221863587726,-2.2734882357364654
0.692049220882678,0.588291578823296
0.9818336295881231,0.9147546507104785
0.3798970294571343,-1.289973847198358
-1.165362786316853,2.4581612082171587
2.4434768354517127,-1.2363013085606804
3.150714816897828,2.061538438575367
0.8249005462326898,2.887712419271849
0.8021196538588451,2.5019531863127806
2.383781162554955,2.4489830427838655
2.946253777415381,-0.1103564534610832
-1.257261925705594,-0.8418182457548002
2.323109188738847,2.889451608580333
3.153577260200314,0.8343070708340045
2.651398962481485,2.2521529100928537
0.7199422923970019,-1.5333183876159264
0.6293419282279801,-1.2070587577024212
2.8079561093910073,0.8339083766205345
-0.8034395726101838,-0.6570878770360733
0.6930811692834435,-0.8833245456181514
3.4299879422418553,-1.4621624914641609
0.8608053122684205,2.735495118602323
-1.2529645321775487,0.9879636925158718
-2.8011813611193976,3.049793327554363
-2.9415848360104913,-2.4273614446526848
-1.1502713825515771,3.116737503850538
-1.0929183246308938,2.5291611236630374
-2.665129140877855,2.8726007784020475
1.5684959714992677,-3.015094568422296
0.9066822883364452,2.638681284215659
-0.8390116225370681,3.2644210185198674
-1.235024698035494,2.4900824084617756
-1.3615422939972053,2.2816868849894996
1.2541566558599087,2.9587310993179
0.6149765028310731,1.9986521762838056
-3.3223100416073517,2.853430721350294
-3.0429889811547457,-0.8336300782050772
-2.932049338817871,1.3400763300718077
-1.015770708992263,-2.173963801478651
-1.7133122992164074,2.2313836489450205
1.0354709154275346,3.1266725007302396
-3.741292541918002,2.346032096440808
3.194506716527987,3.2034821013835546
-2.8922539208828333,-2.6680447123371303
2.92067881441334,-0.39119778278669537
-3.2415404462587674,-0.3992207162883354
-2.932548369249611,3.1982758261286324
-3.0978721931876922,-1.121329365814929
-0.8538232317466024,2.537850520751527
0.24761194085430013,-0.0964421363055311
-1.024265946213744,2.756510803621028
0.6666872834594934,-2.0226566329911475
-2.84403059366271,0.6992297512655945
-3.5462489833322866,2.722634820167772
0.9035757364484232,2.4714202581267073
3.733804481657752,-0.5366403992295821
0.9180993253348849,-2.7039382900385327
1.0891830027212326,1.5106221902513914
1.0468373400295754,1.572976287148173
2.7928354270723768,0.8038467558932251
-3.227520004895038,1.5696835955230537
-0.8904321252316558,1.2583563230826138
-2.81869943927983,1.0441490065114518
3.2846578548985743,0.9935163829649826
-3.06877477232196,-2.4491060330550103
-3.549405544450547,1.2180526050558163
-1.2224960779115572,-2.3883778230465813
1.3728132504914299,3.1076269728411656
3.2513085017775656,-0.5715538163730126
2.518349720523259,-1.3328310094260962
2.933768157510525,-0.6029986903747887
-1.1854404137161403,-2.811005032076578
2.4211222337013205,-2.674112005601579
-1.1623037753847307,-2.395474129866882
-0.8698092845813643,2.9825832895474944
2.713857317359788,-0.7950220228015276
2.272838952564053,-0.8968215407832447
-2.677940077888315,3.3008813451904406
1.4582206880261857,1.5128089050678104
1.0731290520874606,1.214736760743831
3.0729379943795134,-0.9387334072050021
2.787268423634458,2.390798637993022
0.9674672671574284,3.26341255411899
1.178051904900514,-0.4154575841794088
2.798345500849349,-3.0386238593549932
1.1610040895283875,0.9491571083207158
-1.1340808769718493,-2.343512518618547
-1.2141941333514423,1.1851942051592002
2.637051075321877,-3.4111560935061784
0.584720019204026,-0.870510012220275
1.2244097962305907,0.3654121193721551
2.4721236411838,-0.8760771015696323
-2.7718803323335397,1.3791570394932342
-2.5263896971747095,-0.8665460133028904
-1.0481701248051332,2.710842796015257
-1.022723796506709,2.665744725412994
2.737170656600986,-0.32465271997043194
-2.327433330858728,1.3235145855483728
-0.741957905330238,0.575784065264509
-0.8933757140960317,3.470890490014998
-2.310439446149077,-3.256747595780926
1.9677290069614228,2.373490118071945
0.8938812060358522,-0.6451980884807953
-2.906587866871431,1.3465705186350578
-2.3503777392742915,-3.1014406048717738
-2.5749087791561758,0.3176655567915297
1.5429108430783676,-2.1943182528641842
3.377966448816492,-3.6973936825368408
-2.7059315185878003,-2.7870631258465544
-3.088820307789203,0.993121698551699
-2.7422249786462474,-2.7151025990234983
-0.40451624023355687,-0.9370583488206722
-1.2135101300286038,-1.4560345747723502
2.836506951914005,1.0340283310406952
0.7368261802706325,2.740908217634694
-2.625422593273985,-0.5395210991515689
1.355187459786716,1.6316793560517984
2.8705447804108366,-1.412602436325954
-0.5557015175942754,-3.5239855261998443
-1.118973402879771,-2.93320851720219
2.8067207381679933,-2.248069543667945
2.4580490911623807,1.3689714053451467
-2.5333979262879804,2.792701918295984
-2.4552019045055737,3.2053189213586246
1.1444364924078587,-2.2104061557122185
2.5732266387048033,2.5769665597000855
2.9823187922657524,0.22609296499489964
-3.0368294436864187,3.258199358823351
0.6514868699707338,-1.7053458766117204
-0.8810111630919357,2.0722514358109456
1.730708584124854,0.9723240161515395
1.3293427436381469,-3.2467825310994107
-1.137220739056631,2.8396290011121574
-1.2175263254783741,2.298782661249835
-2.4683314912507694,1.447952827788286
2.239504089891955,2.1348155369805406
-2.832547202627954,1.765616734695124
2.674689167367742,-2.632099097054305
-1.0479785917365965,-1.524672627737275
0.539351222364414,3.000609044811192
-0.8718113182005766,-2.9383283155897346
2.168088489595909,2.648392041464103
1.3584430562512493,3.363386820971302
-3.0370099067923926,1.3593714555546568
-1.5224485197462607,-3.225391144988235
0.31074873812829695,3.1210814982949846
0.7737471921543626,-2.6520987252265282
-1.47421120540389,2.109874533333335
-1.0865281305443062,2.8793173745855007
1.5123198109991272,-0.38894624297227737
1.986814489343057,2.3721020517417126
-1.721034028364551,-2.512067124373711
0.663505611056205,0.903026806118926
-0.44125855144248616,-2.3873300535426143
-1.4365695397370097,2.3312318078500525
2.838318194175683,2.572527935374966
3.0847819774110135,-1.2364922256918098
-1.9212293854808598,3.173010572502035
1.3340474457841047,-2.852846604696785
1.181372429927339,0.8499518532170218
0.7981773719570789,0.7461038960800627
-3.41728477394317,0.6730992780361928
-0.8450443228813191,-0.7302535032566188
-2.2200495684120733,-0.3949813003968749
-2.3523424958364014,-0.3274101308322222
-0.037712033263878716,1.9991862117480244
-2.4668448754460552,2.822864842851195
-2.9920550550241547,2.8714342289176105
0.9006675042511642,-0.44034306367571086
-0.9195964237232319,2.4873122662772444
-2.167076224845023,-2.1103635925883335
-1.1211727168128682,-2.8970430602044392
-2.5877222787187675,3.670859227183994
2.647395565455345,-1.0605698769275749
-0.3306700959448894,-0.6499913506540634
0.24500877619127284,-2.9256237790505937
-1.107436391156413,1.1529120174633454
0.5557205512196473,2.968843490396997
2.0265857104374083,-0.4107627311304441
-3.2857334591618543,-1.265120216134169
0.8157849692151015,1.6336896356904944
-3.3808163498814894,0.6710994115065738
-2.280896721057735,-0.4753107570583624
2.7680186843097854,-0.9601596274775192
-3.161763175617932,3.093767715757075
3.4247036755124705,-3.0434783699941206
-3.233267876063745,-2.0897187709413685
-3.054871833839821,-2.3629177005611455
0.384586943697877,3.3661772893654027
1.3096678501372094,0.7273601894239576
1.0621971474217526,-0.6149855979616295
3.318347020199011,-3.024533230158899
2.974646696204333,0.9366610673330096
-2.490995095496433,0.8089923255204723
-0.8820163147303896,1.26332355609223
0.6176802782617838,-3.1293163024728363
3.099654903360166,0.8565928901240022
1.1636099955073411,-0.9134593011339693
-1.284676134175071,-0.873863816889455
3.76446304574949,2.687361791101482
-1.373006776458982,1.4437711360137488
-2.7744925275976993,3.217758673619733
-1.6088443055911714,-0.9702867768520088
-0.4311009859869601,-0.2741263342908956
2.50036848240303,-1.5399745962272127
-0.6292866169846605,-0.5212524234753213
2.790082481711162,1.4285226319122581
3.1359712346248108,-2.696868444864989
1.3209888827250593,-2.9161621193387837
-2.9423525029745115,-2.8946544980707065
-1.5672252702802247,-1.1935424022987269
0.603396415306023,-2.8630135110090498
2.974752396515884,-3.2431088838624067
2.967098310942764,1.015421135672985
0.8535112608934743,-1.6405982129857606
-2.7207645546651453,2.787559288585001
1.50975650726469,-2.8252017928327713
0.912657452316026,-1.0199077419234663
-0.5839453695024991,-0.8656848857739553
2.8822793212452713,-1.2695001315808387
-3.082522260727347,-1.996692949562113
-2.6290974908807745,-3.326507242963346
-1.0874949171781991,3.2627475017826884
-0.8302862354511449,2.7685826796643287
-0.8315415185661802,-2.5280263532362426
-2.6623665119961504,-2.991096468123858
-1.2752223596962757,2.6110565499116283
0.8353334808475591,2.4241879801878916
2.995797055475295,2.010470505337698
1.4783686077192688,-3.143775319860295
0.6016752818332095,-1.2208961312052267
-0.7117150662691344,3.0894098888214265
2.2372201570633963,1.8245377351900858
-2.159444911069713,-2.777049905827348
2.8410871166670737,-0.810536870285816
-1.0901428704433176,-2.918233482449238
-0.47820115484594705,-1.207335870550854
-2.788996574376889,-0.905867619554463
-0.9789359362233615,0.7176811566037801
-2.6924369551263347,1.7588107740541967
-0.4419818180842158,-3.577698117391898
0.3890138037759996,2.5515522144586744
-3.2699905432387464,2.5693290791360295
-1.9082704174204899,-0.614480514055348
-2.0955364643660395,-1.157268732437108
2.7757553770255807,0.901197924725423
-1.2222126753373024,2.6657009489493686
1.3655505536952814,-2.5383588727962416
-3.388419204436294,-3.306577480573751
-0.5952369544016577,-1.217377357083451
-2.6923610752168456,1.7632654630340214
1.1618678824365356,3.0268694564495915
0.5155553082771652,1.4492234686059497
3.3570340025234198,2.1916207280949203
2.9497268190774957,-1.1483312914476609
3.0464398539033852,-1.3363285323913592
2.699024872481466,0.545118136765994
1.1789986992860546,-3.068516187332593
-1.276026416214756,1.52923704905682
0.4040300508448724,-1.0920071434935807
-2.553371803943922,-2.724537438757633
3.0913922787417407,-2.5371153642010147
1.043043116069523,1.0137706492940295
-3.073311319459582,1.1321039696019433
3.1364708030116417,-3.3635711145368465
0.8195341363606432,-1.1628016462534732
0.41303124817833214,2.97341158201176
2.800571317631555,-3.0028413175318867
2.462127576928456,0.541813328121297
0.64945680678993,-1.1245302044449834
0.3135824773439368,-1.487379882018235
-3.0899790040054405,-0.6678395111037586
-2.195611593967515,-2.5613649402966843
1.094616400299838,-2.933189009215992
0.563963798179526,0.7983965987725231
-0.9443505676038548,1.126209783663263
-3.1941637455722636,3.2291530632772707
-3.0133586581603744,-1.1890118174487512
1.5216376169806418,-2.949916766828378
3.138339957051325,0.8607455010956965
0.6524043304515151,-2.8986585471982727
-2.331302414478028,-2.4671930644478612
2.8729837053048923,0.25529072370147105
-0.16699286316070827,1.275831006771416
-1.515668929035926,1.0077882455955025
-2.8246255199038828,-2.6449509304166683
-1.6551239175732826,0.963041747332624
3.8516249548759474,-1.2591887456590418
0.3470686903092698,2.588570374869352
-2.7854269603136452,1.2576906723959969
-1.14671299485573,2.86317520611028
-1.940999381038091,-2.4628495219769024
0.6215303529455289,0.6728959091613258
-2.7696301540444908,-2.155706505324692
0.8515072046159108,-1.3612182958605112
0.304124829180128,2.6458806394936936
-2.7096491238769977,-0.4913192175276592
-2.05590566577322,-2.7172387689304203
0.7393535934236362,-2.233662565334091
-0.8379949231692903,-3.3733589030222495
2.6275852516784353,2.6220142675696927
-0.8477572569691798,-2.3193228211905423
-2.2095095419642146,-2.069060969903924
2.2544377536892246,2.1410001848084668
3.752012259357208,-2.7012385593779094
-1.4898387951267247,2.7052035678328963
-1.4767240359822449,1.0711189454035768
-2.1882449069204006,-2.409776275490478
-0.7358753370592893,-0.7274319869552691
1.2452905021188727,-0.7240488684310089
3.983672942420415,-1.0961321016060517
-2.642421461965272,2.9167987169228353
1.210704301442738,2.4633881029449065
-1.019522927797107,-2.464693116979298
-2.7084847948923976,-0.43219851797282044
2.556452454085331,2.065949914625181
0.9999430833885894,-1.078663478168476
0.9421558382157863,-0.7769756918856655
-0.37161066960329464,-1.6490579542972814
1.146747232431772,0.9111430010769932
-3.1980610573606745,-0.8692089370857875
1.5147528761423799,0.8853661531424356
2.4774051161557886,2.3391068968179503
2.593312764172048,0.9735832868987004
1.077231790361605,-2.683025659613743
1.0667698998562316,0.5629540009694008
2.9552100229482074,-0.9895197160418323
1.180781335372802,2.0210103177942367
-1.4705445895022975,-2.557754620949244
-2.5496845245865876,3.0284086292382875
-2.723716313349626,-2.9263237102275625
2.806698757634147,-2.874203119271338
-1.2427504722052625,-0.8080585373094038
-0.35127390665622055,-1.101126359850815
2.7020068922796017,-2.795256914446335
-2.6740561062434516,-0.6966928414403839
-2.629052694076072,2.944603947237538
0.9873019395564406,2.5201055729557496
2.9157986020157365,2.405590622429472
-3.38236610239777,2.6168726060688807
3.1117769594262334,1.1333113760076743
-3.1035589399531887,0.9709372966539279
-0.7252628470235726,-0.43120772081740855
-2.9720496570571022,2.5030564510271427
1.1673872540048047,-1.2901520034275524
0.6571388389501976,-3.096741327472927
-0.8133204248813126,0.20832179114676538
3.197047618091683,-0.499386179535482
0.7634249775379695,0.5121645798197448
2.851795791049821,-0.24953392170014518
2.458427017247973,-0.530346612054168
-1.4833912629715948,2.8105072462615848
-0.5482759835784876,0.8710377004018148
0.871909919519309,-0.28043470819702926
-1.03664028602934,-2.585774707510666
0.6668981478367699,0.7465639781794623
2.548404058906277,3.002335578314024
2.5922156451779976,3.1276371382944506
-2.1396113092991964,0.8221532503581139
-1.32675201562169,0.8427513906918302
-2.4401538540727206,0.6590941583337891
3.0834722250566413,1.6713378849869376
-0.9900520274117642,2.7830413090222437
1.445355137426563,-2.2399968753638926
2.5641241255300624,2.607532437455635
0.7184884477772951,-2.1296337267576977
1.0067569041547288,-1.4390053844415502
-1.3088221439175127,-2.6108570985646624
0.7205242400601795,0.5622219949965582
1.791958580468474,3.3157689577621112
-2.564466282367071,-0.37860213668189613
0.6329624599534425,-2.812271041896718
-3.0154331345211154,-1.4022622995672318
1.1588856890813293,-2.3527477326979187
-1.39781540358061,1.0331443484932732
-2.506144138056607,-0.7908466387547812
-0.7985925862032146,1.0841871806769818
2.98317303828162,2.272733730783735
2.904531053475742,3.4484161231412163
3.2106754883708577,0.7715087773036456
-0.18109915681835853,-0.5004687613122004
-1.021888467030403,-0.29495938860134346
-1.2107178815423851,-0.37645918188218236
-2.9391304835476153,-2.4609904211986917
0.1800931193894478,2.948365287182009
-2.9218480574067476,-0.4408526018824818
2.702546324286257,-3.4974611253284142
0.8235721501088196,1.1175836946470346
2.9266147795562483,2.959406528318289
-3.1450537885577585,-0.46629856392353797
3.140562475981944,3.0646528794816965
-0.6321292715988361,-0.5770103846765134
2.2518283557814023,2.3396823090791963
2.730478484858856,-3.1345616487929093
-3.1154689689056996,-3.54318732113983
0.5401981092971869,1.0954685632925352
-2.3417825626565163,-3.1338521069186274
3.036356817810881,-1.043290664274226
-3.1905429600874613,2.9550391830833993
-2.031051270640959,1.4545561781334984
2.4902022325477637,2.0971000281357637
-2.887971306155266,-0.6798429336593099
-0.7230163726377647,1.1445123133098394
-0.7808161354952715,-3.0736562038868547
3.188555063021628,0.9208131373691929
-1.5647311509528712,1.2340525379817477
-0.303927276487682,-2.1697170238445183
0.7355188799665848,0.5690709434379556
-0.976134563770339,2.9604177010834505
0.15946747387727345,0.9930870266107201
1.3112238448520843,-0.5821096797696322
0.47846103785150795,-3.076264242111851
-0.36608301201906673,-2.638475604761912
2.388523401778988,3.312357287723872
2.2713936297191086,2.739385041731038
-3.5477047406092033,3.1184341756992033
0.3558755189629802,3.000279505449953
-2.5344774195013935,-2.5571713701025502
-2.4523794717753593,0.2832471987615305
-1.0898303912381309,3.1908825734865855
0.8448641022863386,1.2571994749262785
2.53075397724987,2.6468672378270193
2.9609623568217915,0.5572286696506445
0.5088986888311477,3.4715437779691998
-0.36728249131450835,-0.43975151988968103
-2.975213247787155,-2.930713899379051
-2.774787567577007,0.9867945628146861
2.7351170940312017,-1.4868927387151172
-2.8180217143556368,0.8450983652822726
-1.0057696579404023,2.8277129576049584
-2.4962466994077444,-0.7656294169404058
0.7432042315100841,-1.0559972456563025
1.0584715712146173,-0.20679475339330142
2.9686831186595164,-1.3866314669226998
2.181738124399946,1.1360154959047573
-2.801822013858629,-2.8151050404189446
-0.7728376966734598,-2.6244241533664283
-1.195927592474807,-0.7546823414626159
3.276734339426383,-1.4889319525195885
-0.8166066536033216,-2.425168794299915
0.7426395148105475,-1.6718328661625883
-1.3369246408552098,0.7558993974610171
-3.030884697323887,-1.0749940200389807
3.3723238699541027,-1.8318153128313008
2.8251191634131447,-2.8533156530378525
-0.5690977517459911,-3.022238819205626
2.220411983355002,-2.728260191541066
1.3367592046097099,-2.6419805590567296
-2.8801138997167244,1.695860726699121
-3.1066110482026548,2.9857689876418143
0.23833076017446395,2.3121795297398684
2.7036984334539778,2.843297721473014
-1.5259245359064924,-2.6673840160851703
-0.8378666172296544,-2.0582124865961053
-2.2004743954410952,-2.4547443795149038
-1.0467590770083497,-2.3199394613186866
0.6621351351164599,2.2995363234473056
1.0730942312412086,0.8765639086883537
-2.798639517531551,2.7186469923198593
-2.527980622808557,-0.7960547772053852
1.319487943392229,-2.895605126367678
1.1557872157932028,-2.700592301737819
3.7989767286776295,-1.1668483767887408
-1.6602329321045364,0.49515259872946615
-3.053137451607331,2.8573323481964867
-2.7059358092162893,-0.5012005991911733
-2.62000899206311,-1.0748288433982967
-2.893289769480017,1.0521544152912057
3.183579974696765,-0.6400233867757182
-2.291727033957384,-0.9832128080697903
2.7738704628907125,2.3930214158301975
-1.2885473997553227,2.804603279990066
0.8146570323016553,-2.371634529660156
2.7282679724324987,-3.022470547960862
1.128025984508905,-0.6138469309206346
3.3667479532525233,-0.9805702069937747
3.0515621951645704,-1.5083905970182752
0.8532248324796152,2.5617718973548516
-2.5746512597567484,0.9564875553712582
-1.4740941016767735,-0.545475717160293
-2.63599800809832,-0.37019783287555896
0.15894764749563342,1.4624889887038575
-0.6482349497357851,-1.045899592697824
-0.7833964889821996,-0.5808465578165382
-0.7753902506550476,0.968458131226856
-0.7794059862905862,2.628409725457685
0.8909155635283259,-1.3978254137526962
0.8461004341551167,0.8774333211901403
-1.3584252385024533,-0.8439852311554705
-0.7420269954309159,-3.3018851752006766
0.8643628040667576,3.389515178638035
0.9168172293298169,-2.7290706154807207
-0.886038387271314,-1.2330246373321034
-1.1610193339735144,-3.1305511256494736
0.9386711197729821,-3.113194213547902
3.168819163891456,-2.6422280562477045
-2.755069449355821,-1.2739639036298358
0.940742439445936,1.2969723173693488
-0.6821257320279623,-0.8429653373462153
0.9194065685388056,2.9199262183310726
-2.7539825912568583,0.905717510749776
2.9317041227885965,-1.2663316596799825
2.8828163859138236,-3.032377272899341
1.0821403898088076,2.567832780398822
-0.5532444030234301,-2.923116381758514
2.6909014972553766,-0.8915967678838117
3.4820314179911214,-1.223210540087577
2.7241233977130963,2.4355613822775473
2.6444897185016627,0.12465463907944689
0.9445537791215064,-1.20125391817265
3.197647758267417,3.1540512251162798
3.261844140032104,-1.590321809540488
2.891727715179962,-1.0195024368501402
-2.7006016519671396,-2.99928185702241
-0.4287548334474285,-3.0533614095113686
2.2580389576024325,-1.4297373105063527
0.9696264555953564,-1.3916118939244095
-2.6642650710260707,1.4969824952163013
-0.6537937152957773,2.667577742428091
-0.6452055444961505,1.0900947695289043
-0.7669215610439487,0.48461661414406904
-0.6282855347036879,0.867217605316224
0.815723795300314,1.1922386398777092
0.8186376191375614,-3.127322888837676
2.631450163539683,2.9991119401118973
1.058806993410314,-0.8828700932796072
-0.8278046936989963,-0.7889128577422994
2.406252139070037,2.9402565541293915
2.278078017540007,2.566247467085765
0.829977441790573,-2.566037210759964
-3.2328914699619173,3.1845076219250665
2.911246061342218,0.8149221634868481
-1.0713433683249864,0.6726971468041361
-2.9897827882647436,1.8244045730267238
1.178509986914429,-1.0002844309221193
-2.2812624528128227,-0.8590950522968099
2.9211359309833194,-2.8861336629092293
-2.3638369836824773,1.26725497489462
-0.12227701725774416,-2.4723117150293383
3.1997185203983545,1.1083682506361165
-0.36247775185312514,-2.7546131303501853
-2.4117248257013406,-0.5937938458010125
1.4953143797615305,-2.7366243486008752
-0.6660244462651496,-2.987159289926339
-3.455153398390171,3.2215032902127736
-1.8140839432420026,-0.7182906029363266
1.2092987875385155,-0.8479768893605502
-1.9620277489793179,-2.268995510205853
1.336722059614,-1.5803151702279574
-2.542303721332725,1.1869387623204517
0.7300275151469536,1.2270805602408168
2.7729903800684905,-0.44786905467388144
2.62943644315827,1.9799433441503655
-1.6975542846146292,1.7955569730360128
3.2083829313874612,-2.896636038560231
2.6102387270530234,2.7672703653367106
2.709209368738246,0.7575981530667264
1.0106166033973658,1.1446867299841175
-1.7759418459409042,-3.1514673612378803
0.7377537984355897,-1.0614685546397915
-2.5728142260370097,-1.437659410412779
2.769601240040998,1.2170982624162539
1.1441378718053437,-2.6291512166394404
-2.5390818887935307,0.22837397278685964
0.35189582717431994,1.7720957674027815
-2.805917659668593,0.9172256497010716
-1.2826135473904583,1.7812093553991406
2.9809611811807293,-3.2359859778451017
3.0155128750983153,-2.800617768335695
-2.9374067264491415,1.3330428109605703
2.897761585624967,-0.02192456587377124
2.241571295169437,2.672162818804962
-2.6749559827700193,2.524174343461561
-3.0636015535817807,3.8149517504786803
3.193155846601165,0.24531965431861127
-0.9481283174954166,2.9822551534763027
-2.6600781174443315,-2.762734646530029
3.1605940602497338,-0.9074102358661256
0.7539002709313167,-2.4224748081539182
2.75372653184009,-3.512838358365392
-0.44415468210759534,-0.9049792227485939
1.0635039842323046,-2.6434784846101094
2.6445455574292533,2.5759648199652214
-0.5957518417036578,-0.2952112504582294
-1.2088093909946818,-0.4336676386639183
-0.5552938204612419,0.9044557475101996
2.2654461014499017,2.0543315212864814
2.463204423765353,-2.32971542102169
2.338892837306811,-3.000297034839704
1.4000633936572833,-1.025718803821404
2.1747035192316417,2.03006255276853
3.1881535654620277,-2.963575549437998
-2.8524779118874406,-2.418115273144816
-0.8754730201816661,1.0931086055947736
-0.31880912356741753,1.2875879390054585
-3.4372161587321584,3.075796855996377
3.439380284517252,-2.744370110771951
-1.641251109248969,-2.872434868774073
3.552687037769262,3.4652231561843183
1.1815594437433616,-1.144095934741816
-1.8896790642593069,-2.842705686020142
-3.2049359716328323,2.706371333877311
3.2950446381764293,1.0517900100369648
-0.7890086679343196,1.1012336595414667
2.5856000996043607,2.9218835681263244
2.7829228937104555,2.4665807415341336
-0.8036433753858355,-0.672944235603298
-2.676526727482687,-1.1313200595368742
-2.990867154378621,2.938638243090534
1.2338435803306398,0.5862483771178362
0.7456905283232242,-0.4301947277827115
-2.8500301220109483,2.0556423654932505
3.792786051962254,1.2573347234967134
0.5043542770670539,0.6274022133596009
-3.277028439041731,0.8949357764964416
-2.3073774217518745,0.695876037768847
2.335209677690183,2.6098252437132374
-2.2751954176494267,2.991878576832215
-0.674184750971543,-2.3355585139695534
-1.4366270984031264,0.7885495346041035
0.8377636907549604,1.1342901063889876
0.47007595501813554,2.532476781141705
-0.8051028836566926,2.910551585737805
1.257944651307741,1.264855305347491
0.4042671847653543,2.4566796560599418
-0.6456100952409811,2.196213304314237
2.82167873101627,-2.4740681395496646
-0.870038346928882,2.798511697119819
0.8208923809259144,-2.6125640713936082
0.5000635435752884,1.8990888903990575
-2.5406602074887616,-2.769910553983865
-1.266669418122753,-3.251308671575922
-1.1923604125660492,-2.2991718885487806
0.6050471356123424,0.6839844335999407
-0.852819805272983,1.2924273575152647
2.238815408750548,-1.4609214460865771
-1.1666774286792692,3.1131857833800565
1.4065486500736715,-0.6471749589768991
2.8419262127107263,2.781985096680527
-2.872866980334098,1.30360551357271
-0.8959306048084527,-0.5300222973820069
-1.0321873060496558,-2.589483646643515
2.5478798722368308,0.5341292598104814
0.9523712660681306,-0.5136266709959735
-1.186881865256651,2.38407237600803
-1.2428802535817984,3.332901378404427
-0.9767725624615733,-2.3423669863148806
2.418736996496547,-1.2948847805559935
-3.4425920378164085,-2.315444831723988
3.252516827409064,0.45133359006949086
2.8777224297698627,3.0909968212655463
-0.4734691755672908,-0.9616981040556833
-1.0421441049005498,-3.0842859941532503
2.677107634783429,-2.6690586992350744
0.759337650734306,2.7492044583935606
-0.6384193121849162,-0.9368954822634601
2.4413174970620757,-0.9377160977155333
0.7342528038439682,2.940457499085791
2.5903868586946124,-3.759442848935454
0.7798794873728927,1.106892535305297
2.6552903323529575,0.5850794413910007
2.72167575750392,1.2664247952760919
1.1748847971833027,-3.2183422166644666
-3.1085694411358706,1.6145784864006283
-2.5203156024245414,0.799125962667123
2.854675669018371,-0.8140154802309979
1.4416515632795444,-3.3596037761472877
3.215488116474504,-1.0205906656533092
1.7389926658474981,-2.9805737444666716
2.9742794441835203,0.7265470595207456
0.40039218361719237,1.740463672213683
-3.1904543702242636,0.7300556936758048
0.7486968528931425,1.4932477474216415
0.7874789959029536,-2.5835286373911575
-0.6653482372287159,-3.0285189022997363
-2.6435685614522395,0.8499514541332392
3.1387973156428637,2.255341683472076
2.5721013707698783,2.917356116382428
1.092821524553935,-3.079633071110586
-3.3272863339869536,3.124265636441377
-2.384363279479586,-2.998271852467954
-0.8936107100610012,-0.3609364715351044
-0.616562418854556,1.750906194968332
3.1296503006414658,0.8594891858011436
-1.2791846274097072,3.2311933153472183
-2.7155421270621383,1.295572964558711
0.8005832921337165,-2.702431697081529
-2.4557415117244905,-1.4979054501902822
3.0338355057521693,-3.122393948087001
0.43118271808659175,0.7963455958177997
2.6604821434375725,-2.587726005650427
-2.9498520465381586,-0.9638670356306168
1.4069036351609958,-2.5000688858419777
-3.0545995368066037,2.5479743973175792
0.7561068108981123,0.7769512445256185
0.7358687892220163,-3.2216772342224633
0.509025581695972,0.4568929535241026
3.1801631600728824,0.5590147285240918
1.4122436558949303,-3.5084666276851375
-0.6510440129871548,-2.416023610546651
-2.854329854833341,0.5600092452581894
1.2400653242680875,-2.6084441604513717
3.2420895785437156,1.4170133585080757
0.25511399493362846,1.2804876879927227
-2.836590348084414,-2.719147364627277
-0.7141525439271054,-0.8143449965686463
2.9944736847090425,-3.842207970133789
-2.6698473678297776,1.773599325867176
0.526188766256165,-1.8033552504973889
1.070062310684525,-0.6983425356165033
-3.0790408344487115,2.641212430227598
0.9719210114703061,3.163581514152549
1.6729843373872746,-2.36563812695418
3.038463674213768,-1.2065135548530015
-0.6171587352983459,-1.1959940596175729
-1.0771916959658985,-3.039094595016514
0.8259250867345728,3.0519530515210107
-1.4562243995706967,-0.9734320821376683
-0.03207716529370237,1.37172378997416
2.738336051242624,-3.0841863811048236
-1.025625969818637,-0.5933754482463551
-1.7656843727098253,0.8322680957563399
-2.809675838132202,0.8666023433347764
2.700847710375983,-1.0946456780009584
2.511722116055331,0.5836067444163844
-2.818077272408525,0.9480545076481062
3.4785158629227353,-1.1189142535563656
-0.7247828415524465,-0.641060633536643
2.8511106894977334,-2.6328728854742622
3.2417427556707774,-1.4822637490674728
-2.7155410764454566,-0.714837865601776
0.6576915182128394,-1.3117815067569036
3.106526515488448,0.8148963244763184
-3.0003702805674712,-3.2159185284865823
3.359318526223269,-1.5514807179136196
2.9425733985810383,3.025664390886822
0.6330346523045842,1.023242592821928
-0.1883834679934195,-2.8478273844370516
0.4719110306898824,0.6904490782982403
-1.1042909755285915,3.018525688597859
-1.1785761205712904,-3.065043150689713
-0.9954143871441802,2.3776627371616343
-2.967939957732548,0.8990713625120125
2.919307559863324,0.5370614957374616
-2.5685247603414383,-2.5203331117918757
-0.3598779515209253,2.040499226354519
3.2342426188185844,-0.38708273228379547
-0.611780030445972,-3.547921204784468
2.66334541097611,-0.698701227427776
3.4767960220038456,2.3700092621322826
1.2918212956038497,3.3492474620720345
1.111716567808166,-3.2353722112363723
3.0762308083217285,1.3545076341998308
0.4867201798022625,2.3979477140098937
2.705216967047701,2.902199821206133
3.4021574737728657,2.9383486741592617
-3.295250425811689,2.0524984881942525
3.4096538620043084,0.8645745481826692
-0.9198941901761413,1.6013430911833082
-2.3402247532609937,1.199570200026592
3.0103813561423607,0.448849853194564
3.4788961170574164,-1.3705502959667915
2.792401682008287,-2.584097010597227
-0.9346446320517022,-2.580009579077204
3.49731644894354,2.6020724554688837
-0.38640519060011386,1.010009578976773
-2.720014026378658,-2.8455075173148354
1.2177489039279088,-3.1706015328452857
2.52559077877527,-2.6217339388149505
1.6613274004227825,1.1350885671470672
-0.7961396843764016,3.0980210834381143
1.3241262711588,2.5392589842489337
2.71783240359923,1.1032481922541884
-0.3767823031796863,1.6720393970680756
-0.0172761844741919,0.7689059733703651
-0.5288635160098394,-1.0945855198390277
3.1443777863813485,2.3552346741820327
2.755355438047414,0.9596595259179433
-0.07173846241512356,-2.1172391672710407
2.664824914716174,0.5302342102404124
-3.6283552097394876,1.2341327405430453
-0.44295349780619375,1.5074072190581922
0.8805531396199338,-3.096604032219366
-2.4487142096270085,-0.5141668770071316
-2.259559804920699,-2.7195028121636926
2.6483256864255535,-0.1840254791266673
1.1201911549832275,-2.9097455011955278
2.87658904196103,2.8908960733233835
-1.2294591012665448,1.33683321536783
1.417922784079685,-2.7379989110955125
-1.1086286820428326,-0.9088559832692165
-0.58953917364073,0.6261605245178185
-1.3039234259099401,-1.9792160927643747
-0.9736202021188124,-1.2823871155425537
-2.8581819851395314,3.6030122363522628
3.0640001819169433,-3.1146546037943836
-0.0037130502075772205,3.5960504940952314
-0.4773465628133536,-1.584002963249179
0.4045477607088513,1.4146323522303987
-0.783216387866777,-2.2492173604060506
2.914530407733176,-1.7698926710161333
-2.262890071959396,-3.136169800221448
-2.774261179536936,-2.727578484807095
-2.3103731920816486,-1.2709798742048792
-2.302649861437124,2.835619920154333
2.1418530904421558,1.319523476871745
-1.8108797104113012,-3.139463957536687
2.535975681751542,1.0341999075594988
-2.84520943443005,-1.308127627375126
2.702955941971631,-3.2393014350019045
-2.815128444048389,3.303757908572948
-2.8630148531799096,-2.7623222566254513
-1.0327431912502905,-1.1129188401818373
3.1222559243154366,-2.7638307547272
-3.785574580670561,3.0102076128294195
2.8261810877325297,2.5261159932018526
-3.203234876199072,1.4098981336193348
-0.576795719154467,1.139384640653764
-2.424236945086408,0.5261239222654892
-2.1593622170115174,-1.6617609783962421
1.5360551592609686,-0.7111626127172068
1.302453832765473,-0.843349280285677
-0.818058678842772,-1.1643202848414007
3.497004924822825,0.7764774389683959
-0.8197822310091504,-0.8185555964878178
0.9515731440243306,0.5420138916549788
0.8107196469830285,1.10812714777245
2.3814411828669315,-0.8911663300984678
-2.961141083956833,-0.23401163149842782
0.9727875749868852,-3.039235615360498
-3.2655939136959846,-0.5622855612382814
2.8438000694927035,2.228295268376773
-3.119291018429901,-0.560794133241974
-2.3342334168129844,1.0593130978981442
1.4333174494199963,-2.652224462911784
1.1606015042803353,2.328919605294252
-3.398757257851836,1.6630714829961655
0.9050627931418594,-1.5447811186049372
-2.399972940865498,-2.2040688237290635
2.9076563975387018,0.2797383732911524
-1.0816470697487541,2.7451337762682964
-3.1542297601272606,-0.8091530474812282
-3.236838402897697,-0.3260489992566395
-2.4575064673424696,-2.3027650178481682
-2.4436959188947696,-2.865559858736369
0.7843003558089756,-3.0197372813314187
-3.0524326144091987,-2.6194086393712097
2.8097734745386806,-2.0311710317227725
2.607698205298993,2.345048689372669
1.2417603318765826,0.6842463337259594
-0.9997121735715159,-1.1009740614381769
3.3447581465743603,-1.0209358994988817
-3.163547335154011,2.151607551067859
-3.4541987035810195,2.782783659436281
-2.63055936150642,-0.34795327683034405
-2.7268183913667827,2.487395117328179
-3.549605223356142,-0.7800005225941489
-0.5339163442043668,-1.0114508063104761
3.6577959585860866,-0.8176219389033925
3.1564202143249735,-1.65693941626392
-2.789773166343169,0.8481557487118155
-1.5907303907312949,1.3620764874990676
3.3672023771499653,-0.9109412069082576
0.8198492732229524,-2.741273032504357
2.8145224327754197,0.6857842159042565
2.930816291670332,-2.520585697568346
-2.589974550818462,2.5910525074700814
2.7986932592472016,2.797384164503573
1.329690519791618,-1.0103483764417787
0.6687150524296716,2.2694931311928555
2.9822232572669627,-1.252194607443722
3.823044085513007,-0.9971581478265217
3.0177069781556263,-2.8053500330248404
-0.8515474070311817,-2.555524242489401
-1.4519175071337647,2.3607280842394824
3.0236243691070355,-0.8703248529051538
-0.4823728473783156,-0.776568474598019
-2.899912760636131,2.662845127875547
2.6799604412104716,0.7249076854360416
-2.9968125414087727,1.3766378842909597
-1.3767694883777397,0.7238390136511743
3.2112430925757685,-2.4897508731324334
-1.2073666019674978,-0.4368528016229098
2.8269698247392765,2.559374367931446
-0.2397312003101242,-0.4481251746152765
-1.1889425167373937,0.9586526326642233
-3.318118489996977,2.1956769031940797
0.7077778569093829,2.5792758323484946
-1.2221309262592361,0.8386030746018096
2.675816616038442,-3.135882726601873
-3.209960362414252,-0.8065149213050548
-1.1120495169685398,-2.3547401383839044
0.980593433293065,-2.317372730800167
-2.6075253183520797,-2.1369597800599123
-1.536792996037367,-2.7647016900658197
-1.2347401052520037,-0.6051777811525394
-1.185687516479699,-1.0260257128782053
-0.8093333567052624,3.4299357052589423
1.3037431203552812,-3.200035893202607
1.2204826446280153,0.6983530724023584
3.135755323543015,-0.8222230684821741
0.8925518122831114,0.43066864468775823
-0.6809669187845506,1.563059854367429
3.1595585564857096,-2.9880774556073866
-1.163050031851258,-1.8603947273562083
1.2480982309826976,-0.15808439780602532
-1.244976063925389,2.964439308484668
0.7995736348505943,2.891358597172955
2.461622863970819,-2.606654366351631
-1.241709473363374,-0.8950355480586847
1.5208190136697184,3.54472696114
2.5982119158466257,-2.333087949449136
3.293643192879394,-1.402353033422364
1.1950551933282434,-1.0014019102857545
-1.3706962022449163,0.5632662102096638
1.0862261762611514,3.2767156607433203
-2.2387437533928636,-2.6906457665807104
0.9996000269464043,2.2326064584992547
2.720904634403222,3.1793458596957804
-0.621267688927758,-0.5421892510125369
0.5083204283245514,-2.753762535351182
-2.3505464280967634,-0.7016792808184357
-2.8736082818791213,-2.432071184656155
-2.224881300613304,0.5759035651415662
0.42901767400261176,3.2601754340788887
2.589301442995719,-1.6912590097345714
-0.9604721152626333,2.891516920025953
2.8430682777060627,2.818800735472813
-2.4866100707106473,3.43945667586077
0.7809737401224318,-0.47821107816827296
-2.8615467095374427,0.661491982789121
-0.5955991413520351,-2.770955023940537
-1.0648767929367806,-2.8288457423907625
-0.7300496948552221,-0.9962273697081336
-1.415840288436064,2.9339297374608786
-2.634492098845968,3.1508804288568864
-2.6308566301105163,2.7541253070129543
-2.2584708861756946,1.1101065088026434
-2.176429015377868,-3.610480428058318
-2.703322944637774,1.6516083107353765
-0.37535364471891963,-2.7190527982228714
0.5724202812972976,-2.924721214545271
-1.2378863976267789,-1.5809809880703576
-0.6596980632794663,-3.1365700772886385
-1.1159181402272982,2.9304946972143138
1.3523296249138301,-0.6043126415559001
0.29734015010338044,2.8703883502650704
-0.36383177483635953,-2.4684042195075975
0.5217612197019619,2.949333400023664
-0.8483281404158842,-1.0330966672965605
1.0751122858595794,-0.009648498153873291
-0.9975557621079182,3.1225874189202085
-2.6998442844228863,-2.4463450295989966
0.43163297749678625,-1.379299439808683
-3.1610149345398995,-2.881781220068818
0.7825289033374032,-2.711847420526943
0.7693513983850558,-3.2432966371573917
1.556880637495863,0.9115559730071731
-0.7406212801943447,2.7158569605545066
0.5679502967150968,2.8045703729093514
-0.6113676995951335,2.973971462902375
0.8046329961962122,3.2250138163361544
-2.353530808659029,1.0614926892491319
3.016872409801619,-1.5546296754558078
0.44939277776825454,2.210309935088081
2.6927057016874962,2.3402331849943314
-3.287583267621289,2.6389753391853037
-0.18527739932786266,1.1220695214476555
-3.2675358606560008,-1.6395898030378577
0.4471672705152134,-2.777782801531983
0.8261703214758855,2.235890075634801
-3.0319048542560347,-2.9220440078917584
1.4936547037886063,-1.379018761360892
2.6014621015558186,2.8562143697098854
-1.2978074932714938,3.557056234346805
2.8062715463858,1.5789368925067295
3.1614611978415232,-3.251291819871848
2.4765950330997044,1.025466081402701
-2.2283798346866743,-2.3852846757810515
2.3213245080995533,-3.4475432537106956
-2.4076089304812527,-0.8069155553076295
-2.8519544603162177,-0.8463374415915933
-2.8926144681586186,3.2639778480923325
2.5914583320356446,-2.8567682601494626
-3.4924387419647265,2.95331116500349
-1.017006150114581,-0.45691519907218664
0.9683925905868062,-3.20037970385616
-1.1711334092016046,1.0406810601051635
-1.2009133518451411,-0.39033205554014194
3.07684527380081,-1.8052442920422618
2.8572062237101195,-2.910012202159501
0.6186455510786287,-0.8012600419218605
-1.2213474101066377,3.177736842638152
-3.0308879361786008,2.444812625628852
-2.550877736516905,-0.47075922809244064
0.9107737360409641,2.9447532956815996
1.4021014052969336,-2.8275922813684127
-1.5271548370416368,-0.9301947001161274
0.4596210345890839,1.1007084566627434
-1.7231817906415103,2.301574816243001
-1.0238948470200038,2.9391711182528146
0.9521691564324475,0.5499184077652153
0.7762835695455849,-0.43001236990650704
-2.85565511547592,1.0251955380202609
-0.7507433809584105,-0.6418896319763295
2.821408782089308,2.3993291591082406
-3.1526895912480355,1.1454566082544473
-0.4730153020098011,-2.102725377333632
2.465496747607442,2.7209041633809976
0.8837725839323574,1.278264600427982
2.020732668525652,2.640441972049951
-2.723291007046146,2.3367174254340886
-3.328377526356254,-2.804766795904212
-2.4279428629082536,-0.4834967839921681
-2.6776358201849075,-1.4028555905462807
-1.1237687654609971,-2.392394838424363
-1.2029408148322787,-1.0939765595644897
0.28671029300542805,2.6164930802683344
-0.7964794033369257,0.6957791739297217
-1.3853109741972243,-2.7111677832824803
1.2371528093227344,2.6523011825300755
-1.7405436666664542,-2.370458427923434
-1.056235365527557,0.6364050223341836
3.3665183062777433,-1.1958362756198764
2.8249892571871644,0.7972386618871127
-0.6955236194235488,2.475400503680995
0.7290013489932097,2.6845964829332525
-2.5045010348532792,2.331335401134251
-1.4705578468393539,-0.7990166478684791
-2.326593785937125,1.003589508795936
2.6629129808378114,-0.8984579753287183
-2.826916569574246,-2.135163327084571
-2.906018395317305,-2.743650384132818
-1.2338187450590625,-1.4155940351879033
2.1835255196285632,-0.8320926409950862
2.69674362099869,-2.6953953802320494
-3.1343773091301577,-0.8107030283555049
-2.9246996574380617,1.0568053114958376
2.941761664371292,0.7235103638018012
-1.4990439670703768,-2.88047564449721
-1.1316999093864997,2.4874650804767375
3.3413542861465824,1.058840732661748
3.005571683166605,-0.8528438676702559
-0.366260017582001,-2.768647334851582
2.522400159085154,1.8679438056366675
3.113996125085269,1.592197157786556
-3.056296376492052,2.243093202596421
-0.7820301821703969,-2.7058753842580163
-1.8532049265293324,-0.9140099941481953
-2.8113163348652814,3.20750478121614
-1.573366977907067,0.7386997856989608
1.0510870183831482,1.1515205987231092
-3.025778374317062,2.264060064747149
-0.7722204065564883,0.9167534959876225
2.9682884162662484,2.8495285260780645
-2.9478043536555463,-2.8642761823904697
-1.1397652815044814,0.7092392075852302
0.4730418460440347,1.5776458014474644
-1.449646279063098,2.924918758979315
-2.9088331280726525,-0.9562480475890959
0.8729768420531252,-0.8143921715194876
1.1112190715185333,2.7219453953801334
-0.8985282367049662,3.4770897300335912
-2.818552530653776,2.664550865332698
-2.196373728001659,0.9689382321973246
-0.9618494896602826,0.7898813624128311
1.390432647294945,-0.5409890194366598
2.1512574922314456,0.9524796941720232
-2.665604290964446,-2.7219719088345298
3.1013558328207074,-1.1246024335875957
2.4263356818395785,-0.9732355052557622
-0.11736709125115989,1.008717154074192
2.733530733058843,-0.35778602149676125
-2.6801592191102817,-0.47367801082275823
-0.6932579833516427,1.6242897942476053
0.8718580573294759,-1.4341424547559145
0.9557712397098584,-2.9817553410685287
1.0521907263485548,-0.7473273651428314
0.7492005823778191,3.170790006881937
3.4826152390664182,-0.8512014573131723
-1.0700700467398303,-3.251461827664146
-0.7169644323421901,2.9416981724938607
-1.011358757398002,-0.5278066097818848
3.1988761531372796,0.39437435055411185
2.5095994754866724,0.9755506690174381
-2.5832495317055426,0.9499711234065209
-1.446032507930802,-3.3383835921534835
-0.92704691295555,-0.813609437301611
0.5841799217088433,1.4773313223244333
1.197463840013959,2.3307067331166738
2.8049704560136384,1.4609889913632808
-2.1599783970565998,2.7837288993944607
-0.4810463588441115,1.1679733456729362
3.0278983694870067,-3.7307060387632762
2.705412360217136,1.5157112269385167
3.0063532278631606,-2.9669490833455
1.0294009165931621,-2.929034592665383
1.4153671596376556,-3.0726022806468367
-1.0164172359946029,-1.3314573770721592
-1.2648342309596183,1.2803590987252558
2.639008384420387,-1.1621683954969821
0.39716045389935223,1.6473372458142506
1.1784533153463115,2.5367187597372975
0.668265399640625,3.389465601684503
-2.0310772569201614,1.338084500148403
0.86326669180052,-2.8784845430330126
-1.9692467437559087,-2.8668807434733936
3.1853259537569247,-3.464156277619549
2.6251166788916946,0.14751865903150715
1.8344735820221565,1.1187442009731046
2.67900636682749,2.8409929083288543
-0.6633646897426768,-2.7509745439178515
0.9296222067345523,-0.9885649028770691
0.49640227592951464,1.3932065831503408
0.9952977695183333,-2.9297864042354025
-0.5855768612681862,-2.579076740723859
3.545833441477996,0.3623750999087008
-3.3137260167465414,-2.6134545365355284
1.1148365219379115,2.0366249364589923
0.6760494365417158,2.451777029349313
-3.14206028182686,3.05401544778437
2.3033253802475535,1.0279506857561376
-0.3531452541283839,-2.7980915454734427
-0.8776557227626787,-1.446318799584293
2.71203000981222,2.6199546233622084
2.6386356887752433,-0.9011481555249697
-0.48901581618704687,-2.9169922982929046
3.1785845502214207,2.3411004640270314
0.5467782603777223,2.665882007033402
-2.0538373302501842,-2.621285045426814
1.503154979399442,-0.40747086584224557
-3.448167499771527,2.514622659383017
2.633912853047911,2.397094627144584
1.423142543988366,-0.663871551419002
3.0603651324758583,1.2259312271987144
-1.316111266848383,0.9337855302947495
-2.100292865758354,-1.029546163304241
-1.5408612039552825,0.6409861207047131
-0.44206280663067216,2.9341293011863465
2.9968159261115206,2.3959660818998367
-2.8119488484917503,-0.7524938909946973
3.0605845331072237,-2.5866635471844455
3.5269917740983603,-2.7248494105634165
2.97213338218455,-3.2025723174758265
3.0988487533140825,-3.219823575912388
-1.060706243462289,2.7823669532021613
0.9206593224902166,-2.536214119254003
0.9349899158555134,0.5516594072468317
1.0303114623486718,0.5132947259468615
-2.377913546817786,-2.371092667570515
-3.059296046466986,2.9542164125834676
3.4262518128914765,1.067547786231464
-1.1118377766760268,-2.7878305540467343
-1.0056993927157094,-1.3131270447911791
-2.922394176323363,-0.9892886044439786
-1.063380871964693,-1.0136530199554359
-1.0347708986721538,1.0268570998854216
-2.518260144655533,2.74656072442517
1.01866152754528,-2.4009318572041654
-1.5844362488250534,-1.5754532106870063
-0.8706276804694297,1.0086059096524314
0.9808624539329752,-1.0879080151376843
2.8787868528587888,0.7020659098135339
-1.4140970860272353,2.6581385414116667
-0.6417412659952628,-1.0345233221342602
0.27360362428872753,0.5136478095291267
-1.4252123747251875,-2.621770173972801
0.5491850520958507,2.5943357842894716
-0.5453123721708881,-1.2291234821865238
2.501088827068535,-0.6904246695534688
1.1519325375703444,-0.6348615937469555
3.2613657242436207,2.6625578851463128
-2.797281856775201,2.8882278424599055
-2.979067925517155,1.3707719619157301
3.3343195371005323,2.2248989030373676
2.8248397532425376,2.734334366822178
-2.9766572984973467,-2.5199434409029906
-2.3876184041409685,0.6628569800503561
-0.6378535696555464,1.7654672809525598
-2.5902930233795867,2.34047782719564
2.809649318798467,-3.1866713400975875
3.4227662601211786,-2.7680464979209813
1.929675438113411,-0.575025294429525
0.09233447945890352,-2.452221484323551
2.9961406538228563,-2.5120515910084404
-2.799698126548523,1.3662986004245017
-1.793132495771713,2.5441370043619265
-2.576133194703193,-2.6428971498869926
2.4722869832032934,-0.8633168075037532
-0.5759027023487652,1.590196990070381
2.5385537855970868,-1.3265236458937362
-2.8441203499933643,3.2694465581385104
2.567530674293588,-2.7835391864980186
1.2371402055273395,-1.4824377746971107
0.6501167085604088,-2.9649559075892236
-2.7680268040705096,2.6055913777965287
1.166524949747354,1.3230886061105585
-0.6477722038103256,0.30202135577511924
0.42674079774474655,2.8552439525540634
-1.4445580825244948,-0.8312596531931502
-3.0785144504209163,-1.423935209618117
0.7223057024253571,3.249095403571802
0.8683221236700335,2.8610593716671557
-3.101038764274793,1.2417220821234565
1.4866501841795792,-2.6128533588097733
3.1160532053868795,-0.6493189848001981
3.076978705787716,3.2175987427150607
0.7884604458833173,3.3922304231570464
-2.8555140656029496,-2.848615563415616
-1.1949858892203786,-1.2052363039990295
0.7147217633660586,2.894843590426673
2.3759477938665756,-3.423951049014619
-1.5460306191998152,3.6013643184246615
2.999391414218019,-1.9684193129187761
3.166369258166416,-3.141835145298592
-1.1011693126417275,1.1643294500776782
-2.8184517237035633,-0.5766464728333123
2.7102295788896034,-3.5374322559769023
-2.609763732489345,1.1259469940780311
0.7480221505981555,2.503866341682101
2.147553590092626,2.8240900836908227
-3.2025943512146164,1.2489286755222448
-2.6073621134142657,2.1480333289999067
2.521975103565018,0.8805322817280169
1.0892843059173842,1.0933478911610728
2.322241520040843,-1.337514136675404
2.561915812899815,-0.8958618179681452
0.23637092654799483,0.7430811760957279
2.3200779265898723,3.1702666533921566
-2.665566037921126,3.375728233240395
1.4958022606527355,-0.8892173801777652
3.227603848407968,-3.3531365063574032
2.3160249282484995,-1.5963913567713937
-2.7611024407796028,-0.7321548759735123
2.6891570322120106,2.3562273052599134
-0.9868413305822267,1.2832642746287024
0.7582354142325817,2.57698286037739
2.9979473861306754,0.8519465309977953
-3.702385652635086,1.5888500972484265
0.7293543779153362,2.6973655234608542
-1.3687296250613648,3.514538003463221
-2.479974716505059,-3.1753375084859274
1.2174117670533255,-2.6555773974584826
3.547001586905053,-3.510680689827924
0.9834091246960939,2.9298036465409325
1.5220381937061338,-3.21313293442986
-3.1503030318320295,1.0349163762719693
-2.3096275849175663,-0.33656587132843463
-3.0130837999370335,1.3551470014468185
3.5213228905843263,-3.1359926407236514
2.3007669290642254,2.3959778465709403
1.0577955391529779,2.726378809369604
0.6172563438370069,0.4312404014115091
1.1907198652152104,3.152824372436931
2.2475214404404866,0.32624245401875107
2.8886859105750204,0.8248774861626385
2.7712328794450762,0.9941787721036307
0.837413077397576,-0.630287801181951
2.7690726925179896,-3.2891996925451137
-1.4486376831358454,3.4762525616855657
-2.7439990307919357,-0.8254629221183744
0.9661420859984758,-1.040539157191026
2.8819580629384003,-1.141446160768834
1.3647117483490832,-2.7511820667863947
2.958705027777135,-1.2414537216349106
3.027035824102842,3.3319257062497356
2.737328466506477,-0.8310554441832821
2.5926644832475807,0.6108621248866131
-0.7291283337733847,-2.1551690441498104
1.722465262724705,-1.042757732007566
-1.14232261601803,2.761397818466484
-2.72557253937146,2.9188343310789615
-1.832380680481915,2.7802782894920903
-2.782077726033874,-2.184576589337447
0.9553142286592942,2.3734820695897687
2.902888907305866,2.3857990297190095
3.0327650674645494,-3.194600480476075
-0.7925840646280881,-2.448741634535808
-3.039262767070392,-1.264543236102582
-2.0894595471414252,0.8896499996782063
3.1004790237860993,-0.2422715168570026
-2.7744547438366767,-0.644255847796016
-0.8686921623459538,1.4288175557711675
2.039498141838661,2.2168360154623232
1.3965472202966236,2.9771507555362353
2.9562306639346105,2.4629735730705695
-2.277744793326353,1.7405452472878387
-1.0284656629114646,-1.1795298423776084
-1.6368673903155844,-2.170570698080193
-1.1672694127370689,0.5478579777623054
0.7035076913372211,2.918410710037757
-2.747278997466294,-0.6434779459414957
-3.4412398616692035,-2.499751413323945
2.63052254285327,2.5270706654781945
-1.015946034510367,-0.9948460040736025
-1.1387210373148982,-2.345167817127987
-3.3116996034992003,2.707666730618628
-0.9543219226056611,3.167173899903962
-0.7339756905271437,-1.237374351113708
2.817640834027644,0.6561601430101387
-3.258272040837515,0.7496333757414593
-1.2108217438110265,0.5180597733137107
2.9284469198960554,3.823468467356228
-0.7797542874897121,-2.603409060237562
-3.096248686871235,2.2612828521455524
2.9944631833678397,1.2418663670877215
-2.9649488348363113,2.691760745842696
-2.623513908139357,-2.4296980350825517
2.7360822386133816,3.0320686636849277
0.6054320516430239,-2.115427040789382
-0.7210165790435337,0.26879162373283877
3.215274622390831,3.13147332561376
-0.549848080346812,-2.5131974649864874
-0.7935125369664545,0.7919170283486836
0.9472409507492563,0.06037773097094778
0.5674105324127676,-2.4922810998703495
2.5946222479750927,-1.4175768290529964
-2.685375125291832,2.366001347276306
0.7501610944819661,2.520055624359528
2.708709134368687,-0.6772295872779
0.5513211364587093,2.800482988515243
-1.0884216400873818,3.179897284315375
0.7795671264297883,3.085049897132823
-2.7714069535897585,-2.396528525919871
0.7511242538774002,3.04221979613743
3.046501158934392,-0.6729662110933579
2.9926774199367396,-1.0102979767002824
-2.505330408748834,-1.088653258006475
-0.9961487281351917,1.0377701196575853
-0.6765058685082939,-2.7089044101795654
-1.3915039628368004,-1.4210678064416726
-1.031175569876011,1.830750228018618
-3.496780932433248,-3.435680897416617
-1.040393076795065,-0.8806605656292466
2.8570877094831113,-1.0250464644584811
2.4773694291842814,3.071422694510649
-0.4345204270044675,2.5807336529538056
-2.7905139824039287,-0.4286565088817487
2.683233599650898,-1.252723260985221
0.758382402734173,-2.907648063203964
2.8439023446873595,-1.7592532929177742
-0.9526469836199187,2.836904811324157
-2.6576734915537354,3.214729723515799
-0.8675459333594165,0.8491113869459855
2.9648460945599173,-1.055274281883844
-1.3162669402412217,-1.6113543751530457
2.712217071917566,-2.511467848461512
0.7246020407518573,0.6448392976645987
0.8058307714743185,1.137946280388173
-3.0986069605808733,-2.6713323361813113
0.7202559124187086,1.3538425776789738
2.6213925042080093,3.1386353762891743
0.6039451350108869,2.790244509050388
2.4034049379449547,0.9732168636229627
-0.9206896000737398,-2.716396129629317
-1.5450326197580637,3.1611970302471217
-1.793731995274207,0.7793834623108614
2.643579341167414,-3.1047422677731378
-1.3786723477305882,-2.3926850369689165
-2.5117691574780907,-2.7982370707797566
-1.167467308355948,1.285996843713973
3.078176988438035,2.8026019213977102
-1.0193935084992987,2.4881388708219836
3.47874121467546,-3.142086444092041
-0.9350094308326219,-3.148075215139081
1.13587598858249,0.9673919977829033
0.8727355708855603,-1.4133373700551564
1.0589264717641793,-3.3266307071049237
-0.7041709208345434,2.776785124791375
2.7722797550485856,-1.7603627897957534
2.7498674880736695,1.0507316343562367
-0.7572855688680319,-0.7754666295486253
1.4006343644659396,-3.311000085386083
2.4073791323031157,2.1177885471490727
-2.577410331425924,-0.7419225891167811
-2.6001831729848766,1.0960308547317428
1.0901302289531742,-3.175735421508376
2.5619497376683213,0.6564095215263297
-2.510867277920114,1.3215486511634729
-0.6306850066258757,0.9298994801433548
-1.793775005977997,3.1030787451161435
3.0839780733298916,0.9641772938750105
1.3012785120735788,-2.5140027806812943
-2.0549997765312935,-2.763557446917526
-1.2216151669744963,0.19667694444147216
-2.6411999429838646,-0.40528294046453367
1.0730664109162114,-1.2993399946892994
-2.471389593243209,-2.871830070372308
-3.096150517930164,2.8845754854185626
0.3958584851030416,3.30161128253715
-1.0508108508736946,-2.5939338018964206
-1.6240317025087525,3.100320940385562
3.1454920028736857,-3.5377935409530186
-2.48240147969372,-2.8440021702488676
1.443450051454321,-0.8260326053123168
-1.4266406330783117,0.46770806609136933
-1.5163371526562344,3.119913945167873
0.5202925409448087,2.852285084409908
2.501143483151538,-1.2986032293291085
3.2035395432535863,-3.6797837597363396
0.7835227789579573,-3.203566048889787
-1.190717076370204,0.9891347125260251
3.1792984251998533,-1.119146940326836
1.3567613188575118,-3.329319973328805
0.5634472509716236,2.789800863694755
-0.5716900870231914,1.597546907253256
0.8649293786772723,0.912910034990237
-3.1300074331980148,-0.20110913462736038
1.684732130547998,-2.9347176556585732
-1.1714945574561613,-0.572252440567556
-0.5298503810791774,-1.692981387116429
1.1364692668373788,0.8779637546070304
-2.3127610640478604,1.4997160152620483
2.986442567528127,-2.802046195836933
-3.1779774453002387,-0.14848325703505957
-0.9283162025352892,3.2577989249720174
-1.083691847294277,-2.530167635530146
1.8090967504848805,-3.144514773158251
-1.0020637968567159,2.5966933688310854
-1.2484160246707476,1.3143179803008294
-2.0445491789976153,-2.426522712052033
-1.8508095481696138,2.5690009425132705
-0.8249891323565087,1.0356173392296728
-2.4752380452905776,-2.5716285464842903
3.122677183263973,2.5432795069000718
3.186257118656756,0.4379269517748125
-0.7557994041551228,-0.9363666693071546
2.9822972396892893,2.600059987437032
-0.9057163682439466,0.8382905292033332
3.0398521475512412,1.3719752349327623
-1.3837674104450997,1.0382708429824274
-2.874594742313041,3.2654664645093665
2.5893081167464227,-1.0127155466170032
1.0311664864903687,0.6885200531936795
-2.064094666645174,3.017350440425669
-3.376761582054211,-0.8261504897415757
-2.4598171864410916,-0.9154393854259257
2.414795106028923,-2.3345850142987667
0.8241770359207686,0.59329372559842
2.7262631190964504,-2.3042906249059074
-2.5718069491862225,0.9629716175621765
2.7466830973613456,1.1962737912465364
-0.9121386939267844,-1.2751234987460232
0.6277340313490343,3.0618899225407246
1.487194312394501,1.2981060438028778
-1.3604132600762888,-2.6567400414723075
-2.673086440611221,-2.6324074420569152
3.1269455959232197,-0.9549468117230556
-3.2690050007322156,1.268825159021184
-0.17885248024545075,-0.8639859023533918
3.074016191826806,-0.9531830586759386
-1.2135067113480575,3.6095699178930682
-1.3069949058501005,2.967420293495814
2.789838067558532,3.1207268855819428
-2.5936117133573386,-0.487724947718675
-1.3034144267586998,2.625656870670223
-0.6710340332230398,-2.3914175533680013
-0.7285676210487637,0.29516913564202385
-1.398768292638635,1.310324703896186
-2.4574436227190306,-3.716364006824114
-2.0395416716322123,-0.6506492552458681
2.2764146980744724,3.061154982670249
-0.9043433475823452,3.583472791605327
0.8241450487090362,-2.145717557162419
-1.2931645819581237,3.18418673689831
-0.739153774012287,-2.886341738341778
0.49576669403414875,-2.7966353287304773
-0.6753165196792967,2.6436440974384405
-0.8013467724825805,-2.3181709793064567
1.3968414948620083,-3.1986478056276044
0.9427630240394372,1.5125425876777656
2.8375829388210163,-1.0339359359529467
0.8971965567593206,3.0537440161142295
0.466363181220036,-1.4946255966434796
-3.2368104607867223,-3.165854178753135
2.4857168940344065,2.3236224902582316
-0.8560200106331578,3.035908278443257
-1.1383492831259705,2.8778885802425793
-2.7441521768036843,-0.7593861731861814
-0.9461859133573783,-2.9140028308721684
-0.5444106895226406,-1.2438625395908705
1.0207057642105681,0.8428645816819138
-3.0121167088852037,0.8221442003341765
2.9552995058985343,-1.2580141180360314
-1.4847756747992187,2.3027454024540672
-0.6030794543712931,-2.4211141758906
-1.1548685625825,-1.4211954271348575
-2.741006535919068,-1.8311914728039773
-2.9469940917920456,3.439198401049358
-0.7893035091964868,-2.420630327228933
3.020910506418135,-3.4975259899197653
-2.282958180480133,1.044835576747345
-2.2614214271743696,0.8736624237402327
2.9831931115649772,-2.330809271546998
1.2865516794806247,-2.9120990674527993
-1.624255785782962,3.089572112246605
2.5204377811692513,1.3228973569811955
0.88325706435839,-1.296034501779025
0.9679260917342114,2.8895770630580175
-2.649678545699939,-0.3172049084208
2.511442797326039,-1.0390276285876392
-3.1811485652625313,0.981362787602393
2.840845889449623,-3.4667162887433784
-2.669044972550582,-0.2851323162599502
2.727897287645521,0.5833320088996764
-0.47243927799640767,-0.8459577420082365
-0.9376429616236631,0.8093340440452419
2.3165699193629874,-1.2540586895859682
-0.568187562500047,-3.6447376813920216
2.623890927760873,2.7755345790356833
2.251010764959112,-4.007161544507131
-4.08396884036697,3.5232765118162535
-2.129916171395946,-2.949546633897143
1.152238936145061,0.717010944834048
0.7906171393775945,0.7596011223822264
1.1513707327646217,2.6176566260863936
-2.4082030545838666,-1.1483781022357027
3.1753845009619757,-2.6402575550021985
-2.5957660832716796,-0.7136254159968836
-0.6670900070169381,3.238888279542583
-1.2152274683537656,-0.7927557283212778
-3.622312008897059,2.860182636760626
-2.686792919056471,0.706405648870156
0.47709968641434713,2.8081242328320877
-1.8467215722832782,-2.3950282021950753
3.052633140729461,-2.9213219088746816
-2.7800778470910337,-2.0865736679519817
2.6720684853807395,0.4758209123690147
3.5035172267045556,-3.000772035191367
2.8798994028252096,-3.890442308289839
-1.0983481127619659,-0.4994892172548384
0.9581085444920978,1.2387880108059677
-1.4189335842049835,-2.807226316574859
0.8266903085386696,0.9992789744238507
-2.485206805559813,3.3523752029181932
-1.2361153379581176,-0.5350012096021444
-3.102312430526742,-2.0977114796324554
-0.09521485556859932,0.5815909521304232
2.2873507012561993,-1.3196180457811768
2.7883673333112786,-1.2987303023722956
2.627570151440677,2.3021942484220124
-1.113483646569373,-0.8657341837602783
-1.638014386199612,-0.7364877812094709
-2.124437990145308,1.5855246131013532
2.4263662918373083,0.8553067287235401
3.3823966261634397,-0.9494315887768117
-1.0404192599288402,2.2680256647084462
1.4272990435601072,0.8337140427406127
-1.2582448409221416,0.7676569240519466
-2.291239283754776,2.4222890657430636
-0.776597460133695,-0.9412943183965529
0.8730830558016215,-0.9879011124173852
0.27932844766704096,1.323854119197957
-2.9931391561303533,0.6326195713213445
0.36232272564016,2.4699309394964026
-2.9723013068722453,-0.4843863486785533
-1.3849005935783811,1.450762539850528
-2.528533565081443,0.07834964148767969
-1.006670276306772,-2.942998923923475
3.032026757347924,-1.4122013153918354
-0.9651006535170561,-2.33316672414535
1.0506272430843118,0.9689169120140625
0.408524228431166,1.8625415822130367
3.315138842908722,1.0458270050491094
1.3452085999386836,-2.898787219684166
1.3043962883146882,-0.8426079418150971
-1.2940110926820254,2.2038493886259007
2.9943013177135698,0.9629328074760461
3.0009653502553975,-2.322095596030549
0.7147882995550034,-2.826296034088051
0.9553820424613021,2.547490487855459
2.877498311810436,-1.3004563711368322
-3.3919208128406906,3.189347360338917
-2.3919732265767575,-0.9267096203655338
0.751213994088069,-1.1223068264375862
-3.099355534943811,-1.063686988607141
-2.6024439717971357,0.9625210111326571
-0.6959240973829658,-2.3364539574333216
2.3559961885808525,0.8895297971301674
0.7225937791200339,2.7261739879126354
3.5908939912653413,-0.316117036911869
1.1570074778140078,0.8919617642495886
1.1952066229268603,0.8539382603599655
-2.296148516438947,-1.4851473152855057
-0.42330500703687346,-3.095036845203451
0.6799927862279025,2.325844854105788
-0.822541699481496,3.394432513349605
-1.4917921907406613,-1.2745609231302726
3.242610000629271,-2.5363199243617234
3.352715717052237,-2.642220604797018
-2.49598312789207,-2.4981270443173176
-2.531664987978812,0.8228846755728528
1.034515449795748,2.9935612233623794
-2.924646882754067,-2.1500301561233925
1.2186208731877022,-3.1198167860657393
2.1259282630458887,-3.164579046435444
-2.293172048357812,-1.353987058592731
0.9671410099154577,-0.5433032827243468
-2.917822235846715,-0.1471328477272292
-0.5727141439377693,-1.6191277937308937
2.7025274284545104,0.6171663618222372
1.0535959793114946,-0.012637187824897242
3.3806160599251602,3.3724270607362308
2.4580870978130944,-3.29154992970487
0.9873461247026513,0.7269053483072426
-2.860019440949303,-0.4456049945094584
-3.3562078256642285,-2.585935864778961
-2.040668978360143,1.6635381284876565
-3.3065182269097417,2.110473563514613
-0.7726976771977833,0.8322888390887874
2.5979566267575818,0.9753885990242133
1.033629248379851,-1.5044532476047918
2.3629709081164605,-1.0376810443127888
-2.846497403099382,2.953001000168287
3.798815203243285,1.3103801198211589
2.8941202388869116,2.9410489738996946
1.255756278881025,2.9712862414030154
-1.07755535588676,0.7283534663500812
-1.0537381799608523,-3.105884569293927
-3.0018484284125457,3.1003739971568955
-1.8702922520677394,0.6131890582056594
2.9895056799829645,-1.1277893577055396
-1.5322448342511048,1.032113569749575
-0.5331221098742362,-3.477240800787996
0.8114893450912257,1.2835746759448081
-3.001624384542365,-2.8231856190725804
-0.16504036812010353,0.9549329632273281
2.216451990099634,3.040323927786685
-2.4020477080291656,0.6861830263254101
-2.214733327497897,0.560990734046711
0.8162317016593819,-1.3317289598357112
-3.010158942719692,0.6588483327036715
2.5952420146621122,2.8143612548469563
-2.205732314279703,-2.813875542724896
-2.9735613616004644,1.1987181207230155
-1.6096131075673556,-0.6574573898961455
-2.9153927862858247,2.498344770245155
0.39551655043864425,0.9538170732755551
-1.4816178127232755,-1.177810162617724
-0.5013211030465329,-0.8318359624952886
-3.1744422570182667,0.8714896260200108
0.9639560416304035,2.877599647346692
1.1388056837477003,2.249682550703395
2.844161573709129,-0.5945600904367357
0.9243953371674154,-0.9071854102245696
3.218080705256406,-1.3705113360785317
3.0954905069828387,-1.0033142213882196
0.8572439642489285,-0.6985511333458383
3.3017774638457946,-2.367009550986644
-3.2173296000907623,0.869846964483875
-0.6741598311246046,-2.5004255342525616
-3.1523121099523688,1.8953505434140911
3.3463094004253175,-1.0792354271043314
-0.8871770070549314,-1.2674096516626336
-0.9194498873774979,-1.1172611452766192
-2.6758317972394337,1.5282474087856337
1.3773902791853814,3.177805499276037
-0.6433665997932405,-3.4180083514993305
-0.9678474108066267,-2.480075375441169
0.07824195522640734,3.0211278181089307
-0.785594256852558,-2.37924372321637
-0.9337501122925479,-1.3405216243423064
2.6425019934590988,2.9711811005222994
-1.3529946031014086,-2.5413005073336667
1.062744519832556,2.60701835040934
0.9872954345527495,-3.0176470107076114
2.836935885290873,2.1842895513680127
0.49100253104985525,2.4348416459973996
3.033758475996853,-2.342685891683254
1.1246221583050875,2.6412173935769205
0.28185770864186144,-3.046591335286949
-2.7831309345704294,-0.7428696435601971
2.6418457028123234,-2.7847444943424615
-1.9758330892681604,-0.5979622135350446
3.3368093051150813,-1.091338598030583
-1.467201670107657,3.121018192566639
-2.4837009102188903,0.845482708498204
-2.671795252820505,-1.296070433739146
-0.9262881285873544,-0.6631989183635788
-2.800517839968745,0.9783239472407931
-2.3751294686106825,-2.303723862452547
-0.9665376777880382,-1.1161468904683542
-2.61403957849568,1.1479094211682734
-0.9244451755085124,-1.2131792571693538
-2.449925247905469,1.0312141407423696
-2.5291296299515795,-0.9442745656595519
0.6643043802045474,2.181028521709651
-1.0907205638035002,-1.0348336241758893
-1.5778610688568264,-1.4439048796515548
-3.0449476091962167,1.1526458881856863
1.765845600076046,-1.420526151697917
2.367439075179881,-0.2540302862819333
2.9115214901410584,2.814014912584763
0.3066601709981742,2.2667910320773297
-1.3527794580671082,1.5888496116692212
1.7122154054597636,-1.1185107098127784
-1.511563339400529,1.0467098067529321
-2.1039541945783067,-2.616959257258916
-3.365627475617045,-2.80624063718366
1.1312036343624692,-0.9570533714905252
-1.241722475033901,2.954193867217199
3.259945130749106,-0.7940675558790474
1.4721188235751823,2.2314081477925956
-0.8203434059650188,1.0329008552231145
-1.6535749168257792,0.49168236213092215
-0.990127672226598,1.6881676641500318
2.791835831521882,-3.4279733447217486
-2.9018869757613603,-2.538387372136737
1.7124354331079041,-0.6267870038867102
-2.662479789890136,0.614213610889224
-2.788032325573934,-0.5042138064651581
0.8999938548053195,-2.678314329929692
-0.659180374038296,-0.9150968973372505
-1.4299102630674854,-2.9040323684826226
-1.1500768485341228,2.4337870777717083
0.04160156952306344,2.360940985135841
1.5656750183048567,3.1976356407830333
2.96655340936006,-2.860283023771087
1.4717297770829096,-2.137808254923018
-2.092114587098297,-0.7696756310466699
2.669534946114,-1.4560337060945525
0.9324538224268815,-3.7690758671674525
1.008656334077525,-2.492614783200031
2.9097606462532473,-1.953166762649823
-0.5790089869501235,3.287577639670306
2.7419749402523657,-2.7982466659343683
-0.9713165581294149,-2.8246971608102216
-1.08033474865151,0.9808454034239182
0.8811368318503269,2.8755589080155373
1.1784687430165657,-2.793249758445203
-3.0388538905474687,-2.6637712005553746
3.5482305080139653,-0.897235168375581
-1.125814187715278,-2.7873958683171125
-2.490739770270044,-2.448710542581288
0.53185136271228,-2.821263557654925
0.7053593641732191,-2.9175285740822594
2.577105401814567,2.4835235515460314
-2.6842200869361026,-0.6171175249809691
3.2485739646498146,1.6096679964980107
0.43546586672194093,2.6091816917330863
-0.6873942918595104,1.0058612779451923
-1.1277933979261583,2.7634639541225177
0.24986729502438135,-0.6830096473576382
-0.8125440765833358,0.9707768412395462
-2.2123082179399853,2.6072269666272048
0.3526605974278326,2.469791123405838
2.819151760072566,2.8943788557046988
-1.0030293581925307,3.0138831104890462
1.58363192957553,-2.4829970830942254
1.1557108539820076,-3.360008743063612
1.0248752238203847,0.8840252966367357
0.4356108874222307,-2.772459034558529
-0.5050557617482937,2.502897497198558
0.6711867074690357,-2.814184229198336
0.9818711869748109,-3.6927607525567794
1.0871300155025954,-0.4265104766237159
-3.01007703895202,2.563851024994071
2.5893515277330645,2.3101895376939217
2.7845778332006823,0.6178475391753088
0.8024435580297481,2.5106889923677187
2.298482370119605,1.1301072357300612
2.590897686253271,-1.2192796905904428
-2.507651923953211,-2.961377298595
-0.6113658160038785,2.605031548945718
1.068325643884794,-0.8659912708949389
-2.480976725820425,2.7830216148139746
3.413387432006719,1.5953362880862394
-0.8543500754576309,2.6666767436707453
-2.3112114632207135,-0.981134086567115
-0.5072273478457504,-3.138876929878249
2.7239980804166013,2.9454433456027824
2.874286354578415,-1.4452468526173836
2.0030871429023818,2.8363742613556053
0.9496275102124588,2.7214814267813012
-0.8375292327529185,-1.372962739942533
-1.2458900222325302,-1.115754706311409
-1.0143966297230889,-2.535528057675956
-1.965008100610447,-2.4421691675126107
-1.4621568959206759,-1.2594638828286888
-2.774783005834671,1.7672098166224237
-0.45114838491233783,0.8579594994466898
-3.6039367833913403,1.0448679549522797
-0.1946848182938933,-2.86626240437357
2.805047119271632,2.815445683143984
-3.1132520682714464,-0.6101146745054679
2.4330796050849925,-1.4820905934689832
3.026919453878781,-1.2430250154098708
-1.551821857175543,-1.4379780277360406
-2.8599465787024534,1.3525825261889128
3.0751881179435423,-1.7601096671289496
-2.593714065702949,0.9953848181788141
1.011598477654259,-0.5966021720359664
0.9711005979627805,1.496250528636049
-2.3323674818711835,-0.6391582578115631
0.972547383686192,0.8410016309270427
2.7139788980108737,1.0581580050031631
3.1161793563913682,-3.0711164644042626
-0.7172003025082356,1.900555848727907
1.482505246674164,-2.857021902067753
2.5485562907985257,2.9332650669620053
-1.2897219159379054,0.8957126663004917
-2.817788068012387,-0.4801154909489515
0.6464560844099103,1.200659393410595
-2.5813696794140832,1.5897614929349433
2.4397906914593563,1.0068798934314476
-1.1783977221437671,0.8930528117409138
2.647556922583804,-1.1917502300376301
-1.07716502298817,0.7244314617365634
2.8139051680761598,0.7664618035497835
-1.3028590772664277,0.6889723487454696
1.0291980874947144,-1.110613791402301
-1.0525597027372264,-0.6809095655261042
-1.2458935292533693,1.2523536211126258
2.712947054707797,-1.16480477932348
-2.094701663308825,-0.5449353899058742
-3.1682821704344044,2.829095114432591
1.0282137835253857,-0.7107551764137949
2.1706121619288257,2.417398375220889
3.085714723053567,2.8105293534775795
3.4844362921658982,-0.35177335227633766
-0.7783493489890586,-1.4728023395531402
-1.462721707322996,1.11226945558309
-1.0037193847582404,2.82713120889742
-0.9979454520717012,0.9050422036585287
-2.4794158601275695,-2.686516006898411
-1.490293041460398,0.4336062799674956
-3.2124434600529796,1.0754291761765653
0.987753701187031,-2.3837192012327835
-0.9359005675718844,0.5842391034228176
1.4913592666086444,-1.1611082881050196
-0.6195512735452994,0.5431677068650612
-3.403085404246204,0.9161672032840293
1.0810263780156495,0.8576601355975471
0.33810795420325934,0.9946940205646383
-3.1021669267952414,2.5926228845357007
-3.162043491627001,-0.7513972129419096
-1.3928092842078141,1.895465648662998
0.6116390907516113,0.7396435382424517
-1.3167762772666491,-2.868719116301665
1.4315460804691138,-0.7937681739091531
3.9554669211353595,-1.0950672341054835
-1.2548244597820557,2.382787362677923
-3.537935780474797,0.8731959290210081
0.5244466836092889,0.9114686819099193
-3.331139661136659,-0.9807499985103199
-1.3643719890809902,2.561396813284104
1.3077052474448712,0.8883715959868297
0.9317802535144778,-3.0558559584075757
-3.2843110901171513,3.21654603544747
3.229778216232308,2.122313163950011
-1.3733868246821368,1.0307051643435339
-1.081880093216884,0.9526213347780823
0.9697017244082614,-0.4687187961417703
2.622579634540312,1.1132985348000821
-1.487048080170132,-2.5865145785649974
-2.5137002999652145,-1.263338289315549
-0.9960303820949279,1.108768766151656
-2.9820742244378375,-2.355508672224024
2.1842652720977433,-2.57253883182576
-2.6848072940809136,-0.40686976528456054
-1.1486466850190484,2.1642068528037077
2.48973609899248,2.694075636025306
-1.0132546913242153,-2.531991822884317
-1.14085327311056,-1.288879378390942
-2.5504937839865307,2.2587581778896046
-2.834315805813245,2.947620591105729
-0.9747073052845074,-2.8020107622722454
-2.940522396884579,2.5247483578289143
-1.1588459782489535,2.461096108474078
1.0678380123554467,-2.396815857089347
0.8222011465768464,2.7547950200548788
-1.0823892066699532,1.3927626577266043
-0.5668342144504666,3.062629632422258
-1.017483506597641,-3.056716850386074
-2.813670467000389,-2.407137618138058
-0.7283752902050132,-3.5431596833761576
3.0919346873625346,-2.5360288356935237
2.506219479136612,1.1178774229748853
-3.261005373462788,2.996648127116262
0.4567573123308708,-2.8280767432882747
2.6638365720025283,-0.7241924270972668
-0.7739557549744278,-0.8648886295974093
-1.1569840308683934,3.1762497076316585
1.1446573523918233,2.588806784480459
0.25579254303716986,-1.547554429357418
2.673604117239558,-3.237457751352823
-2.9148199029271145,-1.3429757965258964
0.7049231646261924,-3.3297606469266485
2.3527610234667495,1.0812589597072788
1.151869434478388,2.5980648974676686
2.978370647361584,1.987599612098712
0.2371677211755487,3.1074069140445353
2.996515661211481,-2.65627755022686
-2.929205145896087,-2.4095934137896093
-1.235948280385356,-1.4495271477999676
2.3070996891233935,2.5571036983176523
-0.9176525207330454,-0.5454981218862669
1.1764135722965796,-1.4552258361860557
2.6102750153920096,0.7694436496198285
-2.992078345312094,-0.917904016732712
-0.9151329971995207,1.390228259085623
0.6398149600149576,2.649493743001295
-1.0919317255058045,1.0484735950828248
2.823210672177044,-1.090544857954241
2.747058713841227,0.9315905336458826
0.715101338479609,0.6910690079660274
-2.8318797665399646,-0.8505011279146114
0.5660899323480311,0.6307378347200718
2.4384201240546353,1.3113908271147592
-0.9288490391011376,1.222969054549121
-0.3267584555882888,-2.7334770408481033
1.0498897499305933,-3.235383891077934
-1.1143895349849529,1.484967494863869
3.2639276936327066,-1.098467737132948
-3.0493878285777853,3.2128510253638223
0.7520024042127679,-3.1157039536468476
0.8503394030266989,-1.0040440005730726
-2.0684070473120046,0.6962510534102951
-3.057557827082814,-0.4080336985861037
-1.4489220079853569,2.531498667307588
2.837632887314109,2.4736951664965425
-0.8367143291973643,-2.105465870327866
0.6883997045668565,2.0951670419274295
1.321194109617156,2.7519124555242533
2.7900376753678264,0.792681314272162
-2.583400192433099,0.5528170471051175
-2.5852876015956636,3.4665768395750884
-1.0041774459173465,-2.4335531554657175
3.1533583007452157,-3.4667948077489252
2.4716934239494543,2.367902151623532
0.1548301021719913,1.3247758278674684
-0.3617555347318697,0.9858168779633362
-2.3203317560962757,2.4699460987465804
2.778432541756647,-2.8391916672944446
1.2873733764139084,-2.8113702802165235
-0.9115107488152585,-0.44200523369405037
-2.8265155878315396,-0.680691515985467
-0.6597163389878402,0.9331608843797868
2.457863861249987,-1.3984313432279738
2.9382671239146174,-2.9745372208837035
2.6328709944927584,1.853797448334991
2.317770386638339,2.702992580400715
1.182737111027712,-1.3108743034106745
2.9669813448797373,2.9583954362422964
1.167940488146975,-2.9456150228216207
-2.7828394414175124,1.0999624581072307
2.6779491087716565,-1.0938779249323682
-2.6207250451696202,1.052165262442868
-1.191522567034011,2.9728904608022546
-0.8857490142625591,-2.0826586695941662
3.1335101432953145,-1.145580943675074
0.6937656497608056,-0.845049445943994
-2.8859424204740804,1.2060177259942353
-2.1662970598358746,-1.0909259984920214
2.747326612977085,2.0819763255221537
-0.7086982194054464,-0.3874865386263855
1.045619359402009,-2.225526186179785
2.6287090569183635,2.237815053038072
0.8885958196802042,2.4780065399069016
-1.258387562844233,-2.7986864677064376
-0.8567371514043314,0.6381731960043863
3.887842953833823,-2.5471594526577714
2.9740779236318793,-3.3101896017314014
0.5786026019686931,1.6331724962703862
-2.762948247444727,-0.5415720070797858
-2.9962848321739286,-2.6834906941495524
-1.3619990794576975,-1.3059211186732822
3.0150872854966826,1.5571776275137652
-1.6240013982676151,2.246275083118723
-1.0595808937604345,3.0926551035773535
1.3946935778378189,-1.0730373158164834
-0.9701773862275526,-0.5621474699230311
-2.2673352658496047,-3.0811837329732157
-1.0400994804808856,-0.69977842337795
3.871171233723464,-1.2896050589724797
2.5042447637426095,-1.31342624111105
-3.0557807561550043,2.757533065666623
1.2706439052065779,-2.6290465420546307
-2.577517793138342,-1.1994894779563183
2.5903107340032445,0.7047818168678968
-0.45131198746938345,-1.0368942053579313
2.7168476068921112,-0.14166112044355975
2.8719899594236726,2.2565111353980734
0.670532887111583,-0.69620654019319
1.254086994919268,0.49868355473015774
-1.2454843551048207,-0.6239491121954498
2.996836927582669,1.9723229081592382
1.195558398354832,0.5897885656129158
3.096149629546161,2.544416046300063
2.3992521631204116,-0.6474348096737659
0.8325907645822297,-1.1934173009122684
1.3436340013763737,3.1786122857891415
2.963330952621328,-3.38256888108515
-0.7407291968730049,-0.6003816887491359
0.32226674601964783,-2.672838335194778
3.475630709876145,-0.9452736448386605
-1.1541893142930644,0.6291348716287226
-2.5709416115947787,3.255072158986525
-2.9503329709318757,1.146493559653265
-2.720385128204541,2.262700088447357
0.6605161092276065,-2.6079182719339267
3.5091736644288183,0.931039918090397
2.819981402820954,-2.53341808493941
3.622266617609203,2.465416465254801
0.7568259901435204,-0.10301283051861032
-1.068320318712115,-2.920838757992421
1.7895866168938537,0.9405311615130058
-2.9724213888089435,2.8663549773968935
2.796671311533328,-0.5375068882435113
3.137440899158343,0.5285887921834641
3.0607394488242416,3.000670978771668
1.0480574307828918,1.6770384726455225
0.8833567126452492,1.0561098355737581
-2.6319416152333703,-0.5086548516936436
-0.9659014920001475,-1.2295973459031262
0.6774008219029212,3.0046750984799946
-0.9796651839450445,-3.0050587869073135
1.0764958125701294,2.394078326009158
0.7425456032900073,2.8819050039575105
3.0614885293155676,2.6925562285921347
-2.6197875551804994,-0.38399442156797386
-2.837354512319417,2.3200693391642098
-0.8210332299551072,2.0012180319047217
3.2374068421213678,-3.358939471580167
2.6020253391793444,-0.57029620639963
2.3377189633444577,3.0824222698769597
-2.960173189056292,-0.7158895781886433
-1.0896624571959328,-2.7870917431637454
-1.0955253090184314,2.9756565500927
2.7245769580102106,1.6056235766524334
-1.000217340932836,1.1021178326247416
-0.4624094740852623,-3.2593319551619064
2.6857220257025984,3.836287891516204
3.354216392593091,-2.4797273752880433
0.7760814353440338,-2.9897127532620416
-2.9059082061750385,2.8046779921477945
-3.0880241096839405,2.8763459390443207
-0.8652958368604919,0.9065791509525267
1.3573979100422693,-2.3127927618428936
-0.8421991528322765,2.695462372010281
2.1608740454198916,2.216149398715282
2.206487688776967,0.6845079886801869
-1.725115803019458,1.174018292559347
0.37639822265168504,2.878249105758874
-2.604604804191145,3.2831132941504975
2.883841211583293,-2.78925585032721
0.6422713939827447,-1.057374894227674
3.0740932434910664,-2.461034171529167
-0.8367092931928233,-2.6941909416157435
2.524866406296912,2.006661738759766
0.14545260035776178,3.209999430386209
-1.3122837220655652,1.249972433114136
-2.6163193293736033,-2.4072447921998648
1.073202236855786,-3.1143868364022502
0.6829823414998835,2.4547273030737777
0.7071139365106641,-2.6687869613186628
-2.565551969531347,2.954806082575756
0.6717495993061455,1.3486912465600531
-0.5918013932373639,0.9798395085274577
-1.9078705956373134,3.1409094064654233
-1.8188633082468355,1.5683253614668162
3.080101243334323,-3.2976239635037765
-3.007000142879823,-0.3336759541978097
3.3137564223721965,0.7381219177578499
0.7589335849951468,-1.0073930109608715
-1.03960109341639,-0.2894868898539
3.2639994449749365,-3.1249724458302475
2.6402531597146988,-1.5674360162588226
2.479810435605072,-0.9863926316243617
2.4745454365824515,-1.5291258824502296
-0.2442620752603723,-1.9581977028001742
2.8454215893757047,-1.034976105218084
1.2947800227448054,-3.2289146310734047
-1.3680649871768453,2.8504995214833815
-2.7261553338788795,-2.8974658584722417
3.0063567932727575,2.3082694993824093
0.5774468542054123,-2.675140626362335
-1.0596991916487335,-2.955977783572201
-1.1598403931349162,-2.6490542915932673
1.579558237413345,-3.1239305697634774
-1.0762456765663617,-2.1971865821063927
-2.603727809564039,0.7729514352784228
0.8083407134860281,1.1024471184556353
-1.237721423478096,2.521134755231774
3.0874787049831394,-0.8976258790894994
-3.177629494770107,0.9265714651691958
-0.5500353493116441,-0.9742799076603207
0.7269693923290391,-1.5447099438290064
-1.0744447902959826,-2.6094724305025156
3.3441196507513236,-0.938420329115565
-2.624111103265035,-2.7591397504675355
2.992391205067673,-1.1231451603537383
-1.360384711858109,1.3715275400408558
1.9238229209074056,-2.9982772070893042
2.497213733823227,-2.5687651619079586
3.3546580473250485,0.5527014627086456
2.7706712282923713,1.0008287664240183
-2.940933397611757,0.6162349443525323
-0.8691548997598386,-2.429351494101429
-0.7872177040708195,-3.2453526527029775
2.343568519816624,-0.9043568437564506
0.8918162165767554,2.3602313546412135
-1.7259677799631588,2.4134141419143
-0.5029184640718812,2.602483481723316
2.9538805502238943,-1.6485052802662894
-2.5991340301149712,1.5632959901472103
3.1294211987561336,-0.6344196744290257
-1.1631530900574474,-1.1636445788163121
1.0406021267681902,-1.8466238449836447
0.5208589728117565,-1.112703314545049
-2.4108724929398364,2.223250037254449
2.4687063118324404,2.84004164049481
3.4785220787651143,-0.9258458523595485
0.5909433936764228,-0.8363518072396606
-2.745079007955118,-0.5704455017372078
3.1407770259123877,0.554484425959518
3.397603335760861,-0.6273654751975601
-0.9095903051544687,-2.395582143479925
-1.3757341113936665,2.5855385540788336
3.187021568277375,-2.5551424468690325
1.014055375739147,-1.320388079469424
2.930763838695341,1.3497233920607243
3.274767161123184,-0.5613505065425706
2.5548008025273803,0.4858642804716642
-1.0501337049762303,1.0309841913650406
-1.1599311538175918,-2.180479804285446
-2.447998807813171,1.7553538967509978
0.8434217654389026,2.834151846986516
-1.0556748768966084,2.478649673907403
-0.600091512785368,2.502017533276274
-0.49186509419401153,2.51970547812932
-2.8649880868076427,2.4911377414991938
-2.639489341995423,0.679464243963769
-0.7851991680383048,2.672165333224784
2.825210724529795,-2.93354849993104
-2.7839807521182194,-2.878935649238288
2.819615101250623,0.9105280664375169
2.641878839002254,3.4359585773275394
3.0401187252207555,0.448392260700784
-1.0247545618841836,3.123519110699954
-2.7811960720967246,1.159773262989434
1.4195996723994575,1.1035465943795328
0.9930448261095571,-0.5753593100863558
-0.5764050230505124,0.8077398904899714
3.2012335355902404,-2.4223228258646237
-2.804917475249713,-0.6590245286542484
-0.8630765537233999,0.7602075258088216
0.8128138743391017,-0.48406752449814655
1.3330432386378124,2.345373870363684
0.2372949923818403,1.9947001476822637
-0.8231731435676065,-3.149463433992762
0.9143734419336237,-2.6159366432735967
-2.566022918149404,0.49781311652526516
1.2691341794674889,0.8901296424718639
2.7917801502675466,0.9205236039235528
-3.20922610869197,1.925485551191693
0.5221368357259548,0.6517404872914155
-2.6236475420981047,2.551803940380967
-0.3526505111858398,-1.3819986040798857
2.8734242210182006,-0.31790317720793276
3.5664592684214127,-2.5819367429234554
0.29838425024015774,2.2686698438644917
-2.5598491251151563,1.8299695959967308
0.9449186221251014,-2.603676455835446
-2.697533478161406,-2.578126906392959
2.328674826868315,2.4215764164976306
-2.718870139782827,1.6552390828851444
-2.9669665043941977,-0.7862575972174924
-2.1094596369123564,0.9167158674025775
1.0016660745971266,0.9176752289438095
-0.8784208342092734,-2.546854000035795
2.4894972096802044,-3.1194185759951427
3.417102452890546,-3.252528756200841
3.194504664230335,0.7543301643623083
2.6367855462845804,0.931396406719067
2.475121528596309,2.9753762846095313
0.9833378881061662,-0.42503748992025436
2.549741408738803,0.6449590194423822
-1.4999134153561215,1.1839924630191672
3.1426068934210902,-2.703963994463101
-3.3192045175615728,3.0601991327727887
2.949891015388235,2.4726563164051285
3.312644908410286,2.542199068187064
-1.018441691164678,-2.61719407702252
2.8236467625624853,-1.3901476350663853
0.9498827484975098,0.4645013428260754
-1.3618208064883952,-0.8032937126488819
-0.7030978273811126,-0.4779882705359274
0.7279345129711386,0.7478287548170962
-2.739731580158123,-2.805427761645071
-2.6849822923158015,0.5573674945943473
-1.8283624153897595,1.3901025589582656
0.5539045504799918,2.214202097573027
-1.6515440517247404,0.8160293347405793
-0.6257920198802976,-0.491179751199
-2.372956850485562,-2.6756329592796466
-1.956157561177064,-2.7271161262805355
-3.981701912052351,2.530392503225861
-0.5188477830973262,3.4646050540965954
0.9395984724250558,-2.853834319596733
-2.957689120066886,1.548369339968953
2.3393312171767215,-1.2146947854967771
-0.39990244651836304,1.1716153499557505
2.7058773076459324,0.6653367929057141
1.2181455121936995,-1.1581279597035505
2.6624487884069787,0.9975300278552679
1.0074214911243107,-0.5454556526067356
2.821657084960528,-3.0157982268721795
-0.9797104524704259,-1.2021888795105984
0.3082976755299304,2.663586109826426
3.4154041157541295,-0.9120989614987935
2.3425796629160236,1.1757818244585339
0.8571170992798888,-2.624519672120441
-2.9359648403883725,-0.7114954064765319
0.9681602719476256,0.6648662902416533
-0.7000727575633945,1.1933797479529076
-2.2954569281502475,-3.000960597155634
-3.3541742962308985,0.7000234748292967
-0.4325400950519576,-1.0851043720065143
2.5206034091537948,0.9553967908074841
-2.8204471687934176,1.5993548983426975
2.9349344943287474,2.2472764035773296
3.09539780477129,-0.9115833389761198
0.8841062937214464,1.1766777258486538
-3.3517364710614777,2.7129061774105074
0.7248584462501197,-1.195340337746418
2.1453053862414113,2.73852744293742
-2.826854780778472,-0.9570506566675955
-2.3971873402457105,-2.5457580820465755
-2.387084662570014,-1.0922198434340253
2.630631137830912,0.4917106686205905
-3.0192867983806155,1.369179477249081
1.1571883225754092,-2.9036916555832257
-1.0406066517520858,1.2457334171684404
1.2641098173052239,2.6823560722131106
1.169730581205467,0.9965131182527722
1.1952993018387916,2.189313237440578
-0.7759794012396027,3.000742891211628
-3.6382995556816287,-2.5207485664410623
0.8386421313750548,-2.8815717143004287
2.8573754466285397,2.661687210680315
-2.8834267948223222,-2.317046947347935
-2.2571545326559024,-1.0943173358187759
2.712416214781897,2.1739756780841475
0.6429934250367731,0.5183387434882692
2.8615753268051023,-0.5980803310574135
-2.9314621106511147,0.9509611670622361
-1.221204491993828,2.2381757574040066
-0.6717671590640002,1.271894353381832
-2.5483509692328767,-1.0229787567745705
3.0220376877095734,2.8256967301719556
0.637683346766249,-1.0323553296953107
-1.1033281152514216,1.1742716888261764
-2.7739795878654134,2.6376899764156407
0.836300660144983,0.7073404179572953
-0.5716265903890789,-2.820539462117468
-0.9048206233805721,-0.5676858126041278
0.5237313045034171,-0.03705839267855819
0.8754483745156583,1.0804985354993402
2.799584919572387,-1.1500095529876857
-2.9489141112754607,0.9878701902852166
-3.0135673524028967,-1.034226301270345
0.44127519891574074,3.1677469258020388
3.3968447652790412,-2.3880748032742214
3.1701287346416707,-0.7643202969502542
3.4461692034719626,2.7195769286514047
2.719575594347942,0.9624989295052823
1.0172944516447489,2.905423573178817
-2.60442685216071,2.749152211755034
1.7680772304134331,-2.324956277474031
0.38027782224163487,-2.88780181451586
0.6827974135278684,3.1693017437334476
0.6607313707287837,-3.0608460844475465
-2.71262313803096,1.417410762872196
-2.886600370783103,-2.5327621822714677
-2.9725713118826,0.9069118056778396
-2.290658177578808,-0.2902468634447027
-1.1604539476329212,-0.7431346419805979
-3.083977753519704,-2.759181049396394
-0.6981203402627897,-0.8772578529679418
0.8594783336561915,-0.9801017858431171
-3.188992780720712,-1.169483739394743
-2.7023894722682718,-1.0665601980449562
3.0559524208429454,-3.064102382199585
-1.3994795387789973,-0.5363220211298738
1.1671030324708407,0.8647256717747771
1.2259671776277377,-0.8296050846301434
-0.5358877734544467,0.07191146409340166
3.258851346050577,-2.3275806859055996
-2.783068289361347,-3.33953730240144
-1.4533692443162751,0.682120543687813
-3.3894770162979624,2.2913579025086315
-2.804358411681322,1.0829787790852738
-2.8514673415459644,2.0466226528194467
2.54177517195246,2.5758369982028015
3.228829616763116,-3.682098766584921
2.637391080811478,-3.0793483526419005
-2.991339218419305,-2.8181160040643296
-0.3586274591624618,0.7213461538276791
0.41342138463622685,-1.1299828681268325
-2.9438927733700138,2.459643463746898
-2.1912019277656563,0.8137625787832341
-2.840686004123393,0.8772225452911963
0.6741184509816636,-2.1641701350070712
-0.19762335535642356,2.479903129681677
-2.614581635001539,3.1899991432719363
-1.0107480091819796,0.8802394055508498
-2.670216191010225,-0.5939215439284717
0.5289655267971756,-2.696942320831144
0.5778461522374839,-2.949117877031351
0.4573885839902745,-0.205404018943843
-2.9170806598352153,0.9293564679487495
-0.6172909475926621,2.7365527283607824
0.7322604415738425,-0.23847762605105585
-3.206995966329728,3.3875748757701127
0.9701510020728513,-2.4378728627923656
2.682773530758054,-3.625595262285423
3.0744687911290787,-2.8031337670278496
2.5015198314675895,2.4247663257266687
-0.9419248407527898,-2.713732949274332
0.8250129078668126,-3.201694636274313
0.3699249377955579,1.1510795322015923
-1.5833773043315051,2.0245003070464938
-2.144465339746259,2.07041055830641
-2.6860649854227376,-1.4818362865566277
2.226586012792596,1.0602066787594409
0.5962487172039115,-1.8754060089507165
-0.6366431636248328,1.541914867233653
1.9959322910622233,1.3236911864962118
-2.824428662137016,-1.3271525786429756
-1.4025513030551258,0.9529257871578412
-2.315726939686399,-0.8643820217254365
-3.2544240592297546,3.046633960216473
-2.2812332940875626,-3.0127461493550585
-1.9196670003195269,-1.550072216651988
-3.1459319195499336,2.7104944452320323
-2.661204191944632,3.352288155686931
2.8414734759032783,-0.9122882478567531
-1.8772976829054517,2.831968220529409
1.1790802342786313,-2.0112416664394286
2.6673724671532266,0.7619937981076663
-0.7080822953696011,-2.3306207537892956
3.2436636444584592,2.766343684470878
-0.2747302973781576,-2.7559961325479794
-1.4781953073494776,1.9122524248450472
-1.5468766023895673,-3.008017378532361
0.5235570414530514,2.801760133727363
-3.6535265263767163,1.3953422707410494
-0.7037908493354361,-1.0424212506053034
-2.732268870282458,-0.33625659006565317
-2.824102368914001,0.7949226267923045
-2.6663183513221527,1.3329044196590032
0.6872986942665076,2.626999764715471
-0.1852868203045426,2.8893864786127805
-1.0473109735927808,-0.3883364576456914
0.8251130988052154,0.486583538826371
-2.1914938160765627,-0.3571658961703852
-1.2721666682171502,3.2835618744535497
2.2795827477444464,1.079152573883931
-0.8099810233074303,-3.0817754439905345
0.7969612191443161,2.334752303976198
-1.355197711680935,-0.7046590829717047
-0.9371573113754408,-2.2869831144595705
-1.5056097403739503,-0.5462175984563341
3.020010371025456,-3.411525011187393
0.866688138903698,-2.439290397706981
-2.6543300962820506,0.9939668995459592
-1.2534218886032713,1.1909951834023085
3.432384363737255,-3.642679750583755
1.2324874503968977,0.9616320475816899
0.7452592680365597,-2.4787812744501765
0.6708667157194862,-2.9987654208472128
-1.1073701326530705,0.8507405455058035
-1.3888615153943564,2.313302196103066
1.428779634091214,1.1883489241842462
-3.140662198190007,3.042348155516885
1.1045277176473614,-0.9143293243329882
0.6234813286207282,0.386364133681415
2.805212321527338,0.3372809205053807
0.7332397228772517,-1.0888739385382191
-3.1485824312286423,-0.7511129159889017
2.4925837871752625,-1.3807008650260217
0.5606879685346525,-2.801349505357095
3.132231194192616,-3.419258569242055
2.676681808190694,2.588357239460896
-3.2186998346760056,1.3168884157414646
-1.4367643919175705,1.0913389274350425
-2.7916198832982504,1.3976463582340544
0.33602833296994256,2.621243911034705
2.9188154831738564,-2.473414287920312
-2.6935145992883074,2.8619309512404354
2.9839350857163036,-3.161179539270265
1.071719585486566,-1.4849636194773972
2.0461231418927652,1.3507636438788142
3.014061130224963,-0.9790609704642549
-1.2868192789911692,1.1414157734411883
-1.2474014997085374,-0.6490442904064265
-1.3913562444374892,2.426969469903279
-2.742880543347877,-1.893924315822959
-2.7133882499307465,2.4382299405053147
-2.8625481842017773,-0.6550825159598314
-2.8987066748355113,-3.256118071749742
2.7156902012767956,3.4339209322874464
-0.9693802154022315,-2.404015204933561
-2.5036502201380153,1.2333140411372527
-2.400062791829817,1.9924868589167766
-0.643552872034915,3.4617773410217003
-2.3558507423364903,0.7916831056931534
-0.8157146933221966,2.621718229711374
3.188186575576713,-0.811728076800002
-2.7743833413739436,-0.5361695799727234
-2.917781503546316,-2.5950899935415603
-3.0538469835916175,-1.474389687781111
0.9700529345033393,3.044074532059711
-0.9035380500417005,1.2713680918152666
-1.280961528792848,1.2653347651649718
-2.314768752459736,-2.4322828480024508
-2.6583584441457595,-0.6883047540891569
-2.904163779910043,-0.8250908476809865
1.27291835817171,-3.3150106980310774
3.078107455184916,-0.8267298923484169
2.6828630311972383,-2.8006709076309675
3.008793497374778,-1.0379466137721107
1.1594803914616307,-3.3265776632692132
2.9775803592419194,-0.964230910852251
0.7570131234019133,1.0478098080750715
2.69483392070524,0.6252581608804149
2.3297054347415767,-2.8695163033638313
-3.084909741386642,0.815259460125087
0.4638249932569509,-1.0270198123543435
-2.8855321030275,-1.0256411077435073
-0.8923948244974295,-0.36949835548637694
-3.4079133229327767,0.5492137557589
-2.482024170093196,2.793785892369679
1.1442068867465647,-2.692239244870251
1.5270736192387,1.9249206852987308
2.6535425999310513,-1.1413780605997466
1.053939021657343,0.686130929516416
-0.5985419623456015,0.47087814689406254
-2.991759678989975,-1.2671476328462226
0.7049873993209049,-1.1829299387548926
0.4623765168162898,2.6854642780322178
-0.8515551665492449,-2.629966921729693
-0.503054386322709,2.7853283190728484
-2.475242433270721,2.8078624827858283
0.8469856146811302,2.906396271999669
3.111403010126143,2.4884939611412524
-0.3449087975952833,0.7493930267979441
-3.05668190492206,-2.2451747609087436
2.977659875972198,-0.04805476825095435
3.264352173092894,-3.275238813145213
-0.611854947730791,-2.359455636542763
-1.3359987225043348,-2.783690570954271
1.470577404843482,-2.5494725670917346
2.264980536578044,-0.9513876115436508
3.0534632666228334,2.691526134572355
3.3295400447225565,2.710488642491242
3.0355039806045787,-0.5467152366321841
2.1167963254900415,1.0036613094052238
1.1889827710019771,1.860676314231163
2.8455220471394544,-2.627949334757729
-0.9458608443445056,-2.5310049406816377
3.025968664122908,-3.1716302902555182
0.9566203668203019,-1.2875585624514694
-2.297183198427475,-2.8107125115232523
3.2598475503097872,-1.262894243911215
1.1509362562562058,0.6667976748794843
-1.1916941418034481,-2.5841811836168924
-1.1246318801620085,0.9250551813162083
-0.6629637288638007,-0.5881758056176994
1.346285267505841,-3.6438177498601347
1.2087369148291032,0.6869813357908763
3.3188231882363026,-3.406123519691343
-2.2659289758943633,0.5743254941385509
1.3567093631405875,-1.0642954931011286
1.3903303526000719,-2.8940122081270716
-3.277758203264719,3.2043777520493486
1.6460492442399153,-0.9272804379540734
2.8821551676903505,-3.3686935138028375
0.8580291711215511,-2.3812126516145513
1.1619758651082244,-3.150730137127178
3.258097868370849,-1.653652009358135
3.0869347241120715,0.9871128219870564
-0.5166128712854968,-3.161505560844338
2.7007579317911365,0.2430841015399569
-0.9242091338474833,-2.5293750113111977
-1.1892552577345572,2.704019210846445
-3.085867638472236,1.2708298112385394
-1.122927904813186,2.8485838841211155
-3.1401799544669236,3.375610633457519
-0.7502311776760523,2.9996687813496274
-2.7643939772874755,-2.6071341666384
-2.4590726140986687,0.7932801592781709
-2.6420548669102715,-0.11278128102361772
-2.87988988025243,2.8360345728447505
2.3697258496924904,2.5272814435535937
-2.8693140001859083,1.5851827060859442
-0.2154693201673882,-1.0849529286301212
3.2959619126427864,0.32977525805164437
-0.695770988753705,-3.0529563178868147
2.95199319115413,-0.7971826859075001
3.010588405604025,-3.609992017283727
-3.0529370853659974,-2.556621423600465
-0.7341422498842936,2.4923215339668015
3.2387011251685593,-0.8805574264330375
-0.5318771702356304,0.6034579945166784
3.3171637402298386,0.659584408426988
0.8544419332101795,2.410071073848005
-0.708067737900381,1.210616687739583
-0.9899087403979924,0.9581309115529042
0.8689718138526994,-1.0162388975535839
-1.0056483485243517,2.541526723590936
-0.9930544867701717,-2.950992614394756
-3.075764891381496,2.7289024045087507
2.9810441216768444,-1.1156433947447866
0.6308032078611632,2.3147183291813054
-0.8174460508617064,-0.4884616637046498
1.1213212362366565,-2.3171390436419843
2.902298223988565,2.423716938846996
-3.2658507119755065,2.649358393882269
1.4804507022658402,-1.872480944918969
-0.8964396109141272,2.0491430172796177
-3.3285044507404007,3.3600189764290707
-2.684901203623287,2.576124911950816
-0.39738006684420496,-2.8248464336760213
-1.1586469975701081,-2.406525021777006
-2.6783482319853675,0.9271618511519888
-0.28129614735017733,-2.6345851128375632
-1.0486537270028835,2.6469768938928384
-3.60814939178499,1.9062844916283066
3.0459508729480436,2.4805162422344758
0.7066783804314501,1.6900837389711934
0.4847917116667294,2.373112544077481
0.9043487459882563,-0.8751177893075787
3.1202997998024826,-3.0538200044875623
-1.1731349814185819,1.1406383542677039
2.1979039374131295,2.891747299515478
-4.141363285572175,2.976146134841473
2.8943800091669534,-2.7343697926372044
1.960194107654722,0.33038569817750774
-2.7031440864146137,0.7757647292599132
0.22101916285720877,2.8222400366958316
-2.5641943692917906,2.819285502729086
-2.9664153522687347,2.103136816203806
0.8959936860305218,1.0783142314094964
-2.84139362082727,1.223734850785761
-0.8095646261290536,0.7562353351021117
-2.6757467663212027,-1.199523180612449
-2.3994502487423954,0.5529234936372213
-2.714427596652943,-2.272687387400655
-1.9022869738713388,-0.5796478086443229
-0.8838393966045969,-0.6298021357743939
-2.8514785004013903,2.565439802327352
-1.6852949505262438,3.187697317929277
-1.3226878628180394,-2.6815910972731203
0.6997344903767878,-0.887021276051103
-0.7024526121367524,-3.0310042380751874
-1.2017313360128736,-2.6367837606555664
1.2137909003771234,3.1364649376124354
-3.128395054796381,-2.7683819683256035
3.03795363044199,-1.318242292065328
1.252705803118719,3.2604791019642496
2.556256199738685,-1.4426675531712618
-3.117682819175117,-2.9473754270476515
1.8605042831652063,-2.1628899899061564
3.4332028678811315,2.7853470047213746
2.821667153340204,1.271624333585463
-3.46678996080266,2.7165129731973185
-2.929415456432686,-2.460757066604122
-1.657570929961293,-2.9699829029610805
-2.3118588190150295,1.4495178159281945
-2.402761670613053,-0.6645717694458984
3.711305566010352,-3.5007920958936936
2.990862685813018,2.8071611677629758
-2.4811274132310333,-2.860323564652948
-1.1071370466843757,-2.9011620845584245
0.5260040519554967,2.923740327882102
0.41753862265935565,-0.9030058767199663
-3.0291017855614832,0.8266814153933474
0.2816792304240918,2.5568570619637567
-1.6035971483714537,-1.989882759468484
-2.1288517076088387,-3.1046178156838518
2.714636885526525,-1.5906313060131563
-3.012255335402139,3.1589124784772444
-1.047487409294929,1.3745411413481317
-2.6582227182873477,2.4864514211918265
2.7436753225420945,3.196672173542563
0.5685030862615612,-0.8579858772027236
-2.616850792113506,0.6575868964705499
0.5004312576182186,-1.0801540869337947
-2.425204912146379,-0.983172204851177
-1.6212844893645744,2.864079268132946
0.4927113522635644,-2.76651229911368
-2.363336442669067,-2.875289319893797
-0.929987086624476,2.762206444239226
-0.7160962754236647,2.9230909071705278
0.6220388532753617,1.2376484786930588
2.1905431887090163,-1.0006786237713858
-0.8034365370164984,-0.20039028566854197
2.8903218148500627,-1.6954118061780892
2.383275477636212,2.7301937492536976
-2.834967660556333,-1.4951521103615466
0.6884405329605677,2.895387044360657
0.6541149982054233,-3.3399356661906303
1.2511763696838603,0.6145628630966133
-1.5880560984564278,-0.36754145745279876
-2.271153841402539,0.7206498840294411
1.1806489356497507,-2.5407338876253034
-0.8308560634588047,0.8304899478571558
2.334838873540109,1.1025957180762662
0.9352391449598914,2.4057207950285098
-1.4140202909133959,-0.9213485474970753
-2.5774146584874886,0.8618119010772295
-0.860436016585978,-0.8451507520229168
3.086304603859002,0.7531023509533626
-2.4388746424867978,-0.21573470884082652
-1.2370880380287779,-1.3082007619967921
-0.8644312357699665,0.8400737294585893
2.860709083125166,0.8023837705768992
-2.293567526679022,-2.539927889460746
-1.3293186800685834,1.9770536928948068
2.9326946116911006,2.7266265825657245
2.9062810984306076,0.7673233317488835
-0.6136436957908334,-2.8884668694777678
2.636997901371231,0.07349726301454912
0.14029887723168166,0.685666845673446
-2.648121073443975,2.407513130504036
0.7045338961736921,0.722342385056218
-1.2835960093147079,-2.8683770233803534
-1.4448589145260526,2.952026930339384
2.796055029716614,0.7321192980266796
2.6583099440556333,2.68715826053093
0.965619404790602,2.665244869791221
3.1565408353468145,2.5167070742795907
1.0268829507317168,1.0673250766447777
0.9844638092301738,1.1410246002356803
3.2671563790353924,-3.5621971395956957
-3.115931704720351,2.8376912041449205
3.454132043684903,0.9400157502991882
-1.2764629519772506,-3.0840251417899966
-1.1916507079387793,-2.1751578536096527
-0.7984940491072189,-0.5975670611838502
-2.562916625509272,-2.3876708938085267
-3.544068982101384,-2.46175906081933
-2.712240404214643,3.19499992530317
2.9971248845899234,-0.03693994614375057
-1.188341722719048,-2.7168120481528297
1.168660275726081,-3.0979360344583204
3.2356593824922695,1.2710952464191299
-1.4105154631730152,2.5898806013627027
-2.7755352080216977,1.398178519862799
1.261262189177326,-2.7138590208575923
-2.724988281383731,3.125805574116202
-3.3656458115007575,3.0928208782829736
1.1795441843724481,1.07535720480592
-3.1379255640613315,-2.958037391532077
1.6307970574799922,0.9086717137861086
0.7260829400994474,-3.210708233819252
-2.5352574165072697,-2.450186581556181
0.13142955071634255,0.6211417477582535
-0.9870289948065913,2.552464407520933
2.7195174613873325,-0.772158813155983
-0.8331318022403161,-2.8025631057783116
3.469284945890548,0.9756086426275905
1.0000778762964202,-0.9066771243026879
0.8707965641546547,2.631221967985529
1.298445697073863,-2.6927378417603953
-2.683462293185295,0.7157625301876016
-2.0157889529102717,-2.711206961564852
2.4871327031597907,1.4819870995222664
3.772688774368179,-2.848906768712212
2.693435915674631,2.722552744226645
2.4476645055043176,-0.7121032508320309
-1.1113028571805994,3.3411290912766547
-3.0244145729630643,-2.2836647254159512
3.634567076877163,-1.4140796713568964
1.0638818501933247,-1.2108731885374202
-2.8258779328741275,2.346057486837057
2.249479930737257,1.5507672017537169
3.422993361952633,-1.2353629849339491
-1.307007738645833,-0.9163899418370844
3.1468191370872365,-0.8893710690175084
-2.6252094015512855,2.890296757374587
-1.430562686806415,-2.7316822854795206
-1.332274667435124,-3.2522037408424693
-2.509884988661743,0.9541612808428571
-2.791554543649112,-0.46761184631733554
0.7995077484847818,-3.222167878336804
0.9458142554688841,-3.5231531660800535
3.3691773723754666,-1.1197598138436378
3.3716434081725644,2.491421071559908
0.7431935768952923,-0.41370525732731916
-2.8373536132850963,-3.523474293094058
3.157532479605252,0.9544213244792698
-1.8859345003633046,1.418700286713272
-3.1150007966359605,-0.41970285039407207
0.37542916876379806,1.1751025406935247
-2.9494269829449444,2.8319368816219392
-0.75557808365141,-0.8844478715551947
-2.6435234821788134,3.0243117657782057
-0.6417674910086671,-0.9419909863852897
0.5252763742552226,-1.3558995078300267
-0.9983465092327444,1.104273851783102
0.3161808934520382,-1.425303806181714
-2.689390027622864,-0.7231823179854131
-1.1490319774249216,3.037147766477233
1.043304578748301,-2.8747138718511764
-0.6856858671924194,-0.6994799810366549
1.0532403366374237,-3.111986739250451
-3.001169233533014,0.7160536343038606
1.002054199412996,-2.5761728219102267
-0.633134921537665,-2.950252624141058
1.5426011890802493,3.0573304074319423
-1.5870337018116802,1.2539593797509698
-1.071404391123305,-2.7476341186774023
-2.5622854224353775,-0.8947853785203141
3.465131347999093,-1.094547848480197
1.1356842165673353,-0.6640224950813409
-3.0995708820984236,1.1925104956362986
-1.1251689475915403,0.45464540864971115
-0.49004539585722084,-3.1688461927484597
-2.949457542727001,-1.3365847547295484
-1.0969003596271991,1.087990404830647
-2.6837976328086945,-0.8812654516780498
-1.036070707086046,-1.5460418816044712
3.4147668469868795,-1.4266151536178744
2.350618649938631,-2.29745717398857
-2.4872996090637676,-2.859005251310724
-3.2769860608327135,2.6696671192089805
-1.234770315239755,-1.176575013513439
0.8790605830774423,-1.0277355801831605
2.2731687277466572,2.662520704883009
-1.6885544518113333,1.3309077660597637
1.4394341149694536,-2.424291615090486
1.9112231031246434,0.8526375274026021
-0.3680597366194937,-3.0163928871051184
0.661730547845003,2.927621876296981
-1.2037632461520158,-2.5135434719593115
0.6977753229780524,-2.8967993166997883
2.9648264998434386,-2.703520665047193
-0.7506592874391171,-1.327491352805134
-2.3300677755298973,3.486404570651231
-0.8043980737035004,-0.9679720516696996
0.39571849864450565,-1.515933984611767
-1.0646460350807025,-2.9183931260301934
-1.1068023878796063,-0.6023250988626523
1.3713672691335794,-4.043332812441131
3.0848134664874456,0.5279901274959408
1.2448990202785661,-3.170841103960704
-1.2484810047054928,3.424715043471407
-0.7289509450765107,-3.3784465908709143
2.150923578911052,0.951610204660639
-2.981181837371499,-2.2181491203090813
-1.3946381614217025,0.9780038602551944
1.066719783450003,-0.6807028674274204
1.1002631975364912,0.17183972737422942
-1.4360467739481848,0.9825916719586744
-0.2253981321762172,-3.190204364459663
-1.0822613912643866,2.3306015288713784
-1.0374890612294565,3.4098891694845457
-1.2055972556162502,1.027205238024036
-1.3801061905726546,2.8917791598776987
2.954623179984334,0.5874992292342139
-3.035427615800383,2.9201688348748642
0.8332362945816468,3.1566485879212265
-3.0026471229655622,-2.2599931575537724
1.5975113592538135,-3.4391784269149075
0.9403804446712305,-3.02509531256086
-0.27158048442071553,0.6969150554252872
-2.7581750797473927,-1.5734265784560018
-1.9908590339325078,-2.292838637512842
2.8398165881338073,-0.9921525232528406
-0.9033273507714842,-2.921158205863331
1.4534779446570072,-2.559780989016289
-0.7590597129909719,0.6392219879755817
0.2664707871238288,-0.8443514911169254
-2.9975727823717464,2.460693863763954
0.5992581371638065,0.7649993437612519
-2.7078145970013465,-2.440062250688668
-2.8652138572932375,-1.0645440629290515
-2.333996116880324,1.117267393611026
3.3901435935944284,-3.47228585951408
-2.4774275100519003,-1.2219465890700845
0.9683412999321216,-0.8873133156115101
0.5946049572765402,-0.6404897919237234
-2.584939794202562,-2.7451636090289786
0.34466331613382334,-1.3273544593236055
2.4141715317729657,3.096939651458594
2.963907960471993,0.8973878429345072
-3.020242753025595,2.797290295695887
-2.717405316209929,-2.5875738707395732
2.9140519932275017,2.3949934161866784
0.7844683343852087,2.9847663144658325
-2.444052051266542,2.28041137201364
1.9102905051314865,2.355952963610449
-1.2406123545826193,-2.375442039141864
-0.13870794923903318,2.8707299635431758
-1.8713344295742378,-2.437695673534246
-2.5544587375129844,-2.7639898502379294
0.2363579611885191,-0.2649636898160529
-2.7082300544034217,-1.1624194223960806
-1.2075818541676564,0.6397228389278145
-0.8699613874707394,1.9447840593568808
-1.1977383452692156,-2.8032550740523234
-0.7141095309710208,0.4699081523371192
3.5808189186179,-1.6006388543528824
-2.6671798163887668,-1.191335684104516
-2.820898264729947,-0.3033025071296069
-3.246272302347963,0.4780639650914324
3.0421350106017395,2.2925058185209157
-0.9694785084895364,2.7118692569371685
-1.4187943741656672,-0.7808965402195859
-3.009157005178329,2.818313158093306
-2.905398828156663,-0.6593008248221365
-2.862920151665736,1.1041756748302833
1.078246821811873,0.9811334984625057
-1.4547644389813776,-2.6523657073953295
-3.4163417963958307,-2.5668887265235973
-1.0886081619648547,-2.8142358170862813
0.8350386634263423,1.0062397308825095
-2.729709314056875,-2.9135265455649586
2.205797084910703,0.6459339635617733
3.244711807040037,2.743396816754453
1.9770966421757594,-0.6292138855157854
-0.9758785664716847,1.505050479899947
-3.350017490078788,-3.1540326503303353
-2.9813755723921,-0.7153594103803343
1.9353389886561416,-2.4327944523142238
-2.6049642758505223,-2.5336524162283904
2.6802592821138944,2.5033421712422617
3.096552862677389,-1.0652222649995762
1.2201082969626824,-2.9840619471509187
-3.087524874412731,1.0489627493285791
3.580728247016751,-2.5610237944961534
1.3054013681815668,-2.99463508628991
-3.1367093590112853,1.1171862466579636
2.6188175207409716,2.8306862229783873
-2.6634240914495884,-0.5441931237552687
1.4150973388838337,-2.8215151032189283
0.3779616196067199,3.167389162008693
0.8148871095696961,-1.5038495541115833
2.7558897926120784,-3.570424064818967
0.6249726684014271,-1.2661269277749152
0.6738352447073239,2.4631079900572166
-2.613784290394094,2.930964258645196
-2.483385978570285,1.1753690414621119
0.6992323066560734,1.8241119402448256
0.8415310816823387,-0.46691877426659556
-2.9919839353647903,0.8145740489170462
0.1939214290019731,1.0915128597416375
-1.3329710860334596,-1.4827917300185287
0.41563957780836774,-1.0510021174097126
-1.0277063736205152,2.7197329760066435
0.7824228348290841,-2.818332653998461
-3.329671767483679,2.2535445818399027
-2.4134259056665175,-2.542130780191519
3.0667454571993833,-0.701969209147612
-2.5802838777461794,-2.4926732291015923
-3.043242563230386,-1.1988134957114311
-2.1913897545882195,-2.7044704947380085
-1.8973269123015581,-3.737563852718922
2.4165231264327267,-3.1674758218211903
-3.2087712686352665,1.56156617937911
2.9332964517269047,3.463063929892718
-2.7905877659822456,0.7803984553333786
3.4603740559616254,1.686417558770674
-0.6440081248953187,-0.8434072840828981
-0.6353369386915658,-2.9945639608755337
1.1513701032726296,-1.2823510907934408
-1.3526393902248461,0.9451132190558782
-1.2841685160346534,2.352449808556537
-0.6929864042652527,-0.41466077859304945
0.6994527067299613,-3.2452903320718693
2.686958291658985,2.745926388317716
2.6632665783087472,2.3705077317484755
2.255682569568977,1.1049173456525956
0.7270011265582512,2.7398896413847416
1.2170682861947328,-1.1122704296261325
3.034090212925917,0.70217877146884
-0.8937334223867293,-2.4785420952656847
-0.9611995755392279,-0.5463399048294295
-2.4840549047403258,3.79389402102824
1.2727792614270474,-0.8256013564419231
-1.3468380560270288,-1.0153917648772957
-0.2970629413642021,2.4242165161694116
1.000068456816016,1.9418394507915633
-0.4963487564277384,-0.9046255880361291
-2.4741059049312697,-0.5900017641873523
0.9750605428031219,3.098771973289092
-0.6683697856709738,-2.60554983607019
-2.395652066748009,1.9079531490433195
-1.3659104566264606,-2.031413832916919
-2.010027848133729,2.047903733848227
-2.8939970941348,3.1333316550809287
1.1810413196667535,-1.2789386820024031
2.681974518088497,0.5815939120193311
2.7395468017246127,-1.7349880352718343
-3.270576576578538,-0.2617430584643967
-0.4823434469296977,-2.105264732819792
1.0267424035239354,-0.9656850849017777
-2.351653906023103,-2.313611415045202
-1.093721781821137,2.285567513803624
-0.8060151482710837,-0.4599237839002349
-0.8980363047834874,1.1990589913826613
1.5427243151459553,-2.441163170319092
-2.4022497620178282,-2.8439739652857408
1.1122924822199383,-0.9615960192759623
2.5235735776713373,0.6842455614983324
0.7808722673704844,1.3762270932826912
-1.1853640243600887,-0.6488071039528712
-0.4840812375161407,-2.7889030238300325
-0.9435432824197532,-3.3199155366714264
-2.7510301550353837,-0.6623844945919816
-1.5163393942309185,2.7632756683987836
-2.6519099336294083,-0.420994580306634
-0.9395954965400077,2.4054398984837535
-0.6541733816264776,-0.9437975563799392
3.3390843143419153,-3.040551751531333
2.9844980748816603,-2.860615077212001
2.4794187132369614,2.590787280240861
0.9421030464039124,2.586277547152153
1.740893631594588,-2.6763858795419546
1.6093197013096026,-2.7811908670190957
-3.4509284226532393,3.142448790675791
-3.202478340545847,-0.6953784753785183
-0.8409475092576701,1.1250400880104767
-3.670524810374667,2.5894693722205737
2.8055620503065533,0.7641552698251238
-2.4050147519566387,-3.3711838868718265
-2.4654605412706143,0.1570718486019604
1.9275966166721534,2.4707733384643835
-3.215704848819162,1.0929021888829487
0.19241289493296873,0.14133631651811793
1.5065519783361423,-0.7551087188122658
0.8512660542869939,-1.0584862686103567
1.0852260358895216,2.7559165893192135
3.3605836965472653,-2.93716136070394
-3.5126277773390835,1.4446853396622803
-0.5529885145977187,2.4292217345854965
2.7339919189032984,2.622335477074425
3.2467557893659533,-1.7415522806729327
2.229551202345555,-1.255946526828206
-3.1795577145654557,-0.6139718818882606
-0.38505227515052026,-2.7761736560150623
3.4225143606177384,-2.710139781788572
-3.1096042624521445,-0.2909803114070259
0.028063366983268393,-3.4172408636941465
2.7835135961611313,0.8195543990739009
1.3199035147976292,0.554438486798027
-0.9426067969006772,-0.7161763354570365
0.9436156068606719,-1.0478777078305717
-1.190657113868097,2.5845450606648064
1.112217911641862,0.37723433624816816
1.8351272582965772,-3.4938272058851996
-0.09952189725246836,2.5651867118342677
0.9470650998609708,-2.609039338398989
-1.2949445992920365,0.2901933533942564
2.696831491727374,2.9252993264902973
-1.4070740922110236,0.8452175014434511
-1.0539348076282364,-3.051162013030058
-2.556814070035522,1.070324090004791
-1.3991091424806703,-2.8144643619189122
1.5758374074278374,0.9834511519335555
2.863813968876497,-0.5740655811760832
-3.587149963432037,2.374538453663952
-1.1224560936886763,-0.3580988757261384
0.9513639747432185,-3.109793096173896
-0.7259111379359282,0.9799070035479774
3.345938750963505,-1.1655656289255185
3.0681659255038727,2.2362430989852906
-3.4936534881907773,2.6466055883580877
-2.859085777806291,-2.937022338123035
-2.754343357813648,-2.8082451501700088
3.6435162704535022,1.090714283092297
0.8332755552355952,-0.4340982845548124
-0.8730386285800783,-0.94419469078808
0.9051211650416058,-0.9509803783505247
-2.774140629780022,-3.6881917043254346
-2.374468402207544,3.006555477538211
-1.0819461892996984,-0.9471916127091291
1.1297408612958975,2.6726292047104705
1.1496860124871011,-2.790564288839692
-0.9759174201839869,-2.4983840976208422
-3.0140824778813537,-0.6379070150077544
1.3601637222209406,-0.7814962027404656
-1.2279893526100751,2.2466071055503063
1.0677189344410534,1.0080743413130295
2.85378700786647,1.021742120079712
-0.7890823428103004,-0.9212194683501668
0.5877646117639288,3.422940508627736
-2.9233828469014385,2.8949264779835864
-1.240118869111403,1.4271425967717903
-0.9306745890422746,-3.2547838151701907
2.4982090376718786,-3.3433426761567278
-0.45166161477282346,-1.1172813818418603
2.991514507573235,-2.830718073971119
-0.7243273266232386,-3.486174324030345
0.627343772691837,2.9290393528132155
-2.9389760161639433,-1.9109846464548972
-2.9057352563374748,-0.8868735401138447
-2.9673771374799918,-1.5622681586190048
-1.9946395974971523,0.6549077890565717
0.984820745307232,-2.715050323804555
-0.9525460616046917,-1.033106554382605
1.4706143614974658,1.165236234531619
0.9980845889621397,2.579925258572163
-0.9622649657817295,-0.11838225132727355
-1.189429139916732,0.8848774558595698
-0.8101287646197232,-0.23354206773518996
-2.69699520605784,2.522737069297767
-1.2340910487537988,3.287219624104553
3.237302426280504,-0.8650156613121407
2.733649412080815,-0.5415045416204584
1.0587975032811552,1.7792309000388549
2.4569565322332094,0.42907306831330333
0.43788116710440955,-1.5814338600557996
0.9466965378626384,-0.9712591210044135
1.2287107481030066,-1.3618467740531843
3.0797291391958828,0.9584569264506082
2.970723971572123,-3.1150483903625346
-2.97913867934297,-2.11430571850361
-1.155115303666519,-1.9746710967771646
-2.4939448653113825,-2.8662324541154365
-1.0009503705940488,2.149715866349852
2.941442581403247,-3.2721054602526247
-3.257848512097625,2.4132444764594
-0.48115268173050296,1.3334777705808905
2.684458449727832,-1.0247509770952195
1.3855953644851047,-2.603593719813879
-0.7093172489405132,-0.45036754002986
1.2679012022748042,-2.9570114224522697
-2.9800513723663205,-0.6217200873301093
-1.2242131556984086,-2.54473835913452
-0.7288691728312869,2.725516095177614
-2.9371217696464185,-0.543529367974733
-0.9616305893902207,2.860307707147501
0.5505573870091911,0.4345729827672472
0.6372502542174792,2.7468309724251982
-0.8568311366882451,-2.6399695284218567
1.0319465101665717,2.218030546760239
3.0649831447699327,-0.7898641025917651
2.5745967736746955,1.5931298763507744
2.286927041776352,3.0191853980150842
-2.500262191454293,-2.489311845064772
-2.8402770184883854,1.4459970899483139
-1.2682230719906726,-0.9960568643534888
-2.610945421940336,1.169284236501279
-2.4462888671698892,2.4799260003246446
-2.213780523100482,-0.7021024673056031
3.0515608367645437,-1.1304278600813173
0.9443919156188493,-3.009858985926265
1.575412593527871,-2.7558858777537707
1.256784513240059,-0.8598100198124048
-1.0197503351628732,1.2142057065690182
-2.8217681221111364,-0.4820424446924283
2.517768182404167,-1.2249390452972664
-2.690633216821295,-0.634812305421411
-1.1526867139356878,2.6726437802116862
-0.6538095816934508,-1.3345805112070097
-2.834020429491174,-0.38306122068790993
1.4925870807334216,-2.654586699237753
2.5314011972275487,0.9696685497722479
-1.0402021597989026,-2.827597241491209
-0.9139070866260853,1.5301275402356238
-0.5391223533825815,-1.4644214760352638
2.5649207744443294,-3.4712327891763533
0.6472234782107806,-0.738522917111063
1.2433883908318528,-1.3690708352931016
3.1590713067149436,2.3848751154458756
-1.2646138076680136,2.125151153591717
-0.4551664864744863,2.943628672959704
0.1846423229642554,2.4521564077799116
-1.1927130133203254,3.0195647048347922
2.465147416803221,-3.2303727181631783
-2.3486491096990747,1.3208881204501763
0.7093952257734971,-1.1200408754053168
-0.5257838639858682,0.9073224148341693
0.6328711453828958,2.755716448447793
-0.5947201103363101,-2.6576825945470905
0.3568729092400928,2.916657229063764
0.34214152522372815,2.770281340725441
-3.2018240612420974,2.673971046602341
-1.1213268093104332,-1.2771351667570865
0.5028688059573977,3.530852690362395
-3.050047552505128,-0.20464111554373646
-1.470951474231798,1.0211618046870654
0.9296545908751869,-2.824721317318895
-3.105794483262349,2.481741177002638
-0.7462841986610305,1.216554409385891
-0.9689878838802255,-2.4765556487525657
0.7457529973212322,-3.4729880771629182
2.9674298178064835,-1.2909517546810099
-3.0721917912753676,2.597179596402601
-2.727836546487014,-0.32513281872682537
2.84206507586204,-2.898584088857023
3.074772992521428,-0.7310026382370278
-2.664164037227762,1.4905815737442931
-1.3356443564392162,3.022836369991595
-3.065637991467274,-2.882359791383674
2.8282548779175465,-3.5477602502842234
2.9826324526552725,-0.7912774323776368
1.3481702396064807,-3.1791883652633808
0.7279443779655441,1.1813048583848285
-2.7104341550984867,2.6677971921110575
0.9234905259368085,2.873596404395984
-2.826836028852038,-1.0767147788412317
2.643412263438842,-0.6345948209433048
-3.2859761331187887,-0.5713101814828608
-0.8821227624286861,-2.8878471437421656
2.903261278872137,-2.7746999463863022
1.3902511557063675,-1.3952260031482842
3.1682301409403575,1.150972161786863
-1.2656569475159192,-3.1903207934814124
-1.1602131380509064,2.850729141887825
-0.8451942323828722,-0.5136210311641508
-1.0309480927390242,0.9576907541614714
-2.9838221007437906,2.792198256701547
1.0218674255499105,-0.8296886922794224
3.0154266217974324,1.3910015079918967
0.7053656937548597,-1.2562299465354907
0.5526588909435997,-0.5750434625183242
0.9622278870203814,-2.7565349450051713
1.0780391131831193,-0.6253033467660313
-1.6122548394483034,0.5364008324302684
1.2905362729118302,1.9738973499717483
3.0633841382924025,-2.058810465678196
-3.247893046558499,-3.224691189556381
-0.7758937984958915,3.0047104101329665
0.8374370684335487,-0.7594312092205852
-3.102675875869483,-2.328513521776712
-1.152359968573262,-1.4964128833797479
-0.5656481577594863,2.326305120481064
-0.9801823125882823,2.630453694653235
-0.6398958197575486,1.1028353660537913
-0.49818535352344095,-0.6783083241043042
2.280620282046834,-3.53660607271615
2.710985816686236,-1.1485583061572202
2.5728385620109404,2.543170460787605
2.836223984127905,0.9868559131879587
2.7528262622222885,2.624702955364714
-0.5028272466643591,2.620738021378819
-2.8754509714960212,-0.4987710181365748
-0.9870513742310811,1.2561437812858174
-2.6885867357871054,3.3884476916799824
3.395170251124814,2.843586729324079
2.379906383584026,0.802057672155978
-0.377822937927624,2.9757053557670017
-1.2579837902012805,-0.42893186369221914
-0.9725817103729647,-3.3140489522018326
-3.1537790642597154,-1.2999925360046336
1.8590801224923756,1.0368563629461096
0.12179617167998501,2.093695870326533
-3.0529602373354128,3.2678312452817706
-1.3842236068554283,-1.3219054494977345
-2.437820619726501,2.8989548854968175
2.401482714986291,-2.406615174644506
2.619693314498297,1.6756473021356286
-2.545003440341371,2.9931918909848267
-2.4122259089519846,2.0704169569953117
0.4179304070841438,2.8707619475323285
-1.9923020739208772,-2.9102804677811704
2.463076769815817,-0.8994627338614636
3.1096549624652634,-1.6129625071879652
2.422620763210678,0.14094930492605268
-1.554299273071056,3.199139783647467
0.6465913650777431,2.503319606867231
-0.9680958119436378,-2.787811253182931
-2.274730323750714,0.8619309763432046
-0.5121820790453205,-0.552047235596615
-2.404030404895189,-0.6726749469482739
0.8698604854477416,-2.6402376095727913
-0.4930830451216264,-2.8310638013079297
2.642210001893401,3.153285814999357
3.1339668245920183,-3.4677448370308395
2.6255508263511005,2.3247827903558798
-2.3121864920652095,-2.7450856232749152
2.8863380032472894,-0.9838761064721121
2.86196044517933,1.2670405862427243
-0.7466806734492212,-3.2018346994976374
-3.3165258824426602,2.740601877620304
2.643102963918185,0.9691375751712901
-1.127195117640823,-2.8072838866378205
-0.8572561706768964,-0.8416470442274064
-1.4000216517450148,2.7328869982688206
0.6485258579146894,2.87598919578621
1.133574488948542,-0.44562363225511614
-1.612913915877131,3.0483455033496916
1.3575838328968264,-1.1168553926456417
-2.662372481490302,-2.9889464570818203
-2.2191734047843683,-3.1366858235972113
0.5200979993033659,-1.1592499241820913
-3.157440064786621,2.9194997344624287
1.070826095886122,2.904262441717016
0.5085950153892449,2.739362394390761
0.8994154469172251,1.0954522359280832
2.736677893811234,-3.102258478260884
2.68559835854018,2.883938961601613
2.9159541196550163,-3.2884094040408534
2.7876837321767316,1.258613248954949
-3.4999545513768857,-2.669804812413672
0.3977865684729407,1.3040129204652962
0.9147990583110864,0.5286340001719422
-2.7797838533691035,-2.3083291906880974
3.0022959393370607,-3.0393227745356923
0.7823419399345183,0.7373127740611951
2.9999577155484003,-3.072212950345475
2.595716970450381,2.672721817591623
-1.0212523889176153,1.1397267525510848
3.2081216565477817,-2.7483112933362146
2.937951478648451,2.209056966115107
2.9275385642644833,-1.352734469744782
-1.1945273944595824,-0.36886406063958704
3.4515283823069667,-3.4156177676116632
-1.1115873188843042,1.0849859055279032
-2.5649937997709378,-1.023812231272354
-1.3146923186364174,2.285764440988421
2.8377859221323254,-0.8783963952483536
1.3064853804174545,0.6702695265449607
1.4899255003332397,2.491320453291235
0.7529807225173075,1.130326926009552
-3.281716931360284,1.5212714821782993
2.649832724068595,0.8062826603490606
2.9740910057317165,-2.943264167953815
-0.9128479864658511,-2.6538963751168954
0.49132422848928897,2.2232679107819684
0.946896758812639,-2.857031899916487
0.9108692259559598,-3.240067259596339
2.994764746206581,3.3023423916103756
-3.168058602587235,-1.2064224843287181
-0.912564176815699,2.681748904215133
2.88834254531441,2.3785569153800212
-2.308124784949955,2.7180808332395494
-2.8966664443577193,2.6088267224269397
0.7495564525736238,2.040655011183064
0.8238257084335671,0.4043767623390461
0.9774913821575856,-2.8136689999610116
1.1904924879550058,-0.7313853052246463
1.0943318351728044,-1.9035126492341827
-1.0670825592879303,-0.8506729478170749
3.246400171009672,-3.0263607173766682
2.8852684953924355,1.1769983963802884
-2.4169882903641056,0.685828396474164
3.27865061649029,-2.348455592793431
-1.3980087394326042,2.7686013056872567
-0.7467763345313962,-0.44711106901331465
-3.0858662196922597,-1.3091630678853634
0.7750036308089489,0.7437790490377093
-2.68106275402782,-2.507959033180983
3.3112367915530068,-2.8456103358509877
1.1952915426669561,-1.1852517368609201
-2.568790261397231,0.7891672664948093
2.5553184692306234,2.648548109705187
-0.7105145817784143,-0.9096784910987769
-3.140775538876806,-1.0595575662081984
0.9740317972653023,-1.4170889433019882
1.021653932212377,-0.7950753923267078
2.9899291782195894,0.63491076850595
1.021080636815174,-2.8583042900389
-2.9743985970472617,-3.251267893591493
3.030559243093977,1.1600066115728074
-1.4430638623888334,0.9340389646128971
0.9253502987169528,-1.2530225017248944
1.6118392573088547,-0.31381192860213714
2.5294572200947707,-3.3228456358970253
-2.8286092155858444,3.151603691327485
-2.7864162242549733,-3.0548742231711974
0.7635782428651703,-2.578095683069196
1.0239946017093509,-2.7752677171688145
-2.9753003863842182,1.1397897666553372
0.55889249266051,0.5843366480441284
-0.6878789060542323,-1.3133706373356386
-1.1527001052379404,-2.368354417523773
-1.0271832352130392,-2.9744256417798964
2.944336120247323,0.6911625200387029
2.5547861574702067,2.726065176032214
2.870764424553785,1.9924756898297218
-1.228639858901929,-0.6428053843009567
-1.082013407647257,2.8143872418926885
-2.5633551435512527,-0.5345235323527636
0.8724787297694488,1.3323286651800694
3.1771175314287015,-3.404594136776787
-1.147168186284844,1.029860683810055
-1.769337840853335,-3.0085848727535747
-2.3219217299081247,-2.9739977510561086
-2.734876901030729,1.2138801940332744
-2.431779288284315,-0.9525236666064675
-0.34253301734756275,-1.4354507678558255
1.254299204014038,0.3330748941538413
-2.803419657620237,-0.6049406550775258
0.4639261603817455,2.26732520453417
2.474642816528097,2.7920341276281393
3.0039808107615515,-3.5027762216474136
3.312381190968458,-0.8226381389229086
2.847441283430818,-3.2785811799151108
-1.2761994395422747,2.8689952702419874
-2.6908322825896316,-0.9914248227114222
-2.471868345195309,2.4197827578764466
0.09207303933688665,2.359628220902331
0.5501549896207676,1.0234226040010912
-2.6211336408829884,0.4528133606042852
-1.0848660079239016,-0.47742475583934463
-1.0615521959966208,2.057796334933017
-1.668597460009763,3.2768974309832766
3.0741778300381175,-3.1421027858997297
-1.5085529750594981,3.0733465969270126
2.6445833805200447,-0.41190650731203987
3.3785919163895426,-3.0170466092761434
-0.6494857105068762,2.7889991304559647
2.105536712619089,0.7161995882163303
-0.8253965134376107,-0.31993865912751307
0.8553649073362487,1.1459944387734828
-3.2563814144257175,1.537572692334401
0.5961937505394747,2.8355375615030827
3.0851295475520604,0.9753852819625445
2.9535504907761316,0.5628096725872032
2.1185042106234455,-3.173203198836232
-2.858348706945521,-3.1080969940732674
-3.028372783292021,3.5503233951366853
2.1388073312628286,0.45801907075899995
-0.993784037011154,-0.6958249159188024
-2.489913603115332,2.839336809164981
0.8561641431037893,2.8326609985129196
2.8939994642613924,-3.287879744666055
1.0269880665879532,1.1735204887332435
-1.1645661907026987,1.3751223009763527
3.679946614898688,0.847081045740377
-0.9983753629165973,1.2931370262029767
3.290906645554056,-1.1676604092124554
-1.3066551828603716,1.3683586324800887
-0.7748071944933982,-0.3436625358230172
0.7488593489075742,-0.6985192666790997
-0.4345934018957029,-1.996567922905503
-0.7865635826256903,0.9524660748516388
-0.3925606869666806,0.819590398488429
-1.3320033986640976,-0.5757011681992651
-2.9127882775321225,1.5053112878647044
2.450916404361704,2.568444108285022
-1.0480901387970305,2.9440652389348063
0.5921452669706406,2.708307177909607
2.6324513112867063,2.3253242596523416
2.769019533544339,2.15459291702915
-2.8308104026760468,0.6418703471024293
0.8731619329296214,2.97381072176783
3.3783182310434774,-3.002885569662991
-1.2357543895583576,-2.795625902681181
-2.7173909087480017,-2.720828435268306
0.8561297744560972,-2.7137868991107057
1.1189880621486046,-0.40809637395006404
-0.7145575215948359,2.9234390865552218
1.3889621833284247,-0.9168975916480933
-0.9826243294466539,-2.7539819249211073
0.687358894145774,-2.8218217732683004
-2.455096176137748,-0.31588395911224015
2.6411839902335292,0.4274828983479131
2.5128267123933345,-0.6188679258275794
3.171640662649747,-1.150721756723502
-2.3045208740969145,-0.47442873489793336
-3.0023064468452607,-2.262231486250706
0.9882031593780973,0.8611034111216496
3.451606357992213,-2.8774114420111045
-2.71871471151821,0.1885154997741177
-2.9959230194512174,2.6601756919635013
0.6072169318623705,-2.7471166194691747
1.239713966521741,3.5163295930114464
1.4099019299599775,-2.064364009541596
0.43345528682178247,1.9143481582736313
-2.6177752603600064,3.325978831429006
-1.5070595648739336,0.8892643237279346
-2.445124375987776,-3.237940247319427
-2.8400791181162623,-2.5937923897621666
-0.8695653835147581,0.5108676548821021
-0.7335465144940079,-3.3243928400729947
-0.4424854792777288,2.5770269750073744
0.33465170787721205,0.8808056858502318
-0.19643095919802953,-3.137320549197016
1.0080689649378818,-0.4161224361817781
-0.8081180430280922,-0.8544919346950894
-0.8380162127778131,-0.5701484642093738
-2.477655650259048,-3.017610146305856
0.7452759073955458,-3.206875208859075
0.6764652413279224,2.2183146903650344
3.2528487527388785,-0.2730564804664954
-0.48724198827467163,-2.788275837049964
-0.7237683378997515,2.708950520755604
-2.750755448006916,0.9867158434282949
2.5229217036884615,-2.686569915319888
-2.869349246479229,-1.041451637493842
3.4101170031240655,0.6169379662301542
0.5578975570020818,0.48955508088883026
-0.6180055044635967,1.4049497538113813
3.053684503625231,0.826216034959702
-3.2865632251093913,2.6362747379300155
-0.7470056710683983,-1.0539363104278456
0.49659037952922197,2.63138986041072
-0.574478170270093,0.7580253441474988
-1.4611254831006038,-3.070728058365003
0.7016432696377258,0.666247241446154
-3.4381242698769032,0.4669713822375348
-0.7943287919907698,-0.6628559970551786
1.0163047524543554,0.8537031145367672
-1.0112114630443512,-2.6489424218209736
0.8949931476160382,2.3195932365975507
2.4185416811475964,2.4978860987325744
-2.9370046607348135,-0.955582989714022
0.8775453866946717,-0.704763409232406
2.702774242635629,0.2677085054867841
2.7086309864644704,1.1195728803469869
1.1260962418798257,-0.9518456702739249
2.604959867795025,1.0735094767956674
-1.3349873811126898,-3.4280033985167777
-1.4345069575098353,-2.527765800909862
-2.511339836532372,-0.5585352039262879
2.8032307940408687,-1.4438057702390727
3.208120078043673,0.6213799718486127
-0.8966180103602714,-1.2382618711199485
2.629790758091941,-0.8659500103928481
2.172816898562343,0.8200968107993456
-2.4507496956208423,-0.9368499620502844
-3.0158834678503252,-0.6184541316385528
1.6490674276258712,0.6989517294054927
1.973920265687112,2.5813426376464768
-0.9254375728915073,2.8482499234367467
-2.4679248213393428,-2.519728720153942
-2.956058015987437,-3.3219880031870064
-0.8790165114085129,0.9569066953983726
-0.6377611178961115,-2.9318763954987714
2.728318798197003,2.758123988482413
0.7033518125137137,-2.6749565151899652
-2.7920531759409557,2.71369655827287
-1.0434728464493177,-2.377070904856274
-3.4408590425192274,2.7886773598862376
0.7551957459862947,1.3595695886079098
1.09892406766468,-1.8501180101241033
-1.4524796349733686,4.0633228226672875
0.8019807028484129,-1.8838704622198479
0.5372719264330986,1.1981022440833369
1.2596161492839577,-0.9288049593051921
0.7977725412902719,-2.884043695153747
-2.623378665878952,0.5520771412762562
-3.5228485785520043,3.395952069334881
0.8835291638508411,-2.403208212413837
-0.847924850312815,-1.1292002462084751
-0.7291400542185903,-2.77619440933183
2.852287479239251,-1.0956112566244556
-3.1921905718123744,0.9293458428800648
2.0137392681579698,2.928572869761086
-3.129587383784651,-1.0532792398576565
1.553084153597557,2.85794152492495
-2.723213782193541,-2.4376439251741915
2.886066367566131,0.8509442182145105
-2.948229845628078,-0.5980563333582979
-1.7616545379321291,-0.4833392819866995
0.5699096102133302,-1.2434015821252646
1.0561036571870466,1.0201505149156156
-3.261495914736043,3.1329918609353204
-1.2951022034574622,-0.9106908835035553
-1.1514371540477069,0.7013162871311184
3.1920074313978875,0.811891472005104
2.839772673731564,0.44723084384562944
0.6931068324490566,-1.0695051337315102
-2.5674154471605557,-0.9632356152837105
-2.95227611110452,3.1446876958954313
0.8603287625439608,-2.8624963148335154
-0.790337993879244,0.8333407868402886
-0.7807197254660554,-2.9004868102160133
0.8226335114939793,-1.0869547223009952
-1.5861568765628702,2.328851136614456
2.395488469453742,2.508519889028555
1.2507953117309412,2.6632041286777253
3.2241327026579962,-1.0456101577864214
2.2255751452505343,-1.4256237761960875
-0.9171719199017804,3.122031203993172
-1.446628449858685,2.6139816010408388
-0.9114592446117,-0.2549922189419268
2.895149355783794,1.7093120837965974
-1.4064677335815345,1.669346965871833
-2.4875124125971735,-0.6264535929465587
2.1308833259380573,1.06705386595941
-2.2976486093745687,3.039837171081172
2.368602608262606,-1.5032390923963272
-0.896269433371217,0.5024119199099001
-2.932630055828968,3.322215648993589
2.931707495633641,0.6535168386157427
-1.7069284827816618,2.754682089049676
3.0833973341689496,-3.415644733796996
-3.1805826888437045,-1.7076352336594072
0.7612273264770797,0.3458653360991241
-2.320840122887243,-1.839106165845024
-1.0824561724689576,1.1692095942597547
2.97753931556738,1.315349361615231
0.6027330504258896,-0.9269373238992357
-1.0420460421931084,1.345737931703389
-3.3549894369701447,1.2527381176081216
1.362147761303723,-0.6371038664029856
-1.294940262380786,-1.9438722223883647
-0.48619211188841926,0.6569400939670821
2.7761704930390434,-2.7488706398926612
-3.1630073271043115,-1.989092524584393
-1.2957748414811308,-0.13168601954567524
0.7581500731645495,1.9527709675510796
-1.574554449071186,1.1147495897587574
-1.7027220051007983,1.100167615552635
-1.2504954355874587,-0.822024431527835
-3.030883544224507,2.612685669073938
3.3123706500679497,-2.1027154514944035
-3.5009149662394914,2.0497579763593423
-1.2043236404991808,2.7612388085828146
-3.4043453847289746,3.1401134860851445
2.5821453802070367,-0.40303972455509945
1.1621429065578985,-0.733395742996111
1.0562123255522051,2.710850865426631
-1.3449553020694693,-2.301513417625931
-2.777525601991643,-0.5645328767812668
-2.893386000540027,1.7050468039723463
-3.0463435778985364,-2.4569176977624476
-2.747144640954116,2.6316143696179854
-1.1553122402082834,1.1570576593633228
-0.9674741517775001,-0.5890802117778399
3.0818202315829524,1.1590108923249638
-1.1284179103482477,1.1369910901537497
0.9639806961278051,2.6711893709869434
-0.8443259710019045,-2.935662819745984
3.508528894200924,0.9385793974533575
3.118417007201654,-0.32594308200436456
3.111942040911812,0.610695885008633
2.518148546005103,1.5040028107706638
-1.3656778226371968,-1.3953252054754397
2.1977162716820065,0.44864640901492
-3.0038127372625247,-1.035719830781177
2.9253296774983437,1.0756104062359237
-0.9455630396059753,-2.4685264228975767
3.317620847556786,0.17228880961448897
-1.3689499988603735,1.5496030108044196
-0.8405757496650732,2.2732408148670107
2.5289198140523417,3.2069019951271156
-2.249361345423364,1.9222281612761103
2.6661631759653814,2.8753013005124735
-2.3276772834597463,-0.9231587653190605
-3.0973649313492007,1.1485320685863831
1.7435428293579782,0.9564686379911039
3.314915863627697,-2.93787487836771
-2.3682321590092346,2.7803209682172856
1.3264632781472097,-0.5045867339383082
1.4113045162547213,-2.8330101707605904
0.6508568427760935,-0.8840287167258726
-1.154851065469483,0.7065623862790666
-2.6105973385565173,-2.5272572664484794
-2.9287133413519846,1.0406964893331088
-2.402555539826962,1.4339907541654093
2.397930620412382,1.0530650512352495
-2.5892478211890597,3.2703738247494187
-1.313078291939058,-1.2040183070692148
-2.3134211170774845,1.5357220476015585
1.102786517092892,-2.921217260175128
1.3201243500782003,-0.9930818887187743
-2.846851563889447,-0.8649215926991866
-1.126130557845559,0.36705359233700113
-2.832127456729452,2.9078117983316596
-2.7699621093495423,0.9733686071695951
-2.75037427992923,-0.3197862932775974
-2.0181419589442275,-2.3307963624485843
-3.9182769161603397,2.9525632979370156
-2.1529749764227133,-1.2641893592174829
-1.452133720483182,0.3912857369702281
0.02174567375959505,1.3894778397030596
2.2918110003835377,2.8447771346079818
-2.5557715348641614,-2.1605276399718956
0.9094782275931387,2.0205868772683053
-1.6182468395005907,3.2852808903607187
1.484325496561729,0.8062713898545135
0.8772204229746886,-2.493668946671658
-0.3113750519577042,-2.0094016403387838
0.5724178366910838,2.8984198949116657
1.3350954654957612,-1.2293258391024524
-2.922704444160142,1.0929975963194138
-2.7829726132011747,-1.735420244690093
1.0400702697800677,-2.7148582670055554
2.809063435759898,2.7196280775462025
-0.598364796277854,-2.8539215510715237
1.0777610277213565,2.4124161222101046
0.5720845246424915,1.2024509284797953
-1.993382031839589,1.4516201544553686
2.6519201983328915,2.5874761590094524
2.9820048244801947,2.6762896364631312
2.022027507902039,0.7608071901955095
-3.073935361182433,3.358915648217303
2.7577785704875417,-1.1383466053201325
1.099509731571128,2.815626616358082
-1.2601755540005155,2.929369496047321
-0.6209600566263359,1.5624558160168718
-1.7621792157422234,1.1901290897940333
-2.745060982810171,3.370717971171346
-2.2411236927460485,-0.5305746095182651
2.942664509280235,-1.0697936163500552
-3.2611207148415513,1.161992813263343
2.813853776572751,2.2924380032164113
-1.3209781577134212,-0.6143292589259401
-2.5261603316149253,-2.7315905644930547
-2.6949576866539227,1.459489239526194
-3.0077606372410206,1.4772079868931696
-2.586184396856224,-2.1322558480426927
0.7676419821260224,-2.8685412174014955
2.874722280667463,1.0428922888486656
2.86280561364501,-0.9775983756282977
1.123504886191935,-0.6350505919694136
0.6726711073589534,1.0101045878105712
-1.0808268943528923,-2.8905405722322817
-1.0580673129744858,0.44519589695117834
0.17302686603222264,2.5618331043931697
0.4661478395635307,3.154429876448077
-1.499435394748523,-0.7123203308095489
-1.1247076109358096,-3.068204468320861
0.6685648669275213,-0.8266022339412793
2.53096615617196,0.955076241220602
-3.0264009186189327,-0.21129255437425812
-3.0153323692138527,2.41725813004723
-2.9583043442387407,2.958722089211054
-1.1085654932951166,0.7358653703779979
-0.14623199918245,-2.4986442023383666
-2.602994077358759,1.2472577495092805
2.4610203398485755,1.2834661118582615
2.2816061747312224,-1.1349683895542912
-2.8952605165330243,-2.584835405560288
0.8813161381205451,1.7033080932808202
0.7775535649876691,0.7749019819675423
-0.26843261895440496,-2.738627264729863
-1.50780395105846,-2.4965823894597685
-0.46937524929563373,-1.6634250228885694
3.3594026832298036,-1.278048298315256
2.819437754447927,1.300726001616936
-1.4204368373386764,-0.609162480637973
0.7217290714120146,0.5994705260469608
-1.3175946836998709,-0.64325139052888
-2.443973962691118,2.128887067094904
1.146620260112723,1.305140052153522
-0.8316160725676737,0.6962425706180438
-2.681541304038165,-1.2295307925919672
-3.2478456349991998,2.6805928433390203
1.6658872358253833,-2.293328553208191
-1.442293369546712,-3.0882493543471217
2.953387126460427,-2.670712305302535
3.112301818535921,2.4855501190303215
-0.9740855409011302,3.1772419310331665
3.071672079169865,-0.881675031208509
-3.4736497426374107,-2.6250428127623557
-2.620152893318206,2.7575424629651777
-0.9199102478502338,-2.6474034200139664
-3.1653336072844023,2.9635464786619052
0.9490524908524121,-2.56352613724506
0.586510471666451,-2.890187438070722
2.901960057915208,1.2662284515723763
-2.8950004959924747,-2.063765185305893
-0.6428708680122095,0.8972752724650959
3.3729341915707587,2.5952558566673485
1.022446696739198,0.8789589807501454
3.101609414165587,-1.0520514850422786
-1.5260750250001975,2.8534771913148664
-0.6484101546337913,-0.14572838502000068
-1.5445455656612879,-2.732463543432274
-2.7077627415013943,2.632810334803604
-2.1911875115522954,1.18406750923416
2.783739342847875,-0.05383035179941871
1.1007086150078114,2.6419595922328707
-2.936348951512322,2.482466568493456
1.0108864410721954,1.748194228417262
-1.5095085210880281,-2.8169944186435045
3.0978063568232104,-0.9811497823446566
0.5590545751135284,0.773338531369597
-0.6944087918040905,2.3759099380169237
-1.4506714090931134,-2.511017003251022
-0.3438337791362446,-3.0395381439692217
2.9409744972269505,2.37246901073496
-2.7474583011223186,-1.3670785862621617
2.1761496118944064,2.6068428747544523
0.9168852339162387,0.6306395283499406
2.4287865191114646,1.10145887116511
0.6616733011402471,1.318266750883944
1.0519735419839895,3.198627680113734
-2.8073865853394744,-3.020161434716591
-0.5530895955616898,2.666740943744244
0.4960601484205253,-0.8389077840976764
-2.297064939884624,-2.6027010573460467
3.173657113119112,-0.7342335271472726
0.7081024106918298,0.8237209765960481
2.62109228204853,0.9691787974413089
3.119359861261608,-2.661035264024944
2.7211294780953166,0.8010889476429706
-0.7586037770670665,3.950421448384481
3.663650699870169,-2.745172311708575
0.9434913138329318,-0.680149316893985
0.8886945834370982,-0.6168295399042962
-0.47360202501248055,-3.3988772160926506
2.8501170628800594,-1.4198182518537608
0.9736474734601259,1.142554788732958
3.5399953442331054,-3.729148673696907
-2.6053008396089954,0.8613983084500332
0.04434511074900035,-2.1437277780547452
2.7290703871802697,-1.1390985863190086
0.8161407409974898,-0.5558989564954797
2.539420142846289,2.972241999138177
1.6147499202981672,-3.2455103493901345
2.9884383238805317,2.319286682366049
1.1335884523372313,-0.4589455010059778
-0.8712834674873515,3.0644557105600447
2.8087235302317866,1.2304353351546893
0.6442001303295192,-2.9108720143686653
2.223780914391472,-3.2930913042721826
-2.546866746330069,0.47837555892407674
2.905597451949274,2.681636319185557
1.4178042144363503,2.5557748163542007
0.11743898622309455,-3.504100629136234
-0.5608538388538986,2.3734438229473898
3.0164388512361615,3.323323533456989
1.4977410426482316,-2.535098732531851
1.017059897397793,1.2250177684979842
0.4674259855521009,-2.8030504399628295
-0.8872411533240543,-3.2722055081301624
-0.619964802852683,-0.9971611362004472
-2.5331510279929477,0.10499886319421227
-0.36293393791165596,0.6702793137232956
0.553974864915897,-3.069338393592225
1.0138523576898004,-0.7240691798734027
1.1961237426593783,3.3201342692980274
2.9810328876228964,2.7443554652695767
1.364706949442653,2.578951746750541
-0.2579044601339535,2.736027750619383
0.5642006270041897,1.2608161993275053
3.152686729697534,2.2099048358785365
2.905544648817596,0.13846473621877067
-0.8901119640306787,1.0715987876557234
1.1943970526963446,-2.8400356878676902
-0.9775227448227426,-2.2530108283489803
1.0714064244342232,-1.2721611145475549
-0.9477299395135361,-3.347490352235103
-2.4713193981834696,-1.2447529612474761
1.5183565005810864,-1.3365960630625626
-2.39307451008297,-3.0105340230947015
-0.8903673416443871,2.9464799456722104
0.5125343088181218,-0.31062611333502077
1.1002207038991627,2.6906805335541693
0.08260792716810518,0.8746654282326104
0.6222483575178859,0.5326710701356715
2.842963742903244,2.1302322502535898
1.3570485594669586,-2.6805281650333157
3.156341453690405,-2.7325361003538475
-2.9054042528569304,-2.4735157269749872
1.200385038372488,-2.7033074711520904
3.7361647748294713,-3.6703899636335238
-3.1283737907086935,2.4533005994223993
0.49948652427118456,2.5516220891163157
-1.1391199304615987,2.2090589103724083
-1.3013945708906565,-2.7557506456685035
-1.23961515944296,2.5330749465707574
2.6188273975088814,2.460712271051275
-2.767687617829628,1.248423017792808
1.319223395217887,-2.737692181202878
0.9721862440890416,-1.0561416888370174
0.4806439205301448,2.3890091565342013
2.457867149803822,1.9497358973937473
0.8536562623154872,-0.41487382193093847
-0.9734659547038963,-1.6039305890906368
0.5043954724809502,2.99461038486217
-2.5124612051579858,-1.0934710519182849
-3.3274069539346134,1.1182132753184857
-0.7878675561694936,-1.3626830066403444
-2.8337888981387724,-2.7417695508199835
-1.035409592215614,-0.4675092575459047
0.5808617684637806,0.7162779698285863
1.050989031003422,-0.7547356352188004
0.4441700960118883,-1.2887219384809074
-2.7726420757085264,1.5786086311749812
-0.8823776605155077,2.64824136375375
1.0916286073127144,0.8401366110624905
-2.997213813805616,-2.3530456497990393
-1.8056466982362012,-2.8567498260708106
-1.2774578262499756,-2.98315923224876
2.788644857266707,-1.798417944381833
2.75847085847895,-0.8367769075046289
1.635099261985207,2.089023298895515
2.423832660456336,3.09057896745543
-1.0881716825738943,-2.3848075857903654
-1.0423219855722152,-2.688961323388423
0.9324092342180713,-0.8692913059211393
2.6518400760203904,1.866441634483425
-2.7684568439281607,2.790554640656435
-3.3359431293887654,-2.5588177649473436
1.247709918999914,-0.6018147956671173
0.8528535905298201,-2.7685534598421007
2.854794031517089,1.1357484593068243
1.0824352832556783,-1.7223158965605452
2.4895083048086764,2.5570105529381104
0.9946607878098042,-2.5229280411291795
1.569453533365541,-1.2466677773951318
3.1710108560010415,-2.523424837634263
0.8619973510918387,1.0815342229864469
-0.18447933825576157,-0.7530545306289717
-1.3651865456104244,2.6672497456178386
-2.5859432636139306,-2.842919501909143
3.1782121971710504,0.6115992256654957
-2.684874296003973,0.5213777316538369
2.684035628880618,-2.849912765730872
-2.8296888676322554,2.1736548541219776
-0.6733606513384517,2.755975754397375
2.7126711484622357,0.9101297839705909
-1.073220451678717,-0.973774031674927
0.8496277874038605,3.1758131447828006
-0.7579151825310031,-2.3145290856015657
-2.9884448073076824,-1.6212974035380867
-2.279562595031981,2.803920971635399
-1.1548568598784423,-2.8214710024131633
-2.437299533054574,0.7014185757782875
2.940810838430984,-0.4467263436162746
1.2903647266010774,2.854497702920052
-3.1805247419384286,2.824033991053698
1.1149350612330267,-3.076629154378889
3.0468340332574235,-2.5552110490856474
-1.238118477202939,-2.812263569628811
-0.5473979061997407,-3.0443722739202737
-2.6828662760967372,0.9320617775140867
-0.8845120857544985,-0.5397373345493289
-0.9931783021609117,-2.6921955665203194
3.3209391954169987,0.41190027379899397
0.3297093107025621,2.7148650804511973
-1.1141381017933596,0.7876601704414771
2.6147663567240795,-0.6033159954710852
-3.014025204139759,2.25213289255543
-1.0056108184054415,3.049216322536952
1.3978480878772388,-3.1755793992365233
2.8526698524188676,-2.9764397041952764
1.2063175472262604,-1.0634372117204762
-1.4683996919892381,3.058925187782204
-0.43579219980729983,2.972739435079267
-1.167648710696027,-2.511018113403237
-1.0111837156236412,-3.2176554960700763
1.4481434537854947,3.1988284532049316
1.265989369847451,-1.0662607756339313
-1.0150594106326987,2.670498698357133
2.396997360762075,2.85963165830267
2.4155197836395748,2.7035831203543306
-0.5083987836614084,3.163239624566286
0.88550835377792,-1.0744721899981167
0.7609087804494249,-3.2785797920561652
-0.8471850566479253,1.1584927062092079
-3.167675606304644,0.6682462309544052
-1.8393062709535006,-2.616758189753454
2.5229434331596545,2.7183756110232413
-3.035508161660312,3.2249780838441895
-2.666945713467482,3.0706940963680878
-2.917278749426331,1.5232642903599158
-2.2390219879986937,1.1066222183462697
-1.05226126768655,-2.2603886703222
3.4578587323592354,-0.7561185577301301
0.901088823845914,2.8263522074014045
1.3927482558714825,-3.272587529368938
-2.394671138662747,2.900164962609643
2.8660222169931853,-2.721400799338948
0.6528321326058613,0.291893063314707
-1.522382440196896,1.8048104045711286
-2.940136448348652,-0.8549721764297723
2.4693922669933577,3.2864048412526827
-2.905615379001237,-0.8760611547386603
-0.39068589807584264,-1.3346659577631683
2.6671109421975143,2.6594707397011024
3.2342018962763257,-2.655237225353399
-1.3667394536377795,0.9819278510850231
3.3113469392454555,-2.575985640794186
1.3661038798051328,-1.5333691430335266
1.1944566850775602,-1.047205247636386
2.459779980064823,-0.9906072240457671
1.961729539356219,-2.6211593686074495
2.8750544735226784,0.5186305161470638
-2.604016322063272,-2.9136886962385486
-2.897805975481504,3.031079019676258
-1.9724142996944989,-2.289129285195526
-1.3631220124129806,1.3903756448987439
-0.492023619329314,0.8703843462861484
-3.095660939623713,2.9456893418625563
3.3805007948493007,-2.7349670331530542
3.5200343334097104,0.6780834962442261
1.1843561244810596,1.0059991531105612
2.7735020497260945,2.6429735074482132
1.5778884374215956,-2.8787200810978666
-2.3403697085666217,-2.556999744799583
0.6833349208762881,0.8548907961739977
-2.3229760896430585,-1.0520535885034457
-1.7545649715424674,-3.0807485340298837
3.121766032700909,-2.4042175015729024
-3.010672893423145,-1.114066470630628
3.241530157923514,-0.6132340295510493
3.616191785518248,-2.5127412339838604
3.1867337462532284,1.0925129174163726
0.7456585361107007,1.045132133846936
-2.760972397568857,-2.65732866136642
-1.0084284860797625,2.334111519539442
2.813928622618244,1.207614771452031
1.317508687505064,-2.9256853884487213
2.266815328530141,-0.0003081038067545085
2.8554679027679377,-2.0648315696539963
-1.4233083585709865,-0.6509547541435633
3.689538680849108,-1.6040421718252271
-1.0356287434265659,-0.7357503722013978
-0.5049575081087326,2.7804540821100683
-1.0281402028471252,-1.0661160678422121
3.049472499537484,0.6296908175141789
2.957988597406095,2.5071171801700816
1.1797490210307335,-0.3391418342100414
-0.7031695256450443,-0.8462504189497422
0.6569750605816151,2.527409110703462
-1.2462658540715423,-0.9638257318794824
-0.6352664032862222,0.8980708013734003
-0.7676229030136728,-3.3911747584197816
-2.8258539734292354,0.6965265177592057
-0.6331091519052375,-1.1899350928542174
-1.037244687667892,-1.0405416011469166
-1.930686783823336,-2.762048277050979
2.6193626970316886,2.45434661650896
-2.6423851423743883,2.795229551820158
2.7239014735075684,-1.739575685772258
1.3836013587842664,-0.9304473577541301
-3.8840528167349038,2.527198186652941
0.9681195614729796,2.9518864575170616
2.7986283803741587,-3.323249215516863
-1.1782834244285936,3.1182025045428485
-0.6379540160864026,2.3576430208212864
3.1846758929054775,2.2849558418555653
-2.846574847445261,-0.20139053753781297
-2.634315889783954,-0.8242297280494848
-0.6419449984972507,2.6138200028627048
3.1867613179805927,-3.172904842468572
-2.8079146229216856,-2.297186215317744
2.946120645249634,0.4272347698199638
-1.5306495635522617,2.6303264959293453
-0.6715882628649233,-0.7322156883381966
0.8271974294641138,-2.738290815852774
2.837321405275079,2.812174524654489
0.8461172216546577,1.2191650785867372
3.0306025872287514,-2.7576803219266766
2.9075438220951026,2.847150219641977
3.1228970027322793,-3.07877472399111
-1.1634996534999442,-0.6851984311527626
-2.705194570003546,-0.6529279143242974
-2.3279402976128147,-2.7595573031810594
2.6024160761660315,-2.274852553184101
-0.6957065094357341,0.8547038394906011
-0.7221583139529342,-2.451774283390936
-2.610873273222983,0.6130490731901167
-3.137603856451715,2.8980781976210985
-1.1071276318801544,-2.8130086553293676
-3.016241992966177,-1.0409707177143275
-2.663737695400405,2.55751611374275
2.76850971106662,-0.47036975268186426
-1.0511163749984926,2.551507877453896
1.019190503582191,-2.455423090885644
-3.1549721801271695,-0.9916319558325273
-0.9532640282297965,1.0503262339623252
0.5636436246858078,-0.9208149177207091
-1.0595534134582048,2.4711208082975538
-1.1705836679497994,3.393388678053971
-2.303860480960215,-1.4190608725645197
0.5534814217133283,-3.072575062896309
-3.305027057288414,-3.1761751580648165
-2.783875234445948,-0.9880230468574821
-3.066672627134768,1.2045107609833992
0.9428830494695541,1.1392594481307499
2.698849907566175,0.9663492966553432
-2.5121959909023945,1.11661980868531
0.918580901608623,2.709855988318769
0.5065619610431348,-1.1061221768277623
3.056667395836678,-0.5691866895583632
2.7625732705902877,-1.043556561502835
3.3468853042403803,1.3133337893066122
0.6577352206276852,1.1579313334801258
-2.442856794308855,-1.0054254261856597
-2.579453200313044,-0.9958998591121582
0.47266905284413485,2.3296102471204088
2.4036866477687737,-3.296879487564888
-0.5948115934395812,-0.9089143432060013
2.724215824500938,1.7626038103590835
-3.1938138326079573,-0.9418541172565007
-1.077364511610734,2.899292436200529
-3.393221382128827,-0.34573176776719367
3.351890141643101,2.457779248626903
2.4796194318606966,-3.314793062674155
-0.8580025035950116,-1.1028071080226731
-2.352208177535003,-2.536970941650426
3.0150391310760174,-1.5366186788647629
2.6008981512744334,1.6155085105733955
-0.5825732089965204,1.2594490429624563
-1.5615025388372954,-2.6556407516151688
-2.7742035721710465,0.9449787161442815
0.6999763544121275,0.8310226023393108
0.6880265086658609,1.3053845698628954
-2.2274287241729622,0.6313329848656548
0.24223967391093265,0.5654587821719564
-2.701931310209577,-2.7520638871714485
-2.701268814781086,1.2027398216705116
0.6270546161639515,2.9486229245246607
-0.9171620967750358,-3.010249674832433
0.6004187450256457,2.0103982061738215
0.737218839749979,2.520538458680433
-2.250199099537122,-0.4693601236823965
-1.4505348974273768,3.1350566496084418
-0.9676951909613626,-2.833926236964248
3.0011828881967366,0.8061682066080819
2.237277971203677,2.627807548053354
2.3675517890073223,3.9414854437584323
2.903391592753039,-3.1729945993903006
2.1414015103527784,0.2335961542653841
1.5390620722586206,1.001435338996319
0.15544845676424443,2.7795906245437867
-0.6028942849027942,-0.49745197626955656
4.077900166562881,-3.3034095340537246
-1.6491194833509435,2.8754670347124334
-1.2826475594414453,1.3248165153173859
0.755271617992137,0.9878687423053619
2.1261653838865238,3.0269189093898876
-0.6894248023841852,1.2037140193932812
2.758650602146449,-3.138324276689819
3.28605341579375,0.6069528222923749
0.8251091398203838,-0.2439307410670431
1.5724413316401338,0.45421487933617766
-2.891912635716326,-2.921611562240193
0.7244425226899275,-3.193915835533793
-0.8017976260444653,-0.4435723458446015
-1.204622603571065,-2.8821141542603224
-0.6277563977245216,-0.5131345639434479
1.3782637130175075,-0.8516718543685575
3.587358413814832,2.1130210516011805
0.5685073089551403,0.7116182135746956
0.8641951282882481,2.3803980734901575
-3.0045444368639296,-2.9044251136703103
1.0948801859826767,-3.5223519325527253
3.006670719135959,-1.276022081717844
1.3443990978391471,0.2768504411165659
3.0772436798362737,0.7951295327167242
2.9952788991833845,0.7396970917169947
2.7620372276699507,-0.9498058627603138
2.970746148689602,-1.7042241823845967
-0.5842527192360981,3.4162705363023997
-2.960411165514437,-2.3606047979457148
-1.3410299150768115,-3.9166758209492283
-0.7920540239542186,-0.9058098194887397
2.687560306026985,2.7753175496386397
-0.7761594790528755,1.910708890812949
-2.7659598130732865,-0.8771492925515602
3.37604728520607,0.3651269053219387
2.6308084398468683,0.3092347749906368
3.274134338334681,-2.8556694730752508
1.1347562595279963,-1.7491136237694118
-0.6954563666381195,-0.2850996203692283
-1.1683226292537698,-1.1527572771824384
3.2883240794810713,-3.1062482614704856
3.409564326960319,-1.2116446044410512
2.9236868398577696,-0.5350879623872677
-1.1607545678883602,2.987771676428955
-0.8324130109654779,2.6579817743688237
3.113761243144039,-2.9270475948432244
1.2542008541770624,-0.7815743969779076
-3.8464132949857053,1.088331324710947
0.8323201748465826,0.8144596163544975
2.5361127856106838,3.2092948485012975
-2.9452520382079697,-2.981126139684289
-1.2619674617504941,-2.783012516621732
-0.41891426044515295,-1.3295323030711477
1.3134715879988488,0.578469567350735
-0.33991964353586884,-2.8374576662219986
-0.8259549512637006,-2.9820659751469005
0.5429767511453152,-2.398372952743336
-2.2471048305654895,-3.05882209136499
-1.0045224810507032,-2.5654286509074415
-0.9311900996774303,0.9990477098116821
-1.2649208410351922,-2.7801258751367253
-2.3093912860202606,0.31327485363823926
-2.97512880438403,-0.5106218575204513
-0.9373887072995258,2.2273721832423132
2.916472379745557,-0.9155262994216224
2.7922142666822234,0.8277718541229236
-2.6296290112494205,0.9907542421070042
-2.834530569424081,-2.8867097942215927
0.4307219531640741,1.5893648234658966
1.504197007605335,-2.719586085206405
3.5002795554679964,-2.9141080556670804
-3.0691922624953034,0.3117410552079004
-0.8179917767162848,-3.654980963523408
-1.25786787567541,-2.5608922402100722
1.1778059151416105,2.7152219222011436
2.6886382851733006,1.62371171728863
0.8877976061177865,-0.48641941216229717
0.5984696914689275,3.0031257241915705
-1.2383005225326182,-0.8527896851459063
0.7707038246514826,2.691279652668668
-2.3102265192846048,-0.6243566332849626
-2.5858131652669942,2.7844175667373943
-2.1168632174498696,3.1102341396927033
2.675109551082604,-0.6103874375706019
-2.9251061039096946,-2.6158910756627236
1.8210841512008435,-3.1044245918534745
-3.4231923708885597,1.47045968048154
3.1494810597095233,-1.1828016865474054
-2.848744630487625,-0.48752233231325426
2.8017946298182226,2.824487200837247
-2.894551196671989,-1.9074325141481756
2.996133681911862,2.7254805114847627
0.3700124873930942,0.9637432526855305
-0.5604969206971854,3.130041832192431
0.2809463524270274,-2.976962349505243
-0.8570907158854016,2.31610305377084
1.0645830674198233,-0.7974710718831606
-2.434926160424858,-1.1458325155389115
0.9467682663774089,1.1731037931216874
-2.3966176853843346,-0.7300890753032583
0.565275336303106,1.1914737072238277
-1.628219058846815,1.0576318264684268
-0.6799313146070701,3.2887517880645927
-3.2601849729419516,-0.4441471879704542
-1.0656342259362643,2.8290059659081743
-0.6604807329346698,1.4667952486214622
-0.9956181968464254,2.8041815037820763
-2.798062623747637,1.262412799517397
1.8630911084129338,2.7857488201138545
-3.296536929445116,3.0003816353414052
-2.3069555400717943,-2.9814797973483462
0.6206950721369399,-2.95008014466766
-2.355451778135303,1.1841121025647232
-1.405303919526727,0.8758390723394058
0.22365685479015682,2.8345099676444
3.2501478036877978,-2.7791663813007625
0.9161577647693016,2.609955483504523
-1.3506294804385603,1.6159276272076906
-0.5515891483889515,0.20922373662585403
-3.023496327590434,2.11201772533299
-1.1179402352206314,1.9576122819999806
-2.893797791311224,3.0657348245892018
0.8757064011375362,-3.422138804742443
0.6548418201945665,1.0195215943115767
2.9334106431355993,-1.201321410561641
-3.0825024513600057,1.357857095242567
0.7982300011751486,1.2155561530699321
-0.5375222969115367,-0.6994578823239105
0.9208321215622527,-0.6320614144607646
0.9180223782911356,-3.357265636747788
0.6750913727445232,0.9487722400730191
1.1825615424237188,-1.013581347683499
0.8862095334681378,1.1537694163877301
1.193150171999534,-0.6747238256196189
-0.8331853825897886,-2.3812495042048125
2.538242875789076,0.83290243573039
1.0138340697980557,2.4081808371981737
-1.4496112427898467,1.2862495306761705
-0.19770479818296344,-2.900788204172685
-1.2291979709450913,3.0585504296484873
-0.11371614383752675,-0.3653131735396803
-2.905006221693602,-2.436311808656
-3.285122886533589,4.09608745815195
-0.6476675712648992,-3.0701374504802352
0.6307180126910417,2.999166040392847
1.3046972413544513,-1.5891529043827053
2.7371898543177546,0.2843082917304337
-3.2725121753734117,1.5794379377237033
-2.5103735706516264,3.255664714554452
3.2277932425187967,-2.7574134590863615
-1.3783138936182444,0.7763980055241905
0.686315555653695,2.816815610387572
2.4772768396727938,2.380924110825413
1.316998314001232,2.7033841750680625
-3.5126416189401106,-2.6722852177572767
3.1479772873632212,-2.817042387882598
2.698260442976937,2.623497649133514
3.196395795385663,-1.0646159733918852
1.37986306078408,-0.9054282267034527
-0.27950396928280424,-0.10188977279110464
2.3648254580171617,-3.169817991730954
0.9142786847982255,2.747387784281168
-2.929024044310553,-0.9013037767307158
-1.0513091411313917,2.50920116401985
-1.195352696280327,1.255742840893052
1.2600524355387686,2.711151206311766
-2.6581088248884197,1.3282495017532239
0.7137419525307034,1.1498887858010234
0.7900956929176179,-1.0980620204191867
-0.8813306372531288,0.7715012864467092
-2.4940812041855276,-2.7404689348495332
0.9837720602434935,2.7673920791379816
0.9642600909854558,1.277850989616079
-2.8033358509552397,2.314318431846618
0.5568334341418862,1.3900487173873735
1.2635254739558834,2.990164479857665
-0.9307188938701084,-1.9760808430205719
1.0358054003392958,0.7067973423917782
-2.461140316180367,2.8369702721436814
2.5500057215823713,2.9758373156580893
-2.656740087159914,-2.341911026402903
-2.442700910121462,0.36384181590548503
-2.4335369014771078,1.3724395674369645
-2.6279512828949563,2.9914828270035523
-2.534137267991375,1.2065826622404487
-3.0741424221638134,-1.6321096106996247
-1.0334980851607398,1.1222906709034204
3.4831318748908107,-0.9808295120918569
3.44635444596553,-0.6702445627177358
-2.6846894092356335,-2.960126566693966
0.8327778472360144,2.7058473029720815
1.0150225832356063,-2.437898268941448
-3.002646987429075,2.348077678675365
-2.765077079178458,1.2317172063134574
2.460504011175478,2.4403733559546494
-2.2106523725679437,-2.4097638524462224
-2.1787774003620064,-3.263115894124233
-1.8785160175242843,1.207642723350475
-2.1731076483944536,1.047199897327543
2.6405712343305696,1.42103606551029
-1.3445549180390366,0.7848527793581613
0.5590825987144863,-3.12541509818516
-3.0118916655027843,0.7263899752435875
3.2780833635889377,-2.696955736728442
0.6688601159866536,3.0615650359489175
0.7345328244465923,2.5347183817787786
-0.860151338674976,2.5795536496772744
-3.2792554731694015,2.331358272684327
-1.0280463408343476,2.7608830616933275
-1.2452934015417059,-2.2097790932933354
-2.4683628967011915,-2.4116145935854947
-2.828944170116499,2.8539495425638735
-1.1601314073619937,-1.1743477175189654
-2.4544838837286487,3.0751322349463766
1.1692501322578552,-2.89983128449996
2.528278127053391,-2.323848059131635
2.8694724067796384,-1.2087513801829548
2.653843142001773,-1.0304208355856872
1.0240460836083363,-1.0168697397192292
-2.856614428971735,-1.019160801649651
1.4125175728687016,-0.46336642927317795
-2.764251861273368,-0.4201808533264841
2.495572172053194,-0.7280356406512916
-1.5181300086058587,0.8698885452660526
0.7835213511587258,0.8729769317170155
-3.140896725021927,2.8151091804520982
-0.8047797961607075,-0.8158352896146841
-3.0015246173344083,2.9905068463293447
0.8727604801525632,2.072305102116065
-1.1074549959873645,3.010911018232467
-0.9478076990630316,0.4503718819652717
-2.7760020937276093,3.6587815422490775
-0.45557428455712246,-1.1777046043654493
-1.1065482399638875,3.1242812186620617
0.9302787247444857,-1.0813233082612113
2.843403611058633,-2.8869338493292087
-2.508029917640913,-2.9298923298968464
-2.521678971173402,2.7012339005238135
-2.2505650619230693,1.8502556333689848
-2.6160141014454483,-0.7205353286528458
-2.9480138396241533,-2.6490672867549425
-2.9128661176020305,0.41751810208915935
0.5981215428685778,2.7150267414949556
0.964744009872055,1.0782907790277594
-0.35775714954170995,2.9316454170932813
2.9278659058772365,-2.752831512774344
1.3818106840298725,-1.5919519078787745
-1.1774354165046474,3.6577249051299945
-2.641121995618562,0.8410874431635489
2.036054557786575,0.2670308758720166
-2.919241927892565,-1.1026006414132814
-2.704197727142984,-3.343280874360473
-0.6471788003833355,2.786339725248304
0.4808119733020219,-0.7934233721586513
3.0033745686461417,-0.8569620912006028
0.5967884510124581,0.39870271547531677
-3.2048750734769964,-0.62824263079086
3.153980145369226,-2.383300337231854
-1.6134181339358915,2.854018075372804
-2.481323842913101,-2.59242238751759
-0.5927541390232881,-3.539562997843709
-1.1030752552084895,-2.6965408369391786
-2.0772349503227128,-3.46419819387028
-2.0832527224813444,3.3305254721211788
0.9991567084528343,-0.6609726833750509
0.38382520087075656,1.2626314781766683
-2.823149422100634,-0.7913308619318219
-1.5796573207497233,-2.7984894485440805
2.533825743856022,-3.8534843251747133
-3.000262837296457,-0.9145102842204685
0.7554063064304849,0.8988829049407586
0.9599731086021019,-1.3206685900750899
2.8368104457375907,-1.0327438021852413
-2.3057934994817924,1.1918334272785458
-1.8218863535068002,-0.839969574535024
-1.3088939584455055,-0.08663853356562425
-0.5778257541993747,-2.9878735198297157
-1.3875011036398266,2.9038293857213646
0.26716222862843164,2.6272217708951846
3.381261380958291,-3.6351474721945705
0.5917298835834858,0.9216025341378755
2.5993518643767244,0.5594355677926992
2.3234765088516056,-1.4206377450570153
2.998794042535614,0.37363586299593765
1.0838483461630135,-3.043846790538459
-2.5352336415081282,-0.7537878249725036
-3.0235142560191157,-1.2685962723014368
1.7110670365088159,-0.8961961192046123
0.8581564857144335,-3.3450122943373657
-2.5436240888438637,3.0760015258795774
2.799914378536136,0.5560248130543545
-0.6774495187288647,-1.7085036029205536
0.23148595858314647,2.4352311529924915
-0.46729106164912504,0.9630223436529187
-1.404500620891528,2.7595193222599406
-2.7814419099896357,-0.8757706385978178
2.920808185703492,-1.6303861995987896
0.7191124753762443,2.9802207483206034
-1.240460222332543,1.1628089177290117
1.404539068414548,-2.8394944886984312
2.321296168317018,-1.497680640631971
-2.8220045827748854,2.76703238641619
2.523224448346387,-0.9608953201269106
3.575029675566265,0.6411868075685274
2.331653904978302,-1.5625312910643134
-0.8914903728468735,3.157059848532318
2.5461965248002643,0.8878530397984201
-1.1120844940494092,2.925006358020285
-1.6337875245523086,-2.8064565995529365
-0.9434041254051398,-2.894618994750054
-0.4406695468450014,-2.6361440034643504
-0.9990365726517922,-1.3519367074542241
-0.6685330920914179,-2.9480068916077764
-1.6722218253701406,0.7421117501522313
-3.230872378399135,2.7451797776123397
0.8314510184239173,-3.0255188329669904
0.6047347271881456,3.1333885163533277
-0.5602645106673791,1.092201777084954
0.7363264235282039,2.6252058693883464
-0.6599390305528102,0.9816948199021679
3.0011821312667264,-2.6389514100878904
1.9492233960916245,0.8775309894913103
-2.7905928501310537,-0.8371333643597565
2.518210916600421,-0.7560408257940687
-0.4249534852775226,-0.40255394700238417
-3.247219287920446,-0.8487480582144958
-1.2866391468165403,2.7612860398667403
2.979141638516185,-2.7337036954601106
-3.3817311590997425,2.3123820997423903
-2.349099980801916,-0.4702959154916424
-3.1720515531643287,2.510974104810849
3.223390572587607,-0.6501314214021707
-1.414141430621518,-2.605369031485597
-1.0932961566321575,2.687814166151199
-1.966102043464642,0.950529716179066
1.1915963846375188,-0.0788050599438128
0.13272163041135568,0.7837282593714789
-0.9938780105056061,-2.827871039611438
0.7174187688001877,-2.4510556916494806
-1.2303719269614286,2.5548527651361916
1.6786267068917395,2.5886933804254184
0.2860895361433339,-3.293268054438158
-0.9356148579907435,1.1634254069658707
-1.683903750834327,-2.756356485631812
1.030992872969859,-2.9688270647784334
-1.0773266764548601,-2.5426326449224055
-0.8045595510250343,-2.208022152693714
1.0293107058120203,3.0354926540314326
-2.654660671628884,-0.8184698898371692
0.37385271548543186,-2.5218549711357836
-0.9385403145914017,2.27345980203766
-2.5529144616657766,1.5330670956105772
-1.0607279059666281,0.6883720425909758
-1.5559139584852093,1.261414184605698
-0.7041379429635198,-0.351208557064584
1.1695282220808485,-2.6228895168148867
-2.7527497063865924,1.0213064277439126
-1.9264961652270536,2.400973482708677
0.44342848280378,-0.620866240369751
-3.635283690745197,-3.4353091025343647
2.73081128492102,-3.3167529387924763
1.0671277444278546,-2.717997727735761
0.9355718820076876,-1.9785226752978269
-2.5186476923989067,-0.499010351935668
2.9224250415583253,-2.502548050511463
-1.2698991856958028,-1.1361159053657373
-1.7177388906094155,0.7284215992737272
0.7778709990429674,3.2752724278921557
0.8878091832382315,0.9326469358888897
-2.6673671407481554,-0.5489851454095256
1.098671928463859,-2.4585235459484327
0.44873226481898787,-0.4870555866720114
3.381585962185659,1.203116748715242
-1.3192212214963135,-0.6255245176483926
-3.011911395302007,2.512692750803969
0.7913927227082378,2.410898502756441
-2.688373599287829,-2.5183334849964893
1.2238361751498181,-1.3674018696429024
2.369675673984347,3.402849138809985
0.9306807395327059,-1.450238034079984
1.1351991311195793,-2.7079030328345888
-0.8816752616856528,-3.583036935828318
-3.284358665757666,0.890709687450158
-2.6810983550847918,-1.0347628112731482
-2.6723003658954076,-2.955977182839799
-1.5692512317298144,-0.8513210692555485
0.8693910565833081,0.5683979642204853
1.1434087493438752,-2.5855345053188312
1.2571171516937385,2.329139181294362
0.23911649690875722,2.483434695121348
0.6823489931606755,0.7654439159011598
2.652869638795896,2.069404929183705
3.4696421293906092,-3.0357414238992795
0.7681026321028364,1.146860397786812
2.7060313667289195,-1.6897293853866082
0.9457242475394929,1.083274086692632
-2.4159940288322463,-2.7998363474388643
3.049368936760077,0.22497960902314088
-1.0395512703974465,-0.6060228375718972
-2.8505705806041806,1.0239565199338916
0.8974311052039998,2.5916607603070734
-2.1245662552441793,3.3957013186747917
3.306619862636224,-1.1365112531240493
2.9570574959298064,-2.949117000606846
1.1254226569887107,-3.657762943686435
0.9877250624105982,-1.4030578300542984
-0.6456157529172777,-2.3937933118906622
2.3690123273029284,2.353662102918497
-1.0047473522719395,-0.8538415971316904
-0.6609457349295187,-2.4404328664931625
-0.4297445244811958,3.2852155290933904
1.2500522560929832,-0.7721712561522733
-1.3628020335334463,-2.826211141487042
3.6098161285005546,-0.9473338672258563
2.746875491800936,-3.559917294406934
2.7589535329005646,3.177712779190054
0.8569001289468804,-1.5798110431208208
1.104927045016803,-0.757520993541297
3.438677292897752,1.825371659090995
1.417207542700887,1.240565845930538
-0.9752728479776686,-0.8376180633173982
-1.1850820263662187,3.1457283588938774
-1.0675909439526472,-2.7141124127865313
-2.8627611632858607,-0.9163892115723574
3.6445746424667242,-1.4610482665402658
-0.6716378162129147,2.7355532900586876
1.3538699406074268,0.8683157203870413
-0.12516536090161706,-2.5232827035454877
2.9640787159530677,-2.7689016241912987
-2.0435067158070255,-2.963023625174891
2.7899617540736887,-1.0928014392015761
-0.7834494466922761,-1.19205571116835
-2.9647422830827614,-0.6953447904284232
0.7706405453399335,0.6047280217483522
-1.4325552816998859,-2.411482926559979
-3.0654943185212016,1.3075995779380731
-0.908849550832807,2.011618530421651
1.3223567544506585,-1.2075297624340977
-0.740180558125078,-2.7679916878518114
-2.796417967592939,1.0045044085376225
1.337560132314948,1.1600991303102375
2.0511979608205686,2.6928395078965273
-3.378800421313102,3.0509447337345468
2.343592963606955,2.3649858445048673
3.1242328248679496,-2.7248126713049277
-1.261242592151516,-2.8844424085798344
-2.8925166712193926,1.0092693156427393
0.8981647294311571,0.6618495382762056
-2.8927076997268646,-3.15479333438109
0.7151220660367078,2.6338555601723077
0.8073593350263725,2.9972756744984994
1.2153532655551718,1.200552126797668
-2.563419719360208,2.737078957655243
-2.970954086146003,0.9432511041474204
-1.1827031077281915,1.3721977899104685
2.5940696707346085,-2.80059732679342
-2.0994235506114567,-1.070473045986191
-1.538882593202836,0.668986837054626
0.5398268074216293,2.8894579428803944
-2.507515295226184,-3.152903022152103
3.2551921648043254,-3.0767539567489206
2.4071730571990204,-3.3105136966762214
0.32908909514133616,-1.0545122904799427
-3.0735407463701683,3.2492489264611124
0.8663931475126186,2.864121072519282
-0.9435214339764423,-0.8597465121771404
2.8726275262243086,-3.0904406598037157
0.8301197340662229,-0.7786221940822481
3.1940690810041046,1.1462284787275874
1.30044392569976,2.5090239306767423
0.8001495058315737,1.1797178519365776
0.5510776189355937,-2.4919760249967444
2.125706922555353,-0.7961658169164854
-2.3925887795192016,1.225854705457136
-2.4120735195747396,1.240683644941358
2.814548887866234,-3.372626393156271
-1.1656910522406974,-2.640505501735306
-2.7875485211782114,1.6836144171747995
-2.343473316871969,-0.7067290912355624
3.172049026781971,-2.619740971372259
-3.121062297282565,-2.5612567032445246
-2.134575228659785,2.8224740619891997
0.7655247994884009,-2.4430108246659588
0.9736514572802195,1.2574097006738396
2.4244690111121017,-0.30695935509650324
1.1253903909427507,2.606772449226833
2.7275726036650627,3.0999485739084203
-1.093242804651691,-1.1501061910668524
-2.319071318285162,2.7695231089911236
2.4971475225307724,1.1920766821113955
-3.615543910970812,3.0121913163366267
-2.369942056379515,-2.5152992222992827
-1.327321917341352,-2.935989058176014
-0.8991069767449493,-1.1314581480467498
-1.7538503437989046,-1.4227275875130272
-2.2260323034634526,-2.853815700518687
0.3777888432669795,-2.948688167800887
-0.9541134303795403,2.927582191545005
2.726896996907372,1.2683884186500656
-3.281348349283349,3.4530812582063555
3.1980998797919553,-0.7797544551601742
2.7278532339486405,1.2415347958546012
1.301556506672559,-1.444453141999248
-2.662358012089523,-1.462345937864636
0.7280031560554241,2.638556165293488
0.4345425104469129,2.1675720007271524
-1.1197090377796557,-2.630579809327224
-3.193515491290108,-3.0008442904822616
1.4244207720767523,-2.6297540822864023
2.6725997741716014,-1.1958189088541415
-2.4629824678325387,1.6258505568865704
-2.4859684755650036,2.583190921009778
0.2952565260992659,0.8261637259665486
-2.7351582676744686,0.14205407154080646
-0.8857704221991579,1.3829913005367778
2.342158153708397,3.354645932039738
-3.805099100728999,1.3042520925434589
1.0766318666764758,2.7290327345726437
0.9231249613101165,2.5789404780884246
1.2677056708377883,-1.0516348649353169
-2.7823909588300504,-1.0643902718366904
3.4332754795037643,-2.618715872546294
-0.8893295009011825,-1.7512216589965277
0.4729453686490417,3.1726645467978374
2.351472146783179,-2.907226692571133
1.2413081233232401,-3.0900968507120985
1.0495199302388665,2.2070759580629176
-2.362551743086776,3.3337964200718413
-2.401085048239944,-2.4945990990350517
2.968224640198182,-2.693111297626238
2.7388275966140023,-3.7161202559448836
-2.7138331921889813,-0.9873092154069771
-0.09011362978124839,1.335539079225481
-3.4223306574224615,2.9739407036748893
1.290996592887281,-1.4822121874898289
2.50387591071605,2.4806537843125267
-1.6010086958645182,2.8903678149265404
-2.782919841493802,-0.8582782753687893
0.36388710911470934,2.8505213280148185
-3.4769997731802795,2.839753448234211
-2.6718253118437865,2.903276355948835
-2.0247353546713063,2.820231253509223
3.4854555256683457,-1.5210163740480258
-1.3283769324751435,2.7640517423415023
-2.1891241058724447,0.9299678798503244
-1.5808222632206501,2.2931524042476474
-0.8027686291983396,-2.451235296321946
-1.0836823471811028,0.7792182718268336
-2.671655305476695,1.5721693905576761
-2.5403717545172855,3.0968249637122938
-0.5993328528819167,-2.7884489979953018
-3.2945437602458445,2.7202764299111863
1.0138944423481082,1.7842339607900837
2.7140279618385805,0.7645773605455772
-2.6723453748660213,1.5237646180197664
0.22199888183649188,1.0515745825113203
-2.8277988646775545,-2.1650420910141173
2.715345168979048,-3.4450300220036296
-3.118165391710789,1.637168427192823
0.4379658369123081,2.0528024376993135
-1.6879822801174262,2.724532309511084
-2.120251888553053,-0.680563554491671
-2.630065252796995,-0.7128751810438899
-1.3116470309630321,2.24434735485885
0.5282285321689575,2.986619991726128
2.585473430821976,3.051147059043314
2.550131052700277,0.6544812270143947
-2.410503230553226,-1.2398809301296243
0.1355363113129276,2.4584100982263544
-2.5882108921454443,-2.086514543337069
-1.2174214704076023,2.540102675810359
-1.3900883649274007,1.2002094400497063
-3.032319518529883,-0.9436747078732505
0.8255403299754751,-0.6764853747215366
-2.9091110216504754,3.0822581820917825
-2.5385594818722876,-0.41980004452710573
-0.757353507406232,-3.4677702802492556
-3.5468290093765633,3.752518550059517
3.536593777318258,-3.022790583974227
-1.050042938300796,-0.542828407717837
-3.593695894009255,2.616614202818752
3.129629694579659,-2.264896118787393
-1.124143209849847,0.5335332991193975
0.5295886979038009,-0.059856601107719606
-2.9407043967704736,-2.709264715690134
3.112731815176479,1.1022712312041334
-1.5054315903794533,-1.310186233581466
2.7727458469004986,0.5668598871351672
2.4421614861436907,2.7044316249995535
-1.7867008252609642,-0.12105017597590362
-0.7080808731093027,-2.234604916082985
-1.614320578494048,2.4437391595566695
-2.4030339902410276,-0.9020941552110628
0.5057212601065213,-0.9193810931427945
-3.3302123861186463,1.4132702408253073
0.8678192230054426,1.9821204984200576
-1.3712118172337768,0.9019800271039418
3.5130573174426742,2.4767709533083333
-3.0283525621092173,-0.5539760808724536
-3.1816653991505373,-1.0513887834948556
1.1425562332852301,-0.7345774186589666
-3.0060086256604746,1.1844788297153555
-0.2867598646936797,2.7394829474787734
1.3727983500735057,-1.2856841504682484
2.7438409682996237,2.856521101599495
-1.5581115913634431,-2.6635058055716447
3.4042428690190794,-1.073721795657864
-1.6258420835149026,2.4598792471421183
2.6820110293592143,2.7296923911777156
-3.3299098833514322,-2.6758307480475643
-0.2575916109006512,-0.49773854847136756
0.8939709817499986,2.6019129436654453
0.8778544426767471,0.8200631476882533
-1.079763363105342,2.234153120974854
-1.895906749778431,0.940598417076173
-2.8119828903767217,1.6589532090421328
-2.570807489238953,0.6902736807344029
-1.0642165595505477,-1.7342335075200837
-1.1998553219050958,2.803768089056036
-0.9900295574632746,-3.1363555569981996
-2.9233654706320946,0.9952301027785331
-2.6654274093975325,-2.498667651243771
-0.8746742925426344,0.7955953040235911
0.7456626398817998,-0.5275118040761121
-1.3361609389460212,-2.987446631285951
-3.1907365665628533,-1.084563766627294
2.763059170096194,0.7699936799461272
-0.6383377447089597,3.0923694005037925
-3.008544665735606,0.6407218339158643
-3.4625698233065267,2.842322761405559
1.2570043819096353,-0.28179771551687505
2.60096923067979,-0.7393766874463575
-0.7300597574325698,-0.8435288944750307
-2.5843687086770304,-3.208737707994183
2.645797899481508,3.0678037881291815
0.946179254780696,-2.3135956883401896
-3.0454296886166032,0.9687453199738226
2.675020579796309,-3.551053949169195
-2.5367086531062157,1.3637204474361249
3.3944008092462585,-0.5598468628694508
-0.9552816330995384,-1.0215012589648143
-2.5588441175651186,0.9615123479377821
2.617325192295671,-2.5641219152710426
2.9795062491484234,-2.370233294929785
-1.1460640417504437,3.8560288792895787
-1.1586285387585138,-3.0150787932134664
-1.3568173103326338,2.8183463571504013
2.142489734529692,2.78487156935944
0.5274334180628925,-0.7954373252870724
-2.4881252641844287,-2.4837867049062328
1.7451345318079126,2.6147495596218
-2.903803851505161,-2.826457267835356
-0.8215242211590553,-3.17406777736296
2.558934716634111,-1.6226321652740978
-0.8330614496728607,-0.8622399313801076
-3.131029756495946,-2.6802407766748395
1.326002007476282,-1.448748377098749
-2.1480317506292415,1.0161426212855438
-0.8926887410475269,-1.6128670820028779
0.5365916315697322,-0.8686005151932653
-1.1689111243751305,2.862582057565265
0.8742639119730561,0.8584858624104915
-2.8776080731054914,3.1633857452612117
1.5608978610637188,0.6377563985734555
2.562014232038925,-3.458796533225779
-2.871250680863335,1.3764132855287423
-2.3196439213677014,-2.7021338347173525
-1.1812578507579756,1.1175347256444386
-2.449610831673852,1.0523082897594676
-1.7762045459170246,3.0583235892221423
-0.9962134116282308,1.2146105981389412
1.597928887014315,-0.7514612149873122
1.3594506750680182,1.3033851671597014
2.4037262776278183,-0.8225127413310849
-1.0246235244397566,-3.0278402070687704
-2.6275673359971834,-2.417792222132057
-1.620633754245844,1.1640134179176518
0.6841666430052039,3.538019815613878
2.760850691898841,-2.9736308368832973
0.5976944272013265,-3.4165195285252272
-2.758807959107023,-0.9777740853103677
-0.8591173567757848,1.3297890571396602
-1.5906431884910357,2.765713970465788
-2.6470540660657225,3.5171532905501195
-0.7536993808183096,-0.9920944602436632
2.8952516642250816,3.082821530344944
3.005788374163326,-0.7075191671586605
-2.627044651503362,-3.0185087213728967
-2.744148117751377,1.2090435980399499
0.27405371095572545,-0.2614430618763049
-0.8111567218882664,-3.2297053995807232
2.532371951380965,1.3858531013442807
1.2669755528085451,-0.5849498236758013
-1.1507308129050484,2.7115574727704455
-1.2133324705676471,0.6354767248260992
1.007475715298131,-0.9072625940193942
1.4093905111610774,-1.1399025044857323
-1.1004741362059294,1.1677898385640448
-0.5209993374879774,-0.8127238164845977
2.8818527802707226,-2.778016634694693
0.10286631035060932,2.7373504533697592
-0.8543020863702822,-0.4429958067890675
2.924023015329299,0.7358491089833075
-3.1323318972371843,0.8994522481032624
-1.2479669598043022,0.5149569691233513
1.2272992905561175,-0.5729070507699909
3.347079938789103,-1.2274031308039879
-3.0554446871640466,-2.6000699841970816
-0.8433934821808254,-3.2932817411122506
-0.9656741679594519,-0.8355476222215356
2.7925089480764544,0.4685146311411244
1.1148350670406895,1.3520685567235828
1.957414848278383,-2.983920338983734
2.8662794194776207,2.65960852477177
-2.94982488631869,0.7012956846454864
-2.1812970467843833,-1.0718168766542973
2.782336431089334,2.0105291881884813
-3.3857213196531544,0.11763692477281877
0.575688893776349,0.3374563226075087
2.355235305871716,2.611673451149924
-0.6821670592728964,-0.7492570103323047
2.676064933601107,-3.603481017234342
1.7171898876376843,-3.034664754128037
0.7785786233006826,-3.100283355361162
-2.8586379227925325,1.385366121759144
-2.666004906475282,-0.3197321453811626
3.1020275660329384,0.3817388236124904
0.8086859450857745,-0.7274474886415495
2.7338104874998543,0.9948079269495534
2.6526936205423017,2.3069133265391315
3.1861513509151846,2.2981052589611006
1.373283826742128,2.5193505351692678
-0.8467988964785012,2.6404770432202724
0.6310257243569126,2.4589656808212785
-0.7584467731659585,-3.5486506059813667
0.11400392780238902,2.718528245741802
-2.9541976340001215,3.256959050017286
-1.3345676199614185,-2.1909968390045003
-3.3048688747880246,-1.201274261537561
1.21900635463341,0.6418056485526674
2.893412187376608,-0.7994936545983046
-2.835114954275182,0.799727170207424
2.878817470038431,2.980294366110438
2.1321820580600224,3.2510041711894826
-2.4822309777850884,1.3136507853072121
2.6577657973839544,3.323224868746987
-1.3186246307205924,1.0200714433932399
0.7836544192382139,1.0138187636403313
-2.042261047056419,3.0611192966084766
-3.1075407500555348,-1.0619111825121716
-2.2794493155787774,2.4428684688503792
2.698395758429366,-0.41120885130290097
-1.167649623243427,-0.8181079706246053
2.7911728866988668,1.2491359753577238
-2.646671712281794,-2.482076014609386
-1.0262190984763933,-0.7797496422025374
-2.573488709599399,-0.44710044580132824
1.030042313310566,1.1955881039617864
0.8374868565224522,1.2526685579458492
-2.1748701472513323,2.365605845606707
-2.0242212695725876,-2.560572014338688
0.38066314517022476,0.44681959757920303
-0.4127623318433991,-0.7723539129402933
1.0552965392280826,2.6270517547008163
-0.24885570360346393,-0.0004926258421894034
-1.303457868369786,0.6163358482025653
0.004275323331674783,-0.6954926975828748
2.761407474672134,3.2711494012483056
1.3399462600895662,-2.740383024136207
2.7705172314556914,-2.5823058717067116
1.2044229716920385,-2.9165308432327817
0.7384496433593847,-1.3409715861993894
3.0433477796242543,-1.2290099538247727
-2.7038973651996074,-3.2508996003916564
-2.721927612387466,1.1622581675336578
2.576152781320652,1.2228422386010784
3.2211084911216727,1.2661894086466907
0.419559755563685,2.8241376162648417
-2.613209950105532,-2.922765726769319
0.591666003500865,2.4107854392794694
-0.8938866468971005,3.5825243137851563
-2.4722044315982776,-2.3036519342947783
0.7847742153293107,0.8012750865928353
-2.6048402695589803,3.163472675871469
-2.6758883877893154,-2.257576158444936
-2.836662310652315,-2.6056400594301548
-2.981868454507507,-2.284856790209654
-3.1961339267919446,-2.88087718897624
-0.6339907428544349,1.271706177715966
1.2188342818152669,-3.710031057846136
2.685494336654118,-0.6757248035443018
0.8492408127590183,-0.2308690645779763
0.2712623634787589,1.1326169897375065
-2.4702393246684977,-0.4452559100506137
-2.97919356721708,-2.7485021361443196
1.0402405614557946,-2.4935003984006396
0.5768109703814722,-2.835610509157659
0.5977534217641504,-3.268173466451468
-2.7496770964697137,2.8550745631577423
1.0978067788485655,1.5946276815620457
2.3260894139658164,1.577119351210833
-2.7762517379551395,3.339608477736189
0.7360520781759626,1.963050936518539
3.003475422384708,0.9050893771611028
0.5347893033072619,0.9982165064940437
1.2463665549700933,-2.4726863226478373
2.86805622626902,-2.866962231895369
-2.5162740343379943,-1.593998155875994
0.5003890542671214,-2.407139007890699
-2.639470892054091,0.9321564853852079
2.9080886673690163,-0.7347663930363859
-0.611799050182015,-1.004815914807285
2.029960099605849,2.693784170055192
2.625365373080508,1.0058803155689948
-1.529624708359105,3.2679967244909083
3.1064194033705785,-0.8414117291254753
-2.9053251310968884,-2.7247553279980186
-2.460280186592886,-0.889703870836212
-1.7206088511974393,1.284662053835753
3.314374729967309,-2.7666314942652455
-2.707131667040839,-2.961702918010951
1.3790911594667523,0.9728827309228136
3.5361324812943367,-2.985661171162269
2.9432431393164267,2.834184117000149
-1.2597383439774268,3.128389689621011
-1.6202531783524083,2.985306791791952
-3.2489326720867746,1.120076283177054
-1.3776339343368307,-1.406275239209705
2.677876542859504,-0.6560007689015341
3.3810731776209098,-3.2978677323469348
-2.586139792562824,3.4825621359760572
-1.5515745221911792,-2.6342961192907595
-2.7307619379212165,-2.3212374149311144
-1.7540393457446928,-3.0946687990176502
0.19875914085424665,-2.8153464567897037
2.7490435543909637,1.0161495612592277
-3.3960918233594515,1.5307355018281792
-0.07154528713795211,-0.7922209094905514
2.9656202465634816,-2.842596523121581
-1.2572753779129744,0.7946325346668336
-0.5780085442104997,-0.743223206369356
0.7454369619419651,3.003746444338815
2.824830850599063,-3.229906146431754
-1.526037455804639,1.9992793351890554
3.146019252360856,2.6370259948690307
2.3301087657490474,-0.655439044092881
-3.2129412537830193,-0.42006985506431277
-2.4424740851717153,2.741351790345424
1.3517668018955167,-2.9340798667107744
-1.3914047725056415,-2.3272546560849583
0.8598750533664049,-0.6118419695971762
2.985464218924001,1.9108305570284143
-3.2257481253504428,-2.5627850137765713
-3.262793187225704,2.920888515687341
-0.5595714962011421,-2.787888906154874
1.5154399315891673,2.9338765345105045
-1.2939765685363527,2.9542059285808
-1.2607506809409583,1.4995420117825515
0.5493558218820975,2.4673440541119436
3.034230417963087,-3.01656043220587
-1.2602626246776865,2.6683028584265727
2.79185138362255,1.0394420900550752
2.660067714560499,-2.1635788995579737
-0.7474872295630263,-0.570668146154116
-2.7183969537420687,3.0583260887162673
-2.897106872343198,1.457496356449526
3.0735126480969033,-2.822596327292204
-2.770300143747399,3.0008200223470243
2.48585620136899,1.5051976358796009
2.3204754349844814,-1.4183343405693045
3.5367264391980693,2.8534380709656277
-2.8397986326319096,-2.5937666851233065
3.0323941762907283,-1.4498706576271485
-0.890870390313774,2.949093279530447
3.307287801019948,2.2398587807044974
1.3740016787173408,-0.7962346813068655
-1.0486147203100296,1.1900922869553494
-0.9918861768734827,1.1552195219566057
-0.45544123607466014,2.1115118164365803
2.5696642070031066,2.4027810027334455
-3.1174594905674704,-3.054466127026934
2.6196916799807375,-0.9525259691384549
1.3506947369917008,3.3299238220090492
1.2079312929227648,0.572853021023082
-2.9195562455992623,2.0918440700645498
-1.0952503754602922,-0.7596394634835326
3.192210973887294,1.3912135740826632
-0.896968370531789,-1.0351767225375248
0.5162812195794225,2.8805120923300014
-1.0317505949606391,0.8929258702528797
-0.8031003933822584,3.08806520268861
-0.7543231608743147,2.918802298366901
1.0749551116712315,1.3491942018773382
1.131545370444881,1.9620111823181863
-1.0933443572372157,1.28983048262312
-1.1619369874717274,2.521868544620739
-3.030437123869556,3.523066546256848
-2.6492615143735767,-2.718598655141461
1.343885971071056,-0.08547042162578836
-1.5207263265993984,-0.5361537900715395
-1.1557868561131621,-1.1050186917688223
-2.5644897964787483,-3.1536321981604076
-0.5160816700909863,-0.8383305216929149
-1.4359178463007254,2.9472741383405414
1.6457771180847591,-2.341549730004063
-1.0779689768379057,-3.3518565520263266
3.636691424576624,-2.1091378657779654
3.039496641386791,-3.159503745986286
-3.137726867123614,-0.979709478757982
-1.1232318766292104,1.0528083738422682
3.0581734770731472,1.3494190612662245
2.4658964241622865,-1.0308760775629022
2.6347474019444115,2.835481841144564
0.7404903657069911,-2.8617932637379737
2.557701675714998,0.6103884982376081
-2.4922019384213483,1.5591834466279515
3.300429979945619,0.3206513843357795
1.2248628604345508,1.1279554071164049
-3.622192021423953,-2.521541473386365
2.784116455998376,-1.0370281727734063
0.2053899517605211,0.799858374421175
-0.558608629276594,-0.25557937186971597
0.9697736671101056,0.9595377369123239
-3.0199160806211207,1.6538726543864737
-0.7169382157579677,-2.7540059467056266
-2.4985414585654135,-0.9389169333822169
2.9545535484600305,2.0775603559060647
-1.0125227780000647,-3.2689412541459304
-0.34383395495584734,-0.9119115040694715
-1.212094442808844,-2.7328867357946183
-0.6869360084104523,3.58354808145227
3.101329245649168,-0.8944489285106327
-1.3628546461860618,2.8608630819922913
-1.4574276668158264,-0.7514229444456457
-0.8965656228960539,1.0699284186104183
-1.937369141303707,2.8812491006139944
-2.90840268554668,-2.508521936101228
0.1932984321010598,2.920742709860299
-3.716647065532158,1.6884586814849627
1.055599737275736,0.5659941048229481
0.8444852676205448,1.4672618564370952
2.9414481445393648,-2.9846377772682056
1.6174845297540865,-1.3420598068429153
0.6227556664249844,2.3930836458373657
-1.284496056671421,0.6235129717896434
2.627155333291737,-0.3570692401960432
2.9528690694339383,-2.844521607627104
-2.157081104764536,1.2106549877378627
2.5062181829854415,1.1112703742841963
-0.7753375314803953,-0.9431415662100152
2.494375988216347,2.775104689683925
-2.3042726570945327,0.9757013763619735
-2.522000048804633,0.8509083030377504
2.6157446744609243,1.6485577017168165
-2.348213400848704,-0.627427067829332
-1.835639515321541,-2.370584953524691
3.35873949401909,-1.2343799829991307
-2.5506307493839078,-0.8284629866599823
0.2137641742389954,2.38258584085112
2.679424598816099,-0.2600406743902941
2.8843690172474394,-0.6656871313958151
-2.7977846118690466,2.7534599506605386
-2.347236874357751,-3.4010532689742456
-2.651271089896396,3.1505620080380283
-2.090760601225253,-0.8179422120030112
2.567108825342222,-2.8068639792547154
1.2388533652006504,-2.8497552387437577
-1.6098358266048287,3.1426412766222334
-0.6203803111711,-0.47707442881853657
-2.7721419602813913,-1.3730336933847358
-2.4040038501133574,2.272656004869411
-1.4010702410647442,1.7820408744403116
-2.181740525393876,-0.5394890446309749
2.439688669772358,0.8082107423472866
-3.339741784750623,-2.51006881830968
3.2909008490459706,-3.2920670456370913
2.4832035893774993,-1.3034660914035605
3.127791278692942,0.6752207859657762
0.9319646377276462,-3.1242618058123983
1.454080987594542,-2.649442035451074
0.3692897767082472,2.7314584632980803
-2.762545658795978,-0.09756231089653979
-3.0183145445107264,-0.5679931144645993
2.5335915673310634,0.8006846591940427
-0.6846255057634342,-2.8060767169046335
-2.959745813500351,-0.9258615263711457
-0.7512882101915962,-0.7038806847012722
-0.4805842541659551,-0.9772889015399208
-0.8866902473358178,-0.9791205138758591
0.8609589635889244,0.36567361072852855
-3.1740454139611978,2.792462807601129
-1.4581600737757392,2.8692953901466587
0.1588391029581608,2.6405277920801185
2.787285470451697,-3.2343910213665445
3.002160086096724,2.5047458211800975
1.0768261494926108,3.0712517782050988
2.941752410691953,0.585833450715653
3.364842888395105,-3.4607862834286904
1.0152090147085764,1.1193584718490097
-0.7687484674348373,-2.692259377596903
1.2408697554666899,2.9309481992663633
-1.6799772522384266,-2.453854514083378
-1.5211055391817678,-1.2701930726587878
3.3758758251193526,0.6021555069756696
3.3193021082506244,-3.065180453575586
-1.4886537453398743,2.7050435103830273
-2.666091192690347,-0.9856091738524793
3.1805786287282074,-3.361854636538444
-2.8196751152162842,-0.75129550974297
-1.9432270654071917,-3.0229024737097268
0.9357776672940316,-2.848991079420429
-2.941952585725544,2.04851477086546
-0.8463508168362555,2.617919208593747
3.7577215708355993,0.9865536671482829
-1.106773872050398,-2.253621658529207
-3.124290804096377,-2.624806536654369
-1.5040459710108056,2.644753397791804
-1.2608215647001966,0.7520652547141322
-0.7760249815129079,-0.6800321299949252
-1.7816165627226255,2.7874785011638568
-2.3634898980923786,1.1227706999396092
0.7120774112723541,1.1764235115275925
-2.892616494537743,-2.4926882897105127
2.8704526969298976,0.805518601776664
-0.8580805496057649,2.7120776082454796
-2.1465614398747377,-1.1607483408929264
-2.7165346221743985,-3.152256541484547
-2.818000880646828,0.35804629720969605
0.9775226951035559,-2.6850352290131605
3.2198455441520757,-0.8462570344497853
-0.9775103289990096,-2.113005330908949
-0.9315749452822563,0.8315337211938962
-0.47630422561200864,0.9843902117106814
-2.7297203794074894,-1.025963202630013
3.1386207854812964,-0.7214710601140285
0.4360027718266093,2.9238190675609497
-3.31571860331061,-0.6926980240756899
3.372880169962613,3.1810513156443188
-1.5463944559093965,2.8478848716121647
1.4428931996226582,0.850096231961263
1.0986864927431084,-0.15303640573646501
-0.5004684875744666,-2.7785593371163038
2.264681539103935,-2.58795724750065
-2.691723566706474,-2.6907192568771867
-2.3071316975636047,-1.2373087191220105
2.9175656225166136,-1.3349673623943217
-3.392606970411058,-0.7794674044656368
1.4383705606490276,-2.880024202561901
2.432699509081469,-0.8946874578995017
-2.6635631361629755,3.1006220860417515
3.0000748854948043,-1.1283610479294486
1.2396549795818639,2.725349911651701
1.0541904909345872,1.1343641394069814
2.998345805238975,2.508807060488626
0.7221393112875422,-2.8795639387405774
2.1726798254173887,-3.345798300147363
-2.7496389672282056,2.5036076528327715
-2.6140986021043875,-2.424563141327945
0.017515547757050894,-2.494842596946195
2.744655257508789,-2.189452345441144
-2.606318900855957,0.5937508114757112
2.709086873248981,2.935850451052007
0.7303750651128141,-0.5036799141806688
-2.55660684055406,2.20802470253311
-0.21846138938821372,2.5735569871262722
-2.9539703669319555,-3.071107873024414
2.898446868512894,3.011905560406182
2.9897605412301274,-2.833182080625495
-0.6998131482488789,-2.8958094640686896
2.7976551476933005,-3.173412101666775
0.9117114509051021,2.629955652837408
2.7001205873544887,-2.661645871530182
-1.9204208727107315,-0.8814185558725626
-1.1413691113541682,-0.35840716890401353
0.4885504710948266,2.5664117333827074
-3.315628478826787,3.1852539717059885
-0.3227444590838914,-2.281147522893125
0.9945840031820978,0.6515503877233543
-0.7954011632329377,2.8454950817890334
0.8026814886732773,-2.9966348885411205
2.702101503197431,2.4545585001238184
1.3185999064277787,2.7305733401559817
3.039375449147879,-1.0779872041370226
0.19042317457409305,3.3999363020253464
-1.795581907000396,2.4071585249692706
-2.2555782562487265,-2.191455978757224
2.6194551295449195,2.477173475094249
2.8043180992351138,1.0393672727278571
-0.9953379814131204,0.4226551651725335
-2.392301198841532,-2.7326312067606207
-0.7230739675152349,-2.689809601537226
3.586176611764454,-1.0177733648430671
-2.475351314941198,2.5242114238923268
2.1764425067652255,-0.9548613899732514
1.3543435372172377,-0.7711993587745828
3.3332815548025096,-2.754258756918383
-0.8380033437598998,-0.5881175560439863
1.554079248484652,-0.7492129699951872
-1.1589045806090503,2.7861309513014243
-0.9830620678549922,-1.081228039399566
-1.3107651331189534,-1.7872291387983337
-2.3981195950681,-0.5714851813288262
-1.8961862951082362,2.9062751945526624
-3.116690908587748,2.785221731146569
-2.3637511034600376,1.5058443849704704
-2.617492095514493,2.731136076557455
2.836042081189809,0.4881555283553247
-1.1872991355463616,-0.300869700463321
1.1446656620244418,2.6230202970359104
2.894358779273244,3.0239042080692244
3.082952896654247,-2.976638542689534
2.8727686606148395,2.396468359388979
-2.495501558772338,1.667527427415313
-0.9334818055277837,-0.7022945312809279
2.583175995140296,0.7250423979299996
0.5380883909463655,1.0495824010656116
-2.7902120454105943,1.4514865165347854
-3.1956248309912874,3.1116918238055375
-1.2230637662027857,-0.47154573203049666
-2.6234331600957095,1.3861395581188853
1.2213036807788007,-3.301988877980978
2.8285231627740766,0.6778047279373248
1.0001683542734698,-0.8517012988450121
-1.1077320220386242,0.158622814641892
-1.0284965939855037,-0.9712914371938709
2.991567759179098,0.9218138973907709
-1.073091163290891,-0.8142732550180438
1.2913326673516603,-1.1331502155507505
-3.4380022445407348,3.270548537924532
-1.430768452780926,2.598259519666281
-3.349900088743651,2.9018483647363174
3.3264184847121343,0.487084322026248
2.657075904817478,1.0947783642010722
-1.9463870213019505,-2.6124838582625958
0.4478395266039004,-0.9861821296674705
-2.9716946835589657,1.6900532466127594
-1.1451652572180122,2.143613584245592
1.5574877361725428,-0.7951747984921499
-3.3584013333384237,1.5595398209047064
-2.5227196937525584,-2.181666214331716
-2.1313995041180402,2.8423377738496054
-2.907809349542022,3.311352596986739
-2.800581686426344,2.8774155118888167
-1.3363415201905293,-2.4128265476328745
2.8159014240311655,2.9301636705204515
-2.238750151182088,2.3339336112070552
-2.172330423998482,-2.4742262880242536
2.7173784866087867,1.0592328731611456
3.142260346922834,-0.17901134291466775
-3.3229978896921764,2.2222337842537585
-1.000001703756906,0.19539359825614142
2.9619936043257233,1.256680309431693
-2.533604779936599,-2.536004415035563
3.3167440135307884,-2.524562384668167
0.7919600436115622,-0.7212792365689628
-0.979292457233345,-3.0095279865670665
2.893873830786685,-0.964908680477815
2.855223500441599,-1.2823534077258203
0.7297627154116059,-2.050271180025983
1.0156253909359707,1.1731683249684852
1.6603717931221866,-1.845171011162723
-1.3486125074707866,1.1160494965520278
-3.7152380163714933,2.629572756368047
3.1921913138732276,-0.8281903382390676
2.7442616191011235,-3.4615693867509485
0.9007852966815203,-0.8986664995467738
1.1389399829690292,-0.880754239877642
-0.9473357895484084,-0.5075852268811201
-3.8537138007338108,-1.0690313835781902
-0.46773962179217726,3.2537841615567724
-1.4532509927293333,-0.7311058559672547
1.1767576352558038,2.7910547523470637
0.30961109783220375,-1.3114313250677017
-3.0133306904255464,2.55852850354124
-2.9278382975215353,-2.7814217270853314
0.8178986767436706,-2.6629043096332063
-1.0718332509502821,3.0142637035741933
0.3880580368011307,3.007221327085402
1.0648056747441204,2.8812594097467574
-2.6868186065033095,0.6804136853371971
3.183823470103542,2.5046467386717732
0.5098109367283902,-0.7762226291288193
-3.765463866752315,-0.7426071121354323
-1.182109898496964,-2.602028865059496
0.8307469609433974,-0.8248368996606467
-0.9876555494379711,0.9340352061551593
3.188234105446409,2.865723515591165
2.741197835939557,-0.6070834718899177
0.7836543887066925,-2.7687908449487733
1.2684114370586086,1.0226005926664168
-1.3866332931007208,2.786255703551268
-1.084297931452688,1.335332128342237
-2.621016965342187,-1.5333071546494184
0.3717898879153125,-1.0705723693884601
1.842849912680975,-1.7452694580085657
2.409992564576662,1.4368424709365775
2.751272449944278,2.470043700893427
1.512196763670834,2.5440585177889004
1.1914751259173304,-2.669878353587571
0.6954031268445919,1.3078116969076783
-1.2849957502578138,2.3274713456369884
2.9758278543890095,2.9941382062089934
0.9713943348295235,-1.368031234402168
3.378028602909796,-1.4249781706286848
2.3233700733334257,-0.9798788750143799
-2.6672751688222487,-1.8201893167605507
1.2830893649872672,-1.1180467167321833
-0.843209354961343,-3.0441158817603453
-0.3486114026272507,-0.8473224572006606
-2.8572874391781964,3.2710452413606883
-0.5019161218957845,3.0578696681786743
2.8237631564483,-0.3567794242356655
-2.6484624171867392,-3.2286993960962485
2.6369891949908837,-0.9953672503143902
-1.224257195603602,1.8748259423771019
1.5362561105491672,-2.594008911338406
1.0360952816235138,0.875182554928874
-2.822292017676744,-3.344514964033689
-0.7505472399006887,-1.0979400895915652
0.8408846301184562,-3.013611887430506
-1.9890994738309182,-2.6350240207071063
2.250282407370847,2.2435167602218162
2.5526016743541646,3.1047517533431885
2.4476045356668257,-0.7562368154666375
-0.8274779261867657,0.8198549514815152
2.4496361327383287,1.1525229128801386
-1.2267903549428836,0.6079476090542034
-0.9237708041469435,-2.506613004810628
-2.119543958116921,2.8588400979086566
0.46529458434038,-2.5863700021738234
2.8571199421297853,-3.403805909684132
0.749202436126926,-2.164071647806828
1.3596253261617792,-1.7224285778580597
3.4447900262261713,1.2363232694170827
3.4114452346090767,0.40046590903356244
-1.294354275966828,-2.405210453047057
-0.22036557883055685,0.8571635835603177
3.0604009918604778,-0.9337117027234713
-2.8659515438499867,3.6229053196203256
2.0870364150310268,-2.8843253876080386
1.3301243431472658,0.2451137330392073
-1.4974868086692381,1.4976168987884633
-0.7675658816852539,-3.1365184796402477
3.295206872680352,3.201825193291801
-2.484822779440113,-0.49389012944864835
3.4587950819796,-0.9772314441657799
-1.0903433320946023,-3.1205830155345238
2.764966105387547,-0.46840172885752185
-1.236278744080314,-0.7821286495946849
-1.2266828059600765,1.2789433715080387
-1.7202659233872246,-2.2489908606081075
1.3781269583872708,-0.19093629568833081
-3.3488809617667066,1.9090710991472146
-0.8001861504681216,2.4419571653201593
1.528298407727708,-3.0092679530519915
-1.0137933140761182,-3.1056034904376286
1.6023774852739083,-0.6171037850648394
0.6212282931995491,2.8603062601421962
-3.130121446138494,-1.0724862784094642
0.8213898338410072,-3.219649386417365
-0.9410861863549013,3.07602061410698
-0.4448857410285069,3.3511027788142584
2.9948096794529135,0.642602111076216
-1.7653115760538016,-0.2578030919960403
0.6473279422325859,2.2375421821851087
3.1256060060585207,-0.84924024921688
3.4991450432916285,-3.5283635297953997
-0.7180140738601375,-2.208936484006279
-0.841756373864095,-1.0919966689371323
-0.47887066716857063,-2.2154984970492118
-4.05025758830007,2.238842876646424
1.129944705766112,1.0501514478170297
3.2138927458033364,-2.5748497493128397
-1.1327825376738194,-0.545977075072747
-3.0084170271032495,-3.0373604409763924
1.369391219257581,-1.13919730731419
0.4467337199319319,-1.1333022721858117
-2.1262481069517896,0.905153678538703
-2.620111013645963,-0.8527067581174743
3.64777832232243,-3.1174237139629994
3.0328446953554566,-2.608785767159546
1.0615911146947112,-2.48410157102795
-1.260619150498809,-1.3215797851987758
1.367326169999946,-0.5910297422768027
-2.7521315046603654,1.0569614336483097
-0.2520885390292587,-2.685288313304682
2.8725059383221416,2.7926513664324513
1.3588139748726706,-2.131917499323107
3.183852476182032,-3.119162905152227
-3.136803722170818,1.1360354207595915
-1.2970159532062326,2.4615094798417627
-1.2317684375403488,2.9493927458830598
-3.402354461895438,-0.844628584249352
1.2465726647665016,2.5505302997310557
0.9694865327475102,3.337290413882524
-2.060918778003067,3.3202044142300053
2.64011719540845,2.518290771030695
-1.6994738080682543,-0.5370319192108882
1.0778247674187766,2.369706314403099
-0.7538674317603988,0.9514842095112163
3.3386701130724066,-2.60941175607628
2.6079708153930707,-1.906456980953701
1.0096332977087763,2.680225100259712
-0.7675367689964386,-0.8016423175368506
-2.672286965813177,1.6396165401289635
2.147998195939076,-1.244749735061071
-2.6073221911788247,-0.47368961101376766
-2.8036499838537634,-2.921616468841482
0.5781306522898336,2.50724297406607
-2.4080128960499416,-2.2031036211541024
-0.4700147351747721,-3.536971099138136
-2.7317966331157555,1.2942685593186805
-1.2464158098982907,1.2165175305386153
-1.1159388195329514,2.4282049569097466
-2.9420385044823547,-3.466672649508338
-2.6458238366648517,1.2046450815962775
2.4174365810494094,1.8390039592438385
-2.474842549981243,3.2788836314470227
-2.623169551312036,-1.0641635524753148
-2.712219894671333,-0.9404112519287793
-0.6761045005801789,-0.43388312759602266
-1.0289772053432584,0.7789819716735384
-2.755925790848259,3.19563786334638
-2.99952024482659,2.75145048697307
0.8040403136095662,2.562530737035655
2.7520536677481915,-3.092029866170718
1.1511717631115563,1.257235348925161
3.463271867904389,-0.6187685574659152
-3.1316140366258907,-0.5869654532798646
-1.0795618580422586,2.811938909575497
0.20815182533426543,2.587098576502003
-1.3620489164272138,3.006794362578534
0.18345566062814767,1.3006599423170209
0.8954071402010433,-0.12903010274273516
-0.7130532528226174,1.1789400798713576
-1.3351280469809899,0.6109711562688492
-2.7156789449856658,1.2777483390751405
2.636676398266148,2.4884078707300574
0.6748593351988503,0.9790709654935191
-3.016772438830567,1.227695638199961
2.6796498710981616,-2.8055558969914687
1.0095362289347054,-2.9035435608242643
2.4107783178208035,1.6715738829171451
-0.8979941583069265,1.5097792642484842
3.034765648238319,-0.8802857293718104
-2.4347684398613616,-1.0218327496501078
3.0389609935922404,-3.228305869622614
-0.64041177930722,-2.8425782603733984
-1.1897155645158468,2.6184507464987683
-1.119500230914451,2.4647554047895577
0.8360631914910416,2.720526967193164
2.410983364857168,1.6643936101069792
-2.8479097543877243,2.5515534299982576
-2.1994354884911456,-0.1704194435491469
3.094750218098539,-3.476136259903408
0.3512314570777859,2.316619248820735
-3.1514140609835875,-1.556010255917532
2.9561334060657782,0.6491528705733443
-1.2025130111740656,-0.467968288673966
-0.9259488401374164,-2.4538644720542138
-2.898029346976967,-0.9663885191932959
-1.4368838309747947,-2.9226361189096566
-1.1578487785487264,3.2096201434095484
2.9401602777655227,0.8795631628446668
3.7069019907158998,-2.6701777582750457
0.8023959723509951,3.238400420038232
2.492085277219917,-3.8268790747428056
-0.8735625462770482,-1.3446720127093286
-2.2608089171106887,1.3549550954515996
2.6080659584494232,0.7033961605406724
-0.9424259770205051,2.9071546170514417
0.626245703378345,-2.721598163764609
-0.9566537183444642,-3.7104183322506916
2.637626370407007,-0.6993665679807344
3.2656843680931007,-1.7695699965938188
-1.1098270076440182,1.354569304242945
-2.6400853841341703,-0.6861626096449972
-0.6308025117017654,-0.4186303841511685
-1.4013342752054483,1.2883494462639256
3.2233812875569563,-2.874832561060762
2.471515102058061,-1.1550268253894618
-2.6522253579476955,-0.4921941409967084
2.6261697955364625,-0.9058650048551463
1.4515821744539148,0.64922604387804
1.460139178557576,2.8663696624717825
-2.675994479613287,-1.2563064297010604
-0.7217317028454339,-2.3298866225896417
-1.5712652037922183,-0.48639235680935855
3.191639024948586,-2.8106972671679147
-2.49686224141751,1.9493240613819764
-1.9189173340821029,-2.824154393802752
-1.1964636933101527,2.527457029851967
-2.50413881272496,-2.3493706051899577
-0.10426771450838354,-1.931995282048344
-2.8236075160243046,-2.4863100857445457
2.7285482730401083,1.9632542411516085
0.5609170479127858,-2.2001790917118647
1.30271580671301,1.0435790701556977
0.38008628016773127,1.1158660711034194
-0.42043114129999104,-3.069500950247474
-2.962967339149646,-0.5986071433783973
1.6894575434463062,-0.7892290598002857
2.9641962448389907,0.6503718718945498
-1.256781060399178,1.1968345970513279
2.912756546589999,-3.0680418761866037
1.206261910096886,-2.601633293299836
-1.0399835823619932,-1.2391896877871562
-1.5870562229757907,3.0849733270658524
1.111081276804514,2.4163903629228916
3.161870237502975,0.46675869216002774
-3.2031498498433644,2.6554207543840636
3.6720028898142996,-0.9973245428961464
3.107680126059302,-3.149049129764889
0.8563481409664592,2.7543877813128295
-0.8896869642078588,0.5158380524503746
2.2431511249160296,0.8488332618705627
-3.342215487874529,0.5831180369409428
3.786589295787785,-2.9765143173079553
-2.458838506405811,-2.6810541239644796
-0.8896024426059987,-1.0520290910078793
-0.9061215952047362,0.7668032148263942
3.517494248455206,-0.14032518883574835
2.957299200783534,0.3606652869975177
-1.4761533924843702,0.47950563920574424
2.940294928643233,2.2898665274019754
2.7554330149403765,2.205392303391323
2.101562779534769,1.1715883754454892
-2.9301303907568514,1.2941691434298108
1.8387422953808155,2.506324982478059
-1.0238339373827408,-3.3262596307825767
-2.760443776494104,2.9634766997113346
3.029871295531929,2.293079291056536
-3.672993558789679,-2.369662879406998
-2.8812558723647173,-1.3292157433438363
-0.16292459513083243,-0.5320975480461598
2.347856875014835,0.9409171806393102
3.034035046939625,1.1194238131343635
-2.9097841233324457,-2.1715278670656795
0.2394440052024793,-1.434558175638451
-3.29551288224198,-0.613540170116628
-2.762584354444572,-3.1573183749686
2.242308121047923,-0.658043600176077
-2.5764537713611544,1.4028814388942061
2.8976098406729176,0.5660245198915196
3.295777660379581,1.2883071029690434
-3.069650308682819,-2.5901051662396752
-1.5275614682047498,1.10362338476893
-1.4439447589926646,-1.1467038655079589
1.1724926909864628,-1.1234664659746991
2.779958192582024,-2.4306072412566557
-1.4037233581692399,-2.6368855851907806
-0.9299432955740603,0.918395737813692
2.0370368812459545,1.401695748765133
1.2274556625800692,-2.5392390095602013
-1.0349294382593037,2.2196854406474515
-2.333269380226328,-2.784118102311864
0.7366982289935826,0.40764505198502
2.3685797148930896,0.8281966186094197
0.4862956812947531,1.119709732489688
-2.446400629615807,1.126052130273354
3.1947473256519303,-2.224407670593901
-1.187523904192923,2.2614800937545128
0.4691115524406625,-0.520417854915428
-0.8386219712620188,0.7879622299422248
3.0133331345900474,-2.759590868062739
2.6566860029176116,0.5238565013246376
0.9096527684430328,-0.7625155052293797
0.7680690571599605,-3.0544537104217535
1.1949197387845483,-2.111350469589651
-2.574151301407284,-1.1107669359318488
1.174991306497187,-2.814019992585847
-1.2952974744205363,-2.8081665274770566
1.7274897490216217,-0.9599102714069799
2.4710772494535704,1.5539412946030406
0.8915041824104489,-2.715400704763104
1.971907703276852,-2.417113185463485
-2.682850238794088,-1.2843464959422026
-1.9916981754401701,0.7626018384826737
2.4697011881511632,0.578878175410404
0.25814100419975633,-0.8198405145798795
1.170035982502765,1.244876547929142
2.9589829473259517,-0.9928215445088929
-3.2364268944434706,-3.3636715919497964
-0.18644361880651175,-3.083193710374481
2.848393504334137,-1.0585638651857945
0.9445935358280976,-1.006878864978395
-2.389617231171648,3.5957248881373087
-2.403592733262176,-2.551835651351039
2.627058511188123,-1.1366581720602382
-2.770699868043637,-2.596861959274236
2.6500100550506374,-2.0194432178789903
-1.3872878603848122,1.1199379282284718
1.6712018417580892,-0.9461613474870633
0.788233357955233,1.48684666474467
-2.1328511044356473,-0.5740266551330095
0.256286197739061,2.4522057524115866
-0.8762353529191863,-0.3443430599628631
0.7205596872139252,-3.4662590459064915
-2.7949977695445023,-0.3440845981373366
-1.313937600617672,-1.9007728529280359
-2.1544867026192778,-0.7918209014430583
-2.2115860261711107,2.448918452406417
-1.1554775126841048,2.897693016068536
-1.3691052039255327,-3.180421533701695
0.3486622207038288,2.428892619939068
-0.8144043945082127,3.306047602139407
0.8856475125050558,-3.2355667459043973
0.8501843055810484,-2.8845482159073623
0.31058068484296397,2.6741198774196486
1.10040643420544,0.5198557591811142
1.005996897889615,2.6684440058813164
-0.6365170303357287,-0.04769650847459231
0.8919600301489989,2.675794844232233
-2.771699646017422,-2.477003911456934
1.0669233292681644,2.8048172220459167
2.722698578785774,2.730522560410621
-0.9032747874254432,0.7419758586521906
3.0569684872503364,2.482904383858363
2.5763703788275767,1.30412529472111
1.1459298207183695,-0.758005711525531
2.8250699507389814,-0.9802560080533367
0.8833876690061842,2.697232255151888
2.95801921826832,-2.595841289486512
-2.5241026083266487,2.12011148060278
-3.012886849870776,2.042839353555759
-1.9303552834034772,-2.3139402687318924
2.2712481187037055,0.9799153987488978
1.1249430233233377,0.6682899854539374
2.3456351624252183,1.3207119702022918
-1.0932640234508544,-2.038820518156957
-0.1784305314831055,-3.0480048447535744
0.04438024476893148,2.66774863247609
-2.98874356780034,-2.241120397010252
0.40475467096889567,-0.9542389452306504
3.2786427087991887,-0.7432661848605578
0.8986394267999086,2.433186401848439
-2.614834414137121,-0.4243096374374146
-2.3092995173810964,-2.39858863189816
1.382818289195711,-3.1843583888118254
1.5695802486927664,-1.3735574770682206
0.715865490888386,-2.3391951367229833
2.9823099832412656,-2.9623210865215808
-1.3137794008853907,2.540270132901454
2.6559157616918956,2.9501388728755167
3.0643453491073642,1.4743684533261638
-1.8551811290597515,-2.6474342829698805
-3.0845521413187753,-1.49334497091139
-2.825680311415238,-1.104272084258104
-0.9554712084970943,-2.167597867750668
-0.85041952625618,-0.638758207420643
3.9211973739827095,2.2141335122631887
0.7838050279878562,-3.15235593478328
0.9649812707933655,0.7058995750783783
2.8149361815187013,-2.7022772137526885
-3.492800413707447,0.8031782812959296
0.8987171202117846,2.6900955218992806
-3.056813804091739,1.1309708474432922
-1.0855574167046098,-1.0282461411166441
-0.5063948718172026,-2.7845591500467393
-3.356617980745447,2.928212951704457
-2.643558434929687,2.813399546257194
-0.7064954971752597,-2.3609729745669994
-0.8807784281622018,-2.297612731680743
0.9294651280664465,-3.121737657114015
1.7535993503988008,1.1238409182663223
1.3009977727462707,2.3885761189294348
-0.4318730866761921,-0.641270026031623
-0.8784873140808075,-2.189200150426718
-1.0480329698375546,0.7941237991731003
-3.2971078165482317,1.488829359151518
0.6654095846914265,2.209414082125062
-0.7996900028764502,2.4352049188305793
-2.6032402044291847,1.027740858178364
-0.8095413833616668,-0.770149579507411
-1.1087886926761372,-1.29469041054526
3.11372209230331,-0.8301035886672686
-2.807948528139071,-0.9431735165978179
3.075604790779041,-2.7933163114640984
-3.656430762508811,0.29817534589376743
-0.7510651878760964,-2.834583476532384
2.5397301502994534,0.616592246126454
-0.6210299607346527,-0.6193162064840193
-3.012605805950299,1.0405446446888365
-2.5587132360453753,2.267769901066616
-3.3435131366263007,3.034824514369683
0.9148663298752033,-3.0738969950225004
-3.5383408352864305,3.019561181894496
-2.5431977919943978,-0.6983524331978792
0.36843344218953467,0.4229381781164671
1.023260633058562,0.6826246715945911
3.03528358608241,-3.4714008023603147
-0.8990563794131969,3.3846013585722923
0.9777159980290966,1.1991111161942953
-3.0050443938477795,-2.5239429020343636
-2.880457291078092,2.414175985471974
-1.861652831352572,2.692547159390965
0.7837983329494014,-2.387449727573554
-3.0810542518135597,-2.9167171349430405
2.8780382498601127,2.3479138607616514
1.0414953851241928,2.930946617520366
3.1212676960618655,0.8645314531739878
2.1895798052280586,2.27247604085692
0.03494074763456952,2.525924810178866
2.587895174048241,1.6125210414125615
-2.691624435639614,0.9712633306335723
2.3495275249593175,1.6943913333388871
-3.4185786766973933,-1.3231753650773541
0.9887497661839512,-0.6202486083196248
1.0983382499219043,-1.045061227699096
2.923078451884957,-2.8334692391723184
-2.9544215018748625,-2.022078540962253
1.8140260763042384,1.0027463610247744
-1.619299125817167,-1.0541226977441613
-2.6388257263122465,-1.094240178417672
2.6460440129648526,2.231047328166145
1.0311292583895237,-0.8189900248519462
-2.8954799111909817,1.7152255075083889
-3.0803846918367555,0.21775948928378405
-2.6498343915493017,-1.263377927967102
-2.882828270947385,2.977303302395779
2.3921263518790408,0.7294433149296841
-2.631603935385289,3.157073419184855
-0.7806938880748145,2.3154825975671525
-2.7978245699813438,1.4522882400923647
-2.1954817732580194,-1.2023585359356472
2.5301290236746805,-0.7723614607920661
0.14824327651800315,2.8007128438568074
-2.4460873662812896,1.4855559270579468
3.1275331807836,0.667455431079507
0.5845196232182588,2.433792013022941
-2.8099608008067016,-2.9796800815936986
-2.4591232824451064,0.32271714751377634
-1.4257802461226554,-0.9815829439705435
-2.810402232829429,-2.7863237327818364
-1.1425945841845313,-0.8754475461907262
3.0598502793582862,3.066399232008227
0.3026562783182546,0.6135691713512103
3.088429824785041,-3.245617952748772
2.1697676320493797,-1.51448853133728
-2.4876544750411758,-1.2769974797669668
2.6210678966919554,-0.6486656639145113
-2.640302522900468,2.906997399493508
0.0038023934128479197,3.0986857632488
-2.632351715777747,-0.9400724123548466
-3.3084837327271077,-2.284777560770506
-1.948825307091508,-0.5266049024005443
2.6034307911556978,2.608704509476095
-0.7864621316631546,-2.9305828241366516
-0.8773016542153023,1.2116690382845954
-2.905205140885863,3.1757055340641287
-0.6743945425174308,-2.9195613023950058
2.9156843466542597,-2.640269040606439
1.293192391304565,-2.9695577114278646
2.6697906711286135,-1.6387349508478284
1.0441936476565028,-3.077648212545472
2.4673182509814247,2.4714096216024983
-2.4944424674411634,-0.8016285212715151
-2.66192584565674,2.5582426880845124
-3.4963718540651056,-2.3467848600845915
-1.7966049932729433,2.5029481310961126
-3.3730193423382953,1.5208357981570908
-1.4062357486782153,0.8081083436081953
2.163895890298084,1.603206141595416
2.3250102232417857,-1.4093843679112836
-2.4875156604871718,-1.3828072193418075
2.1965442560690374,0.4566204293734723
0.1295132624544395,-2.7415741044995277
2.1809295572318343,2.810053502229428
1.198144509057558,1.343456907467517
0.45239562287869733,0.7069484255755786
2.489891621828264,2.898587913420717
0.848980788898624,2.6009459797104193
3.387209455322547,-2.15773413254019
2.8726898375016425,2.4077762843997617
-1.0661869791150749,2.0130058545943905
0.908264103051979,0.9325169979538092
-2.682504477531573,1.7869281533362669
2.64028096267057,-1.3873399450041932
-2.8448510695018543,-0.45939285543101993
0.9056617032627394,-3.5141986909121385
-2.6111332348142833,-2.2668912199495015
-2.143285484029492,-3.215486153649507
-2.801790322011365,2.743967882029746
-2.508179382540886,-2.551395184177185
-1.1266588185688875,0.9861574698383588
-0.8515853804157935,-1.0158383004049063
0.7344567747554829,-1.1277611211004908
-1.4768799432391944,3.116725325453476
-3.031641032910448,1.1924245333073518
-2.440723342848025,1.2310852240557162
1.0425568846882367,2.828499467106944
2.812209846220544,-1.3690947609029682
2.6906736354330967,0.731127733659039
2.7479897581497554,-1.4542265166464774
-0.9462478419125286,-1.203207490832097
3.4435151963921067,-3.1470947256209914
1.2025807582662478,-1.223732143113436
-2.7796886615397707,-0.3284086431581295
2.6060960975538148,-1.1013549641678095
1.2251039541515547,-0.9763214884518528
1.0460359550707097,1.2701054271004273
1.4384169495869756,0.8656559495343257
-2.572507237649836,3.00137791540624
3.3724831495969085,-2.3249170527316285
0.7308213076400115,-3.1706422142297326
-1.378785641665322,2.452831764777598
1.498168140070121,-1.2729518838076659
2.8335679566521894,-3.0233192521971133
1.1611255976532218,2.9558722240097173
-0.9907904015973016,2.8250067628659936
-1.2159142213391647,1.3049217926514916
1.688057343759783,0.45723414194059486
0.5916652597651086,2.7633002158275395
-1.1877339907402154,0.5598188965477845
2.955828575558984,1.0406067975144306
1.2757488868228533,2.9146323384529693
-2.9581947948491845,0.9472266182092139
0.6264205162674782,0.7692323482628766
-0.7127500836815646,-2.5969672053570863
2.6705619936503995,2.3929588727515525
2.645363710949691,2.307846305010797
-2.6588369167750905,2.347388492242478
-1.0657433647171857,1.4185567521275264
-2.597153321700824,1.0478060193152527
-2.161057490686239,1.1713601990436546
-0.4005963520411493,-1.0852118316598665
0.19679638790535234,2.769269508474306
0.6924438382351783,-1.349165224856241
-2.9388469497461305,0.8499551351336304
-0.581587493251785,1.158941993863699
-2.834747185084821,-1.2260244205447133
-2.4006027001960235,2.6554779341716084
-1.0215807435226023,2.398442539479322
-2.926578467898256,0.5959516895130315
1.1679834581505582,-2.593054298959445
-1.3346797436854887,1.2039096737273849
-1.1697183622367764,-3.028272607054699
2.621930251044768,-0.890850976924064
3.255857881606463,-2.8415025959187075
-0.5806436024190509,-3.355674395764585
0.28375151369732193,2.731877121422677
-0.5401771733946406,1.332417617632482
2.783241621888272,-1.1844479065361215
2.8668937105376195,2.7050179986962433
-2.5412225304342377,3.297573133643915
2.4735206939972785,-3.1555150469995428
1.6245862165835634,2.6548629259025174
-1.178217773764649,-3.1969179476530587
1.1531143597216031,-3.181889449002626
-1.213683357241805,-0.6321031537448316
0.7632707027458624,-3.170923508142044
-0.9634188832422904,3.2588841672266917
-2.456300030871174,1.1992640990208407
-1.3933177246312163,-3.1804269503506544
-1.2566630505204475,-0.8424954921395696
-2.97923107180425,-2.3325334401213453
-0.8414885027554704,2.3783081765137677
-1.1243895113575684,3.19732402355437
-2.605959086129262,2.6959829174033003
-2.3217026699106516,-0.6142401548964009
2.668088355931251,-0.7660144695745432
0.6360810514748163,1.8399725414638584
0.5751990671954733,2.8480774407240603
0.3302118321775728,2.947405641757486
2.684514303404749,2.748782467010088
-3.570844043146487,-1.9556553607532308
-1.9957994875030673,-1.0523227660300851
2.468685834816593,-0.8732383308543757
-1.001451736811218,-0.7850894151395555
-2.192839374877508,-0.4575943801939422
3.008611703045379,-3.0231513716359415
1.2239698853140764,-3.239108297354378
2.96829188478813,-3.0679347006821316
-2.626962092969816,2.904955796685388
0.48258201835873765,1.5450360595226909
2.802115227595246,-3.2009754854599506
-2.5917473482371096,-3.010961346702946
-3.2896609747508947,2.188528833256193
-2.881771379589004,1.8163522403492771
-2.9140877499921314,2.386811090787486
-2.296693468049375,0.9127491693991969
1.9984247516541738,1.954754982305297
-1.0840259689206324,0.9726904290870311
-0.8197989989918145,-0.4202841427007978
-0.6920547232532844,2.6169111487550842
-2.5309554817581428,1.1891866970360794
1.6323617840428655,-3.466674390712234
0.6408790574943786,2.514543024391281
1.3693912314399401,1.1468841978626791
2.5606476900542186,0.480002866038712
-2.5401209082077862,-1.3309913231423756
0.7557331193587074,0.8458533510876326
-1.2972583898860357,0.7732114227295583
0.7334792320785533,1.4806649998960113
-3.3617239213141072,0.6635485484250051
0.5030912141948141,2.333774262835643
3.5153381841042664,-1.5131067908641918
-3.8664124002338123,3.1941844528142695
-3.104685777527629,-0.6478675038984861
-2.895333501178571,1.106548238822541
0.55126201213768,0.7509493356209044
0.4465606755405578,2.3221976574789727
3.632306115112066,-2.4001820351520657
-1.1039937088023393,-0.7393687575451061
-2.6177550805397543,-0.5206566708202478
0.6968699087433035,2.5330903919100605
0.8006343919812482,3.0480169255332963
-1.0663483931693287,1.4447482438527568
-3.2678934179543577,-1.5122978006726344
3.037610203638178,-3.5970184039832005
-1.5034020534147539,-0.49473173026075573
-2.7293398226464074,-2.9448744678771734
-3.139480208158599,1.538765757685807
2.8620912010853625,1.7925420293568979
2.8817400992473328,2.525327936994095
3.295807873244653,0.45265059313035916
-0.7421035223014957,1.1541087099022376
2.8455655327385636,-2.8969980876085755
-2.6816379176701335,-2.964923945998295
3.0257575707132407,-2.736826430430133
-1.3979786129806033,-1.1043783603642539
-2.7000525710066663,-0.6135741006638875
2.7367924447021075,0.6626073253313706
-0.41401925475720136,-0.5908663047649599
-3.1754569709975806,-0.46364193417663024
-1.0745268487059019,2.859463856797852
-2.7826022861098076,2.8010306944663568
-1.3178310573946166,-2.6058126253595963
-0.9675724183080563,-0.0020089368096472705
-0.8771413997023898,1.1262842217373616
1.1834325163522303,-3.4103392101703474
-0.6920270006320272,-0.6437915160572244
-3.277064441942712,-0.8350748935979143
0.8703879631153126,0.986130674156232
3.2553950743474216,-0.5909350885644594
0.5473614648699193,0.7567079305154024
0.4196537446613984,2.40097214294266
-2.711629408339699,-2.701818359165904
-2.6274981357524587,-0.8780029977127943
2.4391260966038995,2.5183990820510034
3.083729123447369,-1.3957827881232099
1.1672447969888269,0.7177153837470378
3.0704647520718953,-2.6746082542349954
2.8413572734615524,-0.8846108237775775
-3.2797187970848074,-1.572170024000018
1.2975496837744327,-3.5475073896952183
-1.6642599127160302,2.8240626881539206
-1.1562369290792471,2.7944558821651024
-2.3830431859420247,-2.6485733232987045
-2.368379210071461,1.3301594537959005
3.136562127743734,-1.0464288031346114
1.1620451687616127,-2.9056518820299044
0.6106205127072851,-1.225715759111983
-2.8010996844463887,-2.7940101797172088
-3.5472543778464876,-1.309654308056101
1.6002898577774949,-2.66036404078701
0.9315357321302753,-2.5228581807551334
1.2431380172035467,0.3643253768629134
0.1049167011222248,0.7932682022586739
-0.7318283907168601,0.37576847867156205
2.7959344193239724,-0.2897878287681864
2.8094925391674512,2.111295534756772
1.2350774024581856,1.1859516145546471
1.3235404270633908,-0.9365475401988301
-1.3339984347246456,1.5320270342823477
-1.2630855763180326,-0.6020535979530303
3.4017914011706085,-0.8332165619808714
-0.3804476358907373,-0.944054981049537
-3.274867472093268,-1.1514971575937447
-0.7744063760478639,0.5880791564599787
-1.1272473074311506,1.0751101246642258
-2.608463412143162,3.1792276383047935
3.1367602435390047,-1.04912181868052
0.8207366099417501,2.201780608454233
1.7101893457938133,2.204179225122221
2.9825116876025493,2.1360549747370494
1.32295021702397,-1.321817674938455
2.446992268320898,-0.8665503282428059
3.3812443188014574,0.9022761920950053
0.588585902742484,0.21075133661822884
-2.907915161522543,-0.6061994356390856
-0.6750563394676583,1.2158522457242695
2.0559529071737805,1.6379290987256454
2.7649998928012445,-3.3138694666993644
0.7515770430855607,-3.211375749020669
-0.8181477282880742,2.3008080507812925
2.988562343749301,2.5793414433175674
2.485466258925578,2.666835167347567
-2.3115332959326023,-3.532543695061055
-0.8511024613102485,3.5542343195394883
-0.9219800684057801,-0.8248977814872098
0.8702622849476801,0.5664224471350304
-3.03340724933327,0.1962335875880764
1.2792802863460884,-1.2477882905344555
1.07704997937716,-2.925611496256254
2.9529660476001833,-0.9782900589326534
0.7490778889020508,-0.37860383283835874
-2.4794413914720335,0.4207346819292598
-2.8729676221698983,1.6119163613538268
-2.5691531391179154,-2.671085464536742
3.038897619766285,0.557981629587989
2.6079582723357233,2.7684917498652895
-1.0260453357238548,-2.5656901118821898
0.7931612691133199,-2.848208731190952
-1.0247540617415773,0.779447932237858
-3.0141164266857055,-1.81879912589637
3.4830977310892712,2.857497996908336
2.5437174723221876,0.959718702392225
-2.609624247689213,-3.181927321401018
1.1186465326315376,1.2208397895154126
1.1274332150955844,0.9812704967419367
-0.8402281856999169,0.9051857818212204
-3.0282311068862513,2.8443426750627365
0.025774239147476,1.493902974330875
2.302175069941889,-0.9380088700776503
-2.9368758095945053,2.6489649823732906
3.1857293964392293,-1.0260569608993375
2.423858231739337,-1.3704765702793247
-2.584795206190714,-0.5031714208964755
-0.7927268830682621,-2.260340580739127
1.071433625271367,3.0749435100320435
1.1510003458560312,-2.6186564187366193
-1.499281740321846,2.971971972490195
1.4815352388685346,1.4665217847702778
-1.1393348798397416,-2.960358284873995
0.7923488425688356,-1.1824614955267791
0.3368762142048968,0.8412556102114234
0.9338816047654557,-0.76840271033947
1.0741436153482036,-0.7761265306104803
2.8789388160685956,2.4308572953868417
1.0298998579207246,-2.376149866988966
-1.4030094363692958,2.4224614732584695
0.7349775725320212,1.2571360804930138
1.258442591090153,0.7249690677053173
-1.1991095069848263,2.7078834392800157
3.0253733126550264,0.6774444639863854
2.6266757357302013,1.1703827199603944
-0.9845379572083922,0.6458489216856471
-0.7269316523605904,1.0200743001355668
-3.001692608954977,1.37291442374268
-0.30248788041894004,-1.8790940754955283
2.7023005951645795,2.1492914061844117
-0.5284033945783023,0.797505732209537
0.5831020810309913,-1.1789862597903713
-0.9800774631869027,-2.483529726664214
3.4557794201375205,-3.509511558535764
1.3729385674650738,-0.0917117915788587
0.9278409066033123,1.1730459316796684
0.6846958447308953,2.4678317489413275
-1.1052752735518008,-0.7068660806856061
-1.0901281636730944,-0.8913470672486672
3.4109447043696037,-3.224065368907332
-2.657174763463053,-2.3969240763523842
-0.8205657310534809,-0.8168550670417533
-1.3281189070832025,0.8808706876539623
-0.40760588597394953,1.7117572178801024
3.6353101284834106,-0.9538951756754352
-3.112093358381537,-2.5132486570519905
0.5514948656717822,1.0577831530773119
-1.228286866621203,-2.0465214808504175
-0.5863020767515787,-3.1765212773825127
-1.438984962199946,-0.5723328191677511
-3.3259561280392282,3.019108556717107
1.2242101952516868,3.064728824928802
2.706859187123284,-3.5391763879249516
-1.5523686551888085,2.74611565752493
-3.111732281425968,0.5826846324312817
3.3892093660260865,-0.9979122745999469
2.8916258439899183,0.5125537529744869
1.287548737281373,0.5922848793582105
-3.2912890039645997,1.3566002628087797
-0.9842962284438356,-0.7242640945263186
0.7701377369762533,0.7615844578722749
-3.081238979309839,-1.1868322597146848
-0.9894752275128652,2.58375703359701
-3.08169894379634,0.7756589678896689
3.3410433703555658,0.6310029871294176
2.8032860412189384,-3.1948532457327397
-0.8388147423348905,-0.8937231360108143
0.7852542578023843,-2.848911588789347
2.4205994929056756,2.7494383309734975
0.7075197657226914,-3.006602419289093
0.7118618108965148,0.3181923114655724
-1.0164376799713213,1.4373556316717868
-1.2177257888435016,-3.1066969291211253
-1.8737616585511232,-0.9730075989774368
0.88680035498297,0.3837197088442673
3.4220784861329236,-2.5154660591251323
-1.179100082913731,0.9522541600809133
0.6647497969944693,-0.6958569653664575
-1.1960820549355808,2.0164925987595805
0.21957008832542035,2.9140106539499673
-0.8650869897246087,-0.9909820924338716
0.7060105699710992,-1.1920472691009611
-2.915853060903951,0.816000833567264
2.8635971345336007,-1.0725480803001914
0.9863531887646385,0.4908675248911418
-1.2542437517316432,-0.6807558682001605
-2.7547831264575846,0.8221740198021846
-0.6929502984678098,-2.302569550465491
-2.4802805849977347,0.9376775750046562
1.2077965282635776,3.1588246799319535
2.8466845354439476,-2.488599278374281
-0.5723476062201207,2.39683032221953
-2.797286383149708,0.7533390347042651
-2.4525423485673996,-2.2804482299567312
-1.0095152163352528,2.616184918902636
-1.181137775278594,3.2862995192042272
0.9463482546503692,2.5104771151803233
1.1016907194393522,3.1434540430670115
-1.205844120592279,0.9960362661659306
-1.188640010519903,-0.4172448632787188
-1.0938322000644554,-0.6239714117691336
-3.0823840574834764,-3.045806504017244
-2.71076549278617,1.354912272974147
-1.1845593756777706,-0.7834549275200502
-2.7674018240531604,2.657323872645678
2.5676489104330273,-3.0311988810505643
2.5530129437097333,-3.502660330834393
-2.4476930998198982,-0.901804990815092
-1.7615044113017486,-2.3655434959042623
-2.7203904504492717,2.7236957554350267
0.530631341163018,2.8587835879138304
-1.2691176331376643,-1.7154017671198922
-2.7777745237206988,-0.9497242746742058
0.9657091019357366,2.9688948643871598
2.0329310995122425,-0.9963212439823005
0.7311781374616088,-1.1103547992338196
2.806982224291795,1.5453412553220316
-1.01403313392177,-2.1936393038634194
0.5175618391087793,2.2816409353848512
-2.437885323930437,-0.16892886040368602
-2.8718705215614038,3.2303713397570895
0.5344420397092992,2.175281935518851
-1.0216386450985429,2.440723414192474
-2.5964217233267406,2.883211041316125
-2.4466607941562466,1.3389700314923978
-0.4211396673010073,-3.190723679697532
2.4469855839937305,-1.7074638561924504
2.7222695141956197,2.7180865388081625
3.4536708814447272,-2.7666152828333526
-3.112960552012338,3.090907220236145
1.2891364354513613,-2.3303205519313392
-0.9489363020229225,-1.2961953684404843
0.7170693894179355,1.007824773134601
-2.637212061192043,-0.4807237428896292
0.3396821774649713,2.3396257193774916
1.0438423878936487,0.7843157468438049
2.717717391085277,1.402085101315298
-2.4192019845193613,-0.9300569279662727
-0.5342433888669366,1.1840484215921427
2.6318668068116486,0.74471482457915
1.9696863561823037,3.2626714118975353
0.8668972456828684,0.006746957771075302
-0.8532349405031103,1.0636367993861555
-1.5430741007294908,2.8680964618947318
-2.720616904956087,-1.5119298334642974
-1.6133542706023298,3.470033230631639
-0.5837241984860804,-1.1180951983917153
-0.4262955148675943,-1.1906412148013232
1.1153510187710969,0.6212869316429155
0.9032681982581612,-1.28492440317961
0.9274186117072337,-0.6074756739414615
-0.8060586111279149,0.9295603675892933
-1.0548396976137133,-2.602822062667456
-2.789352564316876,-0.47441627320674057
0.912423227358809,1.1015245261920288
-0.8214218811623667,-0.6685577553349566
2.6417793816075,0.5811024415400587
-0.661853102328314,2.9831396714543756
0.9781130526453017,-0.9905285946465532
-2.5277907963647412,1.6895398833971234
-0.4059697340405245,-0.41013618752810826
-1.5205767892927458,-0.9669601112022593
2.947113082245008,0.6320316324506302
2.322957502653651,2.481629763633558
-2.980737518016226,1.1939715503335382
-2.0024665677327445,-2.5850153980908313
3.2810308320195434,1.2019161845815935
-2.672856566085542,-2.3407365408625087
2.680214612250657,2.3699806684541875
0.5845545700808233,1.0851228076830042
3.2403017953455,-3.551538041609572
-1.7874519231076673,3.3294322515546897
-2.455408922419924,2.8975442716695112
-3.272012331365054,-2.1969928330155755
-2.8977686315313536,2.362490705592341
-0.8763410243666282,-0.49282634278744336
-0.6253521650153259,-2.7558448591283673
0.29821935317544696,1.01422650773317
-2.8452025612314804,-2.050008737560371
3.112954487247193,-1.130064519281966
0.9853829116497953,-0.9992238769019468
-0.18432084644841512,-0.5408999295396113
-3.031231931573881,-0.3910468147452172
-2.7139022775270427,-3.2331511105053257
0.8375719234228105,-1.4013442938054859
-2.500626861095462,-2.816863116603992
0.6573256314698304,-1.1152879928868062
3.2726909284295362,-2.8306136491154157
-3.0078597124059274,-2.2562776830497286
3.23907261755527,-3.2857161118367206
-2.367359149679396,-1.0133860338862042
-1.0831187490767957,-3.1425122599739237
3.466290240941518,-1.2302224705420461
-3.1362383825738065,3.1408815795622025
1.2623443559906125,-2.9817458278649354
3.0395583296315487,-1.2713694599794374
2.6569328310809466,1.0741606094514857
1.4508535398319777,-3.002281086851171
3.1929584844499246,-1.3239619528943527
-2.851917649721711,-0.6406186606633922
-0.4618217283115795,-0.5256024481665744
-2.893200900238399,-1.2886361109709956
1.4136421532986043,-2.724283638220336
3.0448713591179812,-0.9014827706151572
3.0102664522506593,1.8978521324455735
-1.5779853441178877,2.690449504994771
0.9125977234196464,-2.925185599705924
-2.6169416828100407,1.0150215198193484
-0.9036997040140389,-2.3771328845358095
0.9824745615585717,-2.393590311122706
-0.9362869478314183,-3.0921846931768915
0.6580253351962574,1.0228620043765357
-1.5911110352213715,-1.245111325918354
2.770213247696419,0.6663830015176652
1.2623390315182466,0.5570235199260009
-2.326316581530388,1.6172961545710431
3.2299354192721816,-1.1388322723261444
-3.389258281368752,-0.3741825665628016
-2.627673375895575,-0.8160720805136654
2.733288605782332,-1.4673932118461193
3.1895952082367565,0.8979627376447761
-1.640849336953962,-3.4576775021714687
-2.6537262453978085,3.228077898919166
1.0313370073152401,-1.708978659262194
1.028535839101944,2.690645585982576
-0.5960414991519617,-3.3162374324673136
3.4102894599574727,0.1656933522273523
2.7220474788057105,-2.413062571040833
1.2626790474723777,-1.4218418477513197
-1.335542666022523,2.78185881192859
0.9163269960887771,-1.7502949395954306
-1.0959071627626489,0.7190170007732841
-2.806009610470914,-1.1295037794373606
-2.769363114020601,2.3850716218238683
-2.5202324838919763,2.5818162178624404
-1.4937842812506112,-1.4210698332858775
0.8309759231019013,2.4261648499248034
2.886391883533701,-3.5389784616323356
1.163290924162907,2.597105215225981
-2.944554441731939,-0.8512258015883397
-2.7847337604337064,-3.573587032390821
-2.3677007200583398,-0.7337467947597184
-2.875806740449413,-2.9869906781986937
0.9665909158942416,-2.2415869139619202
-1.4559699975051643,2.5919405712015275
2.8187002297485924,-0.16649001199545096
-2.767122903457578,-1.0113516856004507
-1.2036038819850023,3.051032430061907
-2.675717581187293,-2.5289361594830244
1.7419238804834367,-2.9294303326597713
0.5685838569034674,-1.2014667495236084
-3.065809707852739,0.7559709062678944
0.24155714925977312,2.756735127031132
-2.995519175894754,-2.441285817271311
-0.5913695553825297,0.8019850150301011
3.0258766573371623,1.5453501223277988
-2.248079844885886,-3.511657862506685
1.2446848740942658,-0.45208487578505974
0.7663723590869175,-3.278281882830737
1.1288183568689218,2.4971044707900365
-3.0196204457662055,3.2058413051676813
-2.401591377308877,-0.934075383228361
0.7143270777402473,1.242929551406081
1.1075559325889563,-3.526325922412629
0.9116535877561637,2.9791123447456034
0.9551555863065083,-0.3461559507075619
-2.903755204525322,-1.443862455882082
2.692906183806031,3.302741987044223
0.6968175346257889,2.921540134858913
-0.9371060757478941,1.548736724888465
-1.3030910821192712,-1.0105046662372266
-3.0837033177061373,1.1523295244187708
-1.0290741608477265,-3.221414128595735
-2.5952699116935283,-2.951678949753764
-2.667794707770927,-0.9991387551179214
-2.8736447987490803,3.4627993655314837
-1.921744975852781,-1.1126435786300266
-2.7253821941979095,-2.6322958139128256
0.4562597231732581,-1.3914584954416616
-2.5279319215974607,3.6895616430677918
0.7225377000039189,-3.3015187696900092
-0.5279275270862667,3.397058160722227
-2.379446394833135,-0.07770234649990002
-1.4774600897659824,2.6119798883458403
2.8976713353786105,-0.1736301902945713
2.121863089873985,2.177390762122401
2.322219452331103,1.1375216859963768
-0.2582671166926703,0.3606903050160986
-0.8151496908703217,2.587620473512178
-1.7111023637983873,-2.882337617703847
1.068059384219691,1.1630903663964027
0.5564852845689653,-3.114917604348366
-0.9524732520731372,-2.9254915488137345
-2.237558557658649,-0.3948098450837227
0.9274254370619248,-0.8277778863110457
2.4053301722854195,-2.8968639042936255
2.431913154352979,0.5250094386547961
1.3081332662988259,-2.722427384948782
1.0591034297796773,0.6292977046759332
1.4990860979598843,-2.469953226571234
2.889431521193091,0.35114472994757007
-1.1903761591292321,1.3992467927854257
2.3342490505703837,2.2946173643742864
2.745158661319891,-2.608348741734932
2.468467686034263,-1.7983823921364128
3.1257193441513795,-0.676416848503027
-0.6048917551929439,-3.208539959946371
0.7101688703418529,1.1524791845884124
-3.1581190184029833,2.3859426551584844
-0.7349534445938991,-2.166738408457517
-2.3127747617142114,-3.175388424177842
1.0282361120832948,2.2569274538310373
0.7004469034875801,0.883202611955576
0.4563775244116935,-2.6279025424676705
3.636215067945479,-2.5933929393096533
0.5538369637366374,0.9240163608867691
-0.6504128872184177,-2.7661435316216822
3.2507170515740476,-1.8890232816876715
3.0777714406747974,0.6366648833209049
-3.2876751691599115,2.787752265736688
1.689825695001426,0.2824037036347429
0.7668400619154738,2.3826805643826034
0.5504982023034589,2.8335108714508426
-2.3855190948580756,-0.5722727165769852
2.117269801429369,-2.4540537842177375
0.9234523073313659,2.2337009068478832
-2.4623549826996145,-0.07117920433729381
3.6950216650970447,-2.979783224883438
-2.8738938004200882,1.0530586175539438
-2.0236764463564216,-1.0659577433884586
-2.9713267099464074,2.476588058973443
1.2984423777510163,-1.0158666778684473
-2.217357712716071,-2.6190346290101827
1.1641761711491212,-0.9683687199142093
-1.1659479198265432,-0.8795782709439353
-1.2405289695264994,2.6166688123576676
1.2046913303755409,1.1243796162195812
0.7259139903501783,2.7161417506194745
3.473674681101513,-2.336035151117665
1.1789743545918803,-2.83321853136162
-2.6932354097070976,1.494100987821467
3.403353380585253,-3.1100104931899977
1.3158384809366397,1.0301481081358201
-1.001190995937777,-0.8318530528745198
-1.2345895072241448,-0.7151892965772495
2.704445927243769,0.5286891832133245
-2.6810652301284055,-2.7519232827519384
1.620841756853252,0.6754826846437539
2.7830389155272846,-1.2127589144847126
-1.2749503200434653,3.1251962587041437
-2.2760042487518986,1.270285593365389
-0.934400259943349,-0.3083596764276861
1.4452912710730157,-3.5548203060508934
-3.533228181017721,-3.05557004734121
-1.2085987416844821,-0.8427924494357537
3.5811845436142984,-1.334350719491024
3.1374743901186073,-2.652540829699359
3.2868906027994025,2.7756133494888924
1.1618975084352745,-2.314377175286313
-1.380704986146379,1.9962253140968182
-0.4115485527887594,3.26693133735309
2.9546550583447586,1.0973416467529593
0.41619793431635765,2.4244652422426327
0.9229759141477338,3.102532676913359
2.7939301465233157,-0.8682509358246905
-3.028673528987556,2.833890412719385
3.209212190636876,0.43168676940560063
-1.676529725047733,1.9774093245466713
-0.4696240058997999,-2.8574339244513745
2.268419201559265,0.5675649751438869
-2.3927586078368703,0.768101274674576
0.6939908992255134,-3.3627741801521576
-2.98676985182214,1.4383475166344968
3.464959449567413,-0.8886327538802701
0.7896483578918766,3.0806682521680897
3.4274105707348252,1.3672005641012055
0.6193187107062562,-0.6745789018983823
0.8174107179431551,-0.9138534510474611
-2.1453604284233956,0.651701578732378
-2.7513933155281056,-0.23080367283743203
0.9641936189139059,-1.6920885189286359
2.4823770590389005,-0.5818855253958621
0.4946950998058089,-0.8380651939513347
-2.905202562989815,3.0256917958961353
-0.46705972406861557,2.8239164921014415
2.852745267858924,1.116182636491169
-0.7465567478917612,-3.470986553507687
2.6644851349300076,2.647770506499985
-2.886170146424553,0.9833008628114241
0.7638171848098045,3.173174283786917
3.158962619247745,2.8320613854905163
0.6134246859045368,-2.2585286557452986
-2.9932800072317547,3.3387902145025152
2.707435355990358,1.1683711835882777
-2.886975493851803,-2.843844881852734
1.1901094710225857,-1.085863694539805
-1.7435206077904073,3.184438048692528
-2.0743664689109402,-0.3803653031546273
-2.7028690596949048,2.731673956037253
-1.8833056931520218,2.7820655022627374
2.4390216010478016,3.144681994480008
-0.468192038794291,-0.184086043467282
1.1506058716141232,-2.8921145538837143
-3.0477456164892436,0.8554152072767182
-1.2933078476464424,0.8820941611565503
-2.5693110556391408,-1.94392516263762
2.8834522727135137,0.37939146581077765
0.6601606774042247,3.3007607410811532
1.1828610824952952,-0.7421279404585663
0.0435106858148392,1.5164809823372645
-2.715272777694627,-2.7233474118616683
2.6831227061145375,2.595956799913019
-0.4175098171436432,-2.313971780721035
2.8850697319176337,-1.347341897793376
-2.855580024933345,-0.15715719224950656
3.4353875485877388,1.322842961907741
-1.6333328047813758,1.3708041951216552
-0.4155339822732209,0.7185508846101598
0.324839264280108,3.4414343997195758
2.6026863361582504,1.0931924662707513
0.7215755512360181,3.3376484142773313
2.973458148598726,-2.8269533261119046
-1.0963369310677182,-3.0855985871451055
0.4865716103806024,-0.9623867952773452
1.3166302330873292,0.9021007067850811
2.717009686670233,1.374055564591104
0.6191526793858185,2.8331303953083538
2.5238983720693113,0.6858057558852779
2.666817855907094,-1.639107271205778
-2.0817091686393434,-0.4176872176669851
0.7635220020093851,2.5848365230460093
-1.1796699130231083,1.224466922686627
2.2872421231754037,2.5859565676467766
-2.882339609278004,-2.5372633302178507
-2.7798973297796272,3.011148778949289
2.303078202688543,2.4533323509373606
-2.744830038876962,-2.532958366521035
-0.9755019763441665,-0.3580528145367208
-2.348977008043662,-2.7351494911583347
0.9310966525567645,-2.904564283728351
-0.8899454841062042,1.1376827057084768
-2.1364686796118524,-2.19375518763238
2.300735480144808,2.542994107889514
-3.3739224218894854,1.4145512227774124
3.0864452058915455,-3.124119913389673
-2.9679803348873075,-0.4995684661632664
-2.547218560413327,-2.8168003779226676
-2.4799870940943207,-2.493752248640018
-1.0741493985859214,2.961257064505575
-1.4096152862058455,-0.382736735757815
2.4927854959020554,2.2350751078534814
-3.0037414123774204,-2.5170903039143613
-1.1622564580208636,-2.964510917884581
-0.9114863136364809,0.8683903031083522
2.865789333261513,-1.1960830861528402
-2.6548178086552876,0.6764379545833976
-3.195762964055713,-0.4345575960243379
-1.0872329177801299,-1.1116985694549544
-1.8486172038696624,0.5188913274396642
2.4372826584638894,2.753490410240146
-0.7987936953224835,-3.31164087501793
3.9167485655964915,-3.153283198969462
0.41082636254778093,3.1946370821830126
-1.278931865406245,1.219201831427168
2.613636669415926,1.0651784347774764
-3.0926279008220217,0.736265120950359
0.7846838303576538,-0.9925103385811396
-1.0046931557915249,-0.5247882367786063
0.40523678796158424,0.4390121495695861
-1.165029091543233,1.8157705687277812
-0.7229066794452172,2.4220950701666504
0.5052254581330186,2.454745081057994
3.3618876151842887,-2.9913244701637773
0.2975381356396516,-1.2351730344663945
-1.08462147214654,-0.23707306623103505
-1.037411683213402,-3.042670424838203
-0.8258609121715299,0.7664788382606225
2.9543922795478568,-1.6838211630002813
0.8194335345549738,1.3218314453140263
0.8138499989919655,0.3262302227185891
-1.855325390487623,1.3242539657674606
-2.933902901811713,2.7121346244533364
0.6451751413539726,-2.366371965888907
-2.731401468309696,-0.676528547840133
-1.1048786677034665,3.043793289047187
2.01891059341074,-1.0533077788281004
1.481677153527953,2.778104930310071
-2.732598549579697,-2.6682605089977955
-2.5517334799821723,-2.6905207374521596
-0.9794925725718027,1.145987648878718
-0.892889221743224,0.2571977784275464
2.68998088894336,-2.6060259752003656
0.8336948017122289,0.7461380837704477
-1.4300476647178384,-0.9260710924046639
-2.810421229857749,3.0983671932454593
-2.3993612430565534,1.1544949940396416
-2.5783409227941143,-3.113968842463582
2.5403012338247506,2.4277277876030174
-3.4827870022648018,0.9635151227595702
0.8279238887399055,2.9401434061176506
-1.431740964400376,-0.7988752123288918
2.852937406184124,-3.0584959179171136
0.9977323358387129,3.0172077550781924
-1.0350099901404113,2.8330460241229636
0.9837852995617791,-2.138746445473521
3.127592281651199,1.032481574607374
-1.0430108542401615,0.7325154439435348
-3.114010493134163,2.925409364110678
-0.4667719304285833,1.0138497396640649
2.789263354161748,0.5915580304064042
2.3072820156957716,3.0962568287455556
-3.0280226177666942,-2.6750200476973878
-0.6583352053379574,2.4025706706513823
1.131858887742151,1.2665613983628095
3.1260264809136955,-2.4545910657991814
-3.0504557488213635,0.5239737261998768
2.784219690058198,-1.3132843623149235
3.0678557512352334,-2.788252420719155
0.9864441252676488,-1.4085997967621544
0.8512583261478219,-0.5955537200580503
-0.9499031659916195,-2.5327078706159316
1.081458133044055,-2.990622025017736
-2.782078675808823,3.249440876498612
-0.5191479435275108,-2.4158024667582367
2.290432546087839,1.0104969274812845
0.8214420048714998,-2.479588079735165
-1.3358940574670621,2.3729310289368604
2.697707711584711,2.8847232677636154
2.499044816149468,1.0758495394334777
0.7904136713444442,-3.274584245539696
-0.7831033283536193,-2.252879825844705
1.5283530101495126,-3.0801177411634098
2.348416771819285,2.5904037608123605
0.5989241710948502,-3.1528649424753192
1.4006332622439985,2.055882518948346
1.3007345704379998,2.7898326862084875
-3.0251239607514826,-0.7473551606408833
-1.9113196055796624,0.009527087046848449
3.1122596146723596,0.9126722047731678
1.2155857074554142,2.8087649471123424
-0.7555012792032728,1.763619913107257
-0.7131821267557904,3.102172011405745
3.3171107193044285,-3.2442473705055903
-1.0841631163944232,-1.1986880324941722
-1.14388215150593,-0.15799280651557285
-2.324294695833486,-2.627831559521613
2.96026092650648,1.036566587539957
0.6959035319116069,1.4019713599389807
-1.358869893663955,1.2046914282248122
-2.3046397752197616,3.2504723903597346
-1.0083042455350566,-2.0893636438639485
-0.623810840876399,0.4035482460171743
0.9024960267226889,3.6428592490788843
2.2026157585420076,0.6270128125644236
-0.7100189010094697,1.1021910777130997
1.113434655753889,-3.098495674061536
3.1737153387770203,0.5891966593411534
-1.0006461571935021,3.1877576422255
-0.690103687669782,-0.5324980637498854
0.5713199676740262,-2.972323167619521
-0.6205860771108984,0.8575754314580447
2.595723543106648,2.804971537635188
1.3769089039677525,-1.050981001979121
-2.377735804735129,-0.8799089501035239
-0.3953229541387876,-2.9039119264031026
3.1839380330160916,1.0030234039048147
1.1106906794135958,3.089003728722452
0.8800743146964939,0.22273840017393542
-0.4718950616526641,3.29179194926044
2.7990909071630465,-2.0049754672025104
1.0855512514139198,1.543642244249694
0.8992552642934558,-0.7838165881203328
-0.9599412565631715,0.7767034049283417
-0.48601464578583,-3.2264673496207794
0.8007197905341013,1.0016090621605425
-1.3862511646084261,-0.27536094596045263
-0.8508936811701212,2.9005249570927667
-1.0639989463612376,-2.6099646158220082
1.4091007165257081,2.474334670272181
2.850679279834493,1.270014794625693
-1.3345118532399165,2.7717752475698734
3.3289881306962843,-3.0321018674925195
2.8293718917969155,0.9147049182586423
3.073955122894076,-2.6224581573521113
-1.267175022710458,-2.7511587519282306
-1.3175243596302757,2.6729393992843846
3.0951633388852353,-3.1629435805055777
-1.9792422946288113,-1.361613467583936
-0.3065499259225174,-1.2629247356877724
1.536559758398787,1.2347716418063563
0.42422468945517555,2.8633054630381904
-2.2381180226812387,-0.9590606442553791
0.3268007792284312,3.1449021461105016
-0.792453562793989,0.8972709831829138
1.2530010565291152,-2.398977857537624
0.6730361420577429,2.5078692254613184
-3.5637589150089535,1.786746161896607
1.8279232115788435,0.010622473944836862
3.2044374768323576,0.8698103850696076
2.795889008337439,-1.342474205012057
3.201858631949954,2.50354533381049
-2.544676351229882,-2.7000635977338963
-1.077662750385188,-2.6922746804184396
0.4702796922933113,3.1476017325782824
3.423251747783026,-2.9747912702569623
2.6199403569074455,0.3812074500473747
3.0546916772321593,0.2739904915174902
-1.1570553451635874,2.7329411509371084
-0.7909448327353734,1.176172976745472
1.0431686437591894,-0.972264981090331
3.6256522362522463,-3.294761097639887
1.1869996546465291,-2.8830113380414177
-3.3516667227285337,-0.10950985673967889
-0.688834747753987,2.6096277033142954
1.4142361119610138,-0.3213556946042618
0.5451060345180178,2.0017808898471383
0.7395335906533557,-0.7467040144514502
2.2657639776785197,2.149557835080342
3.429686798819012,-0.7547180293089295
2.9356719500014887,-3.1174441779917195
-0.9304030924768482,1.3370718527411014
1.6741988131148564,-1.2816981671811525
2.990246846369596,-3.2220533115554457
3.3115598250431018,-2.442406516319197
-3.297975294385004,1.4112171546095331
1.0713942645760188,0.7075534812880803
1.3419667058165479,0.9350310096243193
-1.2910143633772444,-0.606035812992989
2.7164914811252094,-1.4451209429896423
-2.665397084167187,1.3578223872718147
-1.172899579165419,-1.2996919993136926
3.4117374843074075,3.0822482337391626
-2.5033472758321134,-3.138493046693421
-2.687221456250031,1.2674999563741718
3.4911621271527418,0.9090068059658527
-2.613972716331874,2.93268190624406
-1.9565957188760603,0.7671788886184
0.8129168408807335,2.5913776561442035
-0.48483643354355194,-2.5187028400460143
-2.3358576176419703,-2.6216721338095175
0.4157002660024077,3.070568992765648
-2.284061589840285,1.2398652038512972
2.505776066414785,-3.404619796953178
3.059037360515656,-2.6726546927359243
-3.19947418347888,2.3807987160154256
-2.4320582508713615,0.9646681067554244
2.6589051127262073,2.210900029086152
3.0957836507307124,-0.9460209564259728
0.7974254101466962,-1.6053226874568118
3.0256725269967966,1.6755424127231529
-1.0247691032657376,2.8198764102174225
-2.8075808017111457,2.9601737089571416
-2.726702320137643,-3.10789142344434
-2.574884224191507,-0.9458815548029093
0.33205846911166337,0.6868879131339507
2.774552158377118,-2.4781624029251885
-0.9052994884979895,2.4994370497070397
-2.9631789410675653,0.6177054115835207
2.561148156124234,1.1958591985296467
1.3468616542992884,-0.8203955575840651
2.6761814274228604,-2.596826132353961
-0.5308420130104854,-0.6345777092511894
2.7300941453812966,2.7406677527277568
-3.1386962314153033,1.1925160580991514
-0.4824252633255129,2.6197387456509387
2.2648627402738564,-2.8962637882321878
-1.1330285933057458,-0.8964362048279853
1.2635129917640908,3.0608876278239325
-0.8221206128467838,0.3923175516386919
3.3419619796095548,1.0019625121204474
-1.117180773780458,-3.6616905437482807
0.9776372027492242,1.0587322491548288
0.577805568406663,0.34004190189046557
-3.0122701782460477,3.3981465494412775
-3.0185597604348486,0.5337240523932472
-1.0831566566397899,-1.2754628589195172
-2.8036627449660934,1.6820616804156414
-1.1337162718858371,2.589920557370459
2.312489922631423,2.4264853536878745
2.1165097782050957,3.0727188401675813
-0.7914538322148883,-2.3352205321255433
0.5565366053266224,-0.8702863839324051
-2.5384529634780453,1.1154730913749211
2.1078407300014503,0.8434172174588996
0.3127432022729153,-0.9592253512242019
0.7862955680874875,0.4183613970261946
-1.631267099883503,2.6646993639412995
1.8846065526650126,-2.604147296787205
0.5024008690076748,0.957866590923819
-1.0727219900538776,0.11984209771595894
-1.347050193709536,-3.6491122046342
-2.7879721333905656,-1.0634873850943498
-0.8785679396491056,-0.988850555940789
2.6692730914082063,2.9638261475332484
-2.527732606406134,-2.421864703514946
-2.7467007531819427,3.3585242093033316
-2.582606676748713,-0.785746581603086
3.0463549046690392,2.0607282892246395
0.9337948556784692,-0.6702613657308484
-2.919670950509243,-1.497005298570993
-3.2099762842903177,3.4404291565822605
2.655640932111766,-0.3697764012899288
2.6558477806449656,2.707982069133197
-1.2414180285038634,1.7209100081208666
-1.10152671238575,2.6805233474701358
0.9113328122146837,-2.870444483710824
-2.0692529762320233,-2.3784523302684653
0.8010384317363393,-3.4423761198443312
-1.0454315196896116,2.922317824395514
-1.4247286130545196,-2.513325584244722
-2.7128590488775175,-2.4446820979823882
1.3864263444700244,0.7431914239426922
2.5240038876074133,-3.2217908960079824
-2.673143784379388,-2.701201656282516
3.4842053922870138,-2.9982762607465268
1.116991545002255,-2.8772191185576537
-1.0613333950474908,-3.0609920854080563
0.5508269208518733,-2.727140694050413
2.5973391775879735,2.5420740425016906
-2.266009742219439,-0.5247714309160523
3.6359460678463544,-2.814804272692193
-0.7769606278030738,1.0944440545317393
0.3221369091107492,2.5505131773180985
-2.849434831231141,-0.4393336753982448
-2.9156328182997373,-2.3906672255928396
-0.5010878312466954,0.922556280900895
2.7748663816719024,-1.5391610138575258
1.2746623268143042,-3.200151433190988
3.0507269119934635,-2.8013843338847315
0.9494681615885823,2.5251225614324677
2.866562809083757,2.661201638840945
2.816532731834691,2.0549754620123957
0.6076032578509015,2.672363971759734
1.119275606779332,0.7962329494782583
-3.0643450597099062,1.8691530529166134
-1.066883168476455,-2.20200143089686
-3.1104282070278755,2.8729688368946693
-1.2443686960160845,-1.110241515554484
-0.899194281632626,2.797023995746799
-3.1125462592345428,2.9562411060678824
-2.6734021369007097,-0.5664393391498932
1.0735889177429194,-2.7368219834251035
0.6461122080374421,2.447566293102592
-1.3193767359253377,2.4935329512529085
-1.1274660640334517,0.6911879467572608
0.6454113154709182,0.9268929843582677
0.8465885729758102,1.1251726784185774
-0.8874426959163805,-0.8630881217905167
-1.4399195950924009,0.8237331509626388
-3.1107519741109004,1.2790716879077877
1.2081455303795423,-3.295019393474491
0.8636496542196611,-3.5347589761213474
-0.9239870261956582,1.112184090646933
3.561344528571715,-2.648740462657726
2.783150259173553,-0.8945359409339081
1.021514628466066,-1.010021037500182
2.608797431496661,2.079809720616607
-2.663561568887961,2.178257335520009
0.4882259781394851,-2.8757474150627176
-2.333030744384014,0.5999398275750182
-1.6922864766960073,2.6151879113126384
-2.8120667205707597,-1.0007864956411137
1.381719458990247,-0.5020192458419718
3.3123854022193013,0.9517855242041152
-2.945743270714194,-3.045901740418122
2.983649874415648,-0.8862754155796134
-3.304412365901912,2.8514784266727404
-2.519702631913957,-1.207738700332516
3.4563748282142273,0.9611374516920668
3.4609791581634575,-0.9514116511329047
0.6769896441203852,-2.4953865022155197
-3.252463962412223,2.1934522721845227
-2.976958094389667,-0.6993573345351084
2.971482443209365,1.4863102995446655
2.5364571304077095,-1.2616930439908862
1.2222757354002007,3.143164745523935
1.2369957437982109,-0.3107616998177802
1.4879123422801452,2.709607478031424
-2.4797192043391663,-0.43413137399762913
-2.6088021750652035,2.5164199426244114
-3.1441496202613943,-2.864563587838669
2.5204387391092204,2.522753550769898
-2.861960606177535,2.467849086197672
2.9710426590221877,2.903851836723538
-1.2285080419246308,1.4194728039924727
-2.6521867884810733,-1.24052173216602
-3.04079714965113,1.0554832853224319
2.584770687601296,-0.3178776791460624
-1.1898854711827553,2.7280497199272657
-2.9319909091275504,-0.9831325740340762
-1.0063032021338834,1.026733148436889
-2.5954758743917257,-1.038977562130533
-2.432518610534629,3.008710545924664
2.4629054339479843,-1.2123549544267571
-1.213702426215401,1.468330931714328
-3.0744754651763575,-0.851872992998567
-1.4273156997962169,-0.7785717521856768
2.7391067647753244,1.4305559959812006
0.8413278459455076,-2.7018174139640405
-1.1657426237592363,-2.770460676372507
0.8372679029811476,1.0482067721634347
-3.1487307069069685,1.5918839107131368
-0.9735332851809303,0.9047726667006619
-0.0028934199585570826,1.4138739421606037
-2.121724327147623,-1.0938467295566174
0.8049742897520331,1.2526769189879123
2.8294832925412297,-2.5117375305327974
2.1421697327948754,-0.5285053336458441
-3.0200263141524117,-1.4965188530503235
2.9216317065595305,2.685414634554295
0.8669909613468935,3.135438307171883
2.975214074887269,-0.2753690714576393
-1.3354740351129288,3.2092982851228666
-2.5545129179828763,-0.8598242364114749
-3.2141441406681657,3.0181539696125506
-2.0257765600744633,0.4562973222824545
2.7417016997919155,-3.126038195764427
0.6843760911165858,3.1620031305380465
-3.617487484555164,1.2107408204666381
-1.1053081863288787,-1.0038098899421806
-3.2521871136424485,-0.46408165195814227
-0.9328924594835701,1.4173711597211227
-1.5446222777696699,1.0263061511144658
1.0890042791002368,2.7210316832949677
2.524529577476878,-2.7582888128034364
-2.7440627328968863,0.6323154541075757
0.49844301552859904,0.6573518635411054
-2.60909303994593,0.9770501064183452
-0.9690263188256224,3.154940454846902
-2.744221097915842,-0.8584301952514983
-2.751546357753333,-0.8371624368448326
-2.8739572429302633,0.8615388245647698
-2.788694885134969,3.6899664091553457
3.521788674317281,-2.583843082334986
0.6101161414669045,-1.2215786836698308
0.9236059310492161,2.6364335384167576
-3.152894177828259,-0.16965979231053255
-1.0582496729923394,-0.6844138699812707
2.24000371702692,2.86285782469003
-0.9597733806962997,-0.597605069308317
-0.640246151228813,-3.254318110907108
2.093904196146425,2.8696101523993973
-2.809239732053823,0.8657426868899969
-2.769259694973904,-2.8712389631360438
3.222629773417645,0.7576292377246703
0.24885129773926137,1.075008826931004
0.31029989345701425,-2.8305450070967644
-2.618849683974421,-0.4270075652102825
1.0727770504894747,-0.4503103282901169
0.5389728601418166,3.1046732572202718
-2.4262093578953507,-0.44724669149543017
1.0879278551050313,-2.797348728359492
-0.9692050710876545,-2.561334718369989
-1.2533682034113254,1.4230884939589117
-2.934385787720409,1.7546051492567303
-1.1192717528346536,3.5337063933558994
-0.8840873437289457,-0.876938993353986
2.6454702873253306,-3.189551458938521
-0.9936713856029419,-1.112355685618502
0.4731755923068218,1.0906195807248396
1.1126505253421137,-3.0885568015516434
3.341175443518529,0.2978060685073474
-2.8270615416903424,1.8648292713081003
0.42408687255337313,-1.2204987452090708
-2.6487728783222764,1.1785667240858972
2.6677998181143985,-3.5501444123936134
0.5351179168194731,2.3172660061555557
3.0536506506245904,2.1568992853854048
2.675623231642738,0.7068707031777748
2.7941269767536783,2.4765394440347412
-0.9383886504855844,2.746953710381998
2.266882126441178,-2.1755811829960234
2.949599326524357,1.889645562008843
1.4258911818005529,-1.0331711094091331
-3.416166691186905,-0.8039229088569169
-1.258104222185795,2.9478153367121704
1.224328281280818,-2.846054669196756
-3.147652883058495,3.006061915515954
0.9489686748525067,2.8652020568749688
-1.0288813480913246,-2.412646779663401
-0.8214785421221464,-3.221075484777836
-0.7986363756719536,-0.7962960779298439
-0.863556424191948,-2.7117473179557705
-1.1503525793452862,-0.5727545576306863
0.8887054423163512,2.9272726571238956
3.487158754571966,2.6476228386195686
1.166678224118264,-3.3089664955443014
-2.676274887842911,0.20591984828799922
-2.5013245187388007,0.965260504824882
-1.6514121940823443,-0.9012314180804338
-0.8567855518583384,-1.5850050257819936
0.6810467854664621,2.669465223702943
-1.104973030251102,1.4225655924979919
3.2353246568763923,2.4217126747611677
3.1516064384221876,-0.6778946658036328
-3.305050630641469,2.1516798988345855
-2.515540932453492,2.7014876728340655
2.7994392697632247,0.42122658223238646
3.3765323543866033,-2.7567742484595157
0.9509821681422655,-2.74330919682971
-2.1002915017503434,-2.9908928991882258
-0.22627004172915724,0.9045056369665372
0.7363214536930855,-1.1856301807158993
3.637091046564271,-0.9118172078530156
0.9520660100962175,3.352392347964701
-2.6060740867093193,-2.8623681988664953
-2.6871036261025307,-3.0230081445080814
1.2434328613611296,1.009284837451136
-0.5519631454036884,-2.3518533327346356
-2.2961791355842465,-3.014832706575564
-3.0201806940612888,-1.8918042681366636
0.43588971142166205,0.8838729506612247
0.9272257615394518,0.7632341094818131
1.076479721693132,1.559674432649931
2.6308490979215167,-0.7677029069070394
3.418581362299627,-3.1061910150191028
2.940297144115834,-2.4020945797751247
1.1149607849696537,-2.8562107302290842
-2.766057033838498,2.460392693481745
2.710541049626778,2.642075087111774
1.0744416484743113,-2.46170162351517
3.2112985527153506,0.47758306683346124
0.4242425398718615,-3.2669560271781655
-2.8618548784501976,-3.429563344457246
-2.598419796352613,-0.3798540231579803
-0.8891945839422832,2.4678512419742886
0.8346095962270522,2.7806168678344667
-1.035287435464652,-2.6198683066976662
2.705288537655338,-3.173607367853156
3.283245847360268,1.0515463217803616
0.9518667247209651,-0.6886672708068371
0.427637890664763,-1.087388712627575
0.5009831774543234,2.5459792955022538
-0.6856265880983153,0.9286457728322766
0.700581535461304,-0.9771022760696407
-3.0029568590861335,1.2703164884779736
2.70749292265947,1.3473135224375257
0.6920698914885524,-2.911789501042263
-1.4696394913043127,0.6617817904989112
-0.9569776115786,2.5742414958246984
1.1094718675654025,-0.9982251397818049
-0.9492596358219763,1.080752121220735
1.4795771393844108,0.9421653732015718
2.5889697322668,0.5173871427040774
-2.790281592185266,-2.8696818785944136
1.4556050329496266,-1.30666160557093
2.4807156580783434,2.787015512078778
-1.0886825057895475,2.481067416281467
2.8869714731612395,-2.6837855983619336
1.302512444968767,-2.910688335255607
1.1117052164685184,-2.5826836996967266
0.5651227604231788,0.38987761968648205
0.9373749246913012,1.1874631203725092
3.281017317635317,-3.3734025712950975
0.7403148008504227,-2.9208596154858375
1.0360640604351645,2.4934983516663523
0.860580337971664,-0.4742763679194924
1.3592158274394261,2.249358262793059
1.0674272089275894,1.484085843790637
3.1612565549365637,2.755483308091443
-1.6114449686812509,-2.121491901195786
-0.599427270267044,2.1030800891274573
1.0194677212043373,3.05284834027312
0.07335002226380923,0.37513731324782396
2.842688788917544,-2.6558425331106794
-2.489798535676595,-0.9725253323582119
-1.0203872453946032,3.0466264973581785
-0.7744616501289644,-2.787656053443179
-1.147165795856523,1.4543814523452554
-0.8974684415001493,0.5958991869383468
-2.883118608077988,3.5611538831126652
1.3366608219751563,-2.7644461214169023
0.9798570110861324,0.7718652121581213
3.2656642637292546,-0.5083827420435543
2.285641895440016,0.8922353542660942
1.7881175338261732,-2.4367652826370354
1.1913760350790161,-0.7408270864714434
0.653621849620007,1.4800834278043709
1.2684947532047701,0.9721548194599248
-0.934611671323307,0.18186089039819542
0.7460543996400822,-0.5086082588611052
-2.6210940233211595,1.7748822118230736
2.7700072843635595,2.612173685153946
0.8574863637677999,-2.709443310773053
-2.3684558882699873,0.9521764397991679
-2.8124681989532485,1.7478391831865188
-1.15158435855254,-1.2197891609289944
-2.762672879915474,1.2354909944701962
-2.8961701562664963,1.1946089738409462
-0.9485974565577724,2.958542802461656
0.8983896630322783,3.5114628549056346
3.0581133154499653,-1.0337066287364558
2.6654212791406735,-0.6322394579817898
2.5894668177073576,2.1708755856027517
-1.3037459724297016,-2.737724253235394
0.5718058149179153,0.6033444366676295
-1.3803424999911829,2.721715450491008
-2.682000906756196,-2.222789765563317
-2.6754418450222257,-0.4768064372017203
-0.4216543362751353,0.9430282013737229
-0.9019861088222736,-2.658102891258321
-0.9097974288272711,-0.7001885840355186
2.7567639051264385,-2.1848289250224417
3.3298887162202,-1.3913066952869213
-0.9799882152670465,1.3745112418052157
1.3054520272549814,-3.2573082800624893
2.781390399042723,-1.2593141576498637
-0.7966762659146506,-2.838766251109967
-2.507967584755725,-1.323475395594595
-2.7057713127597154,-0.2806256521992803
-1.1540538406308787,-1.0981951494904896
-2.7047270986101934,-0.7385989910741843
0.5456639741940077,1.1944592456910539
1.0493552288920935,1.2378682142962356
0.8746652512362686,2.6562440371070286
-2.6573651518337296,1.265468109972396
0.6505703392421839,2.95063190822785
0.4690304650814419,1.4537325953548905
3.1523329807490863,-1.5338523241553554
-2.781841393428508,-2.844240101732325
-1.0497461958731649,-3.0403292136383073
0.8008582990094082,-1.3778402757424097
-0.8409324649036828,-0.8451661255577531
0.4978958249551316,2.4278567700516898
-0.6230688855845655,-0.004026083998247002
0.8291603636688021,2.56020297040767
-1.1936975903932812,-2.333413080208947
-3.151066463079472,-2.342374700924078
-1.0831285877117913,0.4760008428670541
2.164708855641184,0.6711589144488376
2.8557251108894324,0.5017323467309367
0.07378517837607619,2.870977411779773
1.2312510980380935,-1.9869600200794382
3.587665770755146,-2.857713921991069
2.6025551890534935,-2.7245796349066955
-1.4032813871015768,2.6657634253377065
-2.596276663086705,-0.9623478155491603
-3.0728094111621473,0.32119552984236954
-2.559739983147388,-0.6608997807998476
-0.9115886663958845,-3.2497931057220346
-0.7791912581440195,2.3878167476750525
2.6934030218086162,2.7423360760770055
0.9336727660922793,1.1294253038423803
-3.1880526253811934,0.5430858389724457
-0.8171622773774055,0.8645332750885225
3.2766833127103445,1.8711232872244643
1.204300865711959,0.4690373784896117
-1.7755199778531678,-2.9777008291446574
2.800286336108114,-1.840966686775091
1.09888921976997,-0.7854457843312681
-3.272829302735602,1.325261368040957
-2.2882700924436423,1.3834232628642724
-0.7885503077971842,2.804812363683242
2.7039649585879606,-3.1036673282744025
-3.0985031036754775,-1.4369530259205463
1.5048631304758568,2.892256957736985
-3.9102930298136704,2.565770820068946
-1.7842170300658968,-2.436052016282192
-1.6927584577980563,-2.7618193038286627
-2.0953438627369554,-0.513674461654413
1.7586927781686568,0.9052141254796882
-0.9863707375431472,0.6907634621567282
2.86932871533373,0.47952565836629085
0.8346900725945372,-0.4968654803843761
-1.001748394524924,0.4648339882647276
-0.7476181343761119,0.9974203084018939
3.0004444931223855,1.7415499124010667
-0.9313494623577804,-2.804341504811732
-2.450576178291848,1.1878466100869616
2.4798388494563257,-2.283493339207217
-1.1021860702338022,-0.6118683470146831
0.9424039447464791,1.4345560627844036
-1.1849939672048986,-1.3975820859063046
-2.339819830297904,3.5351729814886252
-1.2651360055940282,1.0352981593709358
-0.7677423166179647,2.690038813006532
2.189380409823268,2.8756595184965774
-2.9630762954173613,2.0986057702590335
-1.4053271077253926,-2.6112161570113894
-0.896550688529843,2.0025215663603855
2.9141920705650035,0.3612660242716252
-0.22334212231169873,-1.1222744520492558
2.1747250376880474,0.06359010651165146
-2.910802730053899,-2.9170669547623462
3.2417191214790524,-2.998872207525091
-2.812491732958723,-1.5896686447828632
2.4281144272667077,3.0956697827370205
2.6299481595441714,1.1304712481855634
-0.9163804524619771,-0.7666603488896718
-2.474667572672816,1.0379153942583792
-1.7353655233799914,-3.1977971284641606
-2.986576522427858,2.548535656169619
-1.1147276435910403,0.8667720183492271
0.6468502858573382,0.7189262096665988
-3.4172190568715277,2.6182806453760574
-2.72483339283091,2.4356038794321786
-1.3443171850932745,3.2060460254394667
-2.459420239260363,-2.019985967163088
-2.552767439900603,-1.253100242192456
2.671172209290732,0.946009934361618
3.4161030161351165,-2.683697810999399
-3.00678622899146,-1.4948240195094904
-1.2242247227411527,2.625068914420805
-1.5166369913889852,-1.9865564568550804
0.9884426993111824,-0.5067810195854249
0.980987228701325,1.0174290682853966
0.3272631063765361,2.4376252485636924
-0.9739350631565725,-0.6861730352480498
0.9806856699137089,2.931993911400947
3.0697141026908183,2.3615410953164
-2.5045760431509474,1.4373457095560065
-0.9359132660283912,-0.407837424128349
-1.2134258287171784,2.8634220753706376
-0.7803835319548736,-1.050146084132565
0.64468662910001,2.951219477944587
-2.5480123788686395,-1.0017497346214417
-1.4977458918164908,3.5426216355641436
-2.833614705957796,-0.8821094819265585
0.8540050297474437,-1.4017804350987841
-2.0982762702478466,-0.42027278937614315
-1.120977331281321,3.042267240860272
0.10356348131910319,2.660414808599365
-0.7655262512661706,3.0665591833709573
-1.1239122649557338,-0.9428122242977375
3.123103356744452,0.6237119024601053
-1.3957401481403375,2.862369675411215
-0.530197637095163,-2.0523607209098405
0.377668411549663,1.611620730542419
-2.207183954111733,-2.9996928122841733
2.50063100910647,-1.5203844140977676
-2.709475106333865,3.2395371268645614
-2.9818228230405035,1.2136456507070637
3.0585026309299366,-1.201958969300774
-1.1106651677399992,1.3471099856749473
1.2976508881432933,-0.8253330624857493
-1.0967118267960723,1.3435789849266022
-1.1112954621940403,-1.1293822213166982
1.4575704067252342,-1.4740258285900347
0.5733172573799858,0.8771200414882386
0.6049664768038524,0.852651728157984
0.2761473449688879,2.8554468168744918
-0.689298474296736,1.2016288394096044
-0.9127961235956652,-2.6664098587792977
0.9968374026132903,-2.9254501126067813
0.22482177416303953,-1.2706408527035336
3.1999772178507073,2.819122428708684
1.2097778444920915,2.470813883648604
2.3776455610819376,2.644885193145024
2.6273545737341553,0.6473030031262135
2.586469316559556,2.312367221103392
0.6234203750504123,2.7336206187237626
-1.5957128646761498,1.199198240402368
-3.1440809280704833,0.7163319191597721
-3.1737629080734195,1.4247862233320807
2.9746128122383317,2.687622097850822
3.3650500372699037,0.7175816452085327
2.6895907013606988,-0.6334917597962794
-1.0637550549474732,-0.6023891864477078
1.2285411073121197,-2.7916743165897078
-2.5113875556129117,-2.3167051950379944
-1.212796317421389,2.473939805819287
3.1198482525672544,1.4199381599502539
2.576982024389364,2.4586655877660637
0.7496790461890699,2.880139609964765
-2.3399085578842973,-3.0646089620371506
-0.9722930520438595,-0.46769575249621137
-2.9726756629583915,-0.73616728683126
0.7075729438162444,2.2474804023143493
-1.8100003097000918,2.8474649411603057
-2.4936078576371403,-3.033925511263593
1.0975240121106031,1.2519982086187644
-2.696206032211502,3.1075541745387856
-2.4382874609385183,-0.7080154448350972
-2.842256955420187,0.8289944978624101
2.8789374603251603,-0.5969352749464091
0.7374240602820663,-3.346401952876067
-1.164155662704984,2.739092173161353
-3.104526200279096,-2.9674808257396394
2.8258676399274067,0.4868332416251659
-2.5631232214386097,-0.40799645566806697
3.408566132305069,0.6115364261225698
1.0536919326089709,3.4394052390604557
-2.975440715906355,-0.7068899307760881
-2.5046856728089475,1.199821683756043
0.3581550866490289,-1.4733056707034122
-2.5090974425722385,-2.6844090946196393
-1.8156268478852176,-3.151293598335157
1.3107662757932408,-0.32777374198678616
-0.90809362115639,1.2596207266567183
1.427870532757875,-0.4325976063256623
-3.180638407609651,0.9296713292506914
-2.41400742681392,0.7029219475299581
-0.8926755795062262,1.2862597267801847
-2.861143207153893,-2.469042191771872
-2.55617965249488,-1.2831257815114196
-1.2471992229168667,1.1254157172312482
-0.9582289854550394,1.0449941872866777
1.4691444179943858,-2.7363216900483955
-2.956881454913627,1.0738796232975139
-1.3965277498580466,2.861218972874079
-2.8134097049685933,0.74665213298039
-0.708198392564006,-0.7569119764496541
-1.3968467738067685,-0.7042032347514007
1.6157260610971165,-1.7368053196927298
2.3153988736108326,2.8748675088067706
2.712253271652235,1.2285430029846443
0.4547455567914375,-0.7852804180946865
0.803355114304403,-0.5728577834870865
0.5959947176721944,2.4697554207437085
-0.8712242471653421,1.839631587216697
0.28476306275488245,-3.1215413050402905
0.6209326506757955,0.8617852654948194
2.9685564193000005,-2.751703162361751
-2.5263100289716434,-0.8289810835497828
-1.213379759790917,-2.9501498194072435
-1.4524922868629737,0.5713540855159475
1.7966444700796524,1.7699084725670473
1.146360534624688,0.994868873702967
-0.8117771228726832,-0.842708017051071
-2.131921775082628,2.7651537118732916
-1.8571668823409853,-3.536669611639699
-0.39166817060862924,2.8090990471116104
-0.8690496563552199,1.0424903988824126
3.1734771461877305,-2.4655450139713646
2.3439437773172456,3.2307136382454185
-1.2285543250192303,1.070167446219609
-2.4558160767385777,-3.3396976300623393
-0.43602989071072645,-2.5564901820067254
1.2316409521005514,0.20972192867481806
1.2618297676993262,-2.8496709469293853
-2.811510439259836,-1.2704347114057204
-2.95507771702425,-0.4678635175298853
-2.596299159131151,-3.7790546355378076
-2.773287284211467,-2.224078612650402
-2.2304262623509192,-2.9503341915631105
3.3081585424971047,-3.75914432237744
-2.4616610033636617,1.1925226105658646
-0.9107630441930099,-2.400653661452744
2.80874828218364,-3.4610122215754937
2.3478337873928408,1.8050503697681841
2.9433958655619614,-1.3591611064231075
0.697363637311985,-1.4093749930961006
2.645285835626408,3.0305956592051047
0.7117254174421461,0.6357960049634227
0.909947006059873,3.0052661734331076
0.6805817584039769,-3.1092151588164363
-2.909741644492311,1.4323249474452013
0.983074023951518,-3.307324078891105
2.3563318775902555,0.6801244094530795
1.0498626844884797,-2.607375300906945
0.30411274735997806,1.1514813902350844
2.913731676565629,1.1320026060869055
-2.797032621098385,3.0559072834299768
-1.2214040486774547,-2.7694153070319776
0.6579931914592889,-3.57870371793841
3.0080455814040516,-0.727050865478749
1.4656818155106592,-1.3933323967602826
-2.266748062876304,0.9685104624649078
1.399992135291684,-1.1995541381878965
3.1633151198150524,-3.222826997928137
2.310391150269073,0.37266854949421147
3.207426767406208,1.7211584104720583
2.695534449631139,2.6038307287003457
-2.6719275715899613,-2.7079108629086215
-2.102895542567262,-3.1888861337667973
-0.7695008171164658,-0.6966571350451348
-2.6404047512866238,-1.381888487177436
-2.4162669976289135,-3.1680162289988476
-0.789569501858145,3.3899186879480405
-2.3199693288979657,1.3710924910479134
2.7692212678116706,0.7081364163914915
-2.26326763982504,-2.7496227341098476
-1.0211285611310885,0.34567840725294563
1.1996739104831156,-1.135472331292763
2.5275343738780944,0.2056888332312459
2.6372154358977515,0.9907690016302193
-2.7535290365481626,0.7816358407840446
-1.3534983311577355,1.6323427298750695
0.4412329853777378,1.0789964373120042
2.9518841216523293,0.5264293050601905
2.617687041870496,-1.472065034916627
2.9613533370852094,-2.6908318132806004
1.3040924497823,-1.2226307057692714
-0.7878404204523828,-0.8982988862239859
3.152962613272914,-1.0484865668780337
-0.711722024419976,-2.881319991660034
0.5337511980704049,0.41500849893071384
-1.1898954897168001,2.839394615079594
2.976529922187568,-1.040449919819099
2.996198721681689,-1.2451378952146857
-3.2220023369996253,-0.6254989689162179
-0.1464099184081026,-0.6939369681716623
2.7076765542391947,2.885086729745091
-1.078899989294972,1.0321609215993852
1.118086332757804,-1.3197164062670617
1.165027047204252,-0.7276688926018382
-0.9934500484532547,1.096782855081937
2.6165830128341567,2.6722494369959824
-0.5960302480654507,-1.5082027554699673
1.3668469424344687,-0.3548283633919898
2.4534558866746314,-3.0009284198484156
2.627897879958054,0.4657644178600993
3.1410087424919024,1.8758795914280466
0.7991550607309079,-1.18037287657372
0.5278329131694248,-3.1045748523841907
-1.0238169506453025,-1.734634439796553
1.7725027047014605,2.529358603632577
2.574165097833188,-1.5965078656464693
-2.6430040467140903,-2.3489222423626925
-3.03544305870458,-2.6325825164833505
-2.9824511751153664,3.3140918541771494
-1.0291197214472625,-2.684505168532983
1.2182122864967844,2.6210652955691445
-2.508947691501772,2.7694704182665557
1.6456474172932405,0.7789285807097056
3.1388291405852913,-0.9751550885839333
3.4013431048369847,-2.313121102917956
-2.8895943655694882,-1.2758204936810082
-2.2956327800461964,-2.6088272498890315
-0.6380251145521288,-0.6902492177781476
2.6290993305892933,-3.068098451219033
-0.624842074099112,2.937185372029492
1.0038503182238587,-1.1768568256895928
-1.0143901607884473,0.9563669744396857
-0.9430772976127707,-3.2389920911188437
-1.0457319023493783,-1.150758037939427
-0.6292691560488093,1.3644487891116284
-0.819503103983832,-0.6777068864208536
-0.5318135657201309,-0.6453286196714568
-0.6721788341327816,-3.1984933419420436
2.511156431151754,1.477597970676825
2.805181893097574,-0.6150644208814177
0.9385423300401436,-3.346986553207035
-0.6843755709498535,1.3451049689823178
1.0939628144003517,0.8509394647374996
2.4549472873846967,-2.5943631268592027
-2.9208556861187662,1.1153106969744286
3.038307189075891,-2.84848886926058
2.751549071203422,2.8566123242372883
-1.0101850188562724,2.8183392514563907
1.1890207944682967,-2.396260429833164
2.393695839643003,-3.6036174467582964
-1.124591379462007,0.5131385104743389
2.6540252588989963,-0.8267633224882459
-2.3387248958495412,1.0162881875439087
2.663844237917401,2.902878038998167
-2.358294990003568,-1.1943340528365436
1.1343211787386152,-0.7146761161287378
3.085333629523529,-3.353601277314208
-0.9413036243814564,-2.7445498775702375
-0.7774841381601669,-2.9745036501498134
-0.5631510961926571,-2.5030445574572475
0.6409224401096855,-1.4771343059259938
-0.625891745680191,-3.0442001597474375
-2.3777554804762904,-3.0094234720056456
-2.791751451376182,1.0128425928775528
-3.279046338900696,2.386341255265981
1.1510103660412467,-2.5874315094167324
2.5029989958433427,2.36320349466311
-3.4248825460162684,2.385991292504742
-2.073828548338277,-1.0342684123088597
2.8806413876150576,-2.575545610147787
-0.5946054017565685,-1.776480833127427
-3.4008301291783933,-0.604122254073173
-2.695080030731586,1.0001494126001769
1.0004122286345194,3.1397009669079434
-1.2090961239564244,-0.427132210419626
2.0918090130634353,-3.4611942020384165
-1.273217981203764,-1.3309476139781748
-0.9195675052847847,3.384110500322084
2.848852616795909,2.818539166248472
-1.1691725206466876,-2.3842758180903165
-1.1328607399974728,-3.451075640121263
0.2963600985372909,2.5751382124701383
0.5112736694199506,0.7928990544025012
-1.2649953768476776,-2.5693412866104484
-0.7316788091002652,-2.8773356816704685
-1.1690557418774334,-1.42449364329876
-1.536012310797665,1.1843532502109542
-2.494012772726165,1.5013709912544844
-0.899708160752867,1.1868705703193514
-0.775916274200489,-3.513177700940655
2.6478211532814724,-1.2316760720194684
2.997605827040108,-2.970779154609258
-1.3258774016763648,3.226017402213447
-3.0979265932689293,-0.3369358756929847
2.4248464510224172,-3.8025488589558862
-2.7805379827270156,1.5021620493028012
-2.3269339848328157,-3.104785095239063
-0.9455216791269779,-0.9911289486669137
-2.9341458805832166,-2.8146841053209193
-2.830718230278175,-1.0664030039598273
-1.428424248526433,2.9230121393441553
1.3489112507846521,-3.101798355801861
0.48654228991374265,1.22657150906096
-2.634741170102563,0.9787602847094773
2.856010631509294,-1.1081220235844416
-3.932139833091608,2.875867376197832
0.741592107765141,2.8621847307432877
2.479446986642331,2.2512609540481625
-1.037552261458315,-2.371850826983094
-0.7920551524382247,2.359562811218842
-3.302098944236294,3.249672370102291
3.2691555699865003,-3.4328533528535874
3.1447170621211322,-2.9802009606323154
2.6402009063222827,-1.321714935531823
2.318735660266909,0.793103925023456
0.9610403116130644,-1.076029797475601
-2.770903823188015,2.937223584839236
-2.456104635924839,-2.5168191430201388
2.9623989762532505,-0.6077276639203876
-0.8898049897940835,-2.864912165480268
-0.9113112468895156,0.7559247841117933
-2.4991083451753306,-0.9021754868885974
-3.201694656666113,2.4843239630797553
-2.138840595124817,3.0171834204261008
-2.2517942121626824,-3.1656920783453164
2.7508180816528696,-2.5282264505568484
-0.5633374785403191,-2.4201416926547568
2.899916149712385,2.756969920670159
-0.3067489793916938,-2.8977763850544975
-0.9669722285341945,0.33902422763884205
2.305917293425894,2.701169728485654
0.770896773617106,-2.4998168045155627
-1.0101096699041718,-0.8066601138675522
-0.44448113522578997,-0.8738018534098875
0.6622615215859275,-1.097486234974572
-3.4288206341439103,2.5814774636126114
3.2216324695863077,-2.6347185977857364
-2.869786496086293,2.4940754795593563
-1.3695875789781462,1.1447625657810772
1.036104172501961,2.392904876886129
-2.925766866854035,1.4683067357131683
0.759481847589551,2.7280301208673654
-0.5644591814153833,3.045650470992457
2.8444622632600383,2.1555575379422183
-0.6762750532880425,-0.8595663941695669
2.8439191524057756,-2.387224515081253
2.9945134030834906,-0.9252254140238703
0.9839313103296166,0.9891292891181513
-3.229167636405499,-2.590426799191165
1.061973127502994,3.2477948609351026
2.362422133797346,-3.5399705240409993
0.7804708875386834,-1.1660467962205627
3.1642983510644824,-3.4597840989705513
1.5355980781854708,0.8978612585786311
2.522566198916037,-2.8963812072244846
2.917584053978989,-0.6048687974656105
1.20705356802964,1.0098143656588858
3.5137140635019932,-3.0795247858478736
-0.9108747403759008,-0.9076868723678753
-3.3002234148949157,0.821201203092454
-3.015466605714528,2.564393881567695
2.6795588293200128,0.9292746484036086
1.1976247904031556,3.010186942997285
-2.3596230238418863,1.2128716303584346
-2.688187789838669,-2.84672379451003
-2.8121540584725286,0.9384769459208083
0.5037616542154459,0.9581230210482768
3.905644770030458,-2.8126876156759617
0.061388171572427375,1.2147486874799025
-2.7618847418944457,3.182316465455937
-2.8425370472302625,-0.9762637141307575
-2.920947286275076,-0.2040361527605778
-2.5369361079316843,2.7145563440365916
2.9607987097359785,-3.2869436537428194
1.115676974138054,2.8594240752509017
-1.0240349411804994,0.7288284557669438
-2.940886419920473,-2.9084270989266123
2.9093814044662305,0.617384428465677
-0.6070590303708809,2.967395041689745
-2.347072932716725,-2.8780566015726783
3.0312188713823183,1.0399642367689377
2.7238485218072706,2.9152959013626853
1.0513324221234157,2.5586711072470316
-2.4709311858298335,2.512917166766968
0.9550390594822057,0.7889084788812919
-3.2899618443321033,2.566023353361329
2.9578401232038156,1.1062006041252777
0.6301327642844418,2.8055755187194062
-2.5733746627462883,2.9809909861600827
1.1399643144546816,0.8895413110477082
-0.6858202211263991,2.284536734642987
3.2073290217745924,1.7821163689597486
1.430111213467621,2.830868358846611
2.2388124270269945,0.8902306745549406
-0.7347988780658722,2.6782185686175044
-0.5572532415041085,-2.8714494274419913
-1.2216532260865576,-1.1919719160497035
-2.452386613928702,-2.544291156108748
-0.8048793933515409,-0.8756606868746905
2.7212940824651315,-2.54496436279172
-3.597526675154237,-3.089327629274354
1.2457187863843766,1.022940806815628
2.954052975990345,0.9089563738879026
-2.6347927830066236,3.4934396636771994
2.9573920210499645,-2.443301509852847
-1.6303428185259625,1.021896174672351
-2.6421528848259976,-0.5303758687970163
-2.521729328739713,0.696870582018229
-0.8353680365273697,-2.2712611132663643
-3.1978848448395665,-3.6864983886577734
1.292360043650405,-0.18493231855972325
2.464199157826911,2.741291808609665
-0.8830127073298225,1.1954544819169481
-1.1126736412220408,2.2340907353164514
-1.536624709785025,1.5299444797706256
-2.459957212695517,0.43717218524061063
-0.768910211087069,1.8356885922911277
-1.1594713253305138,-2.5432399720687533
-0.6734240412081213,3.5662264392988643
0.573158535999359,-3.0252180712898156
-3.262398054270302,-0.8274060931880367
-3.193800395785274,1.1339099378336883
-1.13530805742418,1.086995890636271
2.7441234246539024,-0.5940095685088355
0.6349437575219659,2.554406451327109
-1.3110018465432338,-2.682157224248449
-0.20466267919011666,-0.633405440796574
0.47438308208567986,1.5468552422539066
-0.7403705990607521,-0.5376250396130041
0.8336396614543924,2.4463158147221877
-1.28664307117249,2.5500618903347765
1.133760672131627,-0.9923902690887764
0.7488540764037251,-2.8268364257061513
1.439403895705706,-3.5939946165620342
-1.1392267621628231,0.8470779069880793
-2.447576349294064,-0.335071992484231
-0.9587644286010126,-2.1677302752879974
-2.6415838187855867,0.4953264321126443
-1.432767641819446,-2.31476373587762
-1.5598777312542589,-3.3454866379562254
0.9143552449414069,-1.2460704004858316
-0.9630579673671401,2.30262917791834
-0.030332394906147794,2.1100857950401553
-1.4564662026112467,-2.6488345865408873
2.471575976505468,-0.7114831221131904
-2.2256315812377405,-0.62671892799927
-1.348402963893572,-1.5870516652625244
2.10028314506348,-2.9741068981065983
-2.1642639940930275,2.3357118659109486
-0.5507727201014528,-3.2451614642522646
2.386037373677148,0.42465234635651383
-1.1189872511172545,1.2905446850138476
-0.3100471789771983,-3.294177029429358
0.7511902869748942,2.7548308761936924
-3.4343370979758308,1.6565051364750916
-2.267733476601886,1.0497348150953931
-1.3583823902234855,0.6864909525603196
-0.7186680980280221,-1.5524859500346146
2.390955600890831,2.7096705581701364
1.5376989989764394,-3.1639302275225254
-1.5605203175523878,2.733017256853253
-0.8739314931108904,1.3510487690530024
2.34602913267154,1.1441934673636323
-1.06412202931106,0.8470968084961028
-2.9157387345353016,1.1703536261491503
-0.9381928912371835,1.1195504021990217
-2.5321448707440917,3.5836138507499693
0.5565168127658561,-3.3217172532322463
2.2965126045939788,2.738010796204438
-1.1474659176063677,-0.34943927571621736
-2.764794443035082,-0.354587238962836
-2.941456708928589,2.97917609886857
-3.2275730270364016,-1.1032168585116704
2.547726897647439,0.6476268666109362
-2.614535833961295,-0.09933121795744511
1.274288848451553,0.9018547838994404
0.778920045016038,2.801592997638927
-3.0322747463850814,2.991746614396879
3.4699857068558035,-2.3862751060618237
0.621116772634537,-1.278089924186989
-3.624646701791257,1.468113216514641
1.7240527068201004,1.0761713706926122
-0.5056035271970729,0.07047352490404656
-0.7615111478315346,-0.9663411754491127
3.230006539802646,-2.61391879640391
-1.1340444953599558,-2.7854697679005076
0.488744630695313,-1.3786753407813308
-3.0318150678350486,-2.1218125045884473
1.2253532280050532,-2.6449200105454342
-1.034433666292268,-2.972758117345286
-1.3768373738769697,3.2521283606099645
0.8955168375481918,-2.031684053313128
-2.37780026089203,-2.3087622085174213
-0.9073068069488102,1.1223893089556223
-1.0257247930877065,-0.9297836248564512
1.6098437002240296,2.75847493724833
-1.2538284830012814,-2.3305181020218044
-1.0718737479879938,0.610217650229982
-0.48522594355351634,-1.2094660633401166
1.3051027257319865,-1.4594801217410316
0.8744849642057144,3.5445740085909865
-2.7708745383603235,1.0703854339058063
-2.988748586026038,-0.6537467996461813
3.3161057101437286,-2.895075404847431
3.1647324814518156,2.836424465123183
2.9067728863474436,2.328231610076681
2.8041181597040388,2.707336540262957
2.939541326400293,-0.7357021168064287
0.6808054600660433,0.895992827651536
2.9143531748737592,0.6962332504251324
0.7111989485394599,-2.659370738774304
-2.856023781449291,-2.6761961186380954
2.987160477227644,-2.364113492856537
-3.419281059952384,0.5067467710675374
2.7030328301913533,2.814498632975462
-1.3182963904426621,1.095340767080832
-1.4210666078743897,2.7867882327050086
1.491915299880679,-2.306055999908024
4.056878622738843,-3.303427193287563
0.711013189459474,3.288357614343177
0.8556762541385384,-2.698850338933593
1.1174808376660588,0.7031925843225277
0.6986638350826799,1.3975768368300727
0.4629278256795628,2.79441149466374
-2.688994883451352,-2.065591707824105
-2.465469220397573,-1.5371420120942056
-1.4903561395370217,3.293105674893809
-2.6320660715323716,-2.656463508060868
-3.012750858026185,0.5460773715837088
1.4156331909184052,2.967309964358512
0.8065232691690495,-3.08287122996263
-2.829636050085551,-2.847387281560241
1.3149869004441328,0.7528966602556975
-1.339142721850111,2.4791365356453805
-2.930117427171107,1.428206414498314
-2.857362776771776,-0.9439409436112219
3.281548654342636,-2.887773071872182
2.361390508422019,-2.4987892719047884
-3.1934154279048395,-2.8908115206958374
-1.35604451170732,3.0473849205925814
0.6563367996591538,-3.236406465924214
-2.9323027978267775,2.884886876102264
-2.625869747726225,2.030169186247795
-1.0013222919284595,1.1306122347197536
-2.5145375393348925,2.712981458291342
3.3965203483437816,1.062833083509123
1.0069015184857688,1.1310385662582092
1.0118799356669435,0.970429777615601
-1.5448080280717602,-0.4837924415854254
1.2486761887080797,-3.157113643458921
0.9689727424591287,3.2470374844827252
-0.700525683680667,-3.1996759887921753
-2.7284116809091357,0.8259231765267362
-2.4712719791645994,3.1748224390759856
2.662636605259241,-2.846627821975988
-1.3440734441039504,-3.312359434325515
-2.8850054284647673,-3.2960364302156617
2.552387590757287,-1.277514909244654
3.35192717848897,0.8631371236667146
-1.5732455332407036,1.1991058369375975
-1.1972427641407395,3.51746008323683
-2.9866443088668935,-0.11001153507695918
-2.6501285589738943,2.3195823261453317
2.387578156215464,-0.9049497204567503
2.678366626982569,-1.5382225747357658
-1.4210898624378652,3.413230635577146
-0.47284790320693854,-3.403501914471823
-1.0328420821457582,-1.2636551910677059
-1.870545503715272,2.776098695893546
1.8727365800977525,1.4015169297590102
1.3319146026093684,-1.4496512655860536
2.500931688539694,-1.157608236402562
0.9487068219540727,-0.9011483701121707
3.2797095496648407,-3.4348804991952266
-0.6923131032331952,-3.2084191303772873
-1.3189630694084127,1.496314875177476
2.462557038022786,0.9502632859165352
-1.9220610577559092,2.82981307399051
-0.7825437046591612,2.3421502270403574
-2.894893956122525,-0.234873109636867
-0.7482180841848025,-3.2180495576093042
0.3728432175744549,3.1029313375438945
0.689339066794172,0.4255702466712382
2.379353380057171,2.287489662326536
-2.635975094018093,-1.9604359790614798
-2.5980400695022094,-2.95888099969649
0.7586583307340043,0.7657736143128943
0.31984698579293813,2.727744413431294
-1.0722756369644808,2.342217440712215
3.5444994548738307,-1.5941631664742002
0.5319386251849852,2.9052897723843767
1.055365711567423,-2.5808731201505397
0.7873366160304396,-1.0628900407023523
-2.727570287632435,2.770687519623736
-2.891607814337597,1.442339075079744
-0.25062185416746535,0.908404345933444
2.340484488484609,2.070385805420464
0.9674403006107695,-1.0030670715621655
-3.9304467279119097,3.232167934284037
-2.354225628683731,3.1838577066974354
2.6032190222626155,2.0191205906171046
-0.8555625684800173,2.9637418855751223
-1.014573186991033,2.933622333590071
3.04011843551706,0.836670264818809
2.9022620581292498,0.41090616889254383
-1.7403887971957375,2.750612138238388
3.3378004462154043,1.893670713612318
-3.827369414775238,3.1210020793777637
-2.6011638452055643,3.4358308248808584
-3.018251180806899,2.9720597397751845
-1.0008671478879532,3.1257957612130918
2.998801835657675,0.5484751674652716
2.8473744599646635,2.4020474635999656
-0.9710334068258516,2.9356669588645263
2.818755817898562,-2.790796652323809
-1.2004715756816582,0.9455936817733599
0.6501779725504443,2.742722117441295
-2.537171611646782,-2.7783454792536695
0.8734630127751707,-2.4779887386642345
-0.9229825858574319,0.0669463977417387
0.6437824753963585,3.106392462957804
2.476352520098941,-1.0558514517611182
-3.3139410078589746,-0.12011924194070141
0.9178547527474028,-2.6050108373129297
-2.8982834220808824,0.9907843749766042
1.6332958416609007,-0.94029788334156
3.0570733395857603,-1.310989761267236
0.9279036996190553,-2.2289799669264125
2.6996111478938536,-0.8348579752331416
-1.3566408133810413,2.801817450176946
3.257817261445215,-2.6569217117784856
-2.9725624183508303,-0.9509193832919934
3.0893739649639724,2.4806147799828406
-1.3289407138218874,0.9981111399342986
-2.6910646437832653,-0.8120048721832127
-1.8876589543003763,2.851590666642694
-0.8830552056669567,1.1238923409914372
2.6956055446295237,2.7363105979086257
-0.9448067401079255,-0.5473129594290091
-1.0220587554242755,0.7460546741616152
1.1811552266356302,-0.8823785904710723
-2.612873697831367,1.3479157855251531
-1.2074360424479567,-0.5545874753453488
-3.17978408572736,2.9282196830507465
2.5577708045709433,0.6712871837975118
2.615800881332882,3.2278433383395897
-2.4072299969630597,-2.3744922483918907
-2.865748039390303,-0.9441599220392333
-2.699957415311621,2.6469521112879724
-2.587670159720475,0.5092884410002618
3.1083244805898587,-2.934741333217462
2.6146881814786256,-3.0963537526399345
-1.0918750804493806,-0.6466150428612059
-0.9802027407949379,-0.9311353991370978
-1.0109959713154997,-1.073464882480975
-1.1287624719200142,2.868152115333495
0.6659098087486138,-1.002318952101665
-2.9779484374400407,1.350993422711697
-2.4112062588252767,1.1512723279154657
-1.613847772313592,2.765605083482027
-0.9345129272798123,2.551309625498979
-3.0547725324042068,-0.47679228430707177
-0.8796544779610306,-1.095910954659408
-2.697172199905878,0.7946297894186689
-0.8054244531642937,-0.7954736597355007
2.903454406726695,0.5500310152013581
1.1103501016789712,-2.8268037280502725
-2.5716437389661495,-3.077980396305658
2.364617071278507,1.5310343995842293
2.3185458905588883,1.147643875743107
-3.0143801822065552,-3.3445599338537213
0.7027491259384537,-1.880762130705847
0.8115860691275442,-0.8118902531881546
-1.1358284284245546,0.9450537561402016
3.203772477798983,2.925316880130971
2.3325643914076255,2.6150763189260617
-0.46322107838660137,1.0189170671784427
0.8892119266616844,2.152917006267248
2.795600372961917,-0.6618035187714576
-2.8110130538576867,2.6142518502781695
0.8606261857045415,1.518396544244385
-2.6534709458676655,-2.4918992200315575
0.9296275097573874,0.6406355013569969
2.555423774717161,0.9096492097654728
-0.7833447312143001,2.9265067929603585
-2.7223749792002185,1.5699740882203739
-0.563122010586969,1.068156087078372
-3.287149271370601,-0.8915708446355916
-0.7313723536894934,-3.5239553473708005
2.245510484195421,2.987131364187589
-2.8557726733745294,2.964041267125777
-0.8847844439206799,3.00834087288149
2.5484156805915257,3.0142238718516627
-2.3573997666307047,3.4020172275301013
-1.1488690290171342,-0.5391369828286537
-2.8450591363399877,-2.7489787509726136
2.1059042576688745,0.8977912678130618
1.9974735335790141,-0.7136054496320604
-0.7126807773536927,-1.173233527518225
-3.2890915468029633,1.4394020632746944
1.015254366870232,-0.9909019260794606
2.7364735203742527,-2.380338408920222
1.2590821821025235,-2.804958153914353
0.48239063235084306,0.5103112615451768
1.0458606962774821,2.8392600454371277
0.16035260661708273,-1.4626730943238877
-2.8386322296131357,-2.182141893951514
-1.3244281645867193,2.4906610702038123
0.5158893048052813,3.0024950093685305
-2.6957134894962516,-2.179730150096463
1.1584275221819884,1.2707863217551352
-0.8018897559236908,-0.5464054912137082
-1.356924189864215,3.0650643348713857
3.2847247312171794,-0.6862948606603011
1.0017808657002278,-1.6712038793613535
0.8260388706789661,2.9164139134537383
2.5774273382301502,2.8498653391686055
1.2604477953729492,-1.043640741174211
1.0836890471775495,-0.9106643065956386
0.8772149521163898,0.6146299149697048
3.031518505308836,1.0639223705288514
-2.6981246835837256,-2.7158001229979263
-2.5294653856827067,1.7079239883540154
0.9812897042893478,-3.507537789592355
-2.760750423651848,3.291164343366653
-2.860400703117263,-2.6785024536858915
-2.6907100874978673,-0.6466418683406993
-2.5646550222536715,-0.8271456320514272
-0.8145844886704522,-0.34445515864669995
-0.5002863341718707,0.8756568713600433
2.81268622800359,2.7055095576667765
2.68278971974843,2.34673795015433
2.8416012251488283,2.0484440330713767
-2.5147760170664664,-2.575463415704668
-0.8720094627841172,2.968659688491396
0.6188054352018739,2.70389614642005
-3.764228466582201,3.2620505143022953
0.9766073836615684,-2.8111440856625407
-1.059775472719364,-0.3969861662415486
0.5340083618386945,1.2324339529180568
1.0822058062201416,-1.136793524326144
0.9643400707366367,2.7459420786327677
-2.750552411937373,3.00157649073168
0.7656321793137955,2.887449400372003
-1.0885985820546198,1.0242332096805
-2.2872762635782036,-2.3331523052176153
2.0936187230039085,-2.8491534945134385
-0.7070200439843665,-2.2355392480565452
1.354455674343359,0.568484199781772
-1.4720946992313613,0.9712792175147333
0.7254757665015468,2.685646454470602
-0.5265927134276494,-1.1463569775818248
-2.839258642623214,-2.924694927686756
3.0579962234010165,-3.421970192159622
-2.6745268242331743,-0.3471312257332481
2.9359280139599826,-2.897630575527179
3.096747753379148,-0.7722851638957253
1.7483542227002855,-0.7569699486108946
3.137370069034047,-0.6830903125065114
-2.396237175302098,-0.4235071529318293
0.8001100570613069,1.026564701355442
-2.947816884036919,2.4956178415352133
-0.7656173831210182,-2.6714437031153704
0.4065320755817384,2.823040333929754
3.4216714652130444,-1.219141138905546
0.6048350287410543,-3.0864625080795602
-0.5595302455022083,1.81719848819146
-0.6261399888143745,-3.2398597278516785
-2.7744521703143294,1.3949879782998589
0.4933085642966648,2.8862815659879875
0.6282617651513561,1.0933077471429014
-2.5831129042042207,-0.7629670359912444
0.81232657774038,0.6370267134921522
-2.0846769631277606,-0.2861182887081319
-0.7912929497931972,0.959382724719772
3.2987398650871476,-1.7532560750186132
-1.201301456212782,-1.444841548452071
1.1924883911991775,1.1161010582738873
-0.13661649434545775,-3.372744796239103
3.4541657023171504,-2.2989327620678073
-0.5931605273047528,-2.529869639426602
-1.2992591347691695,2.883212062592366
-2.240881825917538,-2.8755183501745143
2.2929788764549657,2.8379395253761763
-3.0929870225929013,-2.1934982014150237
-0.8340698324137276,0.8410655063883028
-1.738341388414172,-2.410390377349734
-3.0965667639625507,-1.238673262030746
-3.6363346503124383,0.4764915383092698
3.204855601524302,2.1414746135234193
3.4363109075397347,-0.49965993349928556
0.934844032492715,-1.0752114281395342
-2.956915472402757,-1.077938657123616
-0.6203568778303004,-0.8178998646733248
-1.2842585934029531,3.0271593312641025
2.459720259742108,2.172339086039027
2.938426399406689,3.1400329151037587
2.6215423670844618,-1.5075724126558432
-2.7509717877735467,-0.7180239691781964
3.3167583439338473,0.6176687012405339
-2.816781231269626,1.5505244943976424
-1.1982386323002219,-3.168061529219803
-1.9454585159472928,2.757918356894878
-2.2316956343425463,1.9001799797649712
0.4914921559831875,-0.6366076956197249
-2.77090984289102,2.698584945950189
1.0175308352386274,0.9713776540035781
3.0751862379710864,-3.0367136438972886
0.448748028680706,-2.751933086812609
-1.631340625111502,-0.8807259944795817
-3.057567414177229,-0.8908784418477439
1.44128976984427,0.35250657900920535
3.352796372337835,-0.1307247555635659
1.0572332401160283,1.1353709276099748
0.8337846421634959,-2.9080322256520925
1.299598827833378,0.8027986033911343
-0.8689508347058013,-0.9371548451751291
-2.6731557587366424,0.7803641904963518
0.8102554241268998,-2.508452063019217
-1.556956635598391,0.6844618174212481
0.3712041962133103,2.573360986440961
-2.35795296360539,-2.1400568146140766
-2.0812404802047477,-2.8517763628599333
-2.548410592748427,-3.1064885107260065
2.9848031023035935,1.0544826841496584
3.377636670451339,-2.8144541972165533
2.8125134381237022,0.805937232438814
-1.723916438776138,1.4185569405499707
-0.36818063655863054,-3.050701515365059
0.5970796468576719,2.8092540780027577
-3.1376288314924707,-2.7461118970348797
2.676117539357109,-0.31189953209815047
-3.4267464878160685,2.4236249882653693
1.2638457014692772,-1.1307235184362605
2.483422115627826,0.9906631180147055
-2.6467762386767224,1.4825294137347087
2.2304513289095733,-2.772772753880718
0.9336048586583804,3.301341169248273
-0.6890068955261598,-0.8705471306991975
-1.401838533358523,1.5410918046406592
-2.4686313452266733,-2.8251491410963205
0.8399247112664429,0.7880885850788873
2.662270397759955,-0.5807223851056904
-0.9437813929061245,-2.811908977459995
-3.4158487008123513,3.421601308988838
0.6778721261467502,-3.516220592190832
-3.000897391970471,2.7755638704715513
-1.791327181466451,-0.9562557809655213
2.7816240172567968,-1.4636665165186162
-1.0968795317611542,-2.8697709863529433
0.7673155519085744,2.531881663065574
-3.1007980046647963,-2.4349513548472195
1.2883310332429752,-3.0063649336021623
2.8826295726735154,-1.8728520505164972
0.7158429831378409,-1.6599220205762537
1.0017628137418395,-2.5219679698211572
2.8584478677924428,-1.6512637267853627
2.5109970837819433,-1.3602643123411498
0.9668373337564554,-3.473907401759623
-1.2494565316423154,2.891866567966608
-1.3004836776050956,-0.7027304204921931
-2.0132612605821154,-2.3819492218661553
-1.2414040738441874,0.41507480113285466
-0.8343239148039435,3.193495825596246
-3.018856054671554,0.6869537570270369
-0.5978398456020493,-2.9462707059469997
-1.3424806991786429,-0.6816799466005036
-1.8519744134823835,1.1827788035237152
-3.1413751695828735,1.3581671606981223
-2.3227423926520907,-1.4443385655448426
-1.9446696014799048,-2.5145708347714795
1.2235755526257803,0.5842313331524953
-1.6128405335929603,-2.167064741625432
2.694372050389764,0.7944224752500328
-3.432973613214359,1.0399961992563158
0.2567451534888724,-1.0810585219137785
2.1399276178700943,0.5160593786859845
-2.9191651327603827,-0.6091896765942433
1.4951152558187617,-2.95468944668519
-1.0010753956858718,2.1498688587364674
-3.0123382728346493,2.495169541745374
2.6936421893407023,-1.1615766769024858
-2.644165516040276,2.7455140495155113
2.249902589528106,2.640839816974557
2.8504075672661022,3.0422076977227612
-1.516336881369183,1.5012661447309037
3.2100112238178635,-2.965627621991345
-3.0834682616580698,2.65048798481019
1.2548335869469553,-0.8882059830855451
3.2448031248479783,0.30073486772399805
-2.413174583411609,-3.0864872717873375
0.9006346052151518,3.304617567348746
3.1193017004839096,-3.1537447345352776
-2.890642401988748,2.671946576781783
-0.8629997112489276,-2.7129929465757083
2.7531323959126843,-2.3687692180018645
-1.0100261334342593,-0.94520435467549
-2.7841111507136027,-0.45711373370019504
-2.6233418057714553,-3.047736188535903
-2.3750758804003724,1.1493573720751449
0.5865744536566527,2.625855589546373
-3.0832903974857384,-0.756778490877876
0.4171662466046512,2.4638605443260286
1.591996010497354,-2.5886983940699353
1.0185701521185215,0.9322544559525117
-2.920596819401379,1.5848130992025284
-2.952767973087028,1.203774323877187
-1.3953067646919346,0.69822502973465
1.528906374781631,-2.8348571415358936
-1.426191896308509,2.7541819252922095
-2.9422362195509817,2.4731619016594726
-0.7658924881369957,-0.6977149168926164
2.903297927660176,0.8349051306042817
3.4782211830245213,-1.0122497997707398
0.778436080229688,0.6146046061746583
-3.12368324272737,-2.2292482646679748
-2.9100309588519644,2.700134080675312
1.0661743493344529,-0.7673885524601965
-3.110235385722619,-3.606625086408518
-1.465233082552481,-0.9072085876514
-2.8860384880387246,3.079510356925347
1.6725430244015984,-0.4802219760404277
2.424275709597782,1.1818146017269375
-0.8582719959177788,3.0293847828535663
0.8975476301988012,-2.7526850796384474
-0.6150720636847007,0.9780830924241926
0.794240804061116,-2.510446037908924
-0.7431997407250167,1.1943867429952835
2.4606970653969955,-1.6677656028014347
2.6788268254440872,-2.6615381956562603
0.7897174871085808,-2.5115039346511496
-0.5722402610738418,1.0923291205292103
0.8852394444703645,-1.3397771045832232
-1.0875895268667197,1.5681386995926165
-2.761052073838396,1.1630871095754736
-0.684894857677316,3.401376454326594
3.2574798906244085,1.2519720136299555
0.7324683679351839,1.0233331422826994
-2.7855285890304144,-2.9333460917505145
-1.2876568624479103,-0.8341000851409881
-0.6559586596069668,3.08735066469783
2.08189987317049,-0.7362443330466663
-2.5322802269189513,3.1218326502965414
2.3460791284603766,-2.8569231857787685
-2.329864079513004,0.4956686591624534
0.5672656112198257,0.8984644933186715
2.460159102677931,1.5320414956832855
-0.9931905872146092,2.870221965811176
-2.487390837499917,-1.1057993910588346
1.085239635557162,-2.789391435917083
1.258503559483547,1.4148538680686857
-2.478932791214801,1.5070691945526198
-1.2155667397244567,0.7225217244068136
-3.361914410562547,0.7010485201905198
-0.30812427947664817,1.0687660969643236
2.6789370852966186,-0.953548272509847
-2.721859581688705,0.9347369071996915
2.892543505634499,1.4595452212323463
-2.657019764805587,1.3359696198322657
0.8040836269024427,2.459491661782801
-1.1668986806463386,3.370813609163045
0.6427918740701338,0.754258322717661
2.931784666759132,-3.687025318948465
-2.2285416341247117,2.4661296085095796
2.8920070802153295,1.296883674230183
-2.9312123738023868,0.8198542088706894
-2.2779234990446606,-3.2293899599981954
-2.9188052199287515,1.3616458999487686
-0.9901009684898672,-1.193788170291062
-0.9189418332178575,-2.975804157985034
2.9128847139453757,-0.7826914498785904
-0.6737618800082854,2.7339454340637284
3.0794211191471077,-0.4354702671177937
-3.1551829120252735,2.36276490106415
2.7919391129574445,-2.6081586297953234
2.3777776146377025,0.9406937598401064
0.5959444509270716,-1.1066309492447977
-2.6839662447494548,1.208511537850525
1.062617041475214,-3.0188764706807447
1.545970179796915,0.6674505761957485
-2.514411289703721,3.801584470610651
0.7250194770346168,0.27620630052144945
2.4232642286206203,-3.178294622404246
1.0876735923369212,2.2406234078598586
2.6585588616231464,-0.8514836348868309
2.6320944555954306,-1.909565369662631
2.1873852281086763,2.9519911820433085
2.8613666065449825,-0.8102365561059418
2.5708163199020597,-0.5581041418276206
-2.224693005945468,-2.7158772956668455
-2.1208971563203534,-0.7032248180464499
-1.0987754198550295,0.9216493579562385
-2.673651228258819,-0.5915460767125789
0.5979831732767671,1.1920630379532462
-2.522018975557755,1.3038183452588084
1.269425875010101,-1.3652179278484333
-3.0101832524643135,2.960323702124531
-1.3043957131423947,1.4186056282061232
-1.7136189558374106,-0.6980057720847136
-2.658766011858386,3.2728202475056354
-2.3266194529722366,-2.0751388289318515
1.2126120847287913,-2.8637770549817603
-0.8416792223057289,-0.8970095204089416
-2.775814749882176,-0.5741647510788515
-2.5669142661587374,-3.156154383998289
3.0579505176823574,-1.15743737382434
-1.0544393896581072,2.614280592052273
0.4055504781476814,2.834764386458925
-2.3263623492951244,-2.3771169970228327
-1.4584005390823984,2.4987855770950858
-2.7154709397048644,2.488492047157925
-1.4253337664196437,-0.8901939627054097
-2.2703831605906495,-3.024631217280929
-0.881433868611972,2.4820533610707183
0.7235376375702823,3.0140202593231553
0.457366130519373,2.0749642930808143
-2.8991433022112427,2.792643830475812
1.3978410985373066,-2.521239130609898
-3.186322119528462,-2.755923740210464
-1.0564895989072063,-1.1395275485797873
-2.6082435500356578,-0.7830527222377668
-2.7535436730569036,1.0816247245546604
-0.31757473540426306,1.2395378262134553
2.7616782393950534,-3.1836545719855733
3.507017548033758,-0.5591901564441129
0.5520949433038539,0.7477774107188931
-2.7667986209183595,-3.192288466228534
2.296752488303861,-1.3293023618980084
-0.9143015790823042,2.856452481247442
1.9720330683714618,-0.9787628562240425
3.0549026428186594,-1.2759566810774912
-1.3105716339434514,-2.9277528447581282
2.639244782681225,-1.3014296295044612
0.8469811032903546,-0.5311529413925602
-1.6663315182971412,0.5113941946250354
1.4432646644734841,-2.541166143127555
1.0325876988824407,0.8476364941263528
-1.1494194856423199,1.1245228855742135
2.727694333209802,-2.894101844926977
2.797409926185051,-2.053100772004839
-0.831805820700611,-0.9589500797778133
-1.1284613101870435,1.7176148448775683
-2.4846385583544386,-2.6402314979827515
3.0693877683757886,0.8887985050972728
-1.2734844620144405,-1.0072868205774295
1.0098354343805873,-3.176260706727668
-3.312604713124291,2.5504781696758814
-0.6368013021757337,-2.55322769204661
0.5041130743947119,0.6671029532758918
1.3099060558363318,2.7677714688522466
2.6313711751332094,-0.7539364641343365
-1.4678715839708754,-1.2361807398693563
1.0119855120513537,2.6166612831152647
1.2112050803984251,-0.6184284658036301
-0.5341658430802299,-1.3644822009888251
-1.2264000750284088,-0.06040239863451899
-2.905185337628019,2.374401394352737
2.5767276062790354,2.872030060943263
0.1964333849114863,0.7689237549537489
-0.6139448055270396,1.1131003954794296
2.8811452883850754,-1.343640112628782
2.784961794107568,-0.6751230912525787
-2.862531977621851,-3.031019016753311
-2.390496159842168,2.985830793383142
-0.8153192811155742,-2.816718665833915
0.795751279863995,0.9253830339880229
-1.2902081492983073,-2.4502751621115775
-1.2540514307936088,1.905828284074081
2.892330165489916,3.197312027148327
-0.44565210322835125,1.1735371674198414
3.3327497972399995,2.685397489129786
3.3160322706580936,0.6242991034924632
0.5527108972927798,0.6763966499594589
-0.7883394956166788,-1.1918640987296367
2.0989135589730483,3.0578645508955473
-1.0936596100530696,-1.4154242197084008
1.4448978611085088,-1.2616152918052401
-2.8554118504405177,2.8875421469236247
-2.4676889762562704,-1.0085049990058366
1.2264711442375769,3.5094574609770937
0.6711863667822517,1.1072518582180906
3.0086077240393947,1.3214323039148124
2.7425233948841155,-0.6135020574520592
-2.643815597394349,-1.1394623929783625
1.092460202149743,-2.484667986166184
-2.3377699665530134,-1.2608930024580718
-2.3748891648840664,2.5068370197166407
-1.6314763942679704,3.0421963973296204
1.225145661707252,2.9664180735271115
3.1380147313740516,-1.82757805667257
-1.1239673491107167,-0.763827387162617
-1.0575745497416877,-1.217966692510664
0.681824940912921,-0.12958241688538408
-2.8806967784483897,-3.026260692517076
0.10723483778463402,-1.0899323196259667
0.716470186452129,0.11917723587997445
-1.383599865543785,3.0058995665636843
2.0148571014183116,1.4512559974414896
3.060226276038649,0.23529431745643636
-2.6233597993213773,3.122670286003229
2.991714827577894,1.059528879309152
-2.961754358117182,-0.5987061011047922
2.6431510480958984,-3.170490248713928
-0.7879856998317691,0.4971007056552471
0.948225002620107,2.992808080325072
-2.594344418865043,-2.240225379013918
2.45281815685119,-3.6816495463252306
-2.7714980952717436,3.113101876775089
-2.5224829621204763,-2.169539587091102
-2.6949502168187474,1.0035427985899181
2.6303137212145753,3.4279251856946114
0.7774437360675535,-2.5883082883535917
0.9624003058568102,-2.768447044551529
2.6833810007464183,2.6997963418013353
2.3462750412280973,1.341742919855287
-0.2206314397735492,1.2076284273687377
0.36662557832466197,-2.302180947659062
-2.604788185069845,-3.929109098873998
1.0474788416751173,-0.8799281438351699
-2.8674259487163565,-2.9333752192203346
3.053648745188689,-1.253664893672603
-2.4332763481495427,1.377644869527439
3.2155932303118564,-3.069503827755986
-1.1226183420440008,-0.7000975726387317
2.6977512258745397,0.6984703129056237
3.036677455178538,1.488387060781061
1.2497207469353433,-2.9982529858835583
1.2917257379418414,2.4923808810252193
0.8698494569741931,-0.8609925158773254
-0.15547539798112853,-3.118302085896908
3.1292009139841763,-1.8130442637353026
-1.7527454438203516,3.2646204395203875
2.088204113793153,-0.3177636502396885
-0.7716126669993796,-0.890808137012764
-2.703535247011038,3.3716175315814927
-1.2806134024907365,0.6871971087053939
-2.4679431484813343,1.3286592445730592
-2.78755513460854,2.856984761141113
-1.0358107244071233,-2.9053150866686526
-0.488644743971161,-1.1057454659241313
-0.742537662710971,-0.8844861479071736
1.2999010634851897,-2.607731512101085
2.8915681526468964,-2.8098849786385682
3.263197791022891,2.902853410593527
-0.792161412704002,-2.579985849769474
-0.738189319237712,2.7930402269992465
2.86563362439147,0.8470550969687346
-1.254829034107897,2.8503842456141704
-2.7830207437630454,-2.354451545848
2.780864827086548,0.5646525904551571
0.9013541820331593,1.126365199683459
1.0812487781283322,1.7397924979590882
3.3241172318696948,-2.937040177207029
-2.4423285163083075,-1.3197087287102158
3.5035759552886407,-2.844390597669541
1.1137507375622344,-3.2031099587157845
-1.273981881268744,2.961736704937339
2.097207771674406,2.1041585094857935
0.29017194510203903,2.470565206697145
-3.1439146630112207,-0.6580672024883195
-0.5765385153131194,-0.6158212573361869
2.549436096500949,3.106604159541678
3.282905447914187,-1.1518055684486626
3.135544617860625,1.1302248750119652
0.38333514658702583,1.0060050427495049
-2.5697485536529032,-2.2142285299510345
1.4553751062510425,0.5625755482117678
-1.0938613864741549,1.4428733498916695
-2.2954394429789122,-0.5415641452591744
-0.8176635511567842,0.10721586213469832
-1.1844372653246569,-3.3004721308188247
1.117558426268913,-0.959481467870212
2.879733934392792,1.845398259362055
3.1899497808367885,-0.8454882562771014
-1.0394672945943937,-2.5716164748844887
-0.6700929994902064,-2.8469176475275746
-0.891771834279737,-2.5954587987980533
1.3343367241486954,-3.2368992355372312
-2.765830742651315,-2.6674102533261683
1.1523691040630613,0.9686374877171269
-1.4891364140914907,-1.1545428724104145
1.087965424848747,-0.8861547672144444
-2.7737090695233384,-3.219354423697333
-1.4201261487925172,2.5957094988707534
-2.8954031538976723,0.8894208139615335
-0.7688803705913819,3.1670027836953114
2.7712746881266006,-2.862418472718288
-0.45620089802837704,-2.509728344667838
1.6496233616290117,2.2404893266801826
0.7841866467460591,-0.9633538079690106
0.9873294864625397,-1.4002719227379095
1.9718102727522706,-0.9104203366332245
-1.2214603326752655,2.28419629171016
3.0042285219332228,0.6099774844186118
-3.422261390450838,-2.385686608193896
-0.6572868157855851,0.5729103674217157
0.5551172503333875,2.4072528094249512
2.6427370501197225,1.9450279388726237
-1.320487522289897,-0.30419355156404765
-3.469415695232986,2.6606875713789666
0.7957313878291655,2.4453043216229338
2.805368973406599,2.4793757465596067
0.746467157615583,1.1917319800782082
1.0213091624652746,-1.0499192606846814
1.0552677959772518,-0.4431871456858662
-0.3656534791413721,-2.736318383000627
0.9459943918432568,-0.3694682769832539
-3.1187334540021747,-0.9755043221082559
0.9317455424154156,-1.4981393935364544
2.338236206593754,1.1142341679087662
-3.2053930190613102,-0.9947599192739888
-0.919440059652548,2.658898015178953
1.1657864349053275,2.512496707435682
-0.8587230131131467,-0.962098755543093
0.22551287791476674,-3.2212544968358716
-2.55971078594381,2.5201291826225867
-1.1608501754126836,-2.9538392140211736
-3.17947753172465,-1.031592894526366
1.169593681453796,-2.4284966301676008
1.206655832680729,-1.3385445351072238
-3.143176155582983,2.842442453241404
3.1161992822481626,0.9707547410888999
2.615135177128291,-1.365910533755851
-2.820523877175416,-2.717721563860738
2.666771028175364,-3.035174286468903
3.117941815058591,3.165603337578338
-1.0999632002347948,-2.996834363456269
1.0132662461073987,-0.7230975238612676
-2.552401602060612,-0.6837099558671819
3.2814175455543912,0.6316700097127703
2.267326714233829,2.8387358350567657
-0.9290326520665398,-0.7287217493939481
3.032780556502769,0.6181486628681614
1.571508450299202,1.2074680683120846
-1.1952211541494857,-2.579436916095237
0.7676325394165531,2.540568225517651
-1.4096233408407113,2.8329763897659253
-0.6545959259609146,0.891093600835344
-2.9450100723844206,1.7618850465955158
2.3105753037441565,2.8850046879703166
-2.751714566689856,-2.5101575866379746
-0.6188385651486951,2.936311026661463
2.8541269450768283,0.8595897687933772
1.0174130270492887,-3.0521314739573784
2.515259464842629,0.7424953417489523
0.6332618802523469,3.3419354311073235
-0.3365017063960885,-0.6258611081965882
-2.6785604860069787,-0.6289642874882799
-1.1731957157613002,-0.8684302526924719
-0.8796165741192865,-1.082388656760439
0.8358107555452642,-0.8292483385128099
0.6531892094800665,1.112050903303919
-0.8488521921807911,-0.7014761399710304
1.254185189178407,3.1018347106052615
2.514839501743603,2.9054231844570952
1.1579875667105755,-3.2932727609096553
-1.3164365380474132,-1.02526148721107
0.9747303051376639,2.5964194888477685
-1.451327776187947,-0.7484742029964602
1.5517661487642767,1.3368652278142694
-0.6991823141772131,1.2777389179906216
-0.6500155478020317,0.08610637701525241
0.5528084727161778,3.1822590218604185
2.946344031553244,-3.0812246223807
0.6524518394308852,2.545264024943947
-1.3217946746256513,1.3302497723392142
-2.7357704552202375,-0.736750234018364
-0.6424843729287807,-0.7454952306416506
-2.454902603806508,-2.1937106306029963
-3.1900194434895295,2.7065926757948318
-0.9061900931741339,-0.7602243517107237
-1.9872851097495778,-0.20442890491582855
-2.5636831440232517,-2.4029054533750878
-1.405102304794749,2.564042766172211
1.151896876956328,-2.622031271753363
1.061331129955278,-1.491428900219169
2.8790702518359517,-0.5859744825280686
2.673964560902056,0.5386819597287976
-1.06546384045899,1.6783543900475528
-2.6671706105467643,1.3756479475715109
-2.7990022676153505,-2.7118776647575773
-0.5638207565876378,-2.8155190913358403
0.14683907931522003,1.3525023898815478
2.9538706499271035,0.6384302834076409
0.9226568666153144,0.774360444779144
-2.4249823350022828,-2.5967899798992065
-0.9691469369708238,3.207325210063396
1.213985114981555,-2.779078467168736
0.6791284492725268,-1.4114258658985648
-3.3092834766180688,2.556830560846525
2.135363598576271,-1.2420962577055787
-1.215934817773076,-2.1202566340170117
1.3257131042874768,-3.377536366265009
-3.662209053662614,3.313591295751654
0.7935303041444461,0.7989833348421151
3.3530842830530907,-3.1682812206828053
2.4438232923239536,-3.124128364532882
-2.9711511710175524,1.6564131342577055
-3.0267151890126525,-2.259385619502958
3.138644888682394,-1.5713946076511027
-1.2290800876573797,-2.42279289721257
0.4018393471643701,1.9335096539380223
2.671877865643892,-0.7526584781705021
-3.189200137485214,3.640926716628584
2.870516467642336,0.3830524596159983
1.2702512716147394,-1.2717392508378713
0.17972658089598112,-2.1178834872336347
-0.9144933927640899,-2.671365989819186
1.3993546396405288,2.319491671961015
1.427910428452869,0.6016490236812098
3.150726331623595,1.1299894881902277
1.6733156088371066,0.4071041525300595
2.7127514325341755,-1.1460885718811296
-3.4327222783890794,2.399817646296358
2.612498603838887,0.9303313080030462
3.0405265485393778,0.3330203072478132
1.3454164778539421,1.086080905434303
0.7500278621996247,-2.9393422698416227
-1.144036440081146,2.4535161121540097
-1.1451193823910724,2.6559793732928023
-0.35329222529736737,1.2565440692514784
2.7231384989643037,-2.6520396688441656
-0.9920921524487172,2.0835955117701364
-3.019153657809745,1.2126008749382615
-2.985538817482331,-1.4724916600426388
2.543654358766929,1.1409094859283737
-2.6169974935641993,1.1910651244800252
-1.165353706870107,-0.7383369891134437
-0.822408304408129,-3.4020020618198292
-0.7286580411834369,-0.9809847134836062
-2.821986180072066,2.1373848858070374
3.5400629151605054,-2.6359135336926136
0.9356478803863495,2.4313793194355506
0.8431651309137219,1.2784086369449978
-2.470492307403103,0.8786879749095622
-2.599676905232725,-1.8656626874090625
3.2348332266789326,0.6263105031589362
-2.2060093689552165,-2.6845118222055824
-0.9988701114738893,0.47941195693840427
-3.3228840458840105,-0.7600798717102236
-1.3353629730962044,2.5965211744159054
3.1377919433902157,-2.210262463626651
3.0977824475602316,0.9936425152068746
-2.1131728217157004,-0.2054470808883604
1.2578771969970806,1.9151639429772989
3.0013143032954344,2.46863259720621
-3.198761307634983,1.7753143139892655
2.8549958352892086,2.7716023567665107
-3.1296250931891936,-1.153717473979845
3.2299689668720846,1.3526334131560842
2.719821657829025,2.7764296232911727
1.0585777525584534,-2.385372805161411
0.8647810929641806,3.230235828087477
2.6292298607734854,-2.788526435363969
-2.5858347993138957,-3.2859859383408794
-1.386078703017181,2.7485112542022816
-1.114943186375526,2.8301178758222747
2.806406492023919,2.759104420626492
-2.863395307891101,-1.5164460439491079
-0.8449376148461795,3.1733338289668787
-0.49966292615457686,1.2499133791398633
-0.543993742952582,-0.5347689188579949
2.9624945088643466,0.25693702071982427
3.061027332994482,-3.0265755335242246
0.5126214727385664,2.4574832891552565
-2.9031720768063507,3.37593096477795
1.2112217720095837,-2.743608988633746
-2.5315459097413315,3.1803535593263956
-0.9998975606158742,1.4120541931615105
-0.34965292840591333,2.8250290283446384
-3.2094367546007887,-2.0014238850699697
-2.273332168061178,-2.7175764704906107
-2.887727172638914,-2.526290070998003
-0.43682232269725146,-1.0477429948111001
2.251586108391701,3.0944353628972254
0.8833921793920124,0.42166276179194845
2.6000988333521615,0.7862055840229143
-0.6140479247444091,1.1704354538325432
0.879813579920535,-3.0558728349910886
-1.0719211221273572,0.6680237762775945
2.7934348671751206,-0.6444272189736951
-1.0595365190224326,1.0801754393692296
0.9508903288504558,-2.8730217166731653
-0.9801659410526374,-2.872246176009905
-0.6975382981612094,-0.5147958987110276
2.731039439656663,-1.1565737105631906
-2.94922253114805,-2.6273659682904666
1.061295418934039,-0.32605706034678134
-0.4583798812064339,-1.1314024372873586
0.9836944201488119,-2.7782675043631
-0.8360493159864488,-0.6817951580720726
0.28628870869118284,-0.6934729667671565
0.04655805068953334,-3.107138275078916
2.1841576253177593,2.4125013762773793
-2.638675940228073,-0.2868622064657362
-2.1142491342458687,1.09941826184063
-0.9067045676752589,3.2665051029062697
2.325220092302249,-2.1801181673002232
-1.1018515116478718,1.143915272464748
3.3689690036842324,0.9340903217414311
3.3864633783656872,-1.1017497449860072
0.3304684255748633,1.0145887706060246
-3.2986934973191753,0.8658919215093736
0.7848895770246594,-0.8611407655976894
-1.3372771272561668,0.6993274387431476
2.4993115490422855,3.4347972766630637
0.2791705368918894,-2.746020079313726
1.02187564522428,-1.3951980905057761
1.3644936514831887,2.930279272948667
3.027405697786845,2.2059741949614406
-1.5900326477757512,2.7710703741035125
-3.5526286185669593,3.3036933631460355
2.1864451955473974,2.2920042381602133
1.2306009269270686,-1.0338893942169176
-1.1233994729980281,-0.8693019116934417
-2.709567135038076,-0.9388490590441781
3.6062858476334574,-3.0300813672573255
0.6146510364655399,3.1461897736514572
3.43076352922447,-2.979266900843163
-1.4310908654532328,2.8077688438205324
-0.5655955603194287,-1.313133163245736
-2.748189458411588,0.7418688853464096
1.2486047177708168,-1.2692152375648325
0.21692698031582583,3.2454807413706277
3.016971029382564,0.786522429289766
-0.9231078764006827,1.2689292629193285
0.9464468610202444,1.230606112620054
-2.558744214972036,2.4081740706679966
-3.095987999271702,-0.7334402250403362
-0.5325751209143258,-2.7611262785536623
0.5661099132928438,-1.0285642451813737
2.9136408289695366,2.032687774263518
0.5606913897872702,-0.570944471127446
-0.9540079051618741,1.1457581426249253
1.278543681433797,-2.0176291434578095
1.0994006739720166,0.6037329171838535
-1.5010905971351673,2.9918974458955856
-2.538313024408638,1.4239472242891942
0.3566987829167066,2.585718827808712
-0.8082184963298614,-3.001150077054426
3.4396408781822925,-1.212188335212071
-1.3185280724881259,2.7036773741811593
3.1338724288115287,0.8107880553882401
-2.943934446777166,-0.20014851527603175
1.3152645673081886,-2.5475090602885864
2.6302562228077235,-3.048708655490762
-0.49457407264762054,-2.5358371067587004
-0.6515325560776593,0.7519878070924241
-3.25005164460038,1.2311434323940995
-2.7473894480971093,1.4539330100477925
-2.773323589025751,-0.5922401096343314
1.5555396159102863,-2.6029036630111566
0.70155464887543,-2.9802901589456434
-0.9440593570316184,-0.4976822382353115
-3.014967255875477,-0.87644178868032
2.4164740800873323,2.423124709742808
0.8834999504580389,-0.9068778918364746
-3.4739072489643537,1.0341919264835484
2.9218729217095873,-0.738440862136164
0.8559063173969492,1.0349952764596195
-1.1152151208124204,-0.03930851729253907
-2.9005230539535187,1.1353163050601316
1.0014978120194487,-2.4857079705169616
-3.1461409187876805,-1.6985703817404934
-2.9963939745353505,1.1345588698174995
-2.6335663787577044,-0.6060381171487246
-1.3709680762380914,1.175027501840667
3.212642345164252,-2.6746257420671693
1.0570289544995288,-3.1972891487584083
-1.7823780873195807,3.1413804586138796
0.9904591321609181,-0.9582786870148883
-2.9186944153761365,0.8021901395602691
-1.47370826746027,0.4960920091144445
3.0846280762580545,-1.0083858449788436
1.526861307806832,-1.0566726429041462
-2.811397766785562,-2.8004718095675556
-0.13270413608160642,-1.0839941255491792
1.8552695987579948,3.268108071827394
1.183867258782044,-2.1808488248758175
0.7416291534962469,2.794490137178664
-1.0714783754216972,-0.9458819662963851
-2.9822297836979605,-1.3029285890981224
-2.3563735876788785,0.8170821277719333
0.5999563128617863,-2.8438568617155364
-1.2117185050759711,2.005571708428335
0.932304152259842,-2.8305398300610425
2.378290506803948,-1.4849272356635752
2.5968447574815205,-2.775350902266251
1.0603052399505373,2.7841904631248866
-0.7798265157106202,0.739333260204769
3.040426412865101,-1.8430569386338134
1.177649002238627,-2.6202527042893506
3.3273384842741285,-0.09010291530286012
0.7157656210697244,-0.7949019649476655
2.6575192154696645,-2.906163869963278
-0.8155896254809687,1.3194805572076507
-0.5482040882588876,0.7232957678907264
-1.6343425850248654,-0.7400536277885388
-0.7877542764918297,-3.02738132778789
2.675571601009027,0.7166526461716438
-2.4547994874262966,3.051954166585972
-2.600136625407825,-1.063046074900764
-3.1651759345358736,2.814119170123922
3.043150478750862,1.0002618222350799
2.848489809357271,0.5735012798845904
0.6440278285310456,0.941661172067378
-1.644692585829122,-1.4893575885566481
-3.0438224012724455,1.0106951619166693
1.1120425730711367,3.11096014438038
3.3931408813372608,0.8718238104276796
3.1260463525263664,-3.314107698749222
-2.923318606821116,1.0972380774986914
-0.6285246290815886,1.231506197611127
-2.7897821294354848,-0.7805258552772326
-0.8628819243716134,-1.2405070468899344
-0.9829694456407858,1.4306490108416385
-0.49638158592105813,-1.4176891317953437
-0.9906999479764508,1.190684976490434
-1.277975207115883,0.6734780127726037
-0.47968123980663696,-2.142013283177488
1.0761040337579626,-3.399319515226331
3.3266263385007857,0.6746477349638148
2.8984533665780634,-1.23738871738132
-1.0734949943247232,0.7536112286835024
0.7238531871127034,-3.378846859122034
-0.310935557939989,-0.8539285527351069
2.6232849115447947,0.5902346439406395
2.250649503470159,2.7299656799252836
-2.7468518439217315,-1.1489166076426383
-0.5264307242669144,2.851263051482144
2.7593765311358087,-0.867923264225123
-2.5927976419922105,-2.375785262515894
-1.5676394192139587,-2.9131784497723405
2.1453083832241155,1.0555120162761757
-0.8569106299451764,2.788924223983271
0.6726121258986721,3.2357261790377883
-2.2330395870909814,-1.2623752416565082
-0.6111824048749603,-0.6661669932149081
-1.458022869596062,1.0058192251770732
2.734401522694618,-1.0676707029369767
1.2520374599205568,-0.6800587462295268
2.5569044016187448,-1.065428206469918
-0.39044066167962505,-3.02471879589179
-2.5862885839598664,-0.6765516276909052
-2.768703523553806,3.156547830634309
2.216054728777107,1.0553448248977384
-2.497952660564141,-0.3630382561014272
3.185725110965774,-1.1060926744443575
0.3252029859457945,2.5085111046814306
2.152567264951339,2.5510755904686255
-1.450037818388449,2.8893384393393977
-1.9720938279469555,-2.5247169765575195
2.4519364803595174,0.46708744296276816
-1.282120685035408,-1.0856656660260235
-2.213228174802342,2.214285622216306
-3.95709189067112,3.7138274571633323
-0.9356045083003787,-2.7411864347054267
-2.6285241223692997,3.189510706924952
0.5903469220527968,-0.6883241975597796
1.0701999984201287,-3.4368361654235784
-3.440961056860146,2.1161129381040444
1.1184224722501177,2.8559690895080028
-1.4611045390857427,1.2630970809169635
-1.0065511417574735,-0.3370000958974691
-1.3862301903362255,1.2506622921314334
-0.5149941813868666,-1.2110868779812063
0.44950729317476046,2.9320176415810946
0.5933962410307406,-2.8465209711471293
-2.712126382533505,0.6932319009261836
-1.4858634747180484,1.3194002952969222
-0.9822896028219942,-0.5870455787394943
-1.0963617232743024,2.259125545828703
0.6955764404660739,0.31755298986492014
0.8711445198878728,-2.4037462386325714
3.1511228507933953,-1.865948154700672
0.809150993384809,2.547836836140612
1.1525266987527099,2.4859959991112612
2.3461507315354027,3.052004311639872
2.577985158757554,-1.2624403838604088
-3.915814379429051,1.187229799918814
-0.6509118373890279,-2.6472629028239947
0.865820983710781,2.5994516078225747
1.3646492903869782,-0.6630853513954061
-3.2905318779871022,0.7336221530656388
3.1935786706173634,2.385048820411905
0.5167744321547533,-3.1061973604086477
3.0330365608664756,2.8942709474775996
0.48500575365057763,-2.1048397660006293
-2.988311341035857,-1.4193938789802683
-0.919276860244039,0.8833061321943209
-1.1542478170424793,-2.5789737069415244
3.8039013361764336,0.8928436525564162
-3.1243975006956504,2.633536207404454
3.1443851700210845,-0.6534076062138882
-2.497812008765602,2.283549825425189
2.955987829055896,-0.2918647941802796
-0.7186486021824704,0.6687637585788785
-2.9029818266929133,2.862772013933424
-1.0631961741188969,-2.978149323234965
-1.103106303465491,1.9949407362613165
2.6987635940785526,2.8480272506613233
2.7926713408003034,2.2106467656485953
-2.699174268335414,1.5731278104244824
-2.9111599432025588,-2.9501988989363492
3.0729901989111643,-1.2182358191694485
0.7209255896270421,-0.9951156615819782
0.5141482055818879,-2.911884708523754
3.3973608333706964,-2.372123871027096
-1.6314707117351654,-0.6693609589130105
-0.9620251391436482,-0.7050786037692246
1.2204683278618669,-0.9918707461181051
0.4252600985187526,0.987290075359249
3.179197453334249,-3.1083811608767764
-0.8209740433790754,2.9345320079142616
1.1434184174500321,1.0296396783329518
2.835371380803811,2.832789826302694
-2.96664665467157,1.165232415927943
2.717330200632893,0.2603710842001361
0.48087091456176595,2.6634945321482535
-0.8689313102355395,0.587473281318579
1.2212423433092277,-1.0505748296145516
-0.1651913750090479,0.9177078266704846
0.8650974961198205,-3.090745430160552
-2.4193720352015915,-1.0868155139096436
2.7211912626411485,-2.70671482941527
1.157776314360791,2.3728221711988224
3.6163074063924396,1.0001398368767993
-0.937037614248499,-2.9561566198679454
-3.113392141628573,-0.9362419557716491
3.5246459319124077,0.3324797166788374
1.4755343167468715,1.1691793459009339
1.4070590572648054,-1.335814807840883
3.3956457828221738,1.2980536213430816
0.9415010238473269,-3.5934858863973007
-1.5187224594747408,-0.4834027186381938
-1.3710647003335268,-0.7905868243703856
0.8432239297042621,2.655062904911375
-0.7646029500792588,1.4511492377047042
1.452001477791506,0.9179057800193561
-2.8220171169521704,-1.1974132331228065
1.1549129848896527,1.1701475716871979
1.406892459922174,-2.5330672774797947
2.9846745089830806,0.34116143103073726
2.5573930492242996,0.8885942082743661
2.8014178505897664,-1.0474266150423537
1.4986311375815344,-3.761180145399173
-0.6028794963250264,2.253029828151189
1.299179365266968,-0.7155299529568704
-3.2006713565979688,-2.7132746324202253
3.425923638464673,-0.8289742006162499
0.37319538377607814,0.7576463218872752
3.3256888032490703,0.8145511977738877
2.137959801118786,2.6398900830350036
0.8161397641673281,3.0340573420470847
-2.9359377961257183,-2.1004486282921313
1.4876923416994619,-1.2720624388542048
2.5621800417047784,2.9445672344251057
1.227204040264833,-1.2471958279288227
-2.9728747666788653,0.8455945394999539
-1.2348780184914003,-1.2401028184711733
2.3380308081450525,0.9356869770703435
3.0368955117304814,-2.5710951898512175
-0.5526343135497411,-1.506300679593103
2.4784956694308424,2.9510711685362816
0.5207940579787579,2.973731341945882
-0.7446927018436201,1.5068468940667605
2.973818660487396,0.8905837229144481
1.8770421194431768,0.7817398499180978
-2.2060696013100496,2.9730893493252126
-2.6786700676519835,-2.334978675644589
-2.339553444505298,-3.450425863581662
-0.7019595028472743,-2.708061925052806
-2.749580368195211,0.4892428021434379
-1.1005502507281715,3.5066832013934843
-0.8554029298821386,-1.18943209744274
-0.599908100095618,-0.5378931521205753
-0.9432488087354189,0.390548881597743
1.928936483576437,2.5678370975731943
-2.563248523726916,-2.6616889695097337
-2.5426560571881978,0.8324643008223689
1.21388503675585,-2.8801799636404364
-3.360745734492837,-3.2340523089248974
1.7129901497976214,-2.636103560998955
-1.28202567518239,-3.3460476668961845
0.8933252746476137,-2.3621561747756905
2.512709091626709,0.7257017773117396
-2.573656053275066,3.6815130289929785
0.5412927253331049,-3.256320165594918
2.321310346970937,-1.050063605734718
-0.4919507877722233,-0.8063679633452424
3.054704608206381,-1.360331954399644
2.6255103451071937,-2.90382396351944
-2.6707467533734714,-0.6607204618525104
-3.0167983000639516,1.4093842856244936
2.5856408185349213,-1.230405281975647
-0.23799620450772624,1.1335938434546706
0.6040806329153467,-1.146181982035782
3.5318077536948764,-3.0538520731576795
2.574387537749044,0.9524661277387538
3.0317630465812284,-1.5001713083227595
-1.1568504654371168,0.6379353536526118
-3.361310898191871,1.5397428408423488
-1.382172006711782,-0.9951389868504354
1.122789723502251,-1.2831987129292677
-1.0203826327209673,-3.118351233976025
3.228289874960054,-1.1297141584598738
2.951568825721853,-2.766591948757845
2.8581974584120746,-2.7370713338917105
-3.35411664223964,2.6008344562206234
-1.384103650064654,1.1356719791298935
0.7746980010795046,2.1764477587310096
2.8423303507800957,1.949044650067779
1.130781279174028,-2.548992150583042
-2.4696825022999995,-0.3411250120251816
3.2261701102294307,-2.7412275854031534
1.452466158719061,-1.3755096955537567
-3.704744963171401,-0.9553934641167321
0.9324117267763568,3.15970377317337
-2.9236423167842287,-2.75221340473459
0.6545630219009902,1.0128985027990285
-1.088971134114022,-2.434867764063687
1.081214846125343,-3.005384285806927
-1.2445254543187936,2.613940588369129
-0.9059943578963401,2.6558559172399234
2.7151415032364614,0.9454902910730766
0.770087318830101,-0.9633763807668126
3.164034841092416,-1.0316364658960047
0.9643931872170973,3.2707616127491113
1.371011575834617,-2.804922712303971
0.7642892965768172,-2.858980095272618
3.0758377383898394,-2.871918251795985
3.2062042490342213,0.7856877308581106
2.6318940426785806,1.0942224435907646
1.4680268452316192,-1.0238807544681339
-3.6950465781065636,2.5688727161136877
-2.2654878079027787,-3.1308397115999687
-1.5297400642717451,2.5065679760106767
-0.8447296726746457,2.8120701956989627
-1.2112470907232558,1.1470223722708248
-2.0297082023613293,1.4178177717361031
0.685264348480725,-2.8982795537616086
3.322571261190408,-0.5790189413423397
-0.8060656509802918,-2.939442036924178
-2.9900404590238483,1.880006936906955
-0.7592313350075947,3.0095496120016865
-1.0650463298386512,0.5082960110635142
-2.84812119345643,-2.159516720778359
3.22043899852188,-1.1429753631728967
3.2022864200763133,2.9670184054270803
-0.9904541373103892,-1.037238464660469
2.1058860871250067,-0.8187631439272173
-2.997556469390737,1.2165203297763234
-1.18138932385453,2.742793877863704
0.9263565403802289,-0.5400086230800596
-2.755111782793055,2.5741866699182587
0.5716991022157476,3.060435435798105
0.7413023012856019,-0.609730733061337
-0.955616514776365,-0.7142193809520548
-1.1547798587148432,-2.6201712422090115
0.9758221674887075,-2.2472680561153227
0.20632198801087914,-1.4951266327155905
3.1690074982814602,2.9824784588106263
0.5869331866987819,-2.953367268966683
2.8738687462411887,-2.328853030899604
0.8897832287878342,-1.407808120638843
-0.2433608475449085,-0.368476913472295
3.1882730469035208,-3.0750054620399223
2.9947166454230723,-2.373167952836938
2.6165249491522413,-0.7849507904829292
0.7841502087814701,-3.156844746719247
2.6835425252236162,-0.9740025461237269
0.7291950229682325,-2.2173503341036445
1.0573319803719101,-0.943257474265349
-3.0297257483640685,1.5958746848628222
-3.0180751204348613,-0.7596782940281871
0.815092030988149,3.2364794598894946
-2.8373174781658994,-2.3050980094080677
-0.6206673119700832,-0.23566541844166405
1.9893791213926715,-1.0321372167905913
2.684546055919927,-3.037259178287196
-3.3848398665730497,1.455544598218219
-0.65186890875519,-0.6259915671067713
0.703841890071086,2.9449613709911078
-0.8037088223117468,1.2080814537358606
0.7942806750466072,1.0665698443994487
-1.109331332425446,-2.6313367296864487
0.8103282256492377,-2.5888999967864637
-1.196829872016928,-3.0615899509798608
-0.6985393450323797,-0.6021332310805887
-0.7689279378437087,0.864066385808809
2.911263743310548,-0.9084478129126333
2.9361985558329415,-0.8468855005377071
-1.0333714377369205,2.782371486265466
0.8532221822683795,3.120996736900711
-2.9644454782048495,-0.9132257969534187
-0.7630615230932479,0.9603238337731114
2.8010938301531545,1.213304970155575
2.5552192026571694,-0.382931211410671
-2.7174750940439485,0.9776513238580412
-2.1992242461169673,-2.9244820211659035
2.3634707345477386,2.556213288480268
-1.1750090866756484,1.3996052393625933
2.886600178516187,-0.9719170396539315
-0.9517274478621932,3.0672022016049985
-2.3466287565587525,-2.9502604840619937
2.500810339538417,2.4148076139405688
2.4525215626418087,1.203466651864924
0.8534119679403565,2.609394442257703
-0.9291789617211456,-0.6539804275521663
2.7436549872294194,-3.7598584195194027
0.5970522929315182,-2.791663325555577
-2.8318813528568256,2.4992394356973437
3.0758104118648215,1.4818533168570929
0.8012201053603903,-3.073081438835957
3.012219804701523,2.8550691777404658
-3.0826798762479175,3.6699560023490965
-1.0199952613787526,2.644102683245595
-0.6619427920086295,1.3965087473658058
3.380850309166805,-1.5241082713793304
-2.962945339746969,-2.0916757588688544
0.04687266855753487,-1.3481675755229132
2.2992166602325024,3.04041900283584
1.2269536964457857,-3.3137775809399015
-1.284751102896554,2.4092179506588587
3.1410591918442554,-2.8937726265056556
2.258459009596026,2.0073013925769683
1.1047253122949936,3.0156249036603864
-3.590933033085194,-2.4937161721486305
-0.4602894661084904,-0.3363966133837021
2.0945655433782964,2.181857740972858
3.020598063063075,-2.7842835365106793
-2.1706568756911833,-2.0906013519607907
-2.397199621480591,1.6752710237284858
-3.2829131555353426,-0.46221456624044477
0.6082292632467635,3.4169727304031428
2.7077149271850973,-1.0126206165811107
0.9831011963417327,-2.499206074653716
-0.6658696236992154,-2.621352767783189
0.8910503346970573,2.330057802249531
-1.7265321530736608,3.284091035676204
-0.25935678949739616,-2.4067920375167895
2.7118422053198157,-0.9197841648705607
-2.9116770978128783,2.594368465864123
-1.1407113011821903,1.0154661908945013
-2.3055017674691136,2.883672733200781
-2.2906498415485106,1.464665402233984
2.971393493883526,-0.7590281233971078
-2.8044727487060435,1.4707978274067732
0.9143893296926792,2.836295028530095
-3.1669006082971825,3.0340268446300596
-2.8520364211507077,1.1558836714672656
0.7083010025197993,0.8891405002743883
2.8100718107366878,-2.6638728052153566
3.001795165227041,-2.9601641455650793
-1.3962327774592196,3.3924493945148
-3.2987921973457333,2.6431880213135206
-3.3909690429930652,1.2827254703899895
1.3160112989327484,-2.7417061451038918
-1.6909133250205481,-1.760200474348018
3.3147717173343048,-2.44580063635953
-1.2415854652229887,0.3502682661322955
-0.08937804634348465,-2.7076429455238538
-1.347207653289694,2.5440845578053968
-2.21945163431775,-2.4737225794239777
-2.788501070587863,0.8408819513111495
-0.9224688886507123,-2.876711844606028
-0.950561855267708,0.809293641681075
-3.2531828298627357,-0.3811933323979861
-0.17899173684240735,-2.8053629258042285
0.6749943168362386,2.406361427411836
0.7159561314876061,2.573620280611811
-3.7149463948861765,-0.9497777016720875
-0.08875247565508045,1.929232249586941
2.2149994287520793,0.6868637965691438
-3.284218726422609,-1.2275940389908193
3.053802792709656,1.2536499578716263
-0.6791706730780294,-2.873465658921722
-3.113860132353179,-1.0778318841823624
-2.827061211277461,3.1848813697806375
-1.4352731828626935,2.06400132555302
-2.8318816091133785,-0.34112697618585225
2.8456478763470088,0.5559652348491498
-1.204702560511944,1.0631218965367881
0.5393960459608926,2.290646315985581
-1.0828770594488737,2.9445664156139255
3.663543464008611,2.5298866104375315
0.505921895776659,2.3719845317239043
0.9420260473678991,-3.031204776209802
2.2303723581466848,-0.659480680133044
-0.8297398133249196,1.0660023019688885
-1.3611460670028603,-3.0542795838945422
3.223277886439488,-1.1303994935505175
-3.0566894606286272,1.0067618873583388
2.571343617028426,-1.3639039506085227
0.9511990232961931,1.073541315937369
2.8910215998726647,-1.1213918899320658
1.1798290866136336,3.1501912129539438
-2.530355710677435,-2.4231066885838515
-3.198555581021616,2.4613817015522987
-1.3016351225406493,-0.4090705103005694
-0.6732747868931417,2.8845047408465088
3.212703622294402,1.1061687683885324
1.228761367442786,-2.2473773808244544
1.0088058963057236,1.0466945565280084
0.8598769916750536,-0.6878847861594289
1.392702659412663,-2.2723425780298627
-1.240466508647793,1.211138604960495
-2.7676124895253262,2.0527740105526697
-0.3903695515607141,0.9770776379311634
2.842033065856104,1.5314070211135902
0.9602867178776034,-2.0581132198725345
1.3564484656767444,1.5483618240786574
3.041178866720379,2.9677992580110235
-1.3078103662942901,-1.1900016196781855
-0.5417895219923324,1.1295036621868475
-0.8365103735011571,2.6700981068479566
-1.2966269494097689,2.7353694963604465
0.5183594685818496,-2.8710283202644193
-0.7361663796062234,1.6372673890189355
0.6707391898389725,-2.7654390795043313
-2.9063272473623805,1.0144718063616016
2.887435766157581,-2.634397362880998
3.113372283873553,-3.6964390541020182
-1.2257537070081783,2.7664774202321576
-2.4956340925423413,-1.1228077597693147
-1.4320081490238572,-0.994457075170044
2.874012358630954,3.001240591653783
2.4307473641971926,1.479500923047209
-2.6546564310799163,-3.0131626969776524
-0.9424984222405244,1.1798496631586253
2.8856153761965224,0.8305661166727233
-2.6208030369029145,-2.5665809642691597
2.9897044429194546,-0.6448830513517342
2.700674737304838,1.1523124352846796
3.1751390531202506,-3.140957295244168
2.7703041046966006,-1.2859993857655216
0.8250183249721976,-1.118641865757448
3.2752203627180654,0.6902298054543684
1.6282364838165682,-1.092780641122787
0.9431501448645474,3.3779441240197783
-2.5790962997017646,-0.7597872709157636
-2.9537058991188463,-0.915988789067197
-1.264549838509192,-0.09552970050154828
1.1341674434651254,3.322696416039554
-0.7392748249567811,-1.2181745874757628
2.753404624803624,0.5130001750569811
2.4796323830578264,2.5920993954685465
-2.482413340471104,-0.4732914408157468
-1.0173260253601222,2.946580781848967
2.7430577779739203,-2.1926375465002756
-0.9550335026712878,-2.849111944422952
1.0461356486632425,2.9123173577707147
-1.4348640882052137,3.38988382110912
-1.2337456155449549,-2.827283138133401
1.1669149375390633,2.4834294062552598
2.8448849956768005,0.9047200587807901
-2.4723093330517827,-2.782041693412144
2.706479378297846,2.7447350573390747
-2.4555367359178186,-0.6230921565062593
0.8043904720309675,0.8942025130800889
0.7873307423912242,-3.5802862642970466
-1.2308357710513587,-2.8126470167318907
-2.89213539311305,-2.6822494234747176
1.0319021497867136,-2.734131468330577
-1.9013344945982569,-0.5718938674910957
-0.9456298442118137,1.3302590413369786
-1.135965787683798,-0.8029837921063134
3.3999229036689793,-3.323754602174831
-0.8374948959825702,-2.7803976528476886
-3.257344946731959,3.292868804827373
2.744726162328465,2.24127506318974
-1.4403670767029195,1.011278636362815
3.1716186759092113,-3.065134557807888
-3.031742055905197,-2.8751383338788696
-0.6021552324441616,-0.8319604543487968
2.9025823584865402,-1.1094428088282224
-0.22569399564725515,-3.2959681839927333
-1.1303046984577747,3.256463138430774
-2.12375687299415,-1.0295650089869057
-0.6681128341861977,-2.340919021622381
0.2765252842793241,2.269945077019119
-1.3152903413234618,2.8149274310267085
1.12169665146649,0.6166205414175657
-2.737831292225958,-1.0289824489258397
-0.43941017207478306,-1.0321145259341091
-3.366724319594393,2.4996215393851657
1.4352121694154558,1.4973686318924755
1.068473591805541,-2.7733536436932287
2.991800878772804,-1.8194777450885928
0.6332490629737144,2.477486723496597
-1.0485017730445239,2.224479147482236
-1.576657345908493,-2.263036559183157
1.3231701993345824,-0.34694549631313415
2.665742883905312,2.0179345912712083
-1.3093626980915567,2.948717043966219
-0.08705536367874102,-2.428641186563302
0.8238626944091172,-2.410039324061599
-2.7761678489341133,-0.7978131345447331
2.515581989388818,0.7543291011321906
1.0580719190734973,1.0290918373996172
-1.2210286852710193,1.100082979685054
-1.0828839093511275,-2.8284947964788305
0.9379098232932382,-0.7593725110444838
-1.0188584945565144,-2.5708223795869274
-2.7907249517793526,2.9450326453905835
2.6441283025374958,-1.0345368113656093
0.744394332107917,0.4082421232959228
-1.41442904244308,2.5422285447939297
2.2704019624845717,0.5909158981051522
-2.889176710614552,-1.906200518231191
-0.9858421735045643,-2.955313423039372
-1.496930486860705,3.1434047494016926
-1.0598620484701022,-2.5653132867244324
2.2558926797782037,0.5746695692339773
-2.6913432260676355,-2.9348485165687395
-0.7077606956502814,-0.48264987231471285
-3.6363640570360256,-2.9535224909183624
-0.804402919858389,-2.848337991110666
0.7045189139256578,0.9115472706140458
-0.8559037470524452,2.9164822946617095
3.116520582815202,-1.1540971212586886
-1.483564588715712,2.4965433018593988
2.9899919442230107,0.8323564393509245
1.3759347598288874,1.0280213066172161
1.8539485540006255,1.1750462018563836
0.7808263476962277,-3.2311810108757397
-2.7775465454303028,-1.009475106398552
2.6067212755065032,3.0189839044456366
-3.1419842236776567,-0.5010989769385251
-1.1037856609302272,-2.8763292368158733
2.8201215929474976,0.9513585243751165
3.284394706715447,1.0731899708978823
-2.597618907802767,-1.1592639050051639
0.3967934494153003,-2.7844838529070817
-2.615443610810678,0.7770424678250991
2.866057032326315,-2.200138666983499
-0.5403016819322273,0.9322781233765455
0.8703489711133208,-0.866546723580852
-0.8028537289900425,-2.7416850490862057
2.938497462047257,-0.39854310891987693
1.2581116160176298,-0.913239567560157
-0.6509601696939173,-0.9468122057166652
3.1382862562231564,-2.8302633392796457
-1.4463554462962875,-2.3858715540811257
-0.25895746537880987,2.7362899334775497
0.5870288753476643,2.7666971861655134
-2.3685242343856783,-2.6893935695526063
0.8733613746669149,-2.9782567848741888
-3.273674397850113,-2.426567442198842
0.9980812081866166,0.161599675313724
-2.264094044127097,3.168096813593168
3.279070567954411,-1.5578164591531756
-0.9498187356443619,2.4309728076733172
-0.8467307597669695,-2.706652225338095
0.5569584923734398,0.4374703041346253
-3.0616689018270073,1.4372779198177703
0.5293302382995669,2.91868140989798
-1.2508312939067832,-1.0018363247092155
0.6814231771544594,2.3794070814047625
-2.603166056913058,2.2647635061001465
1.2852662761972784,3.018203874661823
-0.45580983213165155,-2.260166236530347
3.095033689388527,-0.8875791326771634
2.37066975353871,2.8700871502325396
3.246458744433278,0.5575762728321795
2.8764778757803393,0.5379171492290781
2.7456563333445705,1.1734462510022328
-3.120413898823967,-3.154843526374082
-2.1561808294989526,2.8281691400190643
-2.8425533142259565,2.9229432728715254
0.8493798282130973,2.6478229779954057
2.785847815302354,0.6435008368738503
3.1658281104874044,0.7945130610922598
1.1838048559292755,-3.253788661583745
2.5780330375499347,-3.297783485996091
2.9931290163086124,-3.349171441807617
-2.253284065693901,0.7349827834231686
1.3364470802506154,-2.8842168462770337
2.7552996799627723,-1.0463078684007545
-3.13573025218953,-2.0572062612375395
1.2297601251217474,1.2428798155381837
-0.9902622542847905,-0.3957340200596075
-2.804259186352161,2.827998285313709
2.860980625583127,-0.9670738835722202
1.3944967124723855,-0.986920660665416
1.3905485293764357,2.924431676690693
-1.3614143388155877,2.4916536238797677
-2.4855459744826693,-0.7704511085765086
-1.0337455326351193,1.1756120521983222
-2.4867230153806936,-2.4787252964898916
-2.991206142009499,2.670746970051421
1.0289814066794105,1.701681263518759
1.1995278352079604,1.094976856013491
2.6754976883205654,1.0720793412203884
1.1009931180928516,-2.4621183612471578
3.002785041897001,-1.0726501295039388
3.556858192128028,-2.9987910279517513
3.1952621920276996,-1.0969359950027966
-1.4349945342944055,3.137042106481173
-2.6077322464244075,-0.978521158738731
-1.5104876491859682,1.4547546166781402
-2.7560209634036332,-1.2603330278579916
1.1508545916350523,-2.897255863361442
1.3054211131610982,-2.9950272979854398
3.3381510878497545,-3.0483525493693473
-2.1803013287629276,-1.0488133979913354
1.1820092603475865,2.976489841289822
0.4655481910392507,2.2677501281045727
-0.6827914082054486,-2.806286355253407
2.7133826969120167,0.7672758481038996
-0.8299550585571498,-1.0434645560234521
-0.8222021929711818,-0.7859041916370917
-0.8971749272958911,-2.281368962049616
-2.4884081279121606,0.5830427077456879
2.8017670497070886,1.2362769341505275
-2.6674198061628616,2.588114444827741
2.3030370659068913,2.6258648206415147
-2.5132612772074343,-0.9655908700454572
0.8047657976814762,2.3608045838438567
-1.4139759896837818,0.6756972520748098
0.8811322853601827,-3.0628737262767123
-2.5452938413029234,-2.089265584837855
-0.8459992164224676,0.6654690699803271
3.2401352418875238,-1.1636091463176472
0.9879251403032837,0.6106093037611298
-0.9153341403947719,1.180754264457159
-3.0844810872678092,3.0673228285008554
0.7276431618302496,0.5719256413556194
-0.9843288135143898,2.9563641174166486
-3.0886642009065337,-0.033523573017053644
-0.7658497408506811,-1.1783640833078115
-1.5159254850967387,2.788833658623654
0.9414542634155991,-1.0831776695412956
0.8281233117774884,-3.367320411408034
-0.7207558022088422,-2.7244616347349875
3.472183173307525,-1.196208084681167
-1.3409193095894962,2.986877311464029
1.6240633688954582,-2.738643167207939
0.7736780938893296,-0.7161087893198147
-3.210296032663153,3.2414455208296977
-2.864948089064898,-2.533944212236817
-0.5539268993598939,-1.2558194226158876
1.0154289229482347,0.894292270623893
0.579774725965617,0.31225630017366285
-3.4594440109881286,3.0913462137941816
-2.671974066610316,-2.987727017030314
-2.7080659356701537,1.090915719726094
-2.5455287489103435,-2.7521352532071353
0.2014635960500465,-1.0338704305153494
-1.2043219021471765,-1.326745005868615
3.1926073980361935,2.6730689790711692
1.4924010096742224,0.7655184057728053
3.174768114696154,0.7299942967870814
-1.0233047392743646,0.9642620161465338
-1.0069509674698298,-2.6952459504743027
-1.3006164428349636,-2.890756357212456
-2.782831413909561,2.6925718188634273
-1.0822658489811798,2.462924623601294
1.1493966290068567,-0.5294644039675246
3.2609065878329635,-3.3174501819526836
0.6680519451372081,-2.425563188769441
-2.6387582954778193,-0.9216700467477683
-2.8416233021690522,1.2881527746128607
-1.6164585715079216,-3.48674663325528
-1.079839828523115,-0.5541807061288799
-2.7183670757786995,-2.460183294794693
0.6712790364840957,-2.8320770376500555
-1.4527336959620123,2.666106612714428
-3.0595575072819803,2.574634567545972
1.5490144015689729,0.34991991619854906
2.729202832397106,2.339475923523638
2.5258729164873843,3.3413083948186126
1.348255760228829,1.1834522448291969
0.44714580254043784,-3.368878100817178
2.5210987295192866,1.3561902870635991
-3.4272930156876846,3.0117038367588105
-0.879656964424335,-2.6025943263786293
2.2847795704940967,0.7613048364335706
-2.8213014432748054,-2.786327787371611
0.6437742086899446,-1.6089535946225595
2.752589648017188,0.501943583747794
-2.635088029933809,0.569833924840822
-3.097626205081093,2.2502314749512196
-1.419086757973809,3.0182420163688892
-2.3016996795692353,3.098807848013934
-2.4891829005735713,2.3890947804898848
0.5702033925508097,2.540641616383504
-1.0175310926629064,0.3903469685781641
-3.1940650161295863,-2.853549108489464
-0.42656069345135844,-3.1632554898847025
2.648043436542404,2.8747469866099826
-1.3725685801831384,2.7452651022969996
-0.8250848106574926,0.9160879395887832
-2.8085308894674457,3.1541946450996963
-2.1273685774987094,2.881202806152564
2.3803167763674695,0.9956544251338453
0.4993043321716276,-2.90356817266479
0.8577757927977248,-0.9430025639416405
-0.8333606123334003,-1.1162936172247013
0.9108770623058152,-3.412421474712788
-2.185572240212817,2.393209444898981
-0.8552286932831165,-3.152339987123967
-0.8095947793566753,-2.4689957414016623
-2.9639892624118933,-2.871780684883101
-1.3181246859037783,-0.6904168012764732
0.8045255746890607,3.5990419953822235
2.68306303507052,-3.580192814454921
-0.932733398600251,-1.5281649353903897
-0.5381918979762104,1.2272503069022844
2.2230419951183555,-1.3431316149474741
-3.247983974706306,1.4071786930496197
2.6953779551054757,3.0219100838041935
2.4629191816733615,2.373877671382209
-0.9321622426086089,2.6143468374398515
2.7059790633866942,1.065729521365001
0.7971940135842676,2.902137041645784
-0.6278955717778834,-0.2710163187992472
-1.3572512581427125,3.078543333411493
-2.2209591184999087,-2.480450887386916
3.0335299197981698,2.2125627350687926
2.4865200104588467,0.8229935655120992
0.8270068731548742,-2.8659614870764742
-2.6881176916748206,2.159073254558171
0.9460851246573517,-2.8595659073462256
-2.74199096977949,2.7970059781105423
1.2707242378020345,-0.9075676034385118
2.9579721762822277,-1.0719686707297245
-3.1095645529199714,1.359763823634575
2.8970354143122674,-1.0223707485431401
3.0440354273855026,-2.806735515724147
-2.049816136838342,-3.291667039526858
-3.0783411267964262,-2.425256894437731
0.9074641861297129,-3.264965772059239
-1.3915383395105636,1.4317987009549231
-1.0212243574687687,2.9518722190247164
-0.9321329577958677,2.1957024390193682
1.287586731668538,-2.4818388590186276
-2.774019419250357,-2.502555414450666
-0.8006903753215386,-1.275212100522626
-1.031426098518222,2.6969091684817887
-1.534206126658693,0.7364341118613146
-2.313164048986415,-2.9921634777542496
-2.8253863264042245,0.9902582285836142
2.6998795944310348,3.1320281429529038
1.5860877321870572,-2.842086155314348
2.9676921439043844,-0.927087690609025
1.2072544010044857,2.575718511112134
-3.2197486921042304,0.9664478319282425
-0.6545025270860688,-0.7171857419426015
2.69903602856989,2.625496671863524
-2.642296587972544,2.865815570140856
-1.5827233896267145,2.540218329750521
-0.9513565219722253,-1.06831305471522
-2.6754896888052024,-0.932447430374998
-2.8244293555885114,2.7753375704170877
2.952480927105349,0.6517374650186939
-3.0952367943791748,-0.42448255633248444
-0.694080575670905,3.0852602389618076
-0.9068675440802817,0.8909686063539424
-2.4324473827967985,-0.7698067993688117
-1.4906748932823561,0.8651714403355169
-0.18228469175365455,-2.60401828694057
0.997213401004113,-0.6949826447177738
0.762230224083161,-0.6533723354108024
-3.0871721975414954,1.2090858751430675
-3.5188540498879353,-2.893516060158488
2.8624561288765316,0.37426907203086884
-2.58574066321654,2.665352018212093
0.9361839688433764,3.374394626484026
-2.828822439474663,1.3018722661278979
0.4226762708504229,3.0395712736049076
1.213293298963935,-1.2198759336018623
2.970315639230837,2.304525452094857
-3.2061852179066697,-3.1365853678261626
3.4498046347739963,-1.1183475763632074
-3.5908338448766672,-0.20483723549764954
3.542098862738758,0.5799366944154152
0.9036652051392782,0.3730559571803657
-3.140385160874042,2.463418285388244
-0.9916304063383694,2.4253922704834388
3.52110603490778,-2.7485697645397305
-1.3383626990002042,0.4159456966334357
0.12075638110675618,2.8527643382236714
2.525815093492414,2.8129465351387424
-1.6387649029114457,0.6476525526416143
-2.7200549864597305,0.961081967783022
1.5695537269626052,-2.5078121101309963
-2.559167848135181,-0.5713810989266324
2.3169976996730632,-2.514914030481517
4.02242769547236,-2.613611040180422
0.5457631370708912,-1.094173262621843
-0.9180659967242647,-0.608902634913771
-1.0926760204293673,-0.7425276048719434
0.03964274905099228,2.3801430451368297
3.212208208934088,1.0725578412067995
0.8633216729231113,-2.9424616392383736
-2.6529693947273882,-0.6318760428527821
-0.9015375868118233,-2.8216993229513587
-0.9933545618437346,0.8969583690203682
-3.6002739704907682,-2.4754699061641996
-2.533500651802238,-1.2452645176049615
1.0047336083380842,0.9088579781777328
-2.8087751573132884,-0.8730238711229505
-2.357146872123693,0.8269231114392541
-2.785279171580801,3.002524029774415
-2.945337242356674,-2.5531125528218013
0.871993957006414,0.8554275225291318
0.6013265850431074,3.0342378718057486
2.5691251131870407,2.331478142181777
-2.3360598734076787,0.8588577105074143
-2.5835257932204265,-2.596834230362578
1.5074254356215824,-2.9510608856998437
-0.991102999188005,-3.321172171111087
-1.7562377082419343,1.450762337789236
1.5009477595608967,-1.504042770086614
-2.62350053574923,-0.6831681449822586
-0.40581611809830803,0.8042156892131921
0.7594688112825411,2.4676071359167726
1.0105535237955214,2.477365985786435
0.873010329413753,2.5891856719336195
2.97935725016839,2.8005329671366104
-1.8646212664829356,-1.5368724005237215
-2.808477959051359,3.320571892958331
-0.7840357088794584,2.770901993797429
-0.672352282459634,-2.5353478370822073
2.776744568349659,-3.291887436486886
-0.9997659797117803,2.990703227971214
-2.851651007272844,0.5660702322119798
-0.9396815028021551,1.445795894231867
2.785871700231618,-3.0799228852860527
2.841648923413966,2.8982931299238195
1.151472341955865,0.9463167361450369
2.882125286170391,2.585508230058107
2.2268444837983816,0.8206262413497412
-0.01773888003213902,1.0767271095845292
-2.7207641139670753,3.018580049482747
0.5704905480355494,2.598723501244284
0.778287953629546,2.805807297356427
0.20883215571467165,0.6471533852010269
1.328641740489386,3.3691559212268136
2.982122935376522,-3.1549937323718864
-1.0041446112770929,-2.7051891568888093
-1.0733484982680732,2.661245665110058
2.9173316014687605,2.6760482812119406
0.9144609404701525,-2.570586371907769
0.28918795905224415,2.543534013575902
1.0375771241548324,2.931671989250802
0.7868719306767118,3.379961268486653
-3.1768254809109524,-2.3347684450351402
-2.1913778893599924,-3.443387710988675
-0.2705321227461513,-3.4546179970464457
-2.3925123092633798,-3.3139355778620545
-2.1505509834467347,3.6554971964140908
0.7619165907355275,2.846106055259851
-0.5829475813281554,0.7767117493209948
2.334332231605267,3.470065171269899
-2.7326484459712974,1.7712974422101286
-1.4366839676258614,-1.0149094206278562
-2.7765476105407925,1.1457437584956103
1.0052559037188042,2.481190664591172
-3.39891379078772,1.256493352514556
-2.512947039975783,-0.6233985758921043
0.4485121584221155,0.8986095751871618
-3.0294666612523953,0.834154283210567
-0.21357908258794822,2.858702798867769
3.255568242202485,-3.5753858179657505
-3.3652842240377008,3.2417579885556695
-0.5036373374745139,-0.3877323856089461
1.2455584499409693,-0.6576548461840583
-1.2716114846472462,1.691174000041716
2.6432755258559153,2.423167834172976
1.1297580989820664,-0.3399199575006286
0.632783375757117,0.6583800476448687
1.1608567872589692,-0.7305004357668868
-2.922591054585214,1.0679433000046334
-0.620964852771042,1.5326974881270965
-0.852188784426957,-2.879979614033636
-2.7100282301334078,0.8884805612833515
2.7165746075508532,2.904062936309765
-1.3623553061844715,1.0066735176336667
-2.6706992826201184,-0.8532720184659595
3.296860138040023,1.0935683936324525
-1.1586365295654715,-1.2804057362047667
-2.471466070682509,-1.0344532476635169
-1.170553245736267,-0.8004727867748553
-0.5565600380852102,-2.5853613677950738
-3.2848486192471955,-0.956323220959925
-1.1846771240537088,1.5269727908712165
2.482308476142494,-1.0973963942389526
-3.0084785673226366,-2.0652051750730545
-1.1291263473017266,-0.7164127039192831
0.8271045286411145,-0.9439658730465745
0.8037544067587135,0.6734297407196008
-2.8081133678221524,-0.35513831518315236
3.012874290077527,0.18505694250570626
2.3191860332558303,-2.7410133947178497
-2.793201012520038,-0.6166530774400472
0.502095307493156,0.9573278053497293
1.1212813942083246,-0.9418234589843935
-1.399469112357112,2.6244527233344326
-3.6210348828443615,3.249326510953948
3.548526760684268,-3.3748460862422074
2.059305344747376,0.651560568643639
-2.9272698575645175,2.8480087035315993
0.6922311830761997,-1.2637000202742208
2.7882559798615865,-0.9361199801793904
-3.690640128612303,1.1752917292706413
-0.9769156955942188,-2.952310311596416
-2.7375104542250703,0.5324249293579296
2.98939229486126,-3.1180377040732474
2.245601208209746,2.5100653048302775
2.6293558184400148,-0.803508939339752
2.8566506059399988,-1.364291448578519
-2.765009917768448,-1.2325059168521122
-0.3997834678378508,0.4450923933472101
-0.0921955368158561,2.254274623504207
-3.086539643309417,2.715129008723023
-1.4980777507945238,-0.3973050304502465
0.8055396677107656,2.2733508607649124
0.9188704325979415,1.103594061361864
-1.2880936233858211,1.870129288449777
2.765825832586392,3.0012286138747104
2.0518448877871793,2.616309291647939
-2.5294687003796636,1.2800141350266108
1.6345462237951254,-3.192496503749798
2.8901748681491766,-0.5335064782777571
-3.4399231583731313,-0.5763357141392716
-3.0941559766157947,2.5013730121894615
3.3418635331701747,-0.7142233680604255
0.7588047155557949,1.2000870158952635
-1.3062764704073355,2.56326548142148
3.227389235585926,3.1107251142641044
1.0036320096421205,2.566927188477157
2.61653549162701,2.6928262407057293
-2.9154897475971255,1.4803565524787734
-2.881452964504444,-2.730480608458292
0.34715314219696436,1.1703812041434016
2.8802189340578104,1.0280693225303748
3.33147283999665,-0.9205012798261374
-1.0031288505450306,0.9676808831358814
-0.46152060214333945,1.183138256757386
3.5443928849517636,-0.4373448527499538
-0.0567818361454377,3.1395954282278655
-2.697677661955222,0.7542264897257789
-2.43267900862026,-2.7435923389456884
-1.1594445199586179,2.4285350548120506
-0.8656346884363828,1.3704271043936187
-2.259146569305659,-1.7134881549746555
3.144624540887533,-2.5403018751144457
-1.2033538570134918,-2.4311515956538536
0.625503655883563,-1.2026506010608737
1.357346662704281,2.5588012859985416
0.6567531832877418,-0.40414557610583823
-0.2734321162231076,2.2808117059194872
2.8777337348013714,-1.2646626961581826
0.7465793401168704,-1.5549608304768319
2.5837051633315182,-2.826229445528774
-2.5802206945074073,-0.7087276242814261
-1.1777977551650087,-2.9213174503170096
-2.939223469708985,1.8813611671455397
-1.0087614864460848,3.372241115616972
-1.1082985249894375,2.761887521683807
-3.235388134279282,3.3003517936955116
-2.387154894209793,-1.0213291847001353
-0.45678639891294365,-0.8915430835882988
1.3466969359885743,-1.393248829916629
-1.3640097769767248,2.8844456719491682
-2.9634027185790908,1.6186901133030198
3.0078131557325665,-2.7664419130905045
-2.833303787670956,-3.0588628070056227
2.9295145344874496,-0.8236918327146777
-1.2298599460267357,-0.5799688403421241
-2.701521097248894,-3.0663475061089405
0.6388737121551603,-0.901595028832667
2.516820526827915,2.4549988814367256
0.7251890596383872,2.8233804817969608
-3.377443663163725,-2.4354745818414827
-1.1072972023640866,3.6520935554093037
-0.7352664581987289,-2.547944868071583
-0.8479622487907965,0.9868876420693112
-1.3794521840982041,3.4304441893035222
1.1210931008435674,0.7322821518259187
0.7006803832262821,-3.0307105795444906
0.97070621635849,-3.214256663624606
2.426902833652526,1.1030369568348553
-1.1650266323347234,-0.6625986076668453
-1.4544462224370711,0.6977936128232991
-0.8701113316510425,1.1015513110019237
3.2530009954702708,0.8970944111039743
-0.9259915666879455,-3.293945349516072
2.937324432529304,2.064438759327628
2.0492550856662595,2.630790475089857
-0.6598428057692511,-0.7592145889157647
2.5174550705679573,1.6319390739004456
-1.4268373956172633,1.2017899959991285
-1.2785355435222947,1.1536574616321826
3.0854001682203402,2.721757150527216
-0.9760071793273514,-0.8873623709909979
-0.662128563648655,-1.3589765168133208
0.2273317514262313,3.289094729248592
-1.75175275985352,-3.034662145630731
2.962854004671083,0.10497043710240077
2.4785475264407704,1.4357171674362004
1.3241790603876276,-3.1271634032344635
-2.857624637368929,1.4830229145538953
0.5179777329466602,2.5718587434086477
2.7821726015418022,-0.8265394309614634
-2.778098601989146,2.4241599680682975
-1.3942040604407224,3.652173007422945
2.555617171632892,3.2843077042468702
2.6595814334297163,2.66259745463699
-3.339296693028047,3.0254501149752238
2.337244351057079,2.1809110621925636
2.6393372164382933,-0.9247132191619682
-0.7845025253466268,-0.8191548400341124
3.167221283131127,0.8929062294264501
-2.338224814915481,-2.7518952389185416
-0.6157131753599444,-0.7735826714777931
-1.4562074322505423,-0.7775367658585128
3.015401879877372,-1.6390068651195415
-2.836375069641121,1.4079290431510356
-1.1413413497634668,0.8200367937927808
3.003229147485938,-1.3720691635663282
-0.4566528952519637,-2.670112081649811
-0.8330141651779712,-1.3342130563519
0.9502087636378325,-2.573064434394465
2.793083834550345,-0.9208083907552097
-0.742876207981673,-1.2748215016100868
-0.8762688933441657,-2.7839173972271425
1.0835972849771092,-0.9829343624866205
-2.827231368831012,-3.04159596074432
-2.2332427780362747,1.4427014427842098
0.7140725347740393,-2.6639141810106315
-1.0678750958146817,3.296737798517584
0.9832484730933753,2.599115649226793
-2.3702235830147806,2.6326653232519086
-2.2916830621725817,-0.467835811078371
-1.0047840499335425,2.4182416458955327
-0.43141145676823467,2.9368195243633375
3.313456225996275,-1.0315005756645925
-1.2557943089290986,-3.4470838619864517
3.0461550229022603,-2.674814753839428
0.5286533739960352,-1.2189411873232154
3.2174740523949845,2.799400610789939
-1.1460536725902963,-2.7481811112991004
-0.6524465549179739,-0.9578901508000334
-2.6014133554915433,-3.076416583066558
-3.214967793618532,3.2035936808215557
-0.9986548302991473,-2.9828462817804264
2.6878291286227007,2.6934030616561087
2.5428495131112907,2.0461517626960597
-2.1722057151467014,-0.3031965793826158
-3.193006238330874,2.064135359511418
1.6105039391158855,-2.531522964658031
0.8650757910959894,-0.13366133411216974
1.0171472501050245,0.8711223209592531
1.3574979493450505,1.9864176688138133
3.113846193220239,-0.7881186070703704
-1.2969325504543145,-2.8183039354031667
1.3102235107257603,1.221080392103034
3.1602225362068106,-2.8249843519764624
3.339413320380556,0.9731243123086804
-2.8996695957022225,-2.632123006064553
-1.1188712205304632,2.7514145320870247
0.8945895850176823,-3.2728617906592365
3.260296507209534,-1.3314612021050016
-2.2637568475672807,-0.8954625752273397
2.890139357610868,-2.6582675164836513
-1.6787075100118103,2.5549268325722494
-3.3569661719715924,2.9149476550121105
-2.7247146896276857,-0.7751432024362198
-2.306704081977577,0.8720802111221391
-1.0682622048994697,1.0752773559802573
-3.35354607886686,0.9048543495244552
-0.9092736702091266,2.7326272374294867
-1.1156607383507682,0.7968035946108503
-2.973264338305025,-3.2076195433440966
3.0622331528776967,2.375758406691285
-2.974014096199022,1.6907688796054348
0.9739733751889113,1.0246882802143398
3.1600526647066247,0.6722710907368171
-0.81389828351515,-2.2807274888293936
-3.2146557601611767,2.7248168566695044
-2.763897084944647,2.4343924532161574
-2.8165518832119694,-0.6742536722802308
3.289747511441938,0.9076360344411326
3.3084129520775023,-2.9255184560305825
-1.0879233081324726,-3.192028848530219
-1.0863749323751648,0.8951621633892595
-2.53577654233878,0.9218596781431401
-2.8687766383683115,-2.7330586939653414
-0.5161164553725602,-0.8209388627165819
3.218506363858361,0.922030331961437
0.8121209446900131,-2.477046290602339
2.4621928422091868,-3.518581734505234
-1.8687678347500196,1.3431003985003012
-2.803757640816656,-0.8471844441541143
1.0113563284054918,2.789014263969307
-2.972093525719481,-2.724141161559945
-0.44433749928546884,2.7740988077021997
1.2122080474950299,3.045186338721946
-1.0050210591038777,3.120345323444549
1.1336631089032336,0.9259350656364518
2.8269037118714677,-1.454792875552148
-2.6484570172681035,-2.468113049988644
-0.9728774386795647,2.6841953321302996
3.0193853069572447,1.614760300025429
2.6003552194775343,1.2316069028192018
3.255520430421305,-2.231568975933912
-1.6070724611363036,-1.2867965882435977
-0.8274654553015713,2.7286690627499945
0.5208025016618864,-2.8934430227805215
-2.5814284282832793,-2.652146564953856
-3.209561439943859,2.860375722652599
-2.8386511930979386,-2.295396913082366
1.202751773174914,0.9739375831987216
-1.0470112507938418,-2.9004461861673274
-2.5759423121202296,-2.7529164588372814
-2.7933370226642222,2.8996859425497834
2.684729634316036,3.4238729785065707
-3.4376252370269036,0.6801116413711976
2.079176827858742,0.8825773835455578
-2.464956401680698,2.815710132730366
-0.7821103400621914,3.6550747069277136
-1.7326133520995508,1.0195790911291729
-0.9732157753182482,-1.153849849133457
2.863435685116955,-3.117164631098238
1.1805328773928114,2.646688537625561
0.7135758787021733,-3.223699471777075
-2.8329454446714215,2.566980264788955
2.3485201678841667,0.8894758536291709
-2.490302984042417,-1.7884406653869402
3.1564389479189066,-0.7963116426860272
2.122659234516801,2.7750384811232895
-0.7610783849236894,-2.753187000663491
-1.0261218367500402,2.3935272286709726
-0.6242069104408619,-1.1948540628564486
-0.694380462465877,1.0480793761810308
-0.3097303637348414,0.04435004201254224
0.34635522025335735,2.760182035122572
0.9756842852805097,3.0493861521768375
0.9899866975234161,2.8680548360754394
-3.0173546392781883,-2.2253330727110225
-3.0106896865949597,0.287170026840357
-1.1006826380827097,-2.720118154461642
1.1474303456293282,-3.4798844111522227
1.130171957518396,-1.5879890843460684
0.9700715499078946,-3.296406030361933
-1.2334403599843653,1.1102382974952778
-2.0988313441507644,3.7750320270399302
0.3759199905110303,1.129099577372981
-2.9933810749045935,3.7329190620617814
2.6255606856922253,2.273029245757242
3.060912709280255,-2.926930982541385
-3.119100180390167,-2.529485670279833
-0.7587033012629792,3.0642850686215426
2.8102824990505892,2.6602321005710827
0.8302052762009184,2.4872499700747834
-2.9885932623480107,-0.5750200599473142
2.467587302665359,0.6001531446587236
1.3764678551606524,-0.9114030454971747
-2.355404439324588,-2.510835819426743
-1.1284788887102295,3.332709007157953
-1.71111443155506,2.7941876268022523
1.2311078926339074,-1.1119859935933403
1.37670656285648,-2.7613931600836605
0.20569371302107425,1.7371550443686687
-2.936896971381471,-1.1652481765479288
-0.5719650020642072,-1.4159804489497776
2.5329493782005574,0.6256221579592538
-2.6056380070942824,-2.660117410397518
3.2314796865082225,-0.7289210010506226
2.918943755629468,0.4132993490505334
2.974303341257937,-0.4677342817830956
1.3078352534856705,-0.9081732663914162
0.7365867817366004,-0.9844099469032715
2.26480534487876,2.848223919411652
2.157043403169495,0.5880177508562412
-2.5661988336739876,-2.6214205555287284
-2.847415623246896,3.197641806899432
-0.9994798924090643,-0.5128621695888494
-2.005153527052314,-2.664654902914033
-2.644912810143511,-2.537605586664498
-1.7932866467739932,-2.463462597487782
1.220295459280113,-3.0145576060557024
-1.0574480544074347,2.129361989779612
0.821344417805728,0.7423000852421072
2.710694618300522,-0.8653088681834163
1.2035711072009092,2.330284194747057
2.584379333966,3.4927527014868835
-1.126251932947254,-2.7091503499106673
-3.311938183359512,2.4228007405193175
1.0794496501728001,-0.6635448305832232
-2.8807517546877426,0.6499228408220968
-3.1116591091503816,2.432895060205906
-0.5805444742560671,-0.48855550749615867
1.6271288000062278,-2.97704536931704
-2.7092451584476076,-0.5565879198106365
1.3456634564490781,2.8936420651756474
2.8981584390487627,-2.9757910142746504
3.430211888098628,-3.3282041433919693
0.29535150378515324,0.6345180856656233
-2.830282030287234,2.730031051751666
2.5774350402298545,1.149808489983043
0.9100312026626622,-1.0134990716128696
-3.1283913147727254,3.3848688166455614
-0.8810772613014473,3.2370160841658056
2.9144706270245044,2.174361339849335
-2.1203069091471423,-0.5874449476451981
-2.8495813987089202,-0.4087158886992702
-2.655741729495234,-2.587436779948894
4.052335670082192,-1.4932062680458418
-1.2130478518106822,1.0591951512448268
-0.913769720443922,-2.7603757219951413
-1.215532754215586,2.6556980789086797
2.9477347197488575,0.682764348850398
2.5778134434266176,2.114967311786038
-2.8032822399422894,-0.3446969536533293
-3.462440824174772,-0.8633845158486873
-0.5667434639509032,3.1640365306559155
-1.4618141889072618,-3.1878877167899566
3.2251729003935026,-0.8924512018378236
2.3442364600814263,-0.640326347545584
-2.6953488003898167,2.6032351567835055
1.8844553880980688,-2.9583032472967954
-1.1516318738972382,-2.5776275503778625
-1.4698736469554359,0.7776084120271878
-2.9461770580292894,-2.4704651411303487
1.4115172426878797,-3.2286582331286175
-3.1091227308182003,-1.4581572617277045
1.0641565118839567,-0.8182507120959284
-3.106976681838185,3.242957942725154
-0.6132932179825898,-1.198841957712298
-1.7814329148562285,-0.9072728532318953
-2.724299494244519,-1.15417270786844
0.5713860792124189,-2.9263112932880158
-2.7773704191753708,-2.619398525157278
3.3572337116170488,0.47693433232141663
2.665988791126185,-1.3314381742409382
-2.4491861022024355,2.54147873155866
0.3971081706683335,-2.9729105790568644
-2.939869438086636,0.8127894935713681
-1.336221542926113,1.5239544865690982
-1.7213659654477769,2.7812589233075653
3.3749977322364972,1.790439130300044
-2.5519891178853134,2.5985851366342163
-2.1230943126819946,1.363211343271388
2.869698988802323,-0.4223909083123068
-3.3902134907868495,2.8643979902223387
3.0093258529923093,-1.1816530538723207
1.8517831064496244,-2.7092407322567507
-2.7734917775093666,0.3450846924491245
-3.3305477177154406,1.5646745191158045
0.9326526709712559,-0.7996585458254293
1.113266901547934,1.7916562125854278
1.135141083380106,-1.202496113321766
-1.3551706094913343,-0.6638429807159787
-0.9869538468422571,1.1690703879988937
3.1388207816145184,3.1758638356489723
-1.6044907570200246,2.621775247440349
1.170673124568328,-2.8376526451376307
0.7353143324442981,3.1430757810569685
-2.3265907645795836,-0.11886530925536692
0.4956586871502661,2.09337779939339
0.7291443941037951,3.255332814889967
-2.688657430003047,-1.5287912701435635
0.7068443396247606,2.7548719534094896
2.632736111725203,3.0378430898436624
2.854413212914204,-2.9418828960252315
0.8178617240405291,1.7202546953986533
2.994648115679028,-3.35343304053205
2.2480256639563923,2.6318717139329633
1.3109355199734813,-1.9436720236812348
2.505266378176649,-1.6794041259522026
0.629447458191583,1.137407654098101
-2.6719161644119835,-3.258476206208641
-3.0218210996271146,2.7874521964940824
-1.9976550235109567,3.166228053530737
2.874226147246371,2.917697393249688
2.0996659996689764,-3.5548549724979916
-2.063757817901517,-0.5590994762498174
2.416216391727458,-3.044405036842202
2.97844670174118,-0.137286376131503
2.7000865036023636,3.255543002385338
1.5531372691737642,0.8730606078855091
0.6493746840068632,3.2701965693066635
-0.8796292806376391,-2.6831888475296926
1.0603327636058786,-0.8040699822037518
-0.5935940676377648,2.773955172568655
0.5423010685602363,0.8775008473063551
2.713096343782603,2.9344153867295697
2.897947998485595,3.057053712236972
-2.019879728994649,1.7987740851612213
-2.8122617580267026,1.3135946704618666
-2.809748339317309,2.7111312234802227
-1.1527860178547493,0.7031138287040101
1.0768522413613495,-0.9488734913307755
2.653809660729699,0.7784067728077724
2.414853214487113,2.627849447209082
-2.7356911400538686,1.5849594766613215
1.0048135384592698,-1.2447067631885536
-0.6458371441709074,3.1021785546119363
-1.8831429206842558,3.1976410971513927
-2.1494453941087417,-2.380067901054942
3.0480152955004804,0.5225647805321931
-3.064429497967939,3.0059232550591166
-2.02301322541369,-0.7115865118373345
2.3563208602569117,3.0347589638481636
2.611590657241543,0.6996330361901711
0.9013624857853172,-0.7285465164310102
-1.2467394735237045,-2.0391901129958
1.2998044446599877,0.5904026821901579
2.7425523855011624,2.2410547485435717
-3.3773265267346386,-0.45931112775221966
-1.205948253967656,-2.8180169261636228
-1.3661802695058907,1.0504121448206962
-2.5807780734304835,-2.2990047109123473
2.9076302884831335,2.483440763555656
-0.2515543296097644,-2.8644691594625713
2.1497870800375307,0.5981323566822191
0.9986645200588014,-2.9492810844968296
1.3021723478215008,0.04866719894627336
3.27424518410227,-0.4342895061735547
1.0730988030978321,-3.5327442628723427
-2.9977821298696004,0.9061917155170692
-2.654323865299532,-2.6574160453314777
1.4096703448915313,-1.9910352330261796
0.8288512440240802,-1.0098855218023526
1.7347637387819301,-2.90963310415241
3.2126359189292124,-2.6075234483114174
-2.407112466943679,-2.990940483987006
1.5891766822265732,-1.3288025408405937
1.603453768554772,0.8052040705948887
2.9912789468851355,0.7065213315276008
-1.4402430877711239,-0.7934166995707616
2.655429927674033,2.6279253327169863
3.3461377540388,-1.0706610810417871
3.1678664065046998,1.3883910846264769
1.1811141543564168,2.1899334490968085
3.3132817894471307,-2.6935973070618013
-3.4571615705318948,0.9905810646893283
1.1723295895819168,-1.117298553186785
-0.8178840824356219,2.5552681000101347
1.4707823703417868,2.576263228778069
-0.7232036752194363,1.201587388086228
3.733601851026235,-1.2190147754365641
0.9890053256772644,3.277634866675565
-3.268148217514258,0.4873646114274032
2.125338488856677,-2.8364960771338548
3.0596012126362897,-3.0163850982487355
-0.7222615640214461,0.6585740496321346
2.9780388790402412,-1.5671315967014676
3.660097253116297,2.346374865492658
3.5905644672353696,2.3423315645074334
3.0218879747659315,-0.921675414005234
1.3896336026240041,1.073812552661908
0.5427355626504177,1.2520526310055589
-1.0807436205101117,-1.3054290960520578
1.4361526699502798,0.26564440615949686
3.5827895523507927,-0.6201027021207579
2.843930525624621,-2.726206315583696
-0.6350985784962204,-2.3995913921810765
-2.5445596037594975,1.2531696925674578
1.0864582883955418,1.0162734086824459
-2.5769412166757806,2.465437521287363
2.7731823878927395,-2.683218586939734
-0.8780800139517834,2.754135839337117
-2.900529481091313,-0.5356091911032478
-2.556605113783526,-0.04269441798660271
1.0893879191081433,-2.381425673348984
3.1396829930857915,-3.5342115357091957
-1.3754495237278606,3.2194507140042625
-0.3840059341413744,-3.0097341780811955
-3.2349878782936683,2.488068118474767
-2.448368705266484,1.049724797009112
0.7320299593854818,0.9898475716806557
-0.9582206232530247,0.8471876175558322
2.9149208140305474,2.8272333959718328
-2.6524617569680258,-2.2608535834213126
-1.9893552295572607,0.6635370230832424
2.4582518078970055,3.259717564068423
-2.649477184356398,-0.34246898930023895
-0.6620854644749034,2.8863825530253227
-1.042772434940237,0.8625911604221623
3.292616269477675,1.4525775146774769
-2.355955216159933,-2.8239555036136537
-0.08511252809082383,-3.6900181433008363
2.771802003499464,-0.723891929757099
-3.0350613321155957,0.9480389345709811
2.940921247868214,1.4104627444911881
-3.200176870003945,2.5803433643466827
1.4082193205534088,1.5472388467313363
2.7137610408756365,-0.8246807268563197
2.938998460864851,-0.635097548406944
-1.418851386297719,-2.990263762105928
-2.684055046303035,-0.8104403265460076
-0.9502285692093448,-2.2731900645130096
-2.827302894837673,-0.5345060080019527
3.18122060292997,-3.263779521232066
2.456554484271877,-1.0247909073435992
0.6182080543062723,3.274507016871593
-0.7408066412034754,2.6774850882277983
-0.5072399344104513,1.1396235920372113
-1.113745419586678,0.5370064817828943
2.2200317397335714,3.158686881707523
2.822285780486172,-3.278102906199216
0.43187249724374166,-1.092191630028714
-0.5029047605612276,1.271694287523916
-3.241416807859604,-0.9378878920595675
0.9134940868063289,0.8740201355571566
0.9862686636870026,-2.795667817712296
-0.8369572635487718,2.5961894509257633
-3.146364643718622,3.276284656011837
1.0263055969890018,2.8595710556723706
-1.460170127288663,-2.7699706788244263
-3.0132454150483596,-0.968072076761868
-1.3909357678830976,1.6298612043743856
-2.934136516335513,-0.5778731995307077
2.187564695520632,0.29231930400490236
-1.1642026232748643,2.586404581436014
0.882748016935224,2.690455122410746
-2.615049158302922,2.7598512733944163
0.5902512116778802,3.6195881404441956
2.69232827617212,-3.1322680695089935
-3.001684524246763,3.1964953305569286
-1.0243947744353061,-2.8196825233749774
1.3664477320802886,-0.7679858667723704
-3.058276087809186,-2.84980126748997
-2.376342460864585,-0.4802767684815392
-1.846460811923208,-0.7146722428025862
-1.4051875228853523,-1.3770801094809517
-0.970200904692542,3.2663333798149887
1.054959009622569,-3.235507225008843
-1.0190277728972323,2.984228744364638
2.6418486223485322,0.8387957534006587
2.7541674348790974,1.792174516451929
0.9840092204187564,-0.610229705138442
2.4986793942492795,2.1961828663548943
1.1013053426892052,-2.9379560981103117
-2.8170487340979764,1.0625278543275094
-1.5773350289103403,3.1519842486468925
-2.7671632393903396,0.38844170496583424
2.3362581989622906,0.9076360868032531
-3.2005667999120297,3.3437461346730424
2.649793642757967,-2.6554882615609956
1.1295060236029226,-3.120279311847146
-3.1810328587269083,1.8284483733820036
0.757765122229334,0.9767136405131417
2.515123099998314,2.7429207360156256
-2.917645377845151,-0.9620843177816144
-0.6805477993826085,3.300562340352413
-0.6702629451817703,1.4581637322139827
0.5139278963099316,2.622704947525089
-1.641163493059787,3.2326261212766956
1.0635405889832843,1.7937171698628682
-1.6994919249447482,-1.3125900136234185
3.3630835783624096,-0.6043263797314827
-1.0831949284016547,2.2103950094188063
-1.6764932077909598,2.9751019661848432
3.498173421531845,-2.597916283717859
2.6605693547837683,-1.238437968816844
-2.8016642338215108,-2.4141051750033005
2.4987681258136796,0.9674571598857372
-3.6865024971750735,-1.83142424152282
-3.3919876193572573,-0.5977485826272444
-1.0605610444281806,2.490886545152466
3.145414197867988,-2.512127235363756
-2.7638452098728536,-2.287551689224604
3.124085152364702,0.6314507923353546
-3.3400908035625494,-2.8938717014146653
-3.0452346832367354,-0.9665573130679298
2.2574849935114774,0.3332920451447284
3.3970763980651784,0.6334236896178191
-1.6180719321363015,0.521232658025367
1.1031952225114423,0.8827671882377652
1.9839879300050232,-2.841423468176412
1.4896307022792237,3.258003304061503
-2.7524474098863916,-1.1089466580868095
1.261355254753706,1.3036409865914995
2.393286768757663,-1.6474156344676638
-3.328355132216972,-0.8487316644073375
-3.1268937445817104,2.6065974947504014
-0.709130380149199,2.370179556713359
2.265695599854237,-0.6067217998795515
1.1406557154648724,2.8142365084099388
0.6883961635921705,-2.537893975175679
1.5813174287477239,-0.5688149303071117
-0.6798019380954717,-1.2554141527852225
0.6860459852060714,-1.05826205724229
-3.5682813906906405,-0.4343850209475123
0.7203227149344686,2.4761717007290045
-1.399538398525955,2.8010966048373813
1.0786051370449445,2.8351190327589473
-2.4949278575677107,2.179036722210679
3.727551847998863,1.275799541962986
-1.1438689960276052,2.729378998626006
-1.6798283034103068,1.2167494068442843
-1.272295325028036,-1.3864794212688691
-1.0440904384389966,3.033673267180406
2.0887568956691993,-3.188064501134929
3.1576196725516676,1.5101479353210003
-2.4559218353985726,-0.8694134894737153
-1.7037790713529186,1.3315270610913066
-2.4057856942306897,-0.9646348929515076
2.497914431968598,2.9431414083987697
1.1487123761859386,2.2001595782077303
2.7563948705454364,-2.8716439043554294
-1.5849170588511308,-2.8948293554616953
-1.5093311334470787,2.1689318436529907
1.1901772357197609,2.721531419472088
-0.06023075022530998,-0.9135648515420312
-2.8222299215474114,-2.877923339553126
-1.0446571086523129,-1.437320810685753
2.602521252903473,-0.8093878441434649
-1.2144979187442304,-2.5015394246933917
2.976183756756289,3.0416187491903113
2.227841642019555,-0.5686534095208108
-2.2650213463985973,-1.4880600577823575
3.0334593523538276,-2.0542041013529393
-2.720481096442357,-3.17243836431795
-0.7441688178617281,-2.4998133520682515
-3.030968094377912,2.003949596091744
-2.623963830239012,3.072273504386125
2.80709053537811,-3.0582434770094937
-1.7435388401028307,0.9453765647407103
0.8771090690136639,-3.114440981872833
2.492997090520518,-1.4748566421709777
-0.5269610509538359,-1.128670067417006
2.4248058660760266,2.431829597720185
-0.2777293023025343,1.2966843716648717
-1.3065635167710095,3.015484305731475
-1.0807379446307708,2.75074361182155
0.8212720468347147,-0.6014435395593062
-2.736176246507476,3.103351310077554
-0.7079351205095655,0.6333153661473551
3.3677736802259686,0.8451972797776128
2.6264605743221336,0.6188103074456788
0.8480098839888599,-0.9928794736389048
-2.8092777191262837,0.6560965060276318
-0.809546608667107,1.2788533414690029
3.1858423902918585,-3.1522668257879536
-0.8506698137309534,3.340318889934239
-2.179206437356428,-0.9403508711158297
2.9780159932690258,2.5096706915652276
1.0483923257391055,-3.3882456785090405
2.5029818647201503,2.913912651396774
-1.2634423789817089,-0.9095824318289913
1.3794027190794877,-1.6169116987003112
2.9740017254097397,1.5489196197645225
2.810212956354381,0.10515481830081928
0.8812246973479347,0.9541008268079818
0.9252790817455377,0.3280115727753709
1.9158209593155822,2.7235927844753527
0.5453079579141572,2.729779615005988
1.1121761429028616,1.5094545326083748
1.5138498436658612,-2.7971512760819084
1.1203002247989533,-2.902399104611766
2.9918156015339665,-1.0829632256904234
1.1826369697444157,-1.161053167935471
0.797558182034395,1.2430087490178603
1.0879485367691664,0.26075567508965347
0.7976768238889693,-1.4356862035299438
-0.4706702595615138,-2.5475810300762562
2.903420054724033,-1.1980054455498679
1.0048604387097844,0.857726330124325
2.272665553985908,1.222500346168434
0.8836243211408504,-2.9897572316864203
-1.2160927457910964,-1.0955627516358226
-0.6264336212147685,-0.7154189977600108
0.18688153940744398,-2.801133661150778
0.5824868079735557,1.3189416980847783
1.0771536215193918,-0.6982167786209069
-0.10265042003329018,3.08255955947345
3.410106061662047,0.9413413742924743
0.7825857471486948,-1.1598954331806584
0.7947208799875776,-2.665518349021377
1.0951946905995977,0.760177159246145
-1.0154482634701782,-0.5183052763838668
-2.86303149636445,2.162512496826088
-2.2923716883219396,-2.1300918982737502
2.904155624492113,-2.1290345490972062
-2.4740549936077523,-2.4646627185881083
0.6171481563239598,2.4302251061881393
-1.3641254955656446,1.2817110607483468
3.015709918021956,3.2008933535686834
1.473154957279856,-0.47598814392056693
-2.940658354533393,2.670425052362105
-3.324033900131503,2.92005827949126
-1.2238491385492125,0.6615822983338746
2.832306523880267,1.0535539455250789
2.411366976987829,-3.216386778318958
-0.7233113695857786,-2.9585812579919284
-2.78590916645387,-2.6814755964833283
-2.7001639936078448,-2.258859496374083
3.2286400429140896,-2.6424140831508267
2.497441447353496,2.2326165192137144
2.692990726650031,1.0032650254783553
0.6839442366214656,-1.1240421306991129
-3.31581387842019,3.2883244104804654
-3.2715644966446664,-0.6271947407239405
-1.839844064278634,3.241950979104739
-2.511118973287449,-0.31597885856184715
1.1515915995293633,2.7340929370594007
3.124682509876157,-2.4934915363988606
1.0012472037155793,2.422593114427589
-3.3640127705153438,-0.3068662345469679
2.7157980975240608,-3.4462345386881696
-0.979228025531582,-0.8984860821506855
-2.899691344053704,-0.9348750707704839
2.774766250236723,1.4974939737855335
1.1704075977785435,2.835525217715225
2.9963592366543637,-0.6413103790416922
2.770479366781078,3.233720213691298
-1.1463411768600753,-2.816516794881335
0.9934965226286832,-1.2265964296067222
-2.7147362055694484,-2.543659872181723
-2.255878685955657,-2.7252673113870256
-0.9586065716056242,-2.7830286222072864
1.0780704824813565,-1.6655826779370917
3.0719442946334787,-0.7062744373021947
-3.7175466039461487,1.0302317952454405
2.765089671773536,0.6621839112940766
1.11023064324141,0.3124834557658713
-3.07415803452696,2.9234660400691963
1.270635174260413,-1.1963975889663618
0.7310597923031341,0.9526218916957973
0.21813786767243493,-0.8952265035938973
2.672649867262963,2.6279077290406883
-1.8722111193845388,3.0886145347695577
2.6995749968165046,-3.0370042781463007
1.2399414470471035,0.9188231855629121
-2.66838232646897,1.6392591066865716
0.598720743735522,0.9896323739801772
1.4413932136786747,-3.043125106652099
0.8240199059175342,-1.417313686235502
1.1405932890191288,-0.00047119421775624124
0.5450424021041248,0.7564628318614491
1.2107042720614616,1.3018890246120296
0.8283122162172807,-1.0840066827060884
-0.8368826054135363,3.111390374769667
-3.11661121834823,-3.6188959849015867
-2.682231428471127,1.003555438634941
2.8091313687178836,1.1876189533051533
0.7050459867880202,-0.9432600284255535
2.7665850373127574,-3.195272566422529
0.9166413092058979,3.415497949673278
-0.7421009858476761,-0.6262886192481961
-2.9189750817276403,2.486568343449452
-0.6929370150758649,-0.8452653350328524
-0.8769817708167238,3.7004096318095008
3.3119627541655903,-0.3208113850768096
1.2409262241364738,-2.6096709855542617
2.3313414030103385,-3.0977258667825525
-1.0833075877706704,2.2600039010685453
2.463371430862868,2.4734545929922676
-3.279563846716654,-2.89941925803691
2.8750248533352587,-1.0294107799419177
0.18379319048934412,-3.033153988649869
-1.832334511984594,1.10412069692138
0.8893712049136739,-1.0576631943654884
-2.3905548828066707,2.8576942926857423
2.8882265024706015,1.051779063054376
-2.833183653163141,2.2028317286909003
3.1100971806971205,-3.1693663402275165
0.5646357312033621,-3.4061548401936967
3.6278595799828977,-2.992996266929209
-3.165970912174008,1.2593141141801854
-2.5371962433363247,2.919472599293212
2.4288525168295063,0.8679496200924495
1.22973602504071,-2.85021328245406
1.3253787208589662,-1.108178051426522
0.9638392703488077,-2.1257720205813775
0.9085255418404391,0.7914623253542443
0.7702671599127223,2.758648077319815
-1.985426982502928,1.2060625190707899
3.5809652133165706,-0.8625712705223101
0.6539132853294806,1.0839036735242988
-1.1526261035832912,2.8048295825516707
2.9771929765315486,3.0271060824550062
2.439739262157517,-2.624436091567383
-2.7467038048684946,0.5637967344724492
-1.132248478363455,-1.0292630823978854
3.109740872365673,-3.2188912157715817
2.8818369251232485,2.9832358844078404
-1.0664297777497587,-0.35382248386780746
3.2707248224387735,-3.0875872060201677
-2.9856675830408537,3.1481008202983287
2.552346968882369,0.9089175587601219
2.4173632567834877,1.0264794896076146
-2.3157261327053993,-2.0065736419950158
0.6838472751869821,-3.572410809808003
-2.4378617299749723,2.441939027438807
2.4378161189631116,1.0409139015494406
-2.550785481135755,-0.2637618863493912
2.4977719773534752,-1.0246109989003813
1.1989973121821957,0.9705208624278199
-0.9133627992337554,1.1864873098840008
-0.2630918011895525,-0.9826962975665203
2.6721689568780915,0.789503660822777
2.5429202380692963,-0.9872122551604018
-1.4669416434163294,3.2918340264586896
-0.39982211408436696,-2.911022770884708
-0.9257440865248046,2.7532406009458237
3.0717282998118725,-0.2390301802163336
-1.1593102331105387,-3.0781182987217255
-0.7573300329380863,-1.2038675390838915
3.3051768086941262,-1.1724935355402095
-1.3998797370490668,3.152053075822844
-0.9860541051683896,3.2165568609500346
-2.5285433259579007,-0.8333910586288942
1.8132887428048463,-2.4435744570304694
0.9383615635515961,2.849026373531191
-2.6132569971806374,-0.35177264018703774
-2.9077885043038885,-2.074208875428193
-2.219927293162605,-2.6370203049850978
2.6009137792195136,2.2873755857521396
3.2241830311084287,0.6423346136644498
0.679480797043679,3.2611236437671085
-3.039168319412222,0.0557601386168831
-2.8461800567218463,1.3688491034254526
2.9779364159300576,-3.0417397717827064
-1.0489320048139499,-2.777792644889254
-0.8624023076169123,1.1772935905405606
2.5750408258928514,0.2884200453660823
2.5323911610325087,-3.4705556399983215
-2.9809945130242586,-0.7912690848418512
-2.714227863439244,-0.2529610875764546
-1.5035157327676503,2.762808146587802
-3.212289182367784,-0.4701582618584365
-0.3131074829690221,3.531317863281849
-1.061485720119763,-1.0807327974988263
-1.162454195129705,-2.2760837409860475
1.2396363128835182,-3.2755189588465297
1.3037418781481889,0.8371056829557637
0.22617351126718166,1.0975797046729032
-3.462598091781735,-0.36650610331449435
0.06600100115339833,-2.6396803460764042
-1.5412759741011908,-2.6351176273160974
2.368290978732863,0.9906383556948876
-3.1835972447086665,0.8355714887495628
-0.838280319473195,3.120600321247532
-3.031082212985603,-0.5224842763305125
2.7614325181130748,2.410216184020871
3.4167398905310544,-2.5510069071449113
2.768748317573964,-1.30398984447087
3.0512882903024448,-0.7820792656979394
2.40152218237369,1.6996477535171124
-2.7892204521102926,1.213642061514628
3.0430037348210637,-3.4647153215445496
0.5079573753964081,0.48640178364034853
-2.368740853868932,-3.3269564087680354
0.7741918637250849,0.9733226304041968
-0.9734566317742507,1.591289062879911
2.868091376671983,0.8545950998209124
-3.0045413373539924,0.7664119564298996
-1.1520249542919452,2.541329721331561
-1.4044633727692906,3.1107754762013458
-2.729250726237613,-3.034762902396604
-2.7433755431137365,0.6193348520070646
-2.2048082396675865,-1.8749383414438978
-1.345738070386589,-1.205111387335821
-0.8344708547246552,-2.8680458111926335
2.720043583820135,0.6108481543275462
-3.8829130643564924,2.479586933022639
1.1417014238545076,-1.0543170029111064
3.061584240331062,-3.343191553713156
2.830143118060785,-0.682658686073322
-1.1489944018868588,2.966902879845195
-2.6990020575180065,-2.1789716274085236
-3.4397128469195595,1.0924377969508392
2.6340690140562963,1.011084699078053
0.8566415484808526,-2.723302014716354
2.591991721276398,-0.9269327692786866
2.8524788141398547,-0.972230942723057
1.2930819115896168,3.0460213983817863
0.7591106574086883,0.9444863762083969
1.6147292144708565,1.3768711247906855
2.389241989104946,2.8332267733519854
-2.6948813138170498,-3.0970343395784528
1.088543212068249,-0.9340418678968984
2.7977697324742534,-1.2598207915621111
1.145324526182052,0.8008197917337725
-2.6315005831185867,-2.648746504440708
-1.3106108476658564,0.9756575241965073
3.5799615945474907,2.5410179629531116
2.579957511180513,0.6278249151789863
-1.8022753186413951,-0.018162426273613107
-1.7166677962840884,0.9138234030634026
-2.594612222465418,2.5418456385670893
3.111864953579999,-2.879746538816453
0.9783340264291275,-0.6180944678450591
1.1100000976972515,3.0014329092365513
-1.25478223890613,1.190510922688808
-2.8580088111129274,1.0170984918250598
1.3348707638080903,-1.1737488228067898
-1.278021242934475,0.49554065864456764
2.710551159840938,2.1024974276556994
-0.950698643032512,0.9732992850270756
1.1269487093436132,1.4891173605154902
1.3391774477439362,-3.4300740269710084
2.3281674048316727,0.6765892137245844
-2.782588348452538,-0.22359629926076185
-2.441066079201355,1.4681083672767077
0.5063189891377605,-2.791319490115313
-2.4440576731955863,-0.5881070132082462
0.8977483807772609,-0.7143105785245206
-1.2286734631484029,1.4003617536691435
0.6236824305922131,-2.1714170249256473
0.7207997338389379,-1.5457070804255204
2.704747609142481,2.7457824335126726
3.2816665806930736,-0.6264200938811607
0.6455886975771212,-3.0543345963296975
-2.391012073222938,1.1660936723327593
0.8243205604077538,-0.5145064313584203
1.280175999672366,-0.9734013040246515
3.059241610686704,-2.5384154370150567
1.6966774665153856,-2.7574340091653218
-3.1256675071930102,-2.3229506524294607
1.018945331377638,1.2513986218113984
1.245114374782704,-2.953604137689706
1.0654049600695317,-0.8587515010295881
-2.3381812543773095,-2.829780897963136
-1.1030678002694239,-2.958043397068982
3.365131177266847,-3.013058854820856
-0.4782323793169508,0.44788684734900125
3.091418037584317,-2.7811947611866925
-1.0126137956472685,-2.9880308179807784
-2.9332281592341536,-2.9646257251238084
-2.0507378193535226,-0.6864758320122137
3.0604379141176015,-0.6183915335477465
2.554554546659368,-2.6308872476014336
-3.00104674628077,1.1080440451985396
-2.2446154370660323,-1.003954323846847
0.2388365665677594,0.8272744719753671
2.684197379105464,-1.372306265955654
-2.6426890044984903,0.7188852085211717
-1.141543888702507,-2.7996243196449337
-1.2369146642122157,2.5552399395592023
1.0494995729567425,1.474804778826972
2.9600475512139592,0.9374171942149702
-2.6847701354780367,1.6954145739964526
3.3337731787870255,-2.7903183127623
3.1995750615236127,-2.9490610634296113
-0.2743202115969827,-1.2434005798197965
2.6316928859540605,-2.8616996657869715
2.5506460226161036,-1.6490001816265676
-0.8532663323042984,2.955881799020535
2.493423450682316,-3.1471160985440454
2.4042424249869625,-0.06816838913691343
0.6768068889446754,1.4867065611249162
2.436038754876247,1.7903952842159088
1.1046598549630293,0.8378876532859205
1.1359039964550994,1.0165329010162825
-1.0800217404864938,-2.837865143372615
0.7587306494973134,2.4353946754008717
2.807368560718152,-4.013101036988835
2.679302119612183,0.5146149078932346
-0.2862068386737068,2.26402751116537
2.937616357262506,1.7371556704630648
-3.677280405991968,1.2427276622850825
-0.7190711185973812,-2.6769612067392243
-2.587502622481649,3.125305522724576
-3.23194909476468,-2.5523564513680186
-2.572350559883565,-2.5879756017489366
-0.5102919024440776,2.8243369211517644
1.0040718632017867,2.8022545249901665
1.403575607610453,-2.6339111829037374
-1.229843802327256,-2.5980168169096296
-3.1735810057548868,-0.2844660005459835
-2.6290351532789673,3.0024684932695638
0.7999626984146608,-2.5506081787053247
-0.9998596979335292,0.7078560111622705
-1.7128787810392418,-2.9680450850720974
-3.1071543611100987,0.8938750938096184
0.7273591076882996,1.0058707390744657
0.8214521008316931,2.666969921748403
3.6488531554096726,-1.8187320818203403
1.8039857099711099,1.6957956913394645
-0.3444739955413551,-0.3646666988208957
0.7368897088323715,3.081672435055591
-1.361618021190013,0.9587247018487088
1.0744607702211735,-3.125169503506629
0.867201071445337,-1.0299013936812118
1.498401760014216,0.33953497915843595
-0.9132747446733862,2.652158013322854
2.714142340718611,-0.9183002313973614
3.1298580966636838,-2.914235732798988
-1.1770816222620344,2.55913912394832
-2.3897017231536877,3.0188290566830056
0.08620639961407983,1.9673149787709585
-2.776719963725829,0.4910890084397937
0.7926347087869475,2.8484230273894022
2.9707441727225827,-2.516508090302772
-1.0060267005545405,1.303534796967729
3.16600336119702,-2.815491480270755
-2.7490317104958786,-2.5644166455091018
-0.6570751023697646,-2.0751131093934627
-1.2659080961661882,1.0451669143085798
1.2807880718187885,1.2248158653701797
-1.0618130123457754,-2.488086845147614
0.6524435178258763,-2.4243741549195588
-3.2490684587401186,0.923699048248534
-3.1168202623896053,-1.4602119111832235
-2.537415389323101,-0.4925327847361677
2.974660052940873,-2.645224182255181
2.637129843273804,1.447865678416867
-2.6690104464823823,-3.099093498776307
-1.9886184159052573,-1.2571904769259639
-1.7845907032463004,-2.4856721681029934
3.4938035568320287,-1.700883357811927
2.513567682354643,0.8517679558053676
-1.2112252018610974,-2.8529185004309947
2.7207420432557403,2.117619457486636
-1.743505246635394,1.1896745722709259
2.7775409275714025,-3.0781701185460277
1.3644695152041337,-2.5754801023371123
0.6102181248487436,-3.1668860829391545
-1.6597433344213002,2.9338380546379996
3.21112727722476,0.8440489242719831
0.42947404309844567,-0.8034833794088722
-1.19565818442823,2.1245771132571356
0.9559483837207365,2.630977192611289
2.823356379888757,-2.825010277583386
-1.078866004706857,-3.002429696546961
2.70874079519876,2.498135551754253
-1.5059231741629424,2.672006310466974
3.2620143807186794,-0.8309836097982267
-0.5615932675280151,3.429478253328046
3.1009883171129093,-2.951193217475698
-0.5661747946428999,0.10279073067674839
0.6483419324468633,-1.0844209524812094
2.519082791615037,1.132362334448154
-2.4473833511920464,-0.5888193180360806
0.710788852180298,-3.190694108899447
-2.5849404716078053,-2.537444975414706
2.3554040083153653,-0.9941709547553301
-2.857411469357063,1.1789505631260728
-0.6402262404236768,-2.8416495515801596
-2.3942303012501807,-1.2956611153499247
3.0258229535247976,1.1363097215727627
-0.8349810197215753,-0.5775025829099417
1.0228707246116313,-0.8752369204829323
-0.9734848443793788,-1.4848083317379681
-0.4941911170689369,-0.5378415722612432
1.129117543460615,-1.7240038475717054
-0.9406493167903197,3.100602330002953
2.6253225721315743,-2.742556356037597
-1.6714075520184175,1.2026307370144969
-2.3840293941901707,1.8184111054729173
-0.025933793240352998,2.493981691941639
1.3430283720936549,3.612835778451101
-2.389707399067053,-3.631953697969356
-2.8887496771827017,2.6399185841207964
-1.6114356909454486,-2.6023635467263544
-0.543957693579978,-0.8575612591230203
2.772283474584463,-1.1469894157527476
-0.5100700844546505,-3.1851471587910396
-3.518907958047811,3.4301962396253054
-2.182618623869478,-2.8299027166040673
1.0833988920254234,0.7750320948714852
0.6260942007263168,1.147747922780024
3.329905475654664,-0.6208361943010691
0.8220655233274105,3.063638950455144
0.9508720670458866,-1.2301565617360997
-2.975284625520234,1.354716269816604
-1.3407156402868063,2.2940081475555036
-2.78737410334111,3.261831757091094
2.9742502954278893,-1.1763651991991222
2.3974180574160617,2.841433866608285
-2.958521816193246,2.9931609969325965
2.642882529029098,2.768900080558025
0.9312050982995607,2.833428816148195
-2.990777709389206,1.0323387543978002
-0.8789335761605936,3.6515161021180056
-1.7671334850990097,-1.0210719470025742
-0.7344424735259264,-0.42447868463139593
0.37013171659080146,-3.3115160091915437
-0.756609035794879,-0.600341539994277
2.8237320158743766,-1.5840630047078748
-2.839779262999958,1.5153301730536137
-1.0564912128344217,-1.260457943916416
1.4329474531122144,0.9007198032419825
-1.4638006178256364,-0.7024724744942885
-2.8006051162513006,3.4420189358902333
0.9993053477017682,-0.6016155204225041
-1.6742678365134795,3.4973398101940636
-2.954814654141738,-2.589844593269412
-2.575757603813414,0.3898872476765125
-0.6936984367803171,-0.7289572623570414
-1.1072851034935045,-2.8017008977703757
3.0417366848599965,-0.3821934245619392
2.7463622806919408,-3.9278812484685086
-1.4675264440863651,3.093281907787824
2.745536612444146,1.8548282489259793
-3.359550329956783,3.4368253444786805
1.0006738241884914,1.0741144973212926
0.3188140470217419,1.394148094736733
0.9127716993224158,0.810122660514444
2.6628923107274756,0.39244125572454175
0.5573753891513986,1.0547944033071213
-2.8767064731685603,0.7187656766680756
2.6473533754549394,3.003321369086112
2.6681330242725245,-1.3181785386280747
1.1789418469323922,2.693120604877587
2.5953735859934204,-0.24758169849455847
1.3582436138143805,1.2647972143817117
-0.707143835514238,-0.5633582855015202
-1.0472548610736483,-0.47279830374410275
2.055816466817144,2.637258753197471
2.384191397680404,2.2589287956433473
-1.6714769954208304,-0.607874650305232
-3.0366627392057843,-0.5144379711159465
0.6545500340844753,-0.6922856898559319
-1.3705404799923924,1.0623537983253533
1.26107296170262,2.756833751914462
1.1328151698493636,-2.551575676430366
1.4628477295392892,-2.983053304709805
0.7679210495747635,-1.3158446226733973
-1.0851882181968677,2.7109984664536055
2.946611656065023,-1.2031833642377705
-0.92335519158636,-2.16038679047242
2.8311381620257543,1.4468844107291041
2.9796958561717775,-2.623649293273586
-2.9183753852203265,3.0261714039447196
3.279399705637623,-2.2824683933930796
2.152264875525517,0.26671127142654477
3.0892319790697202,1.3829827879893073
3.4661525331093324,-1.3793933774065248
3.4802245237624296,1.4037169965574885
3.1392668150291407,0.9994670170986794
0.45306067115547166,-0.618975387363338
-2.492559540814542,-1.0822926311450876
1.520159068169762,-2.086328014339591
2.929211907314503,0.4470163060437877
-1.4204994138182918,1.02241132453179
1.3350484719323197,0.23437470864032764
2.9488715777491246,2.5548614476921236
1.4785633694455025,-1.1145154378934579
-2.885874979115767,-0.3067697373709364
-1.93149302371158,2.416091513791723
-2.7670727405937874,-0.009187569950250014
-0.5741668430744594,0.6611597810088413
3.5689055483247705,-0.7895156683871903
-0.8130115207436491,-0.6735089691244389
3.2788644645040077,1.8146318305777656
1.4921770833186259,1.588166230877219
2.80739707295905,-2.53049647320827
0.9211140967267306,0.9660243040692562
0.9804598493168866,-1.0870247907718364
1.1545791025720626,-2.8734389828295392
-0.6733569119660736,1.1284229039480935
-0.753533733448901,-0.9527300910493125
1.1282750472428926,2.7507695010692936
-0.7536263785350213,-1.6290704248965873
3.1373108349233063,2.6314422422525836
-1.156944442422656,0.8991371317196932
-2.3911691179285084,-0.6207068074253661
1.046439233506827,-2.7463883386350583
0.5025339959628339,-1.617903627055958
3.3432542331346164,2.4090118605333797
-2.754784578348393,-0.26036653326018777
-1.9887964070349857,-1.427260437470956
-1.1385207199823855,0.7783489160473183
-2.8229154269536956,-3.0965081483553445
-2.759618097555709,-0.6138501290095741
-2.3160677613727603,-2.8060807631487577
0.9405586365550388,-2.8434111082951787
-1.5090589209433534,-1.2241038688939083
-0.5720681166991629,2.9058227268251917
0.8967915851163528,-1.1754786038445975
2.646775455926945,2.470079786587396
-2.4804744733341013,3.237254871613582
-0.5323129969388927,1.2076940884600549
-2.935358632202728,-2.818241184844531
2.29012075413485,-2.7831957422105664
-3.0191193177513713,-3.139108101253133
0.40584863869036886,2.266635400777084
3.2554005222583426,1.3241860234532334
-2.7005266823223057,-2.792374311750374
-0.4062073389596309,-0.6972536762449033
0.9462442590641353,2.5949329755374775
2.2946307029514608,2.560371595123401
-0.8722465282678099,-2.967956603900106
-0.2961844131542787,2.3427398169531184
2.599785366700933,1.2308129429102923
-3.137098716545297,-2.7612177170120296
2.7205039630093584,2.92764798850406
1.0028537282809966,3.2131020385340254
2.0566794098119336,-0.5808995576522348
0.8424729266686958,0.5183124295461988
-1.012819931707682,3.570595745667924
0.6986745409267684,3.1039846318092916
-1.3176424453755025,2.941464922206551
-3.1282661464171264,-0.6166028062968314
-2.575711073146075,-1.3204234239312602
0.21352723800168133,-1.1685074358575467
-2.359727637145788,-0.3491291529184179
2.702631117800371,1.3258242992730518
-0.7570312073504852,-3.0712195709340593
-1.1648166603581078,2.8070033954823064
-1.3302401691417973,1.0479678209095946
1.3797416846119743,2.414874556191656
3.0365983639581495,-3.6609796736389093
2.0367739412292534,-1.5139644965498371
1.3569615540509723,2.7075609043457445
0.6916702263585726,-2.4620048191437127
-0.8617589958443064,0.9940412433627478
2.5494983701831524,-1.0698014991760223
0.9698005320227735,-2.6298684486536783
0.5649155155734057,1.1229428557828305
-1.1415986610793387,1.4720676440453564
-0.7708039557630696,-0.4509647808621276
-2.8994786990328913,-2.5560488934080174
-2.643163359600945,2.950646532040043
-2.6643111181057457,2.2599762868654243
0.6984216706142178,-0.7649348190074486
1.3646924557962532,0.7155462414370787
-2.601854630800243,3.169819290654914
-0.5149183601970256,2.5450473690960242
0.6883207440990102,1.1903758574004601
-3.0697524222850205,-0.7780892827602983
2.869573441947957,2.8081809726714115
-3.4323137827457697,1.2680969568012674
0.14052907003537926,-0.43305149390674036
2.751612923447537,-3.216658046807971
0.9121803378031276,0.6262035539597499
-3.0494391503762928,-0.6147916862684156
-0.80746226763704,-0.5676499604276913
2.395634690521569,2.6895666519094426
-0.7639223520278434,-3.1145978352862542
-2.951681424500214,-0.7928273916585185
1.4414089116748536,-0.9537768419839532
0.3538529076551421,-0.7169501153190306
-0.40706846209156733,-2.822285232769723
-1.4680745825994401,2.8940898802887918
-2.7415741642840774,2.661914846994042
-1.3736964938594347,2.6962278487372218
-2.14384318012665,-2.9073459183750185
1.912180416065976,-0.5949331836225294
3.3966658209968688,-2.996747135541952
0.06705471153838778,3.2176597041259054
-1.4348994347703665,-0.6172289140163689
2.1703227097725613,-1.2207356411214096
1.1335916037861833,1.0156138690660672
0.9156481036011429,2.4737952149389537
-0.9745934249337667,2.7164170431492027
-2.7893716155489963,-0.6391396141269199
2.4737514091703474,2.161379247754888
-0.11861892811534464,-0.8058115809338138
1.100062945857413,-3.2827552218873777
2.4253474967736004,3.293350631742029
-0.9664674502612847,-2.678659672482639
0.5033023541051972,-1.3678217414359537
1.666453599276724,-2.5548101459900505
0.8362472807171918,0.7186102772675372
-3.3053596643388827,-0.3829983547449155
-3.177348495255916,0.9945025648965631
-2.760559664278651,-1.3413131881698794
0.6209048857378898,-1.199361668828722
-1.0648704771637987,-0.6094108550757892
-2.5240600740559986,-2.5409298162139278
-0.9792015241649841,-0.45559869975720985
3.403576451784104,-2.684983045629514
-2.6735451957498775,-3.1630928331768255
-3.288416880039842,1.367721573334505
2.533868869998776,-3.154112717961168
-2.29785362671371,-1.0726060161953095
-2.731543532228001,3.142739958025346
-2.736644246305259,-2.7646133706576306
2.6525028128831756,-2.9407904943873637
3.4493926338403154,1.9111080223951442
-2.5342795847817725,1.3910102501632777
-0.888593307920396,1.088538864988706
0.8057766782524227,2.6967318139694525
0.5443924147663456,-3.5188912869938602
1.269069616334427,-1.2890615641873562
2.0557914669309265,-2.8605172704018083
-2.374481626317674,1.381095503807681
-0.9409789278904935,-3.162828318771828
3.2988788659738235,0.5213721394276364
2.8328276409734126,2.7349748196353945
-2.9330838651111555,2.669950331706192
-3.2918936771615157,-2.3569534372468
0.4598409103808567,2.402023987759646
-1.0196212369633888,0.9727589814600068
3.170425625819172,-1.0879133158013465
2.764372683314083,2.936391085060198
-0.7499155811505475,2.3126647801288325
-3.1667723220312074,-3.1561791636400014
0.9683579519134815,2.992108771784922
3.0901361267232264,-2.631637333569345
2.4583959405479514,2.275318779272505
3.581657845915678,2.6929082930793418
-1.2102127037456905,1.3169412250203878
-1.2610781552795434,-1.2086170780597498
-2.697090629133452,2.9471258965555043
-0.4325671591563853,-0.8896758420379113
2.808709686218885,2.846234267916222
-3.6090296995774978,-0.8366880008497317
-0.38776374555789694,-1.3725192974442497
3.1380195251790397,-0.6745618516133091
2.8023139313535603,-2.95659417728603
-2.8858411850956815,-2.7979888516986824
3.175565415147822,-2.440567629114367
0.5006997946840784,-2.760594364570424
-2.963733930929674,2.8024842966086783
-1.1257481280801085,1.5468354136885487
-2.702458201825065,-1.1225015761600192
1.2918850723713577,2.524060040361768
2.1192131972094814,2.9333520190819815
-0.4270508707788366,-0.8633404541598547
-2.0182551958661303,0.7639878336524198
2.5292565335188337,0.4740032103380665
1.0089656589436218,-0.2444616877201995
-2.6762414304044246,2.617771372101621
-2.258762525386975,-3.2766486272774364
2.832120652841868,2.723435383026359
-0.19590181839562307,-0.7791153694438381
-2.2102928624804945,-1.7392629189326305
-2.6710680337464114,1.27018700799782
-0.6063453467717205,2.00012611646044
2.6371378805809678,3.6762947671465405
2.730598245058202,0.9229362798642063
3.0732554156542777,-0.3892008391230021
-1.1934195997344783,0.8823465617065117
3.528734446113094,1.447552912333441
0.936172372077362,1.4010767144241258
3.0433797598195813,-0.37274413832776787
-1.7958883676566413,-0.6007998129818047
3.256043204329968,0.6794393687250255
0.6609555894058978,-2.2752081391194703
-0.492182470147625,-0.6792562597617388
0.9975347439476222,-3.1482859597955555
1.3899106714588212,-2.645682745702461
1.1766361804733267,0.8175783666725864
-1.728512335337526,1.3464310151141718
2.7620733674363245,1.0109164127151735
0.9623112919473219,0.5039557627396518
-1.1662566965098364,1.6545585924082056
-1.4109531211042703,-2.3842938474896047
-1.354898604042043,-1.2311284289460112
-2.505163738153935,3.080319995517385
-2.6017510911150348,2.1386759662205277
-1.8697543288476293,-3.024849580172168
2.9648129134643084,0.7053951775916422
-0.640926420742316,-2.4394619780181737
1.1388488147531979,3.0492598631982903
0.5974376646535969,-0.8386733409147847
-1.0917148773714818,1.0411741441487572
2.498351632505854,-3.0668354734371315
1.1474814207160011,-3.1619967180351183
-3.0154510772591507,2.078135773403516
-2.1638705945721393,-3.2055561483006025
0.40241593818391497,2.753312664924483
-2.1442784916712165,-2.0853415770816346
0.9262530425462108,0.921599385923407
0.7244168098178864,0.47762137949242534
-1.2662400808261618,-0.4370688901546953
-1.1446474891777927,-1.04063977038821
-2.5563976103312642,-2.3760519818568264
3.162185138365533,-1.449325727552273
2.470654701510162,1.075101216330637
2.8380901195508654,2.3328640924893533
0.702055095814764,2.3746822265327063
3.351131280514524,-1.409829065856472
-0.6195642293474516,0.8345330955791342
2.342162772305514,0.5324379955946463
-0.7110498010324184,-3.1088042689413884
1.5177868083679893,-3.421333627913676
0.9757975146925704,-0.9314012832057552
0.8308964600406262,2.8501701580725745
-0.8801817386094031,2.719470599323333
1.162115488999901,0.7828445968264122
2.6042208248334155,0.4980617019169899
-3.411563410233468,2.9462926655141795
2.3064374887445123,0.5142050644771293
2.7657563570179815,2.9649528706994404
2.413527735030368,0.0644714926126157
-2.6463569687695885,3.543193171585177
3.4752395588204776,-3.223081665957435
0.43789687898848834,0.8792085254108127
1.4489380238950995,-3.241411288714444
2.968953882935085,-2.745459610620601
-2.9859461207197624,0.4478964023961005
2.863512178716128,-0.7731447244194972
2.346401701740621,-1.2334031786041233
-1.7837494606412585,1.164806008864181
2.811293131568833,-0.8360736838557333
1.720597927555922,-2.6361939487249106
1.012192679274516,2.8844387829888394
-2.7132858861787725,-2.528203572852443
1.1306566840813153,1.0113437336378257
-1.807420509938098,-2.389634921474576
1.053319385900616,2.4659618878680813
-0.773877952725083,0.9359681227748771
-0.9503930478062481,1.1382190616299526
0.553415543813596,-2.431215788595809
0.6822086853316316,-1.1464076042935354
-1.2088607153734026,1.1760705255211639
0.48237327485995224,-3.3692231416294827
-0.6869909896399763,0.39239064223559666
2.9978062783990254,2.323919673086862
-0.23217984054636426,-2.667180128329222
2.346629709576404,2.64286062588037
-1.2145889090155415,-0.384853243583385
-1.1762681606052634,-2.7966198818091415
1.1602668193160164,3.2804025237069343
-2.5755282657470233,1.3271118139766716
-3.212129987563823,2.9080656003710126
1.2699670360694006,-2.9722243332355007
1.2091901920373667,2.239298755612474
-2.6816155898501406,2.876333057896099
-3.215112046804405,-0.6495393807472954
-0.6011528793947376,-0.36729066480028205
-2.768435080065383,1.192029832239754
2.860380011486043,-1.4714243344214009
-2.0128987857711063,0.7583068171344124
0.7223418846341175,-2.8408303920095537
2.138357012809992,2.9979345602124017
0.9530026409452657,-2.5402148431151694
-2.233137467243387,2.837989197396563
3.3231773998723506,-0.5712687110117488
3.1530435108372346,-3.0842703117858963
2.764128799114135,-2.450274027710819
1.3034032775898883,2.532236684789113
3.1670971636237932,-2.6687324819560767
1.0566899002065189,0.2254243953777348
3.430748419813664,3.2849751496364363
-0.8282801220062972,-2.917867262650539
1.3378484749504203,1.363559543752445
1.440736333366064,-1.1480142746479298
-2.9142617442794583,-1.187423300001218
1.1401136521555226,-2.6669651231489415
-2.458296115735734,1.2249620123469767
0.929203457779391,2.8308439230956
-0.9604803088516409,-1.0698682436394495
0.8096134611318347,0.4743186082634649
-2.7047486882269505,-1.2663377571874495
1.2413037043529296,-2.9819859761933274
-1.1041177788339118,-1.26997500672632
-1.2794749104921874,-1.199248953479562
2.9525591316193367,-0.7736077165187717
2.174473071618131,-0.9871251416317317
1.8728643276430719,-0.3553135185563849
2.255918868539672,-1.289049263739841
-0.8112325100301874,-2.3549390100383265
0.15837695453340891,2.7399512057413267
-2.450319859948082,-0.32894099357725703
2.9680306057601653,-3.219053054625904
-2.8196591833473614,2.655692363538111
2.577447745483715,1.1874127999516308
-1.2611722764993538,2.7913275548454393
-3.047347980559737,2.589409942562473
0.8890627037007963,-1.1278996101821928
0.7316446330293702,1.575748556721097
-2.2534463788227828,-3.069182197497464
3.798044099880524,3.1407583572836297
0.8669885129152218,-3.156209254672077
-2.1387264194701063,3.007001167293756
2.5495162185761555,-1.3405943522474595
-2.4400424301984542,2.786628317831121
2.5079533828422673,-2.2587403727833237
2.8150062075637354,2.164170138296119
2.976912925666961,3.058162951159158
2.9977484322178065,-3.606348794848975
-0.6476748049752495,3.11535882808289
2.8032515690702824,2.2977996271719534
-0.565218296079229,-2.8480864549355482
-2.9933312430728254,-1.2818110221624326
-2.7346083793905587,3.484883188959635
-0.7481998444218354,-0.554701696483526
0.9373292978597185,2.6093894749513287
-2.739706497447274,1.2183966446562435
1.0124032189387757,0.8204361416050328
1.174497911087918,-1.1834727290139722
-1.0174612278494999,0.7103285010088954
3.170249903155,-1.5280252679620367
2.646788078919685,2.499748758289186
2.4669708746011594,0.5996673843040609
3.1537630332238202,-3.0900780777718153
0.6024422627658527,1.155427256509165
-0.7486429095069566,-2.5244874321521324
2.6706114551462354,0.6602313014075366
-2.933447061288929,3.2338455169995015
0.9963313678135715,3.5626313468509823
3.0590801228816846,-2.9585099655505007
-2.727193141071532,2.978340306249142
0.7817080921322657,-0.8104021357560575
-1.2550325401228168,-2.504663559385969
2.878320274711695,-2.742371286412744
2.940196092806053,3.115049816191546
0.6327401904762182,0.27279744168132825
-2.4311887164792174,-1.107969770551177
0.17012245471940124,2.5107678558844535
0.35884840213593894,2.513443099081148
-3.3386595676088806,-2.3691262028059064
0.8507123391118246,3.1674103681474746
2.39285637093823,-0.8111821615177275
-2.7778932518126918,0.933588710700105
2.953690870519961,2.725253550148594
-1.1893126693316487,1.6432970641894977
-1.1841795092418064,1.009863166485073
1.1088219052596897,-3.165109019820549
1.4992554065591313,-2.7357161266700314
-3.1741410746278786,1.0926852241707612
2.1381781416989387,2.8006959813742442
-0.9996848620031302,-1.0039521659688575
3.1547096450716814,-3.037436341946117
2.9351199623807385,1.264351993224589
0.743379527101141,1.2129366159170019
0.8446144219079263,-0.904804921806012
-1.8887677689444595,2.851574422612615
0.41758848009991445,0.5289266366891262
-2.9796414942397966,1.1448118408701975
0.5500663820112119,2.234931067356179
-2.2735238307647223,-2.3907004543374986
-2.5654709979414037,2.436934100184035
3.8703458710411884,-2.3936750163716685
-1.7900880722133414,2.4899549336895155
3.3192493431738623,-1.2458729239061783
3.2810589066896685,-3.387077476323023
3.3302779972689853,0.7277157830195962
-1.2994746812740492,-2.667264929250217
0.8566589907750448,1.2811906036498806
2.0462638045742945,-3.5744333265595567
-0.6764324697570996,-2.7311296829265093
1.475916195677127,-2.8600505164582097
-0.9524333287331797,2.389644128823297
-2.787177497021384,3.13070216881509
3.475976436898512,0.9853407542418916
3.464547592645328,0.7470093657439498
-0.8630316833305934,1.3062978566964734
-3.19905032186289,1.2084371360313562
-2.4882168718298026,-1.0012393736815128
-1.1043072930999616,2.7786931485395385
-2.2662813671620583,-0.2571039477233877
1.429589908121159,1.0116699072195547
0.9403558878971351,-0.5786963743372269
-0.5183293934764568,-1.1079879967620898
-0.7802939002055409,-0.9638592334743724
-1.9186448962951945,0.5897494435822034
-0.6738177591147287,2.8212450642759554
3.2822371275185422,-3.7787852377677305
-3.0529407454817825,1.1661234487379315
-3.0102111218307246,-1.018322592419672
-3.1899763633448366,1.0321316492638248
1.0843081216614798,-0.7330071735523599
1.1224156598102681,-1.3101911020399932
3.0979653053875564,-0.7998217761972607
3.1544793379122544,2.4774547786149435
-0.4484682284373861,-1.0813100945556235
0.5569804824648612,-0.9220715871421635
2.9186748741576403,-3.1278767644983816
2.691788755365898,-0.9538355593194032
3.0750453577146026,1.3421831737029104
3.5321565422605206,-3.122036967266085
3.251537232503461,0.877551022747144
0.805127968902531,0.5713487177883828
-1.4122131891024043,2.228287528499262
-3.223889717976187,2.5029566068395805
0.8368331142678437,2.840149025670404
3.0679715834709116,-0.6339842357281444
1.166116917485185,0.9633109972771994
3.07636031654561,1.4542218555352184
2.38813740390776,-1.2151192348422204
-0.7844199563183073,2.273311982847418
1.206425031332053,3.297438697111323
-1.2283118232836878,2.2229668441736936
2.5462868267416203,2.667566589134241
-2.358888853775153,-0.45248307327856363
-1.839274344394616,-2.8438761580695435
-3.268230068654435,1.0359011564282916
3.2414221653596016,-0.4850587869011997
1.1372560093936848,-1.055406613201087
-2.251038510904013,-2.941010407645552
-0.6689165402035484,-1.3077440025337008
-0.9364161996831281,3.279562062391519
-1.6018250503155749,1.3045630127497267
0.889081830241911,2.487907181332679
0.5120145098185211,2.544200277642468
-2.5794653869101083,-3.0629624491822143
1.1652565880793622,-1.0918345762669865
-2.896502630800416,-0.5371782131267261
-0.9570731800855047,-3.231022551336732
-1.1444669606988345,-1.1041331813808013
0.5404515807842509,-2.569879371942229
-0.7800534159709487,1.0221706592265398
-2.642478628215201,3.40902375727806
-0.5815709544307329,-2.475801919758064
-2.4089832615426876,-1.2127451870074002
1.1569015499311575,2.4015186850596515
1.183656815760918,-3.0307596224766598
0.6706144243834917,0.4096695545928809
-0.8875786734724923,3.2830247834345574
2.9620795154749913,0.9863271139076121
-1.2488990251736705,-1.1913751899487275
1.2562920773818336,-1.2336492127461838
-0.7300172125019663,3.094713826880935
-2.1424786369765334,2.5286481364366042
3.0228146135160023,2.7555674802474446
1.1871895808030573,2.025631835347924
0.933705826358092,2.2655056908443716
3.088555628362129,-0.748606541224084
0.6452566277331012,0.8793139838606654
-3.0231348835047145,2.6340981355294906
3.1151713837590456,-3.220334356675427
0.6824311844034127,0.49389528687166
-2.6397695480727075,3.6676405432594845
-2.1721767109811667,2.5215384934961027
-0.6471561013616038,3.2330430642779424
1.35835620858291,-2.4644575878842874
-0.8256642705147987,1.3990280705814409
-0.8554888348458939,-2.4008877571584426
-1.2952613264195052,-0.5977824733510825
-3.041956219579889,-2.919051997348784
-2.9751087689412903,-2.923676879093385
-1.0384659482813734,-0.8112874619090845
2.662347848529015,-1.261503042955616
-1.4084120481802738,2.6885727040492324
2.756374761081739,3.265665015108803
1.1965868895280316,-0.3526585514582061
2.749266214653726,-1.0876368674363155
2.686099464955943,0.6693846520997412
-0.6736461713492172,-3.3712803226756733
-2.784156274107819,-2.3923052386326495
0.8943779224620716,-1.8162898815995545
-2.487827364132628,-2.357338546998116
-1.0245313074732358,-2.640146967198047
1.2989776926766807,-2.828278697542475
-1.3184008665278657,0.8347271067165889
-2.8083930412824523,2.776480415904557
-1.3899461706140888,2.167249267511601
0.2725504573989241,3.14569785012167
-3.0826935692209956,-1.1534790131956658
0.9036859928715165,2.0572726487661344
0.5493239643981037,0.8100011978540503
2.3535030508804025,-2.9491913384880593
-0.930799763095691,1.2701468791980306
3.093924921283384,-1.5367752556578087
3.0040992904084742,-3.468840487474041
1.340173856230904,-2.1786824394459297
-1.3350395912075452,0.3147577276139939
-3.6073777404884777,2.9318887763411223
-0.3769632662870353,-0.7688025092816445
2.6466328751810804,1.2010402608764674
-2.7356967678460893,1.0210781108733662
3.0985694840107674,-2.1727391994663923
2.794951754464052,2.6244301214327512
-1.3298576023551671,2.18840877698311
-1.2054444379869451,-2.8110689127729995
3.1925816608309496,-3.03504804783361
-1.0741123715305576,1.0794810937603188
-2.659564479884659,3.431346987283203
2.9718623517330114,0.40726244529995725
-2.6432075532266555,1.938868969064816
-1.896413144624485,0.863170782993514
-0.9149243593226061,-1.0491359246068404
-3.0152723373510852,1.0835912938866716
-2.90294532562219,1.2209401752692712
1.4827804166690086,-1.165724320973563
-1.497540535271582,-0.1822405793116858
-0.7063931952120527,-2.8549842952451345
1.0436460023585694,0.7196615256770016
2.9887080029514563,2.5684054170726704
3.048259904005417,-2.9696789771780696
2.0947704145317836,2.0258571132861007
-1.654546725064507,2.4274934440900138
3.095886743501099,-3.5830498185276674
2.4008038159363867,-0.7624500022793025
-1.2621899592773327,-2.6660707917230035
0.7116869931343844,-0.9637748447900102
3.4565263326671216,-1.189036402351207
2.878178270051523,-2.8727534784744035
0.9801543355766095,-2.8581406072724134
0.8875320596932358,2.3501070023377864
3.4043489503186937,0.5035550787290349
-1.238280637734731,0.8987596405601137
1.3004694545291233,-0.827259763770301
-0.6975634440924622,-2.800813057110406
0.568847137247743,2.5395207989306305
-0.9808439703974455,2.5770454344736686
-0.9492772307202298,1.212458836408276
3.2697927819121824,-2.7083459487733443
3.725733280171147,-2.7057514174342305
1.6731728027053072,-3.0180635168185965
0.9120842353939457,2.405323164753095
-0.388425866125386,-2.3638743754512905
-1.688138140490088,-2.938245074210211
1.5621165436363533,-2.7274062144788034
1.3085627579551133,-3.0677530935788
3.095399058001177,-1.1407871738471116
2.7065414311691023,3.28063456108872
2.6785348828108795,1.1200399449898493
2.5269160444285785,-3.316515627168271
-1.0899378274807858,-2.612612797144905
-1.2883240598152403,1.3213269075447271
-3.299048438598414,0.5184479629119817
-2.6634974410361756,2.6658565324990042
-2.3326191220865233,1.148326727166876
2.688336737551553,2.485930127640512
-1.27315594768658,-2.7555437635309676
0.806450325277801,-2.629365574315905
3.179363841906742,1.18046156758082
0.7181018850200015,-2.974596447637961
-0.8782264653024311,-3.3746253784450673
2.392476863199535,2.28324804681032
-2.893811418318246,3.3267625736050888
-0.8586682566915014,1.0661500307295861
-2.856635081424019,2.5602570143557877
-1.19862183784009,1.8801935128477183
-3.179341268195394,-0.8627196467318148
-2.362979255524824,-1.6968223926004389
-2.5726667798332596,-1.251959589623806
-0.641989619193111,2.4336693033735166
-2.4718718108784272,2.525087158240036
-2.6671236215497887,-0.5401773197586309
-1.794373673181538,-2.3739180179774944
2.7430175976716935,2.736946438110896
-0.44880743793569783,-2.4586107461633575
2.7039887169809855,-3.0052487867509656
-2.633673049713625,-1.8139429426537825
-2.159899908486908,-0.34300584722835165
2.644203324970874,3.2693362372659878
-2.5693575033568044,-3.3278154032098604
3.1303031889776527,3.0950001848411794
2.5605200194649744,1.1601215709262926
2.4521888728952366,1.0065263363122472
-0.612457494540207,2.630756845118146
1.2079854171171127,-2.7599981886065947
0.7247507636838583,0.7666151949752934
-0.5723934528797585,1.096737486050728
-1.3940859894547646,3.0289384503319874
-2.8422816535991626,3.3195099791246876
3.012165036569188,0.41235674419971624
-2.5766913634646764,-1.100134308357816
0.9454104131026035,-2.4379357593720323
-3.290547309805583,1.102206094788358
3.313751620343614,2.809662362562481
2.714226531367348,1.3187441718191297
2.787894810747932,2.3392849214879052
-2.7421895056897942,2.9491358299686725
3.2452078770382515,-0.366958296225157
0.7467791984971347,0.5846055242491784
-3.1391685521979684,1.7465434001015245
-2.7608490155905545,-3.0445837648332117
0.8431172736602079,-2.637102523604115
-2.396796190904343,-0.7976421447728539
0.9340047458586044,-2.903686742017424
0.9525193644424781,-0.6536103711259053
3.2304071934486096,-3.7643452432427997
-0.989769412437748,-0.737519293038864
2.114977848672828,1.1351480467199049
-2.037186036536892,1.3206265723739505
1.1302174219322365,-0.5575616229986438
0.5349000939798252,3.2721762772699625
-0.6490171039448955,2.910939360549034
0.8047432553342044,2.7100846119872024
0.5179250873884071,1.3715055531596836
1.1608351489856648,0.9815347878238649
2.058371369462093,2.740527073993903
-1.5686057578501353,-2.9388378049905697
0.5518857170613515,0.7655025037647184
-0.23459855536714389,3.147453339672066
-0.6092597897278167,-2.4438049197561975
2.7328633690020974,0.9007965149418914
0.9563356305667524,-0.5586179721313214
-0.9163326604217,-0.7156530130492019
-0.5993152413311871,0.5436330660995066
2.7615207197175398,-0.36728399993582456
-0.8395769738879083,-3.095926364764858
-1.4017613597625522,-0.6764640199012181
0.6619375153912908,2.317086108434311
1.0319625470927274,1.2381973494857148
-0.8765765813758046,1.232459301747582
3.3610097877534346,-3.422358833730128
-0.2539387976434461,-1.0993534387447825
0.5725933839066946,2.9779741083347973
-2.6601475698081503,-0.8044998372914879
-0.9892993258139448,-0.5005397931807294
1.0839083232004594,-1.1185682681140547
1.102149837582484,0.7511342811560971
-0.7930219295302899,-2.7757321562560557
3.0862842748765833,-3.3118655425462924
1.3003646094406935,-2.6130900525856955
3.081167860307955,-1.5634990609026518
-2.43718676265524,1.7617086809166864
-3.205147266295963,-2.6565135411480587
4.325378249392118,-1.3475947996879691
1.8263057850595474,-1.0643994599012943
-1.0688254616781787,0.8878982389766792
-1.6760960933439462,-0.4749077845927942
-2.4852013402552595,2.5938690240361795
-2.7070492277518627,2.75037428587075
-2.624714287074667,3.2707478558646743
-0.19131330855741538,-0.4190229342975044
1.2200880780034615,-3.4725145864260134
-3.255955040599867,3.0395627119770947
1.7612286173848875,-0.9344914898572625
2.5608826980481676,2.063699439495632
-0.9952523947020893,-2.3020639832338854
0.9294241330800141,-2.6605372876701887
1.0236851959339088,-0.5781874082488083
-1.269114248459312,-2.530191006304461
0.9713085987760145,0.5477602337735468
0.5869185797135361,-2.800182897254609
-2.8244656311211447,1.003507799039158
2.92459490884251,-1.7487993517406006
1.3456313210634294,-2.5214928581262153
-3.0527535226377513,3.0738068290982654
-1.1050602742908942,-0.49336212556246106
0.46599291864857495,2.219603203889743
3.0964382909907178,-0.7516703569261783
-3.2832276559322917,0.755290111247143
1.170466046491147,-0.8393152327773683
2.536174615500137,3.0288889740057203
0.6497815528515924,-3.348947794701476
-1.3004553797807883,0.8698356308832038
0.5358252809366674,0.9205246109025492
-2.4117760774341903,-1.1191454281768642
0.517618979877603,-2.6356651576455565
-0.8971666779126426,0.5615711775121646
-1.8354563243295288,2.876245439762736
-0.621048667948311,2.3367341020313908
-1.2172643758282695,2.2505940318126614
-2.870713164377763,-2.863874331425062
0.7064706411557268,-2.382497247709354
-2.843882419066237,0.6680125784011923
-0.5422107215446546,-2.153468267257609
1.1182114813489026,-3.4469900734625374
2.5562947297890393,2.665657420582098
-0.8817260830514841,1.962558731569407
-2.636612770846416,3.042939504236016
1.4895537400938592,2.0924425344234057
0.828875965575609,1.3707950190123854
-0.9151738679182985,-0.9347849879657304
2.640481340089202,3.011986292337132
1.4396286738210098,-2.735315164047409
3.3602396161701082,-2.625760587509013
-0.6025080172488964,0.47791928641972536
0.7908331725433314,-0.7270346727593088
-2.957739600399365,-1.351018811256796
-2.6318213615439627,3.525142343176164
0.8334293361573897,1.0085671873033932
-1.2274457568443895,3.504623661186166
1.009361571642986,0.8358928615244533
-3.2634839117312686,2.415892514851612
-1.7328275741888521,-1.3417758322322217
1.1709013705346663,2.826990432658137
2.69587121168293,-0.7869363322638542
2.7926236326484233,0.6888809996976603
-1.055906939020136,-0.46408671597192097
2.672521346638126,-3.0239224404705447
1.2511807514852658,2.5077617343863694
3.2470524037642363,-3.087893641980854
-2.3543294693825243,0.7966907625862727
0.8360947789066769,-0.5820389246567094
0.7235725033482467,-1.1695551138718727
3.40763950835311,2.728938643660181
0.6126812094715242,-1.8819349549105169
-2.7929907508556475,1.0413861020296171
-1.1083548402033798,3.022037187053337
0.2517169293060736,-1.5470437847267093
-1.1384014941442444,0.6450473835912267
-2.901636877172791,1.1965845249384404
-0.7550681231170494,-3.302817007540509
0.9957518599609438,0.9761451460120567
-2.581080018112787,-0.8441591336811838
-0.8974334255617601,2.670867838947751
-1.0626532335772676,1.168417570449887
-2.6383525658879017,1.3333566711054143
0.4918049299914558,-2.888601132915005
-0.4918741871624681,0.5855307486642669
-3.0126379890359414,1.5286674473160553
-2.20217821972967,-1.1579199222950036
-3.546625499605963,1.2930590573392016
-1.6861360440085045,-0.8527507925133263
0.42808074380018646,-2.6328233056586834
0.7544110415168003,0.643464488772321
2.613540250011791,2.708005683746666
-2.1549752478679625,-2.8130607339129035
-0.45410745021760307,-1.0089976800961795
-2.5557014335362576,-2.8156818995899773
-0.9513296656378446,0.4298982172213156
-1.4533560556897054,-0.43709557624287504
2.3342142975564175,2.28516909335397
0.978594929648657,-2.9252986696272245
-2.1486333959418005,-1.099575596013443
2.135424636002177,2.4714912241059874
2.4137536450514285,1.0112003759186794
-0.7675777353670642,-0.3729232395488202
2.573617218810951,-0.1501056295544902
-3.3208913310678176,-2.3870956025151666
-0.9966731387153787,-1.3105460983124946
0.6853943148953034,2.798979630819465
2.194359258812228,2.9967736510616896
2.8395485822540456,1.039040638107085
-1.4743142026752487,3.148383139996492
-0.38311872419247384,-2.3398269988268194
-2.821807394099749,0.41843961041812455
-1.3020201000847214,2.9507760762385504
-1.822396095193704,0.8683944418482095
-1.4292965047568804,0.9916957491744054
2.540856552424001,2.602813255476752
2.261047567432591,2.6503801572912304
-0.5006641282387764,1.2072812114434912
-2.119442012889015,-2.3646095600597774
-1.243802667530668,-0.9983079925296285
-3.051336657654476,3.7526848227679457
1.4116032040174715,0.9564701504945754
2.3337270675696042,-2.9982057543289513
-2.574957316542438,0.9165544041145497
-2.4883332491371464,1.918269392895684
-1.164888021976242,-2.6561300116695126
0.9116538160101221,-3.0635202537416735
0.7496492653796575,2.6561810419512666
3.2509830447750425,-1.45815466260057
-1.0938059046170678,2.5013408102541677
-1.083269489147555,-2.368471723278952
0.24677029064922568,0.7811441802539988
2.7589155589413625,1.1615731292164004
3.1124968421368875,-3.115218573584422
-3.496502329752706,-0.6588981885339166
-1.2840610457512434,-1.1757643661028967
-0.6179320995858641,-2.732116218292947
-0.9701138567172184,-3.017297434306819
2.45518552436519,2.1181597183166496
-3.3785002236850747,1.1820839630793352
-1.1540711882548427,-0.9498810706640127
-1.236410561422461,-1.7819339405841983
-2.7368704623695854,1.575929979222519
-3.30809369894573,-0.3272599904303158
-1.599777775887726,0.14680016478044028
-2.254108793578162,-2.8194299082414367
0.3224734492064225,0.3589050897770036
-3.2811964053329734,3.0258906994603723
3.031807941014863,0.6467223973014548
0.9676875325453544,1.1743839173714146
1.1078281165517188,-1.2473068569385288
3.084423766645238,-2.5569916401076065
-0.84254831337982,2.66451789415204
-0.7024401546870254,1.3099117157832074
3.193338563027114,-3.2017422257767167
0.5323483151046238,-0.38556280762741846
3.114443484256525,-1.1467115750812935
3.4131587410788926,2.9117066777603253
2.8816927431798285,-2.7093750914441377
-3.410181681987267,1.9337131847184945
1.1933545652622268,0.9423539874690701
1.4872331784478758,-2.3917135048984504
2.7236254812778835,1.1974931843789685
-3.055630060173482,-3.0368903331108013
-0.28736142179439234,-2.6639131185234306
0.9769896755699512,-1.333889171938273
-1.0692659619692397,1.0757875611517733
3.1683199259867867,1.1595839501371974
-0.24766741078866594,1.223755542610888
-2.9510659600388887,-2.6679679569858687
2.972298379043972,-2.8340584712712777
1.2814615326438104,-1.2088558903024202
-2.8304717414884335,1.1110184118413031
-2.7962428303738434,-1.3285951137620284
1.1156702885440937,2.094881614110685
-1.1048298240018872,-0.5813381280189485
-0.7416473559627431,-0.9496407368916285
2.816971120903232,-0.4825366818518479
0.7639627283596498,-1.0125278887823816
-3.608873008639794,2.616291535728617
0.8724674780065426,0.4807525898011071
-1.977162344559191,-0.6321522922174176
3.0322845642477234,0.1544540950170464
0.9717599129623369,2.5431115870394385
3.152319488244649,-3.378635467144876
2.5942979545692153,-1.1729555915077254
3.59972770295792,0.5190795150076668
0.6093271754027352,-0.8299372114490245
-3.1561013954061323,2.132040316343106
-2.6117981833334234,2.625555336188793
-2.8671077696566796,-3.0645629168041038
2.570688044873524,-2.799167122134901
-3.4670129665847327,-0.5292755909297215
-1.085369864316746,-2.6231191187578955
-0.9994803669013489,-1.0489923533197958
3.772931757573988,3.0466191180702307
0.9131266077892,-2.4988187789477303
2.874008413704064,-0.8976278116167068
-0.8072629839010985,1.3768448696199729
0.5322011969282857,-1.5562287929848493
3.1909587593020796,-2.7677053299409953
1.6407255207095932,-3.52035602427001
-0.578753011843352,1.6909082299260332
0.22195556292085225,-3.461483095183877
0.9424296779116521,1.2544759098695644
3.112472253874708,-3.448892254381303
0.6050066094949732,1.2136219502614076
-2.585044095665289,1.2431774701553984
-2.576868409076713,-0.36584804079129707
0.7748415131090363,-1.2106545886154325
-2.68781126458831,0.9918792616854244
-2.2148234840953465,-3.475721614023603
2.534360747463471,1.2135716542555737
-2.3857975517373022,-2.18494479611813
2.7553406334119424,1.8939868847194683
3.0052708689364005,3.0561648565534285
3.2312010912503877,1.232466300413595
3.403815942085405,0.5678145957005265
1.0824011588822704,-1.4974094044748176
-2.589016146401516,-0.07807480410863424
-2.1657135085071983,-3.042758733389747
0.03734435450157241,2.8059658442842412
-2.2679717852447183,-2.4059074957003386
-0.7946970753957595,-0.7827084347628991
-2.495550760403604,-0.5755921888848817
-2.6327476887005656,1.0216912005250023
2.8529164813752224,1.3204957931675902
2.771899699017129,-0.6719943551272743
-2.9821915708120277,3.0201438765707684
-1.271060612024867,2.4133463704982074
0.8973079573110209,0.8864771248210241
-1.2033825190540548,0.16870357340291015
-2.6140465160810864,3.0229014498690305
-0.795861313774996,-1.418317624858194
1.4309144760961883,-2.8934323197484177
1.7855832310433468,3.1319034142370574
-1.258032054290596,-3.1005828844516743
1.1065787678076124,-3.719170667224761
-1.600771850824952,-0.7399155850400169
0.8749609647876609,-0.7715059921768481
-1.0295097099211636,-2.9276951174229224
-2.299330245102927,-2.9195249072707172
1.0069252423366994,0.43930334025486123
-1.403200593141086,0.8749794861278205
1.0961505894417878,3.166583652853501
0.2493985142189831,-3.254444288868478
-2.6338962301526103,-0.5530506135735994
0.7849422762087712,1.3903664301641783
-2.3411957848750076,-2.8877831145560164
0.46528554087218876,2.3460177273104987
0.8592222009764255,-0.5829362247497343
0.9490491898905856,-3.3209908301783866
0.9806571510322533,2.7159927456549275
2.5432207669369813,0.39808064003740995
-0.9393259244574848,-3.1412318679239304
-2.6418098511190395,-0.8560570065667008
-1.3491867444037218,2.704409940431037
-3.279747554508995,2.1379841036660507
2.7112567130700254,-2.8274221579610357
2.799278415495311,2.6571791506755997
-0.4692161356363227,-2.584752653871027
1.0512228814653182,2.529720730128849
-3.2740255681292365,2.769990345435545
1.1584794985908533,2.812440587761688
0.7890455197881824,0.5044640182250245
-1.15701348552579,3.256138361856155
-2.779774017601214,-2.5869633022512866
-1.1239447166239287,-0.8693790943143158
-3.0189706227329443,1.5248420173449344
-3.31188813542412,2.931429622502416
0.6499757189758947,1.325300030671793
2.9953255036503044,0.2604668578319
-3.4370447946837634,3.7820065276057395
0.23788191826526742,-1.298640314253889
-2.747283045832336,1.9950162769265631
0.7753960915059366,-2.750199546720726
-0.47399198219209715,-2.8623706040296355
3.1922933035481456,-3.2799065088812234
2.5367694768426463,-2.524777940638272
2.0650015523744196,-1.1894956857601122
2.5595537607016148,-3.223987436084244
-2.7825690737889626,2.683369099132114
1.0058321034659163,-2.8357148166960426
3.057530423255234,-3.1458048771764013
3.320822528263652,-1.1708694692600998
0.8647900065341924,0.8523160673139164
-2.5537987477355184,-2.5382244955102524
-1.2357067438922567,-1.1470808900787226
-2.414691844301138,-2.651920178375926
3.2231969082570004,0.26585100273296525
1.1388965384470124,2.7293980461430207
2.702520331720835,2.6204908645993714
0.5313117685964657,1.3241013147700775
-3.024347342819933,1.1035706272263435
-2.5605456122858588,0.02185965921616628
-2.5660347523703027,-2.415346694577894
-1.0180994161669026,-2.9397330019778307
2.8917131261296323,-1.1077032800323319
-1.519715743624848,2.7435319168639123
-2.8154226676335345,0.9389687907224226
-0.8766785819465162,-2.7793736579274233
2.917251443648647,0.9667740892180036
2.651489918678308,0.8032263631000247
-0.7458714865136337,-0.8686717015508808
-1.006980061734369,-0.9339458462186614
-2.8385630537332713,2.3058162484934672
1.0069918864995435,-2.9483353716099625
-1.1355860394394546,0.36828789339933143
2.668911624221571,1.382290451246751
3.2554428207771853,-3.6526304646055627
1.0725823169400928,0.6309743253055262
-0.8441101804366142,-0.2842411393843666
1.1490922571895814,-1.4312921926630373
2.461861767269161,-0.7366875530823241
-1.3947952622068536,2.9469098380878975
0.33855894217525295,0.671396001530053
-2.9882376495006464,-0.7338098878049498
0.2207235197847333,-3.0992122569424834
-2.857319746326309,-1.0034829148289097
-2.98527207252804,2.8709050041276694
-2.8500191992162525,-1.3879688516521713
2.8691383760441664,0.17224233916723944
1.075159641145752,1.4321856547721301
0.9134497191002793,2.128802255266307
-2.731046673182205,3.3321195310986123
-2.057796336693071,2.8898308203350065
0.7548438241503793,1.5285339203272257
-1.2215299317120387,2.897421502120407
-1.1072389589412226,-2.9147419642016614
-2.5562099293672813,-3.451569291737291
-0.8062555173133976,-2.5942225638257677
2.6849413106311966,2.7746858692695864
-3.0466320247844663,3.1069483250870107
-2.888293695766376,2.748805395847892
2.6269217045501443,2.6271717061980224
-0.3630471236033318,2.929024980803023
2.582534162689221,-0.6420694605808706
2.62406478965937,-2.8902613174935916
-0.957052881878214,-0.9866787908985377
0.6150142924151313,-3.057116211102909
3.281292329795808,-3.0796257742796898
-3.2422352575151745,0.4509877153701864
-1.721101870531784,2.647381129969007
3.1626635229090776,-3.0482665440910193
1.2250583760478744,-0.5743603914659673
1.3791957936488606,1.1079011744092506
0.9762892245367619,-2.5783363427457973
0.2995012959845271,2.9159603907875984
-0.9940803439999519,2.8509521367136013
0.8869600104603134,-1.4699072366058517
-0.6579451281810819,-2.771070195731334
0.6941732028354298,-2.7998129753302936
2.858168770766518,0.7365911828489197
-1.1992850569064761,3.0552363975169596
-1.0933777862228156,-1.2259381743819617
1.488120552704259,2.923822658645496
0.8148715218855874,-2.7246704355817193
2.931413752971138,-0.6674848181514014
1.8314065765403829,2.9625932180798364
0.894114808644542,2.9464417991202585
-0.9836818509460106,1.1586565996243636
-0.8463083276360431,-0.23373842123213445
2.4334955369889406,-3.040597469209651
-0.08931197950858495,1.4847698489952172
-0.7708099116436751,-1.4560021682485236
-1.1979285561278508,-0.8339115470072189
-1.7705250211878996,0.8319481141064288
-1.6422005643360058,-2.45236153224244
2.048851279183582,2.4945356831237633
-2.7492695850276685,-0.8906893239853333
3.0687592084586948,0.9996839919002631
0.9173041463299182,1.6661170115873325
-2.6420365734652402,-3.670023594217421
2.678939590455233,-1.3777287207397448
1.171130300345597,0.5160639030114265
0.5514478812518296,0.8066395015969282
-1.0812721461844195,-2.8338236023923464
0.6312671297754983,-2.8151667883450937
-1.3258684365722817,2.93673075670031
0.5752927887057595,-1.4309702742611428
-2.780596394556199,2.033472416619888
1.1670715842552677,1.475649553861978
2.410541095233428,-1.7152443521558927
-2.924878005870132,-1.5931333747591003
-0.4630954301133224,-3.1743606488922653
-1.250001674211272,1.4424880138305123
3.3475736793235655,1.7614518073011427
2.5549723435560923,0.396424219997424
-2.238140437962858,1.1634497310994634
-2.776530502159841,0.9521402428079445
-2.7244416274259553,-2.9378660202703304
2.8343803180790106,-1.145376650142309
1.1481175008065125,0.5850316674411661
-2.94410368087973,1.6941003854471193
-2.8070279905952575,2.6492815226780917
0.1432044522495992,2.940566592770414
-2.876830313221642,-2.500730424877563
-2.88319895832166,2.5698857011994574
-2.720378348811666,-0.7940932261786703
-2.3235391197821547,0.9650737183282403
0.5554232017072415,-0.8198890371729434
-2.206321133018188,-2.660896053588066
2.6623445187913455,2.6287596995286004
-1.0908687591597843,-0.7797777360441533
-2.7830771601080113,-2.3240218554022
-2.7483344047463127,-0.7017300825395766
-1.3633772660607888,1.5745221868171468
0.9999165465990152,-2.9010374774415464
3.1441594872098775,1.0560857620415167
3.0165958313093117,-2.917497573458546
1.155828138673427,2.293041678000052
-2.785009972047995,2.4989102270878214
-2.535524263368171,-0.6141127240751849
-1.099705920120636,2.9835643518209842
2.6115686055563256,2.177219650980551
-0.9398736563558008,-2.6948316413398987
-2.847416407183945,-1.0358907123021042
0.5432856084510606,1.2369477110655842
3.1737586391509396,2.2825678033312693
-3.6088186795177903,3.4922583343152325
2.4826190461614543,1.8445700598689414
-1.308322538005624,2.560546461582615
-2.931070818764574,0.6051590574937107
-1.7610347974789478,-0.7886423791273371
0.7047353884135202,2.452585285661405
-1.525466584426306,-1.1613756316467765
-2.751228115502037,2.536385100747655
2.79805682865028,-2.7341718898472496
0.9464300969094115,0.9484388231200207
-1.1191352642170744,-2.8625008776140723
-2.8582918262436285,-2.6681115726638724
0.7021549817843467,-0.954457283278351
-1.2588740925240662,2.9731755862512803
-1.402240783637439,3.111781350744403
-1.085012415663982,2.5751029832236663
-1.3802815187006723,2.478094929570652
0.8482334225556433,-3.0639430151339466
2.9909414451017557,-2.7429204600581927
3.1232114119193986,1.1746666762386664
-2.902035475260361,-2.8606466994670385
2.9615262577755703,-1.0915134970546012
-3.271724365077004,-0.43382563296877424
2.2707146734531602,1.9547842599210619
2.8933658329537164,0.7253558040867608
-1.4788862790807582,-0.4898500376765092
-1.1986334469000464,-0.6955220737231385
3.0434360491929233,-1.0584512098943852
0.8568696599381701,2.743319786028805
-3.0887046275387324,2.908256996561502
1.1712429215773759,-2.3656709870789805
2.3208562010085365,-3.0897941706935232
2.9843902801979443,0.8040586623603859
0.2655167597278546,-2.374915195009822
-2.8262357452114797,1.2342517235159933
1.6516709714995355,0.7391308614775244
-2.9479621375866474,0.7338577967874375
-0.43827478964615857,2.2396817446859614
2.765511657578299,0.7689751221438473
0.6983961466643308,-2.946605821922047
3.7280987264900136,0.5730707398226704
2.8102421658805143,-0.9884931928909534
-1.1075381650339884,1.3347317600076054
-2.8854256808314256,1.67646902925501
1.989498467722282,-2.5393219637004383
-2.433685853383807,0.26787458494805966
0.9501778827339366,0.8949956681858254
-1.3413855249872582,0.7823416541620141
-0.1973707480994629,-0.7856054794688798
-3.107649260862656,-0.9271674707157413
0.8634112768562535,3.0273159923849704
1.1998188188669976,-2.4875041079483062
3.0129321187771185,-0.95673722590591
-2.796908105570553,-0.6220181531122961
1.3586365512764733,-1.573010626491549
0.3590345467534045,1.477470216444272
-2.9211414136710796,0.9980449705046138
-1.3367635775357176,1.5913492815887873
-2.7476707989878775,-0.7414159503173308
-1.9400631832090303,3.0793815602397925
0.9435451276122336,1.030036596113658
-2.489365161359373,-3.251654460744614
-2.3654830138016285,-2.947726061309439
2.999531117243655,-0.6443627283918125
1.381542526415339,-2.475502261266834
2.783663600201202,0.6190317208375452
2.7335756704277996,-0.8616465038961552
2.8336682585536774,0.5690954503094475
-3.077428907532173,1.0665111134049126
0.9245428285914278,-2.9386865666598205
-2.6714533235833726,-2.765599895575802
-0.9705128966557113,-0.16576116751986097
0.9590360111010804,-0.39670275611402844
2.4037804627820742,2.568151736442447
-3.1331759139801663,2.7332915838194904
0.7824229438727486,0.6252993876294577
-2.4991662368408023,-3.134278309230477
0.6970689244726038,-1.158271449790937
-1.0339252164484278,3.119413277804539
-2.1113214945878283,-1.2188285905870533
0.929382451821061,3.027289650835599
0.7931351704504375,-0.5934579751907106
-0.8561545421094636,-0.46629181977893475
-2.602675204325804,2.454170365309966
-2.8016981604789137,4.201184017351788
1.0933985234574592,-3.6754546965856205
2.608023356578483,-1.7002586384917735
0.6663994930846394,-2.4648305131415267
0.9953118760401228,-2.054027330612532
-2.920026515352893,-0.35608837206337707
1.1547921760751387,1.0870341599527107
2.256811965210364,1.1505389879918229
-2.213845096820648,3.0619067610394493
2.8961686280186827,2.330407702720532
1.0089613966301263,-0.27181041689341395
0.015686949684475683,-3.17814550751521
-2.830753083184464,-2.4888608358214515
-2.846722999876437,3.4058543720063033
-0.9123803890699194,2.448138243645678
0.8675362393424776,-0.6889637935373366
1.1358459140370483,1.161887137227372
2.7428413481753053,-3.037439598606902
2.468447369272883,1.735337074887012
-1.1209716330936867,3.0872631269315596
-1.0061642528425971,-0.7467882832330482
-1.2271206996857487,0.8147849616111178
0.2956789790937209,2.847073973038915
2.3107991357535114,-2.6139691308551596
-0.8660565919791842,-2.9324466043226955
-2.391260278563278,2.9849713453161932
-0.5301931235709045,0.8320644390466155
1.1018801827334574,-0.7933234499093967
0.5443191516229611,2.4440383137720683
-0.8389748555736647,1.3903851259319042
2.278149266451205,2.3530431072009015
-1.4479840743033208,0.654867598401752
-0.9595055463204263,1.0047176599691208
1.1786259179043657,1.2663020780405079
-3.004942905355469,1.5230750757031275
-0.5074770156130174,-2.4928637921790715
0.6491335403249106,2.4413559891080334
-1.0685770227077198,2.3514078200207167
2.8252897595343267,0.9019236720878158
-2.9061604521419757,3.148777302338166
1.034480204641605,-0.7631288420366931
-3.0587055913021044,2.8199803348278674
-0.3943640684233342,-1.2305213999388025
3.217160194936441,-3.0848273971489326
-2.87162080904279,-2.6276258736684155
-2.6483503181946615,-3.0517122509009815
3.3397568845662597,-0.6399684355809833
2.6969705857089816,-1.3305741914449758
0.7712698260993536,-2.173102125106323
1.2631030036585862,-3.194952807573431
-3.4955817223527186,1.8524706001537183
-0.7925312852935417,-2.9953679851729347
-2.464251460916818,-1.6877899953755326
3.6997824269911974,-2.4511863746579614
1.8944998949713485,2.5335106840184998
2.449394331397341,2.323187857434247
2.752097051002747,0.6976555190367907
-0.8880167577069523,0.3830164493133323
0.5160252409595573,2.3150246154463328
3.159620861011735,0.7454834479462279
0.5756477496420769,-1.0615033828876654
0.47451311802451235,3.068377007699179
-2.217369831970404,-2.000123863958547
-0.14835948399649362,1.2337868113665897
-1.846640310746962,-2.257317505238404
-3.010128428618206,-1.5359417361111092
3.4106303488808143,0.5734061372311716
-1.1331280753656856,-3.5474784181210586
-2.7082899224717196,3.212685662565202
2.6038359785423966,2.695527634723687
1.6160764606515325,-0.7075360829375651
-2.800044953577628,-2.732188535006727
-0.5869371759972286,1.320229681511511
-1.2161908752024566,2.9054894676901584
-0.3804139264600137,2.1014594136531293
-2.135470974191536,2.3882993162589052
1.6263240969066213,2.2676368679111785
2.9798957901767205,2.762785281797286
1.1962265005985615,2.4988145811860853
-1.336015029338556,0.7191462825934809
-2.806094692498204,1.0275149842764018
-0.7770978017138239,-1.2203708095693615
2.7687594534396287,-3.3055662029967827
-2.9282116153265103,-0.9933640930350975
-1.3114904975405446,-3.1106648347210673
-0.78481270433081,-2.588127328346367
2.498036885814175,2.670468477553794
-2.631892150859707,-2.8353895000643585
-0.1843129005955216,1.5597526441089808
0.9920445259774944,-1.6361574793787959
-1.287707319080256,1.0752728678019732
-0.79205398730279,-0.755425193069753
-0.9249076100423372,0.6766871005026089
-2.5784441354692977,2.5834281525642466
1.130134398562917,-2.999479194617921
-1.2086518774946264,1.2154304126615612
-0.9438431343141271,-1.1382698113902379
2.839749593020265,-0.559724809188718
-0.4973178873962483,-1.5210008835642945
-1.4133617998684203,2.1322073259959646
-1.1544308100560332,-2.034724875186315
-1.4142699199387276,0.9566377043835386
-2.80199230087371,-0.31704562446992485
0.9588517077547316,-2.6693075223193077
2.915600275980939,-0.5175909218598154
0.8781983331387798,0.28680354087462856
2.706341713834218,1.7141607410562982
-3.0742629002724917,-2.5712064021491496
-0.9249037056221451,2.2949220226106792
0.6134715909138967,2.5416884576172034
2.458408192032469,1.5960286564458939
-2.482260263148551,-0.4371285535635584
-2.145761269035406,-2.839772168180898
2.5106446063437837,2.6864323396000054
-3.200749998050689,2.9672277275500787
-0.6864115602625409,-0.7404102031036388
-0.6588377242041769,-2.948509444847028
1.1923137255435532,-3.067549003795225
1.0627170903291667,-2.6233167373660917
-2.5782796531486003,-0.8613831693375645
-0.9517540742156444,0.9057041588052642
-0.7423126895965673,-2.4710235324650696
1.404843299557726,-3.266577319737283
-1.4734928874490114,2.074137388977227
-2.2378996049435558,1.2467273510528445
-1.6337772911949253,1.1350765554397297
-1.009364320954797,-2.8739650182193026
2.6125307102430644,0.1783243861311918
-2.8261505576512413,-3.225019564531223
0.7758248547936568,2.481966102466414
0.27880082344514373,0.6888031159533221
-0.7206462078408222,2.1014840872202254
-2.265572209442155,-0.5384628789081847
-1.2221104143027204,-3.5215543669905354
-1.2285160134427984,-0.8664747351685609
1.0335689412691482,-0.9896755346151598
-0.8460222616467344,-0.8680096720024888
-0.8238858160144654,-0.6534876129456727
0.8040969095648395,-3.120454084231504
-3.370272062332837,-2.947229288200685
-2.651193221692358,-2.4984178029527766
2.939305359637382,2.2632280938828107
-2.848410046776082,-0.2975027591533899
-1.1486531486869846,-3.343672297983587
-1.4098043008130068,2.886989120031772
1.4686148326288295,-2.6488374427953696
2.1813261215548443,-1.4197058015470203
-1.177383792376992,-0.37630557083933225
2.503324810321185,-3.2056955378302985
2.989755648261636,0.4892721650080071
0.7984841520120878,3.3837627495136324
2.5299329138736653,-2.3977216903772027
-2.6018599755588565,-2.504717676225923
1.348622163768386,0.8371900228608823
0.28605560481403663,0.8299227294469828
-2.3625699783137417,-1.112608022085145
-1.0716183704344258,-3.289546907008697
-0.9868792982619448,2.491980192267785
-1.0767435155966576,1.0181928306955317
0.8144803394545613,2.8138012949053945
-2.612945299350313,0.7623913632003196
-3.097067191989717,3.3596836821522076
-1.064483396777723,-3.198340722217738
-0.6458632755274355,-0.9019895155195335
0.6049869615750166,0.7360163391224736
-2.0527957325876858,-2.8989988077102296
0.8354731053048136,-2.8756502217179603
-0.811569007109966,-3.034590597855174
3.2501781134164824,-3.028449140194072
0.9603446744947515,-2.877268154093005
-2.6663476431648006,1.013988622475942
1.2592848973975337,1.0946146753355677
2.879321375763076,-1.4690882244683874
-1.2738929596640691,2.3721684333037727
1.1091950417150245,-2.7025425911916194
2.2785233285946886,-2.3675459050117293
-0.9719207653789516,0.7854150365274125
2.77641555329872,1.275410398102256
-2.671132697904947,2.761067638073632
-1.3016077605789338,-1.0753049431382882
1.2764889207390449,-1.2835717165459093
-3.1630302618263286,-0.9230785184843763
3.4951745093698805,-1.2940641350566333
-1.1731218629117355,-0.4186679654996207
-0.28818789271211287,-1.1607233943170778
-1.328363841298374,2.8589067651363553
1.0745815778053176,0.30665976022236874
3.0990926223072877,-0.054237932117335026
1.1452179745187618,-3.19032164640206
1.1785639026107309,1.264634441405912
-2.427770497918602,2.9573730414380632
-3.0675290493386194,2.5866823819928775
-0.9414578470179019,-0.36978142853966506
-1.4534041052992734,2.775848124417969
-2.412736340818807,-0.8464197286287893
3.3090823385737225,-3.532609949533062
-2.9282920901569276,-0.54580541212326
-1.108738379182065,-2.8617432236457985
-1.2309155635821336,-0.726308877620287
0.5091348316711988,-3.3515841248095937
-0.5944800611449722,-2.427164136066174
3.5558045186810716,-0.8235200634880315
-2.4821030467842915,0.8260462243701927
-0.7478759769884702,-0.6488977319737624
2.2854623103423974,-1.1942217120434642
3.3813972219365067,-0.8332581893598318
3.2442306506866014,-2.8350286704426453
-0.6306863738948139,-2.6615602977736694
-3.645350182665976,0.7201235181117747
1.370455800391922,-3.0699158903990327
-1.1814915114251487,-1.1742590118178171
-2.096608899760671,2.7767527042036373
-1.2721167959372022,-0.3946823940573997
-2.5764008129038523,-2.2578667759963635
-3.070289041401613,1.2512126404794446
-0.977059711864134,-1.1365132336221897
-1.132453612796019,-3.041717128328938
2.8634190552555165,1.9078539173329925
-1.2101234368092673,-2.564381896639196
-0.8677239498836669,0.6980631546762872
-0.022870483304441715,1.2267191289097958
-0.6756523537587656,-0.7500095273841995
2.584524785938799,-0.6535468908764989
2.126868411609292,-2.622388348651127
-0.6345962777535928,-0.6224194705878506
-3.3101619244343166,0.9639759174935282
-2.530296723260635,1.0647819714195101
2.9466656738176686,2.4768442049301695
1.2637290450505785,-0.8548529847711586
0.8155107924048424,-1.16610543840481
2.579701456829861,1.0949105111864164
-2.48908437844865,0.6640800165296507
-0.643722227440564,-0.9068028063499577
0.8243339368696692,-0.5480791905784749
1.5196593365138782,1.506156031430222
2.574026822054296,-2.4709121043221223
-0.8954466929718967,-0.8225488951637766
-3.263228167920701,-1.073559324343867
-0.6523994324588717,-2.896502437150727
-2.9432193492670846,0.7647428811064746
2.7118868111181964,-1.3903371819032233
-1.0408373186821953,0.8745599510038101
2.834239859891934,1.1673805332720115
1.9576084582601816,-0.8620569468426923
-2.4804854970669434,2.1611578243758474
0.7713709335215881,0.9830201699766489
-0.8575692521009276,-2.9706524309728226
2.447614637981921,2.259036931634349
-1.3162692984955238,2.707457083867652
0.2651756216071349,-1.6649582141455297
-2.6013782830286756,1.356804171874743
-0.9850728869188571,2.76178945293127
-2.75523137747256,-0.5089745919185368
2.897354983164957,-2.857458469102096
1.1105476934628793,0.9069011490215034
-1.4286341707990788,2.527330630613388
3.7252848911071053,-2.787522680147052
0.4311828964122777,1.323572495912194
-2.143553691090523,1.5994409737696447
-0.7438445563490815,-0.5383525481339725
-2.672539144129747,-0.791099476924666
-1.3171762541792444,-0.7609411026040611
-2.4716671035864723,0.46074587689088276
2.767734371262549,2.6184238629330836
-2.3939653598344437,-0.9997590836575183
2.7893071556787516,1.192276370162297
-2.7775418319443017,-2.267980738067236
-1.9296340880326919,-0.5670066804609044
-1.841497374490794,0.9811523447851317
-2.160729551841926,2.8135421506706417
2.092258964869531,-1.3315602445584425
2.5508822030011156,-1.108695339001655
-2.4358614548721373,-1.8812821398595272
2.9223743213811333,0.38445511976230307
2.1502394497009045,3.3359133531772796
-2.0754828131571723,-1.9655258156040614
-2.805074228334636,-0.3867920570643898
-1.1059047641654238,-3.0999638264955225
-1.7409071341451192,-2.7691789436113283
0.6950739208155398,2.4775539957861294
-0.8721706419657147,1.3686761195669264
2.990135287611231,-3.2037610942946197
2.6803944541421063,2.7094808772085175
-0.4150050067940765,0.6814546592491602
-2.966791305892469,-2.8385558135730786
0.8379976371743416,0.9084077217444646
2.899495859805194,-1.3943105800737172
-2.6272151143774827,1.0278188548028926
-2.9408224049610467,1.4337864940017737
1.3668459983156702,1.0529820706043125
-2.318035941303908,-0.21483503238262017
-0.7328577333537711,1.0298213379789654
-1.8723438134147135,2.716930534800369
-2.9714410692412314,1.0447406573358986
-1.5997470194172143,2.707274602268818
2.9966767961154788,0.7750487014587043
2.8061274282228292,-1.712758506320544
2.9927391310207674,-0.820562856788216
-2.2772758221722222,0.3029121738605529
-2.841971497299517,-0.023321291463820636
-2.2661352068924767,-3.0677026589216054
-0.8998504479504956,1.1081662297247925
2.848718218141952,2.7322379961687617
1.9512517349715737,3.027229368850185
-1.1526616810611583,-2.8730543956560335
-0.3778899686247457,-1.0155216444239836
-1.1174022699824693,-0.8323379939784858
1.790550522103563,-2.7738572210287167
0.08267683173345768,2.8239986800507255
-2.938793433531679,2.4137077728020055
2.8238947465537643,-0.9082937123368428
1.0095070453637782,-1.486100571572645
-3.015688533215566,-0.7076417490291081
2.6688197765013277,-1.7829065011878864
2.320564542839893,0.8755202801517392
1.4263627431533303,-3.3415206927342496
-1.4664285044953462,2.873487644184404
-0.3769689096031448,-2.5435942700706153
0.7952583223074519,2.4761901524241114
-3.2039898247275946,-0.6778005404519901
0.7709369570409713,-1.0170507724003353
0.5264071665459036,-0.6268616915626811
-0.9410640318158283,-2.657066830033766
-2.6463050168500235,-0.47488871162747454
3.229487095530077,-3.0818680550234214
0.5969294028080657,-2.390280419299929
-1.2065952399975755,0.9450127062376217
1.0625930321152965,-1.0456199097068137
-0.9847896502027281,-2.7505870378668047
-0.9078651404122481,0.5225348261934369
-1.1735347422670466,2.4889797131890674
-3.2128700814107356,-2.216548868202738
2.6180026068284126,-3.3611557812083332
-3.3080330737518024,-2.7381439174556625
-0.9599054519676079,-3.2257306972717323
-1.1377951010831173,0.6584485273277844
-3.353192299325427,3.0779752165919514
0.8484960905479288,0.3202299258522747
1.213322656012204,-3.051242952301221
-1.1015256154304758,2.570593204996199
3.113621618823539,-2.7396913468797925
-1.23694873184866,2.6859181123049396
2.528048582038852,0.9125813020753807
0.9576282041783444,1.103878419269059
-1.245241955635527,3.209196108917296
-3.4489046409902966,-0.9329981707350645
-0.4838251541075721,0.5777024762957792
3.4082512143652024,-3.5530051907476
-2.820820371560158,-0.5883325731815517
-0.8449417050685221,-0.9700778634062427
-3.05903719295043,0.6635928182201248
2.7793418664644736,1.0559239261020608
3.2542340240847576,-0.8644356874192887
0.8218826685775094,-1.341363937969373
1.4157129197620868,0.6076091739137899
2.4293376996443263,0.6019124710842061
3.3260704264503365,2.2641720950148705
-0.9017672599786993,1.097354859704917
2.797156365891511,-1.1952358429951069
2.751075990578637,-3.1085431074552567
0.9807434417113049,2.419203857452362
0.5470929743399824,1.2417924488112515
-2.6655417807475126,-1.3613774956161053
1.751299110282413,-2.8020425701723863
-0.4056034135367446,-2.907011596492476
2.743193073722322,1.0648152787399652
-2.8027870824678423,1.147297056779796
0.9122810914141132,-1.3215552749714579
-2.720856578165284,-0.7139601589677587
2.3185454111596813,0.515810648248284
-2.896759716479543,2.901147822625543
1.206849960980834,1.0418205785035053
1.037372730123349,2.7832850348473848
3.3290393054505834,-3.2169124178612747
-3.0491464134739976,2.519576829357956
1.0238840190282426,-2.3620959846676786
1.1361377973310292,-0.929147526118163
0.5746863612446547,-2.15053999159122
-3.243336992138066,2.50826977669236
1.3385707086893874,-2.2856597172965487
-1.029242939505502,-3.1549022203317296
1.0030223633303026,2.8499936423388132
-2.8596506988417714,2.4201823875255934
-2.147261803016272,1.2705924755892544
-0.5736106555390784,2.7810798898449334
-2.7426244178181833,-2.5211437875923703
1.5959138565989988,2.36806956999329
-2.488348126180647,3.080055928388825
0.9995343339589504,2.6460862735528963
-2.9588035061032287,1.000109341019038
1.271630088260363,-2.954798399646339
1.1602924404130277,2.6316527740493587
-1.3938160140960416,3.457335825506396
-0.45843613506554437,-3.0362411756914285
1.1655377086709307,-1.6317743480715252
-0.7974573895686212,2.8696679925640365
0.819447757842319,1.209950818103593
-2.5306049532733224,2.8780296433108448
0.41589627813459434,-0.9276314082465688
-2.6957580238119974,0.9304976366657589
0.8987207741552865,-0.8523376841769074
-0.7123842209556359,-0.3122819492216473
-2.4831950454322422,-2.3913884016001616
0.5482856291997031,-1.4835384137086245
0.425100954369433,-0.5998571178812263
2.7009883798108034,-2.416800297224352
2.565997629091909,-3.4369399955884687
0.9755264284417331,1.0905367383720688
1.1282800340972379,-1.467054091446539
-2.998635522968701,1.4318749027284752
-2.547682293483124,-2.302246842170869
-1.0605244631414814,-0.6519337273855921
2.8472384985288772,-2.969976210833857
2.526400528100017,-3.010151078274578
3.0828156703533054,-2.5221751659719387
0.7475191924233299,1.027777875020704
-1.229516451727565,-2.532351642972164
-2.912596261474587,1.6062232020356755
-0.7158276944904416,-2.6107419909539145
2.4879046134861946,2.593636729432538
2.387595037317041,1.2629616764433325
-2.6266803302084867,-2.9985707750187243
-0.4727612884197632,-2.2474473588492505
2.1990864305038254,-3.6374040678331983
-2.513176443820744,-1.6032010706167328
3.3427301503871707,-2.9896287530289913
-0.926580872760785,-3.129557119389674
-3.0543381880107687,3.0714358579891514
0.6615661792457935,2.79036912472162
0.5567698244896219,2.782681408780712
-1.0982261504816364,2.8446912697487683
1.2564405782507702,-0.27374795795406326
3.336695467895005,-2.9557092272277883
-0.727679829917017,-2.7128155665673024
-2.7590725400912053,-1.0570880294057314
-0.3267675258707217,-2.7974150570861385
0.8017047399788348,-1.2961868084999284
0.8911992638714312,-2.64856725168445
2.5412755060295416,0.696474329957664
-0.8152322715393376,-1.0087739893596341
-0.6430637475255588,-1.1907794894697379
-3.1033629023259572,3.177266572771451
-1.9533684699563951,-2.0678062273810007
1.4547241328040112,-3.387835967631743
2.2578326449326798,2.953079889937969
-2.6014294762404835,-2.9806821351191
3.584409338098137,-1.1561061647021398
-2.906704380709553,-0.6531717332899769
3.5210125296248242,-1.4363651594579279
-0.6645919377458844,-2.087932322336014
3.056675531597812,2.3762811516150317
-1.591333838338343,-0.7313215451734869
-0.906778481584374,-3.7430950487843107
-3.58149533146687,2.812824071821319
2.713304310499598,-3.5235794879243034
3.405271238054466,-0.9582453815763543
2.5936111430444457,2.5126105776120204
1.0963744282084484,0.8421275193733321
0.7506028883776115,1.0759311955420212
-0.8227194715992072,-1.2069809208657212
-2.9109864384660247,1.6520471007272843
3.0566645826361154,-1.598470697737391
0.6079907503224359,1.0506202573242551
1.2242998381395511,0.7477015092612684
-3.009282736360227,-1.0211078300305803
-2.819611512598857,1.089106231002633
-0.40190896744993193,-2.311873783681948
2.851978246669563,2.139269644960508
-0.28299818334774773,-2.3110939528654044
-0.6402186633001258,-1.296531239397862
-1.8261969325589433,2.911647941231434
1.148469484770806,0.7492278175176857
-1.475482547557281,2.44411432976159
-2.4272556747880603,1.6793690115549413
1.0772672401994856,-2.9220081826322963
3.5896718624148,0.5971966114547861
-3.2027960176163366,2.4049319683712382
2.792634054650657,2.6792452699077844
0.5415055224101156,0.9495555412333935
-2.6344899788966054,-1.2213730625375598
0.3698812095788476,1.1959375205408502
-2.3035555021501946,1.2842676774790582
2.809457686612413,-1.4511666722107426
0.7663598659373734,2.6363432212683615
1.1033962722122554,2.8844493050772475
0.7640709602749086,2.5000462795445215
-2.9189739817170697,-2.282197352428173
1.2239722543463691,2.0375207345129627
-3.1558925200502848,2.130779429191512
3.136265622141897,-2.5083726453840627
0.7069831652123648,2.9890083019259963
-0.5935384764708305,-0.2962279805951167
2.6568790245786706,-0.7939681915459719
2.587752782682657,2.437883462977237
-0.7459725468775518,-2.713349602071661
1.3397465871576637,-1.4744934526299887
2.6946223799583535,2.656412640236996
1.1610166932085086,-2.5585391762947594
1.1541863489175364,-0.6734048833732241
-1.0055483973648616,-2.513394012783626
2.386736024866646,2.7468924748461236
-0.4447525685554297,-0.34136686540419714
0.8605476832374682,0.7432015100300354
3.3086246024030674,1.6134149655845538
2.3115420954469785,1.029893841232903
-2.86668066507155,0.7138740408715323
1.657915771346163,-2.081192688479085
-1.0321490539459193,0.9536257966874004
2.8560660244485763,2.6375596867932356
-1.0052468206609186,2.5327195501822963
2.24372059054754,-2.479585542209763
-0.28348158153743613,2.1169065110481724
0.9558324011604752,0.855093385563461
-1.2751853771620898,1.0779572006453788
3.1327864471110587,1.1969031348921693
-2.510636288737725,-0.9873870447604556
2.8502255280416042,1.227135026147784
-3.393331522978192,-3.3070771126027716
-1.0813608467919138,1.0821952477672805
-0.45604826994743264,0.5120882198580036
2.5275989484562635,-3.410622722032001
-2.541413717585729,3.1563142773820365
-1.2108721679767154,1.1117974316936232
-0.5968303789965343,-2.92453465880648
2.9989152059936353,-2.1949158559924444
0.9925597487491169,-1.2233848554177889
0.7461555281854684,-3.2444889480113357
2.6761857343123427,-1.3553809664608738
-2.4701421595404236,0.7721374573836335
-0.27360559455564915,-1.3552553147570696
-2.6441120090419616,1.6871747236102177
3.31714382048336,-3.7309987585347253
0.45446135468692267,1.1351390740542575
1.2971137883034831,3.2375950784192074
-1.0079893286225285,-0.9481338215867963
-2.533133321271235,-1.034716074675453
-0.762505743030189,-2.007517752720451
0.35374325071087964,1.001679042431662
-0.6296719352139966,-0.32365831323891536
1.2087925880754427,-3.222880244039875
-0.8097057883601748,2.6811491009003503
-0.829484997285079,1.34343462414803
-0.6952778762136164,2.0307648242342475
2.9524962826651326,0.7082976805601501
1.196958123331205,2.7227964189007787
-1.4541728999445185,-0.21371444350578928
-2.641427298770005,2.605297166938199
2.842260206163042,2.995346766835367
3.4570491871391336,2.3884289651532664
-1.4187064910783684,-2.5642024932564267
0.7553947357694155,2.2626881580733778
-2.6263286577034446,-2.6012521288440777
3.3122127327163104,-4.056168789258973
-0.19707567339699378,1.353248205618148
0.6576115546347265,3.0615803441482328
1.0488312278488212,-2.598481466211421
1.4795606832689694,-3.3007681116389103
2.3505675394903953,2.878722450346585
-2.333826665375733,2.5921346004274866
-1.60222714527311,3.0112121738067565
0.6016148948344726,0.7712210554246411
2.928488233716198,1.8557951180897931
-2.9505627470164417,-2.3612378788128505
1.5229838353546927,-3.8697309333012835
0.6964385907950632,-0.21296018963256333
-3.18604702617644,2.538497442203172
-1.943340229394615,-0.23527523403693462
0.3402778387275567,2.8277257138523435
-0.34673605780836586,-2.9151608264743625
-2.8317918694914828,0.5484456586178266
0.6336730414151603,2.490063700897487
-3.2349439824139257,-0.7271564683521626
1.6285625215706077,-2.295483213765211
3.4614957138458244,0.4856128248337778
3.3139918062992786,-0.8765549281280373
0.9658146849496393,-1.5766893189825926
0.7847317227309233,-2.933402211031922
1.0542351809494994,-3.3406799704294943
0.6698487413670885,0.5576216551465711
0.675298290308044,-0.9430325867712073
2.6401260711659167,0.521523471982033
-3.2295175848087823,0.09826257028910593
-2.666399654022463,-0.5043516041846392
1.4870992823606524,-0.31150631606067947
3.611029440330174,-3.5386828271126123
-3.004599044806897,3.103256601661547
2.78648158991876,-1.3053889918777417
0.8360550410869009,-2.9397406321177155
0.9811043312377266,2.5513471368522413
-0.8733443541212362,2.499132766527905
-1.0692752516313238,3.0768696866938994
2.3389224377255804,0.3465400572045761
-2.818985199900969,1.9914060610640418
1.4710755307481511,-2.8909243713580772
0.8931064087483047,2.3468565978425313
0.47275427558653405,-1.283797359684545
3.0741687847426373,0.7498826755613109
-0.6896179327826445,-0.9101183426412379
-3.425020576743734,3.2136186842833783
-2.643025257155427,3.391095799099071
0.029665527411275705,-2.716174381710256
3.04636106703929,-1.5418128908207038
-1.338249560610901,2.47256331312079
-0.757163377232664,2.639163807662366
-0.7532695000551988,2.555801121917968
-1.166140280233684,-1.1440495006676812
1.7893696181029721,2.481720253621065
1.03200775184853,2.3986899596229696
-1.0438662292948366,-0.8142751817374034
-2.9249425143510814,-0.536931037354196
3.463440279450476,-3.2595919285515813
0.5341459436262272,-1.3225299671853115
-2.762871065651082,3.0404502496232912
3.4305632676289357,-2.901092799857064
-2.860711594455684,3.030434158574535
1.180807130658382,-2.951159596751122
0.6702045817918064,-0.7177674461074592
0.9710256187385571,-2.412019827206101
-3.033698089063772,2.257864650857337
-1.1346706040355377,0.8663445186194385
1.008093221871065,-3.5045001400896227
-1.1512074531008427,2.8877498111453725
1.3730364854324706,0.5862121285300584
0.9234499261558445,2.9980939072346255
3.611625649266589,-0.6709120910467267
0.5483122784016191,0.4150875519564137
2.6058376973201005,-0.7160212495110247
0.32288693167320887,2.1145567016801077
-2.1316961043992584,2.5553799738770184
1.0915958264349506,-2.810882887553208
-0.907201685932524,2.850129082813762
0.620344601492255,-0.8573003215273484
-2.825818068412006,-2.9882480773975106
-2.616417723203084,0.5965231676761237
-2.382517649004245,0.550395874560241
3.345230194288176,-3.528124801985475
-1.3134658143704323,1.3088270753624702
-0.7272280165749514,-0.5618335497951914
-0.42253149103124354,2.551042704211409
-0.006503354886284789,2.4032482604374077
3.2332104207562624,-1.105211012730797
-3.5865091403078644,-1.996075671060086
2.995636237655574,-3.1921627998325603
0.4253822448652767,1.0003420017346718
-0.952009348214506,-1.0235234954150394
-0.39343327694181834,1.511335098067351
-0.7346156033068778,0.8400659882144926
1.5680446121684377,-0.969707964884168
1.450715054327288,-0.4677248523289212
-2.554592314599592,-0.38783650395259883
2.7860176578535807,-2.9997785758221305
1.1379070520152417,-3.761921579092619
2.892675992479865,-0.7908378937184182
1.1162148390988011,-3.2634910829102104
-1.3285921937071135,2.8615230239090734
2.903666926380657,1.1012401565331085
2.579008599537866,-2.9969089553769703
-1.207950725291754,-0.5007412960733804
1.0413483665491607,-3.3998179967060014
3.1027486306950096,0.5726025564285391
-3.1691026186760425,0.6667690940684354
-0.3386138345338375,-2.8111297621509914
-0.4925107361566005,0.8831758624555465
-2.9545995620067154,-0.4538521298697714
-2.2648778807641605,-2.165776195535057
0.19244211692672766,3.144655979961616
-2.155457555766363,1.9863976169749007
0.39553921676381304,-2.5695419201932075
-2.271141524637048,-1.4910171680524833
-2.04426121831007,3.084362653656853
0.7221593954023596,-3.3152250773979457
-3.1037115499215626,-1.403780023654372
-2.1715721646576895,0.8917793656513164
0.1394456714638237,-2.657315800338812
-2.939317440875976,3.300410428750155
2.619970307056239,1.0119999583973283
-3.1375608373257533,0.22327620488763147
1.1461160051955814,-1.7126704164205526
3.2142520097942424,0.807578018065923
1.117028735043666,0.9414161541620345
-2.850639306534759,-1.7788766813139627
0.8487914059170392,-2.3455082072024402
1.1071515635037865,-1.5138528358875232
-2.7618046427269656,3.9026938992866342
-0.5446300485901937,-2.731744662642367
-0.4495489879974463,-0.6577993764906728
-1.1902663408636485,-1.344241840331806
0.9806406361914182,-3.197058583615796
-2.0882711799531934,-1.2395065141979398
-1.0622855225242624,-0.7240395784248245
-3.3054095494212787,2.4687834015533108
-2.1110030527563066,-1.3464327251214419
0.017482469688622205,0.8174316382546198
-2.340020815390549,-0.767326666610676
0.6018006510594399,1.2527958789266291
-2.511485776348399,-0.9750628724744206
-0.8529922018157305,0.27567323790044135
-2.37354575186576,-2.0375548870735116
3.0603305121899087,0.20624154215905519
-0.6512238409338929,2.8513535895327133
-3.446606636858507,2.490760551746908
1.0302753615390554,-0.8784519573192324
-0.36805845513765784,-3.241358112287184
2.911632637751274,-3.1662498573314743
1.3035217887850465,2.358578403159921
0.5652352878168199,0.7914936212162856
3.477524737783447,2.044599247989735
2.259553309888986,-1.9950869183521012
0.6804643742803155,0.6982901530429443
-1.0611513872883889,-1.047725701452532
1.3917128584739384,2.781972548610701
-3.0997340580461263,-1.8278969188813872
1.202058323514699,2.2780295906302617
2.244633575174365,1.050091786867187
0.9672498519211431,0.37774331052327814
0.09159515575510684,2.913058296674599
3.134910849486675,0.4361679054131074
2.4533693058358703,-2.826887577623653
3.44698637865891,-1.643230490525155
0.471287227718,2.876239908895
-2.545486662391479,-0.7092933453996345
3.171540827102719,-3.682544285165374
-3.266399733145164,3.3443815297838504
2.4212280307697602,1.0323313599210195
-2.1137347973904372,0.12843308739512901
-1.216408725428051,2.8627389006854607
1.128129719364248,-0.994069242379767
-1.1131122100361543,2.776425791498089
-1.1824505368841165,2.909538835953879
0.9379668433002128,-2.2840747304303304
2.731247134423558,2.4089951548098854
-2.5767016624141035,-0.2613614059038036
-0.8411226542864099,1.1688409695853226
1.3964997610398096,-2.5663364668941866
-0.9160785584147098,1.0412292338945688
-2.849763733423247,1.194261285733546
-1.041870445314187,2.488795661083671
1.0248840161687836,-2.584936955789071
-1.3371296939601236,1.6654501600746066
-0.7928637417936341,-1.8417687927154243
1.080290656010922,-1.2352972315962267
-1.4503637109219187,0.849518562703873
0.9632770572800197,0.6052442108214172
0.7191448342325893,-0.771555612302998
2.608266719756185,2.9841633671444208
-0.4163240449419054,-1.0736410374736025
3.260834778327742,-1.2130778854196376
3.498872109908039,0.96991814093453
2.5143438451515983,-2.670401705705646
1.958646772290649,-2.660250417836765
2.221339345649024,3.10017887665629
2.9364083936061363,2.7468157444777748
2.743146230008821,2.6243470424256263
1.2241380512613718,1.0016074770982595
1.297835698765512,-2.815293356449852
-2.7102582474729693,-0.5890233304952556
1.1080454659531014,3.1544734038464277
-0.6291219090403797,-0.8021780069950465
1.2246749384049234,0.28989385993042827
-1.010725341178489,-0.5155346347782865
-0.7199876368259388,-3.1367443582224874
3.2356520089930343,-0.4163393418822742
-1.642623736174249,2.5752887933597406
1.8779674782415783,-2.6666772538814922
0.5685007224703731,-1.1928668531329891
-0.27619489392055835,-0.17140780406775563
-1.6698014728873256,0.8728186866957616
-2.6695537726195093,0.9700604980368627
1.7388681082782567,-1.4636832626936354
2.350146382479691,0.47260685787510515
-1.648395186553174,-2.367875142508622
-1.0570422333249192,-0.523633419708645
-0.9405175317026294,1.1087716077242347
-1.2138262846273022,-2.8298895891686073
2.6029695864882734,-2.7723834635729
1.3997930809833385,-0.9184126933306279
2.764377901283046,-2.9550923362663584
-2.8023192334364686,1.2322595089421973
1.1611469503285472,3.053355901127105
-3.2963015021355067,0.8235375821457144
1.1964236363332263,-1.2653590561797243
-1.5044540866911924,2.808958308022953
-0.9214379842723404,1.4228421440997312
-3.032783064892058,0.9418058436716553
-1.2174542886195696,-2.555765910549628
-0.47740905515983045,-3.569601190125818
-1.290657647469769,-1.2544917416678267
0.9130823907015448,1.1885642603737165
-1.1174256175215342,-2.178382521426019
1.6061684393158127,-3.0808621375360663
1.2145746045731158,-2.796927221824039
-0.9806621891726469,3.0837738367622602
-2.8713767726019293,-2.0033330367052513
-2.489561243695341,-1.2727866196496025
0.9045412101006809,-1.3055091165907446
-2.9311926952570078,1.3684248292473529
2.8612857992507257,1.0472150178832629
2.953277725406895,0.2811805322965337
2.4566676025590786,0.6471654211087956
2.789395394857378,-2.9613308924616226
-0.9969657781654108,1.026795704357658
-1.1347492080527775,-0.8158810904948954
-0.0216059019183833,-0.47884624004147536
-2.519645392716207,2.2729288617530967
2.645148673646963,2.7418054146176165
1.056080567209711,-1.180027672607547
0.5963562506428369,-2.910180810881336
-1.5487895183820766,-2.9874479173354067
-1.0853991915482344,0.600434942657897
0.9223624570287395,-2.9913198178017346
-1.0861107245154868,-3.133843720579744
1.8524790425915765,-1.0947611143386542
-1.52777737452598,2.9391158300486446
-2.0919746951528273,-0.8572683956416888
2.337492930536038,2.0001079189352224
-1.2598680105756115,-2.901245813613246
-3.259396335643221,-2.8885494564916314
-0.3916373992272894,-0.8084561603642991
2.291151251549327,2.2443508262243
1.3121942557053696,-0.46944431242770746
0.4859644063007432,2.3375324471098162
-2.5723961652479983,1.28223829086151
-2.4706010150701596,-2.659244366831079
-2.3720588121626736,-1.0599899423324546
2.783477423228657,-2.7741877815527785
-0.9636124255735715,-0.7691800783953935
2.3990762703104798,2.7873298019813237
-2.782400595739219,-1.073169946694008
1.7081752618015593,-3.1346124885384783
0.8688216827399599,-1.371757401250151
-1.7383994706429515,3.0266300512117916
-1.1497597882696056,-0.653563839044847
-0.7129778897535813,0.8803138802725811
3.113784463373485,0.6779081657324245
2.627404612219393,-3.369642851530538
-2.5590400171957626,0.9568112018350643
0.7506959776003609,-0.3319576597886328
2.5578124328358967,-1.1847538346137614
2.8280512148514303,-3.4105891185666315
1.0739812118273848,2.9731722606603825
-0.932702411019755,1.405250444567107
2.645466901282035,-3.213550139249815
-1.47679340883151,-1.070114438272301
-2.168330821394436,-0.7198554666596266
2.7247975031817306,-1.1997521080679365
0.6858766929477169,-1.1049950506945516
-3.069226443025698,3.0966824790848144
1.452027491817589,-2.8636049992355876
0.6345627030612297,3.1118919832429675
-1.4185163440220012,-0.921261460318092
-0.19114578687932868,0.8407460896434011
2.775938421056624,0.6850958769368017
-1.9847674621218845,2.8250844417616903
3.0988359664964773,-2.792524812063469
-0.9216694722272658,-0.9449564523615792
2.9255973741297105,-0.8430733169221628
-3.120787970935394,1.307157506311926
0.9866131275563242,0.5357726119818508
-2.515420358012857,2.8660402232668543
0.9062713364794934,-2.926558145250792
-2.9017942085009847,0.655985269141823
2.6806432212864664,0.6321435377526634
3.3186337368085836,-2.8215485737412744
-1.3948721993302193,0.43937305834689194
2.8591752436632185,2.451962068741951
-0.37497558655089464,-2.7731030887450387
3.2818698806929576,-2.694467185891211
3.2840816163540674,-2.6529767054412026
3.6485545395881838,-1.0722737756504523
0.45005326733689477,1.0349246746650522
-1.3013676347319327,0.9525373723738318
2.8580302021002355,0.03799388622748932
2.3311640543671253,-0.9209662871117896
0.8063326113428112,0.46542037804148645
-3.194391216998326,-2.438332268539354
-0.6987331431097507,0.9514578280237759
-0.9973563632989141,-0.4820294001518172
0.9569836146502141,0.9367171632101576
-2.258284227900541,-0.8011534117381169
-1.0353682479015294,-0.730981256712842
2.5170228271532076,1.3251262313814696
-1.44037074108347,3.1490848263637123
1.9418879016540522,2.6022696869652826
2.6394335993852285,3.1150537140933348
1.2553052485761038,3.060785858317962
0.43248686141482456,2.718404554784235
4.173503149767044,1.1653078422193572
-0.705868509853545,0.4834148328328533
0.9833541453828729,2.6449243970047034
-1.653703699759674,2.369483196265626
-1.0126399463226166,-0.1827284144685977
1.3190826049228526,-2.392983089040263
-2.614146615674531,-2.7512133247345982
0.01663005386465488,-0.5294387927352321
3.088278855145192,0.9182715051910989
-0.7399765127923551,-2.525094782780942
3.177509151610549,0.7188968727323986
3.1279811174512466,0.597223778668041
1.3015942636012208,-2.5215573930225403
3.3558944274550337,-2.541990335592853
2.723636729802367,1.9568865006608682
0.7905753757318186,-0.7815878948337297
-3.0184818211165965,-0.23301864385464446
-1.131416209011922,-1.2454980518021384
-0.7158475936868377,-2.627298720166638
0.6257671644533864,-0.2752484463005805
1.1015110133385548,0.9698401874018472
3.4581260276716406,2.474775853068227
-2.514251042846037,3.096107292996734
3.797883967172276,-3.1896279184332244
1.9297087881469528,-2.373553532511698
-0.2743588253208522,2.861372271512608
-0.5545510585619366,-1.321901046415597
2.8496271676612093,-1.282393449555215
-3.0641701820222034,-0.48272729981572615
2.550780130300722,0.6546435907986845
-3.3257780236924623,-2.459864290973022
2.0569512136219195,2.6264280412476304
2.829916255852821,-3.03340027594444
-0.5382539568754514,1.3086812591701174
3.6416148768104715,-2.565185673110062
-0.40090425859047363,-1.9314874190231728
-0.826309454080024,0.8275446436806032
1.2479084033345187,1.2756627103158689
-1.0280662681376527,-2.876918449243224
-2.1245219949128256,-1.5336898818973346
-3.0423948037171504,0.9651804877798157
1.5559919466202856,-2.9859322798226704
3.2902008574945336,-2.6790585863544747
1.1935288115821725,2.769799297128096
-0.7233283365185282,-0.5157022942222115
-0.981138113681994,-2.933203500495894
1.1723604742961473,2.567957279972557
3.47077067214777,2.8740623452507474
0.791250420668484,-0.7960670610944163
-1.0455179995050434,-2.9148473288215917
-0.9680792640407104,-0.6945586637990794
2.813197812374641,-1.4146689517790996
0.6361340769578168,1.4426071748422682
-0.938934431964408,2.684721170463421
-0.9649171437687842,2.6978943028084466
1.0163475780563123,-2.338203890694583
-0.862334912541218,2.7219505481492847
3.556888556653662,-0.7393148752177097
-0.18769955138204095,-2.7682387780397937
-0.9569359611195449,-2.9176438541916303
-2.5828090332475266,-3.0373762011141117
2.6051312881533737,-3.0080573623842004
2.6848115835767747,0.8264480983026523
-1.0680901533123492,2.9726959022201322
1.4245261171090235,-0.3944273623227416
-3.121182985318051,3.266342131101459
1.9082829843994034,0.7660942379576223
3.1965882445990514,2.134802452885577
2.8907483515630603,3.2115585131604916
2.6147082235032864,-0.9971549465781143
-1.1938656456569257,3.0707225390492363
-2.547193578251935,-3.1081733925937267
-2.544728620971855,-0.8777303624349417
1.1811580141995761,2.5930384871718832
0.7312354662224498,2.7609153612947335
0.6834428090754191,2.938168330907157
-2.616699458316851,-0.2902311388209728
0.3899480095465721,-0.7906429934508794
-0.8440404246999754,-2.797416849302839
-1.0079791639100484,1.215159393789814
2.7754791960851923,1.0278461269546229
2.8563378961093373,3.046136061990985
-0.6900741191863061,-0.49497077520669147
-1.1740238342097287,-3.3075042119717644
2.81510626052151,-0.9739631530716907
-0.785637229840114,-0.8634068835803593
3.144438914768635,0.8303146656907411
2.527758606588539,-3.4920711766295374
-1.5745640262977365,0.6033180010172232
0.8092362610323657,2.81386447103783
3.5599534747348485,-2.97568945487043
1.2541549397604217,2.804457573832997
-2.6751267845276057,2.7544645090473208
-1.2995350122724176,1.6190095429510716
-0.8072153639163443,-2.386823473561062
-1.0407161291731815,-3.350424390763818
-0.7095106205925389,2.8407035409187835
0.9141079977341113,-2.712599223731657
-2.8831527437929165,3.072842296256035
3.4426234107608393,-3.4475246802408486
0.5592990318854032,-2.6611770837235067
3.0825588984347774,2.44945315866625
1.504788758117734,2.1972990012825835
0.003195653147605302,2.045211593192784
-2.527805803662209,-2.314415868656258
-2.6778709355482966,2.9755386803037487
0.7298792295120905,0.9767728117392817
3.1417238769839826,-1.403814465074089
-3.5633263540259095,1.2471035856712889
3.833503676952288,-2.6012672933251744
-1.8235517430712038,1.2495878344924625
2.8416455702746726,-2.602736827649088
1.1642617023581963,-2.427826265749787
-2.3593059088608084,-2.6186510061130757
2.205726587924987,-1.5007554416208486
-1.0344935281506156,-1.324528643462169
-1.3573173506464564,-0.4249118591298579
3.2138260411459223,-2.930929239456724
-2.9676856370456957,3.116791489479333
-1.1055156704042035,-3.28575492197782
3.1478823576247237,-0.9124058809836072
1.0640770337489238,-3.116375622024289
-3.200019053555779,2.4068841369368648
-2.4393320490410515,-2.6494898830912894
1.4856387390358856,2.622567052431879
0.5872684877900746,1.220851580357954
-1.2092791283434159,0.40999885442842127
1.107555066788168,-2.8517080054677164
0.5075768608693516,1.2856310995761833
3.7220983926409485,-0.9267331019489133
2.467358661834428,-1.546220235262822
1.4649923910823688,-0.751104497153978
2.151722271180546,0.40937128716730053
3.0066503565387306,3.29209509768149
1.1234161352879632,-2.6358058452554296
1.5759548482782557,-2.662279451286706
2.689156679556224,2.7031695040421977
0.693329623349893,-0.8869891448788431
-2.9784974476469865,-0.5599043635420299
1.224542764427931,0.8858248304499713
2.5808952589415317,-0.11166729008104473
3.0395262496884548,2.9007238113584717
-3.2000515229858917,3.07175887991534
2.7201729833504946,2.309975103066311
0.8304103750064126,2.054958349183532
3.489238914039713,1.8818247157864276
3.474396200671791,-0.6073619323034605
-0.675006874122606,-0.8000633036079393
0.8443426311131453,-0.6286637998070923
-2.5949270421855766,1.1862588284360371
-2.8786044544418687,1.3749873571610511
0.48927121247900146,2.240510353172785
2.9370179324257464,0.6952825236984399
1.5975803684548089,1.3919681636237076
-1.1627473133418957,-2.275118937283119
-0.792409759956816,2.7878406310772803
1.0729919012857014,2.630452247111609
1.7884592460067947,-1.118664543099745
-0.8822503228574338,-0.8815062206671994
-0.9356788091614435,0.6111869519499357
-2.823604620444503,3.221429615468566
-2.722328077915547,1.1068546275744213
2.7038338265873687,-2.5221711968524536
-2.785361563140778,1.3682466929226038
1.4856463946280676,-2.0219792430148105
-0.7171507447987032,0.799886353394634
-1.2353380768369433,3.4242094418380282
-0.9204845692810333,-2.310842467052778
1.5557710876107533,-2.513115729097296
2.5706925350813026,2.814983410649188
2.564573305925801,2.6225379729724785
-0.30930321071188355,0.699392167159891
0.9900412381827095,0.9505509429129391
3.442846893111128,0.4705616406885356
3.2013904562540696,-0.62052784479364
-2.43333681623048,2.9855085849821807
0.8373214775718711,1.076211111136384
-2.497782030533037,2.63005235131452
2.343603943918532,2.1920634658373355
-2.5497883807472412,3.2004864481425415
-1.0822045885490845,2.7512605277608513
-2.6281305636784156,-2.591622161283332
-2.850638014651626,1.2876451487540144
-2.4543606448268154,1.4322689342245267
2.7886443304678163,-0.8584716735704024
-1.2625088624350753,1.6471326959929058
0.8192918159534626,1.1474016754859429
2.3137169442341583,2.8557217853128143
-3.2026433203807905,1.1100523653770464
2.764590586310223,-2.363539020931908
-2.4449468691147227,-2.917488453987991
0.8072945131649065,2.7166269859364967
-0.9278273741190705,3.062364405587881
-1.1199556440049774,2.471660060004908
-2.3939225513879454,1.5183345071347167
1.3448583101274285,-2.734891203717839
3.2095015405431586,-2.7721061378861873
2.554197228306922,-0.6736696966963273
-2.4138336140253576,0.85856906548419
-1.8653313734668022,-3.558464568305151
2.522191413672469,-1.5276474268942484
-1.0472444160330976,-2.5373886231108083
0.2331456581573864,2.8846904964229574
-2.8375004283351166,-2.519889425602308
1.0353891065174532,0.04090143956177135
2.4667996116124913,-1.2098809613744363
-1.6653809753760382,-0.8808475793840674
-0.8736885058071356,-0.813324291360423
2.571049781507439,-0.5308275406546483
-2.3527537679757007,1.7398336655654814
2.6406081916834756,-3.0539809831029063
0.8083697369056296,0.34374649900817233
-0.7418152426470257,1.087854684864398
3.1692485561595727,-1.5173071105583342
-1.137471046947847,1.8827224890489838
-2.7357720912501553,-3.2409077535497293
0.747693338403726,2.9714124769434784
2.7457462536496684,-3.193962136591997
2.1431981585852475,0.8438285986123304
-0.672928642297031,-0.7220105426960262
1.013600422308869,-1.4801305918958532
-3.0142664008759743,3.7965652589489514
1.1726100127643948,-3.1787760708514465
2.6700482125490703,0.21132513936113212
2.263221278943822,-0.6106831533018088
2.292902067490616,2.9152430033494725
0.7633896090666796,2.9243748063551855
-2.8144326587322355,3.207091003861083
0.4117555539300994,2.7686821357245517
-2.9710713604174197,-0.23418980879183054
-2.1945096813809877,-3.221175796907929
-0.8064829498694591,-2.957868016296184
0.39337702457363105,0.762942051473202
-1.1936990074088978,1.512131761080252
-1.6608434348953924,1.2075249032639914
-1.3597360714491349,2.5944975223383824
-1.165435638148686,2.937156513668538
-1.202011915591425,2.89035764473664
-2.87310024610192,2.311210368679893
1.0758428748499365,2.625708250774305
2.399634194031016,0.46794545636355545
-3.4421760245168107,3.1310250996127587
-0.1418495188555736,-3.2204208206536578
2.7623817085526987,-3.802321746679767
-1.3342132184359714,-0.6164029226046677
1.256116913077505,-3.146876838258955
-0.6994852252874159,-2.6292348935289827
-1.2174300085134102,1.0320700468803325
2.5466107912653686,2.7778130095771703
-3.3558552661921857,3.443882477155898
-1.9687458210835107,-0.5792089568172135
2.6685348016355794,-0.5320596542465672
-0.7265140284893552,-1.4879767760154918
-3.0145864808962344,-2.0968605482785607
-1.9937117005896823,-3.2838193244790186
2.5443956857992145,2.684281763790452
-0.39537453482012597,-2.9247850029752387
-2.531548857630815,0.6585942245734551
-3.2458463505618256,1.3216499854885828
-0.4512446756838139,-2.51794177288429
0.5698113711331583,2.308521499088126
0.7113537421603594,2.3475882895656106
-1.0955117108512755,3.176636646664566
-1.459109348882592,0.3891720912261541
-2.095389456299971,0.0009374516406696564
0.1744691880168593,0.8822431016749288
-0.9096251962348183,-2.4846239475149026
-0.8598507506840609,-0.7550142182870813
-1.1989017808237041,2.7662569106516495
-0.8723266357813734,0.7438775029646921
3.102592387623506,-0.7185925893291656
-3.283637040649269,-2.792328189765667
-2.530874321527156,1.5390713523515136
3.039043643632824,0.7448820458895092
1.2986593928540358,-2.5266551054751267
-3.271359121703185,0.9336769500482953
1.0622003182524382,-0.9941846853158953
0.9713124109145619,-3.546925057012963
0.5067837937826332,1.1483952302925136
-1.051645184698802,3.2095546265121526
-0.7094848383365517,-2.4989329261973525
0.9695978610480225,-2.5018153392452436
-0.8116069367409982,1.2317483287491264
0.8079930330002585,2.222017197277519
0.8127720619044653,-2.210894889637559
-3.014019370157776,-1.3974560092384092
2.9565962780798514,-1.4861866703576967
2.934871763492486,-3.1733702891849918
0.5193273508533665,-1.0370040707719594
-0.5715142510723359,-1.1534263044946171
0.942661022168121,0.5564932205818885
-3.1820614859745384,-0.8367051674014163
-0.867033818217149,-0.31417365947223214
-3.4592937415050025,0.8415737066981511
-0.14915372329776014,-2.3611334732104243
3.638951824863253,-1.1344026430627598
-1.6021959912184034,-0.485045805888262
-1.2670153638092994,-1.326235956238613
-1.9956257356144504,1.1911112801034125
-3.0934229879049537,-1.4808889572512691
3.279233976204289,3.3519212980777806
-1.1877184835332601,-2.8535586224680993
0.6366167241966276,-1.374421031025708
0.0274199526019412,2.427321237280712
1.0547081982480473,0.7334623575549035
2.9459519685498963,-3.2790564755144906
-2.9688295780263103,-3.1304843272903065
0.9855730778756188,1.5594612692698449
2.251969531011064,-3.179117224415505
3.050167758204244,3.1921883802778526
2.6542483458506063,-3.018375743523022
2.864911525342103,-3.210745684369186
-0.9592591808908079,-3.1388751493716915
2.885423076696873,-3.100086965291862
-2.273318830528454,-2.684195372096819
-2.4292546422672916,-1.116781420046972
0.5359906340139303,1.0109152446681708
-1.453012538953037,-2.99298053500589
-2.5079913759933032,-0.90472698282656
3.4020461526915833,1.0487115689440778
1.3707607840817992,-2.7154781276637476
-2.5847455428212864,-0.04999926297011949
3.4036256968234975,-2.8786103577129203
-2.9826523050807356,-3.0765517360874353
1.237312075375422,-2.5491590149480996
-0.9936459933804747,-1.60183041551087
-1.1318496442003805,0.5306300698972454
0.4938623898586108,-0.9999378930360875
-0.6529762684242251,2.8214466848668325
3.088517475741449,-0.982440179575988
2.0378055958264114,-1.3683974038104714
-2.7550197562769596,-2.23658618970306
2.3449089116899033,-3.391011351560349
-2.500305302317167,2.709799860499936
0.8328995399215572,-3.1346375825014015
-0.8967045191984345,-1.3430429493766165
-2.504799219072155,0.8605479725550313
-0.4421371016426618,0.41646990883800866
-2.649005843079317,-0.48735214252881104
3.02301917912264,0.4735218978679503
2.4438649867076943,-0.7295595545184492
-2.356087164607202,1.1285449072104747
-2.4186039493831357,-0.6357940762851426
3.0997372318800926,-1.6203625675487114
0.7989200086023298,-0.8542559045756797
-0.8416687218903305,0.6422633060761697
0.5299152414457416,1.7163531292418277
3.112080906516238,-3.2249749872185616
-2.2185704660369656,-0.39124512408684237
2.70352175149827,0.634490371106787
-2.8719592888268037,-0.2933351755018767
2.128320555674514,1.889270135344199
-2.8754312758286513,1.2065570907033925
-2.3724684553225015,-0.5782203683298506
-1.2941330719852373,2.4869123785776703
-1.0797253192928271,1.4418065589886326
-2.356467959135339,-3.058873688953176
-1.125384912029357,1.098037805957109
-2.1774678705289525,-2.8716625305153447
-3.5384622105908465,3.4879460000745284
-0.7898359985739166,-0.681374337502885
2.2991632163496156,1.9192984658040233
-2.6013881519622926,3.028821777626554
-2.0738911914563616,-0.6457078438110536
0.8133502892604607,1.2200532903597434
2.571840731668535,-0.5451707968344144
1.1332269863391333,-1.3304528302551992
-3.041474096400293,0.9006522518973685
-2.6202888594225238,-0.1698558363996308
-0.9042555445582321,-1.3790990412317492
-2.4383481363146076,0.9083009302755523
3.2593636565823996,-3.7461642830941275
1.2480952522862576,-0.6538545944255353
2.4962655371655345,-0.7065186971101683
2.563887821600468,2.7987565572592796
-1.3667622387623306,-0.5426882561547974
-1.789128202791984,-2.6972673417882644
2.6062995422686397,-3.136757358386943
3.334357777013929,-0.9112740923357718
-3.6295751114561194,-1.0716994895871907
3.2124325208701396,-1.3178515231073262
0.3637323753593161,3.287573758582842
-0.4887597312524143,-2.529224041168507
-2.8782323157221943,-2.8299850985918398
1.4643057863309685,-2.478739215671301
0.34634221781745494,2.1928901718058005
-1.3870349680549199,2.7196748640822714
3.521141508332429,-2.6714133659678523
-2.4201107786687057,1.015268839433435
-0.4486987824526922,-2.205344182777331
2.7336293258613895,-0.9685798290099447
-2.690898933917933,-0.6986024942503154
-1.2540698674166244,3.0274170760030574
1.0096446469090394,-0.8130467879810545
2.0780170929335173,-3.149707825137964
0.450513517862441,3.0813404191869926
-3.1789647593667185,-0.39439314121004326
1.1545835292767164,3.0058339296094374
-1.6363163159517757,2.506177142341925
2.839533125205889,2.40606839065751
0.8365870421062891,1.0335197749852367
2.9957171941835496,0.7207333852557513
0.5552242670894343,-0.9967618361269115
-2.979989455959115,2.677180307911733
0.5838478734595746,-2.7551763424641416
-3.1283650262988436,-0.4754594411759306
3.3338548764475977,3.140107672799131
-3.077990512915246,-3.277803487127336
-1.1906974123013208,2.734662206144617
-1.6053506902848638,-0.8376079186609134
1.6738941079127316,-0.8820015589932825
0.9371694929034872,3.0588710130814896
-0.601447539709187,-2.673765056455103
2.752727076908436,0.5629613215965235
-2.4687904192775103,-0.2948170725584679
-2.453435980231359,-2.4155150229430893
-0.9073056552525558,-2.971818736549426
2.6814735518531365,-1.4318921835721854
-2.9410395542477707,-0.5875689217375002
-2.466887059200052,-2.9587062790324383
-2.892907546452801,1.3700735698132873
-2.620987977504537,-2.477380278184213
1.1217413524624311,3.05102724616182
-2.9713680988072313,2.813437064183501
-0.6996190155727035,2.063311048652583
2.8375916292177745,2.479508466339973
-0.8365397689123485,0.9586294838917434
-0.757001373039169,-2.7149274765221088
-2.7872888656383665,-2.144026638615396
-2.3341267036965805,0.7444611699069199
-3.4319810373792747,2.676927797762737
1.1334173357303134,-2.235114219455969
-1.064782763747875,-1.5719455122943424
2.7116008043663276,3.167427411302561
-3.312804832233551,1.1018116451208553
-1.0839594845810712,-0.6163923774374658
-3.600132264990279,2.1723310179862683
2.120767432798259,1.5652617943062315
3.1140723853242114,-2.532862330308127
-2.361269575852929,0.5495693318987827
1.651859194809362,2.119178826982355
-1.0174108754762956,-0.638823859451326
0.7123179093034921,1.1454477404086447
2.9545180662802384,2.8237309436615745
-1.456935894877196,-0.7869627952763676
-2.9052770633426013,0.7940934414245033
-0.39804741476146577,1.4318039801215
2.943403864355457,2.1487743148687293
-0.5426793748572718,2.742887819074403
-1.3260089296018203,1.9442101605540394
0.2897595247357393,1.7414274576589843
0.7810801987358169,-0.00220958422619744
1.0677817371286789,3.1456045232350025
-2.4368082942061995,-1.5388781770837956
2.6251724490908557,1.5978106688253781
-2.962074708428831,-2.312664583504412
2.64719143668617,0.440924923050053
-2.9034135536363226,-0.12272354730662373
-0.6557505812432196,-0.9159873515067433
0.7870484749166399,-3.19570894800047
1.3356815145213496,2.73451560008781
3.1389708153437517,-2.8831304773117132
0.4483231015104497,-0.9583617190149663
-1.06841318394574,3.086509926791421
-1.777474000369067,0.8709297713427825
1.3836394476221723,-0.22862002664563105
2.288524228665649,0.18926163959339884
-2.007932573776196,3.215312867898073
-2.972685798655754,-1.1561091648244988
-2.9966660407697496,-0.9428636192603296
1.083631379317897,1.3134262116593183
-2.723333784279794,-3.310090375352394
-0.5895960953005684,2.5335738081915573
2.4314862884817607,0.9120966974813322
2.550887717484661,1.2726626780243278
1.1676178528395216,-1.0197758841997528
-2.3983226121700065,-0.9734971187375712
0.7692971843899585,-2.940353949598843
0.8930699379436156,1.149556546192078
-1.0046613875136463,-3.6377893671047814
-2.8026813891689266,1.2629981272193147
-2.015364168613384,-2.7996839568309735
3.1728594907488055,1.5588809656920863
-2.873075428961538,2.7308214596141136
3.2322578563493485,-1.082040311528821
-1.3923756008482746,-0.4444699527671612
-2.255108555451628,1.201119925273488
0.9716906161311507,2.3937567675680906
1.3206890107669416,1.004284280083978
2.253567551772075,2.6195657168865596
0.5672776953696314,2.0175871602992297
0.6309840562159504,0.30656676184910625
-1.2023367575789676,2.7611971781196805
1.2391726989539056,-2.913930149914847
-2.985485597590381,1.597958185383507
-1.1970608587879916,-3.153349597652056
-1.1662218358427354,0.8176235253444317
0.3008435672700436,2.4254922788730715
-0.40024336871495514,0.8126638191733055
2.490825057962021,-1.015668585385979
0.596080320415573,2.5502941011357594
-3.059897522397454,3.595963854610631
3.0328726692273977,2.489152109637605
-1.0312735263194528,3.2427336330707597
0.21486397642325045,2.4549691943332435
2.116871512683241,2.8297722843596262
0.7625796198994987,-1.4005797119731904
2.158802732422936,-0.8165080970758426
-3.1958041750036785,0.5860066979251761
1.2512736401714066,-0.7719397019667185
3.0505200205821454,-3.5286289421826296
0.7708906702355003,2.6499807075836785
1.8285469760476107,3.0222126553345734
-0.722941730388671,-0.4189175105177397
-3.7954199063394953,2.2967394700207233
2.839974510849713,-2.793800336584506
-2.3807094594962552,-1.2227360861454313
-3.042935637922785,1.2191021134297773
2.559940043673663,-1.1355846099922156
-0.758823380177242,-3.071113622086702
-1.029067466153843,-2.739565264240727
-2.6531079408715903,3.2479620620900036
-0.9877294113741524,3.015516336857883
-2.6637869791357756,3.245374129648669
-0.2898471708731998,0.7302702727939809
-2.6772543906938546,1.202727084102194
-3.326757249970007,-1.849554836684798
-0.43651550124063826,-2.827486342143599
2.9698598380451107,-2.6667826675056343
-1.2897018504719144,-0.9101054579968816
-1.0107896877270244,3.907287979692743
3.0609129260761465,-1.1311751644236003
1.0640542561921467,0.7646119734263179
-3.078817053314883,2.5543148432482967
3.1045927811752665,-0.9855868811400179
0.7767183657839876,2.6702824951906265
-3.098543372656101,-0.020095393273407702
-1.017391662734338,-2.945485358057143
0.9209999979954739,-0.9544897673441266
2.3878131332525454,-3.1664720034893192
-2.6701057809936604,2.860037514905181
-1.0905313821130227,0.6122765718442715
3.048826287488567,0.9624307313042134
0.7973818169266933,1.1864017102075142
-0.737118588566722,-2.5114703442082607
0.8632818732905668,2.5863634708934846
-0.5243985301458595,-2.3718160849752823
0.5720191424025594,-0.6928823365031739
-0.7277573416493696,-2.5827068104045035
2.3882036339085326,-0.13945218266664638
1.0934904794792217,1.450853379134503
-2.2947594991001545,-3.0265468783714415
1.1354467632915972,-2.9390951799682075
-2.717013387310496,-2.4243134680112997
1.413191151637008,-0.6466494495062209
0.6699942407783793,0.8966851660382426
0.7313062132908739,-1.4287053404149392
-3.308809694279197,-0.6708144203918672
0.7668195958964943,-1.0386282008380567
0.8627861757587734,2.183712114936778
0.7982246716016814,2.3479824732231984
-0.8097586331008504,2.588994589362708
-1.1642327835289845,0.8399301424281884
-1.7675000791698707,-1.02945653391641
2.6008105145606057,2.4823613312280024
1.2491557071896506,1.1007944421351514
-3.0312585356638118,-2.8034057553027947
2.660860216728691,2.5887574624128193
2.6980683194599324,-2.334903977773561
-2.760012561988377,-3.0742579695239276
0.9746740985834309,-0.9047000488707057
-2.8137430544098776,-2.365311231366244
-3.158789909645268,-0.7442097483972198
-2.9780980204305885,-2.7223671223633845
1.2514309830111001,-2.6218488322425544
1.1011542795901919,1.0473439015730317
-3.2534963954363723,-2.0401018065995276
2.937463561077149,0.8897111654021957
-2.4814513477633358,1.2455944330611939
-1.3929173991319983,2.737298046801664
3.2738593779902136,-1.9519850254131617
-1.1290037086861455,-3.1222293256329006
-1.4391556841551547,2.1475656446181053
-1.3912858869100442,2.381867723864145
-2.3401292289235323,3.0243548588371754
-2.495326323801041,-1.088875470954381
-2.512224797861937,1.582420241346032
0.7154814600804332,-0.8490699400947339
2.2031242974775185,-3.376560445936405
-2.9484935552669485,-2.81502725107763
-3.538312124857798,2.4311956433823245
2.443507369157712,-3.385883636878012
0.3528839528882417,-1.2763572813423476
-3.1125806378033043,1.2634926608894335
-0.6761416472166563,3.1579661369808196
-1.2466710251188604,-3.008562323615797
0.6238278820605627,-2.832071157778033
-1.0160718445902015,2.7701443878980134
-0.9918610781344283,-2.5787812275873225
2.926795826756211,-1.648742858220783
2.5127554098201506,1.9567123837241807
1.4050975411553497,-1.181048030388602
-3.214614463173158,1.6825248204912227
-2.560676481734373,1.0882760871505415
3.3225856229951467,-2.745151896692922
1.5224104092223452,-2.892117270655526
0.3162031147265811,0.7036234033281527
-1.2549477093736137,0.3507020033408393
2.7450232961576995,0.35645206793123313
-2.623523395699707,1.2662448358184943
-2.4935229308586067,-2.863838088702439
-2.629545349872565,1.1825460408975488
-1.2539096770422113,3.0786104432928143
2.869785988127506,-1.360689705593758
0.5093564986594143,2.7876645910455107
0.8990786323156005,2.5702290748622256
2.8298723386318096,3.1967655644900956
-1.3317583861533575,0.8472651239599192
0.771708080645435,0.7108858854450956
0.412615894410073,2.850019996520194
-3.0002657788129943,-2.5172634390456836
-0.556313595442889,-2.4537198725459644
0.6550492958460581,-1.4652498312968905
-1.7327128453961875,2.9324572565672953
-2.6803213420250342,-0.18722109658622607
-0.7149052917469907,2.8945401224934044
2.30674174058041,-1.2100458496388868
1.6987838239465671,-1.4733163754387533
-1.5331784949007743,-0.6571341043219882
1.2784985295426115,-0.5932411664551114
2.4356021422094205,2.8016133970545503
0.8906254314438882,1.149051721870156
-2.815070336890971,2.531374718913735
-2.528324438343574,2.3149455611228014
0.07569769304692558,3.1201893661583027
-2.926548292015419,-0.6115395542255072
0.9053404281551393,-2.997230374358485
-1.1069264608816576,2.426979956915304
-3.745459368054451,2.8422935428601828
-1.1101966324385455,-0.8530054063705281
3.3368053201844514,0.894159290792959
3.380486566674859,-2.3514382238472202
0.8031428311879505,2.443652773460454
2.8105031726706544,3.1481449947781073
-2.9152585379328424,2.3431660671685983
-2.3377960880362267,1.9720968789928985
0.16930294806010251,0.7173619064465113
-1.3284557872109144,1.7504554963164465
3.0713587514131393,-1.5419505362603072
0.9688147394919749,-0.4578132160281802
-0.6955519203898286,-2.8282152358468515
1.1685301858019324,1.5781680483599845
0.974796290389899,-1.1941736253550967
-2.6677326941246036,1.2554847222086731
-1.1246972954764152,1.4809708913319126
2.701449035926628,1.0406492179452391
-3.140070764659509,3.7875610006755323
-2.8012726589788906,3.006575259370484
3.0487058568624237,0.7137557755961869
1.2627309890921437,-2.264525411607874
0.44588206178147055,2.570747784458576
-2.953165330401641,-1.8173833473998355
2.6331856279342754,0.21317021827016688
-1.0319174559625361,0.9894978084157193
3.0659517633158715,-3.1061721542579526
-2.458363747655824,1.1090005378964776
2.829964034305416,-3.169731637229582
0.4975743895543198,0.9727145982916625
1.4055755182396252,-0.08029020689490284
0.8468317281959911,-0.7734131118606864
2.3166003887339532,2.9082138845194216
2.6697319448528045,2.065732598576569
0.9070671567241075,1.3859202033543843
3.4141509071080978,-2.9757571288219364
-1.119140168231289,1.3708462695060746
3.2183241778418727,0.5699059966737862
-1.2109136129059044,-2.4797010190918827
-2.869318347597033,3.0197741888022454
-0.835325116348087,-0.8698513672342413
1.2447862339030709,-0.8850985874414712
-1.0858785915991056,-0.13059628623046227
-2.7357888745251344,1.1358239802853194
2.3003398816632847,1.1097078923012411
-1.519264002816542,2.826677479213424
-0.38755439398108804,-0.6899026784732745
-2.6947600444306814,-2.4492669219523115
-2.9895631286440896,1.4246441199084627
-2.672661738268295,0.9609207397227666
3.319510399865451,0.31923681758950356
2.2686081419337873,2.948925479351732
1.272918464829461,-2.565405496630925
0.9862442756261407,2.305339887397303
-0.6797905404400963,2.8317467267028507
0.5220546879682366,-1.1307170924387802
-3.3008893037932974,2.9773022613533526
1.047282142950948,-3.100683070985931
2.5530943403870654,3.020047024177422
-0.3417856382292363,-0.8441711340827381
-3.252973215037217,3.142429232073646
-2.797501809671877,2.092581172569845
3.191994665093224,-2.152496869973777
-1.1250683748210204,-0.9918280624158612
1.0132522387625946,2.904642308799046
-2.6758783092455953,0.9907923773883334
3.4522292698421704,1.258529568962768
2.7206740042719475,1.2480557729299924
-2.200944397658134,1.1377222770395838
0.5978873380739107,-3.2757029951700862
1.2039348733037298,2.7016305580635693
0.38237579220467804,0.9464501855416502
-1.0067765470182515,0.9538821673322198
1.0678242489649656,-1.7405365464169515
2.8431014396407823,2.006010214786102
-1.0021019758296341,2.8551475750038597
-1.0391754610274617,0.6038936491360155
1.0060356336346703,1.2667182167623463
0.7532057323409805,-3.1675936579262496
3.5899294273602362,2.3164022580134556
2.7555880228781686,0.9711703776568584
-2.501275149969921,-3.1876060160285626
-1.12098795362155,1.2361568368809335
-1.2335428147682908,2.960189519224955
-0.6631381154122419,2.559743664864664
1.2702009096649314,0.9319934877750191
-2.803745877496308,-0.17394698178491055
-0.9008686746036357,-3.1263344359997047
-0.9454567483840368,-0.8748015698127488
-1.082197838780476,-2.5499812695337196
-0.8363840513521194,2.7363678803874514
2.569649525515246,1.478498048885982
-3.444326441631878,2.340112344548652
-1.107547833251008,-1.9008036522673752
-1.7507296055169494,-2.403749758845689
-2.460514993000628,-0.6938722816235634
0.9246497524950021,2.928152761946871
-2.4218530410765973,-1.1841996035655356
2.6854077397679146,-3.050303020410304
-2.991741648718957,2.4966973147940617
1.0154474294468723,2.7688203039284107
-1.0361672857919755,0.7654338202662188
2.5354098655558746,-1.3832803515857939
0.8801088364538567,-3.283287583536273
1.570065545000485,-1.3908002509594608
1.24534319454693,3.606141223972863
0.9256543735561956,-0.9382121034742427
2.2935098020453695,2.8532183648753766
-2.9091750756023234,1.462413119303408
1.146726762864721,1.086656988490715
0.5085149857652022,-0.8769732152185074
2.9988059222456815,-3.4930932242972186
2.635695723570979,-0.730714429655141
-1.9308156097338427,-3.0471525578599112
-2.3914828214267403,2.617426502422246
-2.894563402623435,2.943156776950618
1.0506595850926068,-3.123886229700598
0.8971063496107197,-1.1225694253021907
-2.9809838846643975,-2.2637107718155067
-0.6230649954304944,0.43712136339648877
3.1646864202479086,-2.6889237000030097
-0.648081609580379,-2.9738974573969745
-3.3643883061166515,3.036797349559046
2.559879688950437,2.7537977916724503
-3.255371248079219,1.496800230717238
-2.9000049747985286,2.8567759064696596
-0.6658313504868084,2.237572215939678
3.0552902362367274,1.0244492160299754
2.9505855230543596,-1.1471732566945638
2.486356269827312,3.146622034430868
2.4954242242946365,3.039268502698008
0.7100771851569286,-2.452675291718006
-1.8521502910123533,-2.9749151231909594
0.7151900620913475,1.2867928607766859
-1.173408771179699,-3.7554510235293685
-0.9419694518280165,0.49343336763206697
3.398822349201189,-0.5682992396084234
2.3523826237870296,3.194817072484262
2.9467737399872287,-1.371642449448179
2.508351513548607,-1.74433721076023
3.193199367893769,-2.8047134549261292
-1.3050873170885227,-1.2125774204201154
1.0928231059845153,1.1749694430387343
-3.0669938496198603,3.011810799812572
2.810491327105219,2.194227949190003
2.1179973071344427,2.183226486514218
3.1078287611924824,-2.2672748900684074
-0.9510327205894561,-2.785766142389794
1.691792832679797,2.666728528560407
-1.6533009990486567,1.2624853084157082
1.0578918607287995,2.637198889496738
3.5571252716664463,-3.502298791869649
2.577724534941352,2.0107462465177175
-0.35455655877288805,-1.9703353674949033
0.7193158134866118,-0.571336978407752
2.8048189833679276,-1.2567897048385612
1.0268095663870096,0.9519035158973898
0.7936855522194621,-2.6622936924095666
-3.4539808987114826,1.4178013385122756
-2.5191258553394507,-2.234019773746519
1.1795236698529985,-1.3344573316607353
3.491195364016417,-2.721770637336797
1.5992222489436692,-3.1981791704685802
-2.6936462265661287,3.207559405861248
-1.7972750989026771,2.9419591905139355
-2.648774936176251,-2.091098020367614
-1.010336711976746,2.5148129351886506
1.3892287185646057,0.4605285070084882
-1.0184435285967743,-3.011531654072182
-2.5489826252599608,0.9508612307465517
-0.5956836091886538,-2.77546877971396
-1.0833549887386125,2.4752532881883833
0.5931485079600773,2.4583945527410975
-2.587064134846322,3.0947121184301563
-2.5904549214895147,-2.1847444459044536
-2.775498322756044,-2.4326433254763478
3.8150103621743994,0.9336752122140863
1.2910269354840798,-0.9555747919918304
0.9760553935761117,1.9233762044582527
-1.2752434998641753,3.0066677578397516
-2.902631717141705,-0.9664249710872995
1.0585849227909148,-0.6075433965417913
0.7320816087936045,-0.3409493740147969
0.9739019821130716,-2.9046625665594696
2.4949362435893763,0.5080113820192811
-2.51798092813574,-2.352039042851329
-2.807862030269075,2.7156601062377805
-0.49426391436791983,-1.06016457854721
0.6946870932781288,2.430126339243844
-1.5490877535629033,2.6871151232372865
-1.1843095828871184,-0.45682905236486726
-1.5686477732970914,-3.2275045559218865
-0.7216482422518847,0.697734891987904
-0.8634413980235371,1.1207631884960647
-1.71316007038458,2.1330964436763744
-0.9674615379924866,-1.7172446908476964
-2.1960688680633624,-2.5189327493769382
-2.8336666118277534,-0.38751193735209516
-3.1063526004994833,0.3128733276600957
-3.059538904564684,2.7835811004987745
2.8674109604944835,-2.6794543318568267
-0.28792933570518314,-2.9862289953716084
-1.1504024256253005,-2.6851700402586047
2.917647523718608,1.0237351667952082
2.5075583570047497,0.9668375345304294
-3.470071083723928,2.969495150318575
2.2679223596635127,0.9457480654225239
2.8444889673571763,-3.1185066484241446
2.4712999295507134,-3.379255624259709
-1.4820171647775648,2.9913426385260355
0.679822256590133,2.488591682048288
-2.6233110245626547,1.5970048640736731
-0.8751238740682036,-3.0268051584557627
-1.406707553762903,-1.9396400914849212
2.229876738674807,0.46123809266323085
-0.9463480792737469,-1.0138416719207102
3.317152339839769,-1.7716803541482793
-2.7735912063975934,-1.0216803790251316
-2.6800389798544444,-2.6031998248094324
-2.7898976275569707,-0.8658336983131256
2.8292015675074014,2.4217099292285966
-3.207987307240758,3.2063287461287344
-0.6605771264176875,2.2165581840507014
2.165209770551673,-0.42964480287620105
-0.5112908967572546,2.759184449958068
-0.9550339140108897,-0.2620851675939541
-1.0350584380419592,0.7867156830596855
2.5853325482430605,-2.4179313058682874
-0.5621422262272484,1.0901884001612054
3.066825725315381,-3.1316940926212635
2.651839745609151,2.279206265868899
0.26120880082571474,-2.6880231988632897
1.202451370405946,2.520315548884031
1.9413745760693524,-2.4469922102081596
-0.019727685681477054,-1.4249257379453875
2.8271832001353117,-0.8382526509377348
-1.200703951745031,2.418594485674828
-0.6183646384743793,2.9813919633669275
2.9180687431662977,-1.3308436988508783
0.2371443370471245,3.0528561874403866
0.447810573140006,0.8090237726976908
-1.0615836627669644,-1.3694546214566377
-2.4368699325048997,0.9139597568700736
-0.936014738182406,0.9549589004694694
-0.5943134205726696,0.691611791147446
2.167485728858201,2.3784686776098334
-3.098118088535583,0.9680278971317361
1.1256148870947706,2.8063062668403282
2.552407569229009,1.046472398246412
1.4811493447261075,-2.5290033393702287
-2.7498894437552144,0.33011741336308814
-0.8477345897157764,-1.0060614285436722
1.031863888239278,2.757137019279629
1.5018649961415413,-0.41623715664064437
-2.5690735430712066,-3.4145271284708474
1.21829011823954,-1.3304023611367046
0.731727960351562,-0.6737047412005974
2.9538893189292588,-2.9292297776745673
2.9599165068849422,0.68040583363787
-0.49552902416784605,-2.917937104189436
2.4224548109849025,-3.0688453206060595
-1.8905580562438324,3.1929803440695728
-0.8756023440181403,-2.816903467896451
1.2131482539431246,1.4872283002718636
0.9482651773375083,-2.8825288174438004
2.4079722781211306,2.8687056375381865
3.122557384714001,-1.0097537182274212
2.5606044907429917,-3.131801250438336
0.8453137361473987,3.2631408736125636
-2.011529124417454,-2.3269716789548878
3.211415040898483,-2.7292010683297185
-2.465220001205001,0.9117973103221744
2.5388435729849554,1.0273699649597643
-0.8669085610929361,1.1121858751305747
-1.0175915624786551,2.9625378860583593
0.7774353637699528,3.0809376750998325
-2.835874468752071,-2.274476205532704
-1.1289853664735345,1.3268695626866192
-2.800702631513744,3.474533111218268
-1.350435197998196,1.4825169509978964
-1.2825543024010357,0.6010250848088015
-0.5648964051588712,-3.1295871036673555
0.47233759019805716,2.828292539993896
1.0295722423175122,-1.1881681950619878
0.7865886621065052,1.2188713593339195
-3.2712020641139206,3.30320968243845
-2.7215753320839577,3.2853514295617647
-1.1204281049849165,1.406819462662849
1.5001042556111923,-0.821140775251848
-0.8061108231292992,-0.817182092539234
2.572313775048997,-2.8663734907326535
-3.048149255180352,2.4810317971127533
0.6172335365598675,2.673453548313058
-0.8344407644488804,2.861736915284993
-1.1824738363300276,-0.8869355976364915
-2.578484323282876,-2.1819872783928855
-3.0900587200489853,-2.251588405147877
0.3927019807711872,2.1623049079640233
3.489802176521978,0.9016729236697016
3.452922621781648,0.3143181527945004
0.5747646663456666,2.5923958919860124
-2.8572908906525587,1.53995382677494
-0.9449770973358893,1.6873962503198578
-0.8389459048268514,-2.99828630615304
-1.1765317651385925,-0.4611012854461668
3.0965119186389574,1.1459718286902745
1.0195746451736316,1.186766277269291
-2.8521293422627405,-0.8214412184240619
1.0782498605058337,2.776744178612787
0.4477934916623509,0.8307825508502186
-3.3204174125182395,3.277091509616834
-0.8337644329370741,-2.339114179096517
-1.0714272387827048,-0.9397406643393627
-3.020816704832909,2.4243210896509484
0.8467241718071884,-2.870960134354112
-0.6168945326871677,-1.0166691572631175
-2.4004089569359377,2.6391418849220845
-0.8760931323640256,-1.9759817807956161
3.699955228463095,-2.8789079864999874
2.2414429221124292,2.6800766972854864
-3.476140206819918,2.8303856876099616
0.7773013274585253,3.014740287431386
-0.22432616790583212,-2.1959352837648956
-2.6224454100827193,-2.746800594362825
-0.9665963613658898,2.863026882986293
2.7935874113558192,1.202007014165309
0.7330874321010104,1.0275376301779573
-2.3796474327329205,-0.7400409820117677
-0.48798535731395226,-0.9600936603440388
-2.775914268217845,-2.589267362057854
2.8683577625707857,-0.3493464992640209
2.5553399026357417,1.9586466734415287
2.7636675871067364,-3.437323842443353
-1.0850301775254463,-0.6473007172038703
-3.1334420748489533,1.1270932181936864
-0.4517954274092075,-2.156363520106502
-1.3285269394882746,1.4173169627818554
2.9060393606409587,-0.4061942334219407
-3.4677913544902688,-2.848480849429007
-2.4600820665214975,-0.07407648119101769
2.5267327367861183,2.7274189635657016
1.1861785698038927,-0.7181516070263677
-3.2497872417159184,-2.7432979837884806
3.116986053848742,-3.146020900368016
3.1912483711643613,1.155930887898038
-0.396391941742174,2.705583368333782
3.2012364595508305,2.8322587979801024
3.7827029707590056,1.5166013041295463
2.823913704191348,1.074024890364486
-2.481019718027841,-2.8324829564702694
0.35071774433646374,2.669953101898142
-1.287901659949348,-2.361481659806833
-1.3894033390652398,-0.64892133264126
3.034572093383397,-1.020804541468703
2.9162295282666557,2.4231391773736393
2.654007903083937,0.7938147496526322
0.6719273692341375,2.5105675768584206
1.1579953771661853,2.9438318480896903
-0.8707288355013172,2.73378962056178
0.6494895242526717,-3.149020799914533
-2.699030325087417,-0.7823707072744683
1.3753379460053041,0.9556700987248259
0.952575140643328,1.068965892749712
3.5771620272260285,-1.4633964307884293
-1.0296535988580737,-1.2298680143765868
-0.8451950141188421,0.6609820669532437
-2.4630381436345403,-2.8944363391932857
3.3959339580324333,0.8363676526372581
2.4714304448969,3.3077594386281475
-0.5769419815249601,2.417907763506423
-0.8040879368234018,1.0027779877943364
3.0044645665821648,-0.7822350627908358
0.9180405364071623,0.8176030180600631
-2.6715565559826557,2.5491839165949375
-1.2962484529700051,2.95154051426952
0.5045200349066524,2.344704108076604
-2.4210629008307856,2.890426814459221
-0.9046348602823452,-0.42532749752113846
-2.8300132808920804,1.9753489359946925
0.6841665480810246,-0.8437759520110929
-0.804108390982365,1.277524822562907
-1.989016848526734,-0.8278689950484533
0.5500555790087871,1.3758428090652364
-2.6464211767672032,-1.1558797306489506
2.3514563786197433,1.0604614357815918
0.5741207940905555,-3.048969812499476
1.2936117102001061,-1.2743744790985032
0.5345034300581935,1.8882058332299354
-2.389851719331114,-2.7062157737405252
-1.0502247370271178,2.871822122646746
2.59574039047418,1.5763448913894345
2.391346318634521,2.2489705376769313
-2.9671975938571853,1.6126707073158437
-3.015515819336864,-0.9470830083330389
-0.6172820214610023,-2.272035526081723
2.380522662817325,1.8827752705364238
-1.6397353565570687,0.1220048173480531
-2.2823302163088,-1.2459022814881702
-1.516779053216073,-2.5550690838199217
-2.3456803024454866,-1.3565257860329414
1.241909454927101,-0.6332607162799075
3.0481637784499416,1.022702687249837
-2.637605032419234,1.1933734998781778
2.7094942644401967,-0.6431922708211407
2.2636530130732417,-3.182296235754881
1.2933290060235292,2.845186839848901
2.8558444308900155,-2.6634223244232786
-2.970054100106641,-0.7672284146549729
-0.30286997820285266,-3.0832050920245306
-3.123027625190391,3.5075404280695825
-1.5567129147203276,-3.0771781208206845
2.432502431666837,-0.7345239462440787
-4.0611542312369115,-2.430816935584443
-2.2792490737838635,-2.387201739155038
3.104414137966656,0.9396418438259757
3.194452933283429,-2.4202620480436337
2.803071792146912,2.2843531888117807
1.7396348695156814,2.705655659736554
2.797507579912652,0.5755757963772004
2.564104089987005,0.7639614108426795
-0.826268030941185,2.2632686499218915
0.2182765187544266,2.6585453145875584
-3.2117589729266567,-0.3878250921378234
0.9111973722253921,-2.7782079344856934
-2.6486679698022253,-3.4372457464105506
-1.46172834937266,2.654151456977824
-2.099222688215129,-2.94831399935802
2.813892164198607,0.707144338742271
-0.5371941141930816,-3.1216347757039538
1.101656459180009,-1.33389601362046
1.0062206307144135,-0.9683821341292138
2.704020799062831,-0.6084149966097724
-1.4160508580406437,1.7022573361841828
2.5038387278204124,2.2108167800687033
0.8290508107455069,1.4291312722354281
-1.2010731045289738,-0.7849714294917751
3.097909876030266,0.36046029870194485
2.859317735990682,-1.473493823307516
3.2166773262099375,2.67655655004079
-3.655886024752667,2.3796713757844254
-1.4103038721030918,2.1981308923096736
-0.3428864974620634,-2.03828958194698
2.8644007012006267,2.692062869568638
0.9224133474334355,0.9439441807594542
-3.3742727524070357,-0.06414633959016641
2.4912759000881093,1.1874464164865497
-3.1364176417471996,-1.2405653967030834
1.265000640052263,-1.8393547469764921
-3.3547674395124387,0.9823091219251741
-0.47672469269270984,-0.8534573835199052
3.1106922488974447,2.792015447394196
-0.8871349903591245,-0.642276495871923
-2.788692968365,-0.5780010763008021
-2.0119082198466094,-2.411235950501402
-1.4362197219716013,1.8419194803894554
-2.5933472328638194,-0.7382886593359373
-3.44162199313629,1.1775824736836518
1.2005430460395452,-3.5760844864993713
-3.014198890081819,2.298275217538681
-2.274008981871601,-2.010239147773865
0.9188152764815037,-2.876563888857409
3.25388946919981,-0.7984341040608377
1.1785721913564304,1.5723706186164783
-1.0149744082148906,2.6231271848725792
3.164303269535903,-1.6736986798544706
2.7176597782072434,-0.7845580087394111
0.6814966001856356,-0.975844125532969
1.0550291601598385,-2.580983570579714
-3.1982259365362466,-1.3065794069398844
3.0785212907683404,0.8706769066329177
-0.32301365223735606,2.6671259577710322
-0.7457005844244683,-0.3518629156016716
-2.59664193276754,0.5190323119315546
1.039720783454786,-2.322921153261864
-2.211022862663059,2.5812064818717455
-0.9660529763942171,0.8007133047428503
0.9048445412187792,2.7823092883064
0.5624706259192935,-2.3639774135460696
0.7326508861746839,2.7939379079289957
-2.805323420375453,-1.5339820233818569
-3.099680739406578,0.2843320835898885
3.163485076306163,-0.9534100614389778
0.8849930940229743,-3.236840381153159
2.769052402267117,-1.0134357354607297
3.1221905791221864,1.0193494553560225
-2.314138511325867,-0.6886565441046376
2.6994429304799152,2.940552415242988
2.3863029057983254,2.4416297504126283
-1.0785344222614774,-2.4991966034808817
0.844917882263544,2.996986739509287
-1.1438433880921928,2.3314254313617786
1.998044266130999,0.8483057070224884
0.7619227899039994,-2.8303411686768536
-1.075032851321499,3.2055086701229523
0.35098457052961163,0.500383402716096
-0.6668746819506653,-2.9305746070030048
-1.2987513849182035,-1.426182609377773
2.9081159172165822,-2.828422465410379
2.91742900732308,0.6212027389214315
2.8152263022675457,-2.8716602598187655
2.5018411511556855,2.3762057487652766
-1.0156918656166158,-0.11399667723948269
-1.898141521650035,-3.705681516071101
-1.6265008495179032,1.478332583434219
1.4091865302875655,-3.103951113060232
-3.1584139294956985,1.0947848175542865
-2.4236334345953474,1.2213381655926498
-2.3985232713525884,-2.079911712099614
2.8056006959579527,2.4809738303897055
0.36745783616206484,2.833542567848199
-2.6941023093487075,-0.688171099998444
3.419003601109105,-1.500351277652957
-0.8678132507103595,-2.5825320680647716
0.6559881289273446,1.0461440376982971
-0.8227080273308257,-3.012148986178314
-0.7817064483800649,-0.8215106411240228
-2.955147637105276,2.662925412144035
-1.3906259384515574,2.8097950093173862
-3.240941312283042,-2.942716598858366
0.5756873115897738,2.6151185648338027
1.0307176615821838,-1.1045384054595782
2.964838799809671,-0.8934361145440136
1.202196014912115,3.242559058142818
-2.5627263763583787,1.3302845032858097
1.3614274194627698,1.4957318940821036
1.0649290084171557,2.6508510563903047
-2.81205065979938,1.4884727853524091
-2.8483566800101574,3.4689297061606887
-1.2487433612366492,2.9562642337959053
-1.616065594142088,3.594337301279135
-2.666839098794078,2.4777276053021207
-1.9229936894867707,3.3859281922686786
-0.6134604520209131,-2.8132133198886673
2.9835337124049714,1.2248692086692992
-2.644749412468459,-2.240589392236165
2.9370796626540714,-1.2494244706633642
0.8960976447372612,2.6935810378833405
0.7872440897102828,-1.3031915418633904
-1.7887458194110952,-0.7204083067709379
1.7967941376823864,-1.3836838623206043
-2.686332454262629,2.987352642889189
2.7327953324181675,-3.4987074449592304
-1.3088815969263101,3.3901779894728237
2.6160273775106404,-0.8779255737847246
-2.3223636213953323,-2.4878061960080724
-2.2889051413079877,1.3302678085739466
-1.9131830805921024,3.211253383753418
-3.4249588130108406,2.985165436436231
2.465791373745447,-1.0190021419760684
0.584213432918383,-3.1309472831986254
1.1663702903581095,0.9404747965238733
0.5813538551206219,-2.826372588939581
-3.2890336205401303,1.768886727078845
-2.3500062796307026,-2.7702242528739336
-2.7350461314698724,2.187258152444262
-1.5002197236682668,-1.399775238821266
-2.36817805733224,-2.8587351020451774
-3.2350004089967705,2.90474593737973
-1.5233978896826044,-2.2409683012689863
-0.7017482088936113,-2.489130916857721
-1.190881646308037,2.6226852673504837
-2.9669721414599324,1.6853867915908296
2.5809394835446953,-2.690250734826299
2.713316992547569,1.1636822270104017
-0.7512067772882303,-0.08103935740972686
2.743257514779623,-1.1840139663495597
0.5583913500901213,2.58625055807717
2.549610389970106,0.8871635128391677
2.314132560378742,3.0515112384027816
0.5499487649231846,-1.5560414237735802
1.1240785523473222,-0.8000387312096429
1.5326636736567327,-0.7325248604547606
0.7122826405468247,2.8551115519949994
0.7695625003180014,1.0987120620588489
1.2901202150666098,2.46588104852369
-1.4736294856961798,-0.6648034938709338
-3.1718989042652423,2.2636234974726577
2.267311920067695,2.9882379257640457
3.4136726061514384,-2.5944343661593634
3.0060296493878633,-0.5844728023412181
1.0700945690346455,0.8406349785322142
1.4635738089653376,-2.8868761701385193
2.70416867079819,-3.858005704827773
-3.0924068964155906,2.8758131681582286
1.6395738416330243,-2.9113607043525525
2.6724443483638245,2.379035367035312
0.41644599845639024,-3.2397253983210303
-2.5601780785061123,-0.07418943216777119
1.0409149740586885,-0.539597269608532
-3.0068359523093267,2.772058861687354
1.1490311739605212,1.0671939356869649
3.5748836211763195,-3.51990635504098
2.7124227919241153,0.8316594018306385
-2.6797513478344706,-3.0675228710981792
0.8553830717849099,0.9209912731519386
3.0340083319210778,-3.057696341693608
-3.2681863350532327,2.739012425979522
-3.206099709466858,1.2391975050054875
3.4716316058499452,-1.2916331113588442
3.0383612071690784,0.35421831021577344
3.3132632001851587,0.8918050004099575
-0.7999911432252019,0.7177059013251798
-2.5329882071556757,3.0816728696162246
2.4397486476743704,-2.9758298156379492
1.3529022980449685,-2.984653172155204
-1.1133385250272885,2.7582253384519864
3.149654946181921,1.1880248779374802
1.0784200560230994,-2.8244833856247307
-3.3493374577793946,-2.5050193287883555
-2.6638902440010592,-0.5911676574882083
-0.7258109665338387,-2.1214136884108847
-0.8963420842587395,0.9295996507236698
-1.1232896359013809,2.324827810194628
1.3532399625141969,0.9243379643207654
-2.7844732946128814,3.228573439312258
-2.4028542302572293,2.4694077554753444
1.8292104302975971,-0.7106984047507927
-0.5334737496746511,-2.6929552383153434
3.29656957305292,-2.317937059110566
-1.322735214105905,-3.206334067690706
0.9524526786748722,-1.0659309555222398
0.9058879059043878,-1.2878747896055927
2.577290873836427,0.8227479070097117
1.6506186811519383,-2.4403733395142466
2.118667595943229,2.0662022464180962
-2.8346031392650666,3.427522322843672
-2.695235607773369,-2.778917267845505
-2.6417586273250846,1.486404731871765
1.2187671730754666,1.4098554022593446
-2.260260356652818,0.9780308992419521
-2.5325788440045836,-1.2065305273803366
2.940550775641128,2.946179715639657
2.8078471690364895,1.5958211447996478
3.10282034229574,2.8586028673630692
0.6391053834794725,-2.303612819972237
3.2069376249847212,-3.0211775815640647
2.6913715736106503,2.6358942077563903
1.249678218365186,2.815580248194307
0.6211969386500553,2.5103159923729867
-2.372388148642615,-2.653581357459423
-2.377578040539459,3.071965698134002
3.0604629274873676,1.8777071443601112
-1.0758405487136378,3.3570927723927584
-3.155002079276968,-2.8118548912467536
1.444660037444579,-3.1272686058328634
-1.3451083657655514,1.3212927802839447
-0.3589974690891034,-3.2572442495702396
0.5884326897060295,0.4889957689559957
-0.7209503034445383,2.8725863635321236
2.945637093155761,-0.6389067711427736
-1.1135220688529974,-1.1638860485293774
1.3287804964689778,3.5071168421918943
0.5404120891822951,-2.5600121005740384
-2.7438656963609236,-2.3534568065166748
-1.2745193050502484,-1.5403094081337556
-2.780685802381907,0.5497354668036253
-2.4050429482895854,-0.9705855978589208
2.5728277542414415,-3.365308527084997
0.9250727051718707,-0.9007699964154405
-1.29505252520731,-1.3641849556316579
-0.683579435902411,-0.6007205079657333
2.9715690833824167,-1.3809585900665768
-3.1072016406883463,2.706065342079691
2.894267241036671,3.5149666120241494
1.5988948596393466,-0.6940787160379921
-0.950144847520377,-3.0935455551091886
-3.203252690382796,-3.123750261069231
1.123451044766101,-1.4058108573039811
0.6080594471948569,-3.0676426179876035
-0.735930530372556,-2.7479905152702147
2.5658344746531982,2.4935564176949465
-1.2384010483005703,2.9632238045389605
3.0430254322915,2.160486622849612
2.6292699784938125,1.5807849576801019
-2.1021898276664426,-0.3103993709016993
-1.3433353657238065,-3.3607933136293666
-2.1003542768339,-0.6906216529943375
-3.2229428637989592,2.72138621945063
-0.4539123649629332,-2.5336790578188952
-0.9623138206468144,-2.8707613251409563
-0.7240551476507487,-3.3456626277778083
2.772136429400108,-1.038737164574362
1.0393182686356681,-0.5287685749359425
2.6907750311788616,-1.0876350588366503
0.8991132339801721,2.9951031914494797
-0.8650361631668548,0.9762157840772882
0.5039845443676053,-2.4522922945374646
-1.078552049245181,-2.746616381433269
2.1733558521127345,2.555330260576676
-3.59366721622103,3.405520656889539
0.8741904152258327,2.8922253417185892
-2.889025458497653,-2.659084350048674
-1.6815592138971576,-1.0775547096612201
1.988417411965906,3.068397774809095
-2.619587254009789,-2.7512031834652557
-1.8147315412924778,-3.1163371845912446
2.9029754028848105,0.8880889923947346
-0.39866125143860426,-3.110807012939549
-2.6762548964345676,-0.638686619259166
1.853031656637869,2.9513748816548167
-2.23506212377861,0.8743835355176721
3.062783530535301,2.7988628090836873
2.286935558028786,2.3138878092946067
0.6928340650469059,0.651997764098383
-2.840368182403197,-0.4278803225407403
2.9063624114324926,1.1906886076925711
2.5316263380845347,0.8173449386252316
-1.070767990023749,0.9783022057261118
-1.3828149621031238,-1.1420946395431433
3.466013061814137,-2.9081970732152977
0.8916471488432588,2.8468813606391725
0.6864376248678309,-1.2019181634461444
1.0933558134691945,2.3065254968671622
-2.613828543341271,-0.21727749880979674
-2.5905240557083387,-2.7058472383842846
-2.6131881411888616,3.0374386508029434
0.34047735422064196,2.180313412083967
-2.6688858436846887,-2.3292845180658523
-0.8600493893181679,-1.9255845532951528
-0.9670493903773391,-0.8398213028747984
1.1765693501263996,-0.3097350942596439
0.9996540476732412,-3.174222088264449
2.7164287007841517,-1.1523169404273608
-2.8446073687892452,-2.1468588054070614
0.35037619939819753,2.4943531867253235
-2.4224609453100494,-0.14105530328182778
0.5367031948082827,-2.866271238922953
-3.0760862776107505,-0.5588086765807966
2.725435201845588,-2.8736029928752056
3.4875672642026134,-2.9305440479029996
-2.689841953370211,2.957111216978348
-0.7623238748837647,-3.186713592217842
1.0385374939438001,-2.788331775380915
-3.325806704421369,-2.967884172163177
-2.384375987201509,-0.7552646628321373
0.8903886897282456,-2.493892523105599
-2.869629974861666,-3.243008920488465
0.8171229267830601,0.5568271109301303
-2.8625264315701306,-0.4979849892159684
-2.458321530062409,1.0748328803546623
-2.782939979562994,-2.4232023985324482
1.3357985687820721,0.5185632002377834
1.0020450742649127,-0.5701901227446786
-1.3379686789428558,2.486837739259565
-1.4323067903504678,0.7447381729112115
-1.0916638202381577,0.5184509747147938
1.044774337121498,0.49495696082739654
-1.2943350131467524,-2.0112222178600807
-0.8253174514469468,0.5309904927317731
2.918859058666828,2.300217672463965
-0.5693524206687526,-2.501819640342979
-3.28205104588926,-3.5756379516579044
3.216063650914101,-3.2720449904327644
1.1277655912218087,-3.1975904636219363
-1.0239327746151377,2.762652470532643
-0.8291765501403905,-1.0334786518185917
0.8953340225313616,1.5907468244862208
-1.458447593285262,-1.4302670950611855
-1.027433036025816,-2.899153542665273
-0.5909510825881574,0.5524292910356816
0.7278999036806055,-0.9525576934691509
0.6710883252704528,2.7270115698813684
-1.1052594157161921,2.845714028954167
1.2120651007035343,-1.2183375983052651
1.1373781733473283,2.592816149044272
-2.2674408830597303,1.4280350494008294
-0.08212302667428595,-2.5206259549799515
2.63446626581108,-2.9440637766706126
-2.942760301086808,-3.6097631790502054
2.7938659991506403,2.3855090498330243
3.5216042012369924,0.05579928885979405
3.177042717323312,-0.8721664289916277
-2.7679421634326777,-0.8075054206785665
1.0181740402707773,2.6326659947138342
0.6501011756990008,1.5191553821384876
-2.0287748031895023,-2.965753813512133
-2.8147713766304356,-1.0840579831746768
-2.8190821613559423,-3.440589533275911
-3.363593244999184,0.783089453569483
3.6141777504652346,1.0896696762317555
3.477877415394967,3.0308320747898274
3.290173368833802,-0.9720254239842719
-0.805469107162836,-2.894832992936224
-0.7045192950741177,0.8302824168745156
0.7422315304352142,-1.2487066340739783
0.9819481832929859,1.055991471751712
-2.832295980691232,3.0132678706306972
2.6489182809546867,-3.6431498341765685
-1.0961447516419789,2.936379961037285
-2.3519416975635026,0.9726340959449624
-0.8097930932435389,1.1334237020343723
-2.382815944948882,-0.8291218373683582
-1.2131964036200886,-0.9529000610698176
1.3493713343268339,-0.5768255714020126
2.9700184962303,-3.1526794414541692
0.7673998152810437,-3.654629374172047
3.135871734800418,-2.834908215794739
0.9458897898044897,-2.8683635178545024
-0.5289843298656467,2.7180783946128186
-1.2189378743449273,3.1129834737550133
-0.7454927556360887,-0.40234147669565756
0.9410130633370059,0.5696645958762311
0.7984870524875572,2.8391081590699603
0.8716260636890667,-3.032312865092479
2.594659396362585,-3.4768642690369567
0.5371281176925359,2.412602916276355
1.0752592182188812,2.7332061232770757
-2.8431435699305974,1.0513939140743667
-0.6821685569143324,3.1942662332402763
-0.8076310408815636,-2.6465438512417068
0.6379046675932368,-3.5588281556847345
1.0394852804548984,-1.1636957889005555
-2.7642393180154228,0.9605704351434735
2.9985344597924044,3.1522369378702653
0.1333673334936646,-2.449595663209382
-0.4745022636223211,2.264533847382973
1.0602019026957443,-0.6928319807218122
-0.5085544527248879,-3.103989715510543
-3.029656922773439,1.4492665227029349
-0.700479330468159,3.063459356839366
3.2479658625656573,0.6841939534677596
0.5947442284677211,-1.025722368896565
0.9945806083520914,-1.3692298045302718
1.3662249137547087,-3.0154349238244884
-1.4357485264900383,-2.4911614391796633
0.8440707081981783,-1.0393983677358387
0.45947346793713345,3.353102812177359
-0.5417440554039727,-2.4722299927766986
2.221092955321002,2.331481380353415
1.733688873614118,-1.2939447238306103
0.42175491174165575,2.725201172088115
-2.4479477987091607,-0.8251469635998296
-1.382752990584894,0.8730973707226218
-1.7917275831758857,2.883169389522563
-0.8039613337018682,-3.1203385953763636
-0.4479577970032328,-1.0999744061488814
3.4249006224031078,-3.144966492906548
0.666883232975026,3.032637575469495
0.8990912954989362,0.8498019256024779
2.0510478948843227,2.4460640668340967
-3.3396959847512386,2.737640405815402
0.792770422137036,2.6623428000071008
-3.086940290723459,3.479827312047797
0.5009480858230152,-0.4233225544708198
1.079328081875922,2.979682480036505
1.0370324326431175,1.2635394165583826
-0.5208240376986448,2.8282339948340125
3.288194641226543,-3.1944995059171917
-0.7989454762951386,-0.6097877320668619
0.9931027542125963,-2.683881992808386
2.529941606300263,-1.369037814843285
0.9248346999196985,-3.247855481514475
2.8974225094571358,2.4314049304667043
2.8451272365084748,-1.0766393511700272
1.2176740391512348,-2.791884819706216
-2.5491344028041456,3.260804223657962
-0.7516766529268026,0.8244806005542967
-2.798223606613446,-1.4841249965295367
-2.883781694532971,2.492955404278121
0.9575946298550909,-0.6653356564634697
1.564696057660038,-3.0982540039138478
2.9410447490219025,-2.0691275261830278
-1.0689194314801813,-1.1523725621756857
-3.2486690850044138,-0.44595827534465876
-0.618644727589573,-2.8894444317219876
1.9284192187487759,-2.7240292061878657
3.3494377211925586,-3.530157692092169
2.8387106782290106,-1.0392938143009092
-0.9437606802184743,0.2945927748114727
2.931961087183797,2.237702093192478
-3.0076390998199365,-0.9265736071991008
3.21722211207069,-1.5279972939898105
-0.6135381550181223,-0.12010330180662947
-3.014358561548311,3.4383205298256163
-1.254892343646801,0.9298400169976283
1.4099248491279397,-2.86546198702035
3.1577926846497446,-1.4129033112847058
-3.1731552751060206,2.5286374978874
1.7887965655015183,2.912528251278319
3.2583638646645765,-1.0035502853146994
-2.3863672864667578,-0.8041781750754093
1.2363538355365797,-2.8746269493871566
1.0655855706643482,2.6982367773748273
3.0937725983145477,-0.7369004491424015
-1.0232369285166762,2.519766103107316
1.1426201533316531,0.6715954958004092
1.301708300939134,0.9282792197690258
-0.8498386176268623,-0.7163832600059175
-2.7086702424507942,-1.0211313564664226
0.7193056526336922,1.1509098816534247
3.1911827962390387,-2.52438043857895
3.4027285816027963,-1.329675041580691
1.0327014390416518,0.7496496048061649
-1.239596790520895,-1.078518963570519
-2.6270434116271177,-0.9463871497649765
-2.2803193230697145,-0.3012078036715342
1.105800086753849,-2.7472565163283527
1.0467208469301412,-0.8045791231027076
2.8342389818026494,-1.1546220897928858
-2.8050697461017027,0.2776961703477097
-3.552080256120508,0.8913135812238624
0.9073624632146718,0.9704519916613925
3.139545602965023,0.981864065092845
1.0478590511389312,0.997895895213195
-1.6895196542432398,1.20669306671202
0.4886339373635281,-1.6290950539951294
2.5147309244986515,3.0466997865925407
-3.2496298856011854,-2.5507868659027473
-2.9559576516262815,-3.155910933129426
-2.9921108542808943,-0.6820983119628338
2.9610993464446103,-4.096775023749796
-2.591860052410237,3.1779837906549213
-0.5741672175495655,-2.6858576786021615
1.4535465649723323,-2.7992863988452767
2.9375850120181726,2.0534708708215494
0.8124308176395018,3.0428674180573125
-2.878545349320121,1.2176890919554948
-0.09503116297538615,1.0431285380408926
2.703721239389684,2.750076466152049
-2.5559320382429487,0.7142179774166946
-2.9519036487209513,-2.897987254038721
-2.7085181283455797,-2.6610389714377294
3.2517533350937877,0.5647328708554292
-2.9156172613275766,-2.572169873552868
-0.8516944093842018,0.9252178610560641
0.570607884410535,-2.7972255732716333
-1.194474821714167,-2.8679361951470925
1.3710352287275909,3.06771634374606
-0.7630062233572591,-0.5312164047689841
3.0653604186263017,-1.5421743775390706
-0.9746060713805574,-1.177784018470647
0.5171184266434727,0.849787134472567
-2.5337626233537653,-0.8350849180700519
-1.1474360559560017,-1.0244916407906088
0.4613044933476715,1.1465107314475025
2.936646253427206,-3.2055007241180467
2.5010705144688523,1.2381143262797711
1.192320673942623,-2.766509447218017
3.667802118227706,-2.4108019518159844
1.0959180331394935,-2.9028529017300766
0.5828600458873817,0.4620199390372838
-2.5054588092186427,2.9751654103172007
2.6081913735846247,1.0527542708554347
0.9074671255743624,2.972052957784258
2.5890261385226747,-2.440581440003471
-0.8141013726976006,-3.0607849498116426
-3.2574270159092253,3.0462113266993263
1.5859827629323662,-2.9961433967296967
0.6620989153906671,2.359148495168662
-2.6341813596219175,-2.133347239417306
1.0398962635858193,-3.2139359737628297
0.6676732994280614,-2.9879452158024082
-0.4058146741186644,-1.4841167586196211
-2.7953833734953952,1.526453076791701
-1.547011405562765,-0.5602088545324656
2.0347383654968785,0.9124266703692284
-0.7639481922038024,-3.534488743315949
-1.467037606508309,0.9317356200209868
-2.1809422657758346,2.3163651733136597
2.90293461345808,-0.8390594538371671
-1.5160144793134884,0.8525204184725288
2.5913008639023674,-1.260359839804284
3.10933722327765,-1.1279075598426695
-1.2764367692904495,-1.0753527625484278
-2.192578061969598,-2.9819156721629834
0.3266636920402809,-1.4216854258311653
-0.7444416121064359,-1.273948207673527
2.6816592378051363,-0.9757003041975529
-2.5588667272033065,-0.5517765414910074
3.477810240080004,-2.734522205055256
1.1058422969987467,-1.669817711066934
-3.264439098328289,-2.627813112957788
-1.0309475826540835,-2.4948140095275124
2.970731828867842,2.441255454487905
-0.7170342465111825,2.597784270426828
0.8680745660164106,1.0929316855805657
-1.1875660598057205,2.125408555343279
2.414347987284161,-0.54227748666391
-2.794388311602556,-2.616938240271112
3.337499809010002,2.1829800829429877
1.0624150370792207,-1.472835355962837
0.6132405295189597,2.8232491296633504
-0.6717073046559768,0.9031876436810069
-0.8863289343288692,0.94178895743521
1.363935270300426,0.15205911975116188
2.551682444901447,0.5489713599613448
3.2842855047222264,2.340910056044692
1.233883654821473,0.9935255159766179
-2.8227829789053804,-3.385213570518875
-1.5156318655488221,1.4986916642859252
-1.05974769180113,0.7387729641620233
-1.0956535544050248,-2.9965480049558098
0.9582382485170416,-3.161801105464791
-0.39213439315125886,-3.0179295441363334
1.0775342262908258,2.15228391214086
1.0317813890430403,-0.6221817436257127
-3.190041274605692,2.897623129878132
-2.2819789889412925,-1.9738370586582095
-2.373722903600316,1.3550169656042161
3.230032066500954,-2.3878274601036478
1.120397797137966,-3.205954881621815
2.5238784148949103,-2.8918098301406845
-2.806649056959724,3.197938132999821
-3.4003641796437494,-0.6697951540053636
1.3020649138537848,0.8986490562112572
-1.3772065436966552,1.0919184158851953
3.0192264064773875,-1.2151897157125757
1.1037393886056235,1.0523258979957923
-2.7170613303957105,2.8330055731331556
-2.7635681699501564,-0.8961933555193834
-2.6907895910671793,2.714847066950108
2.7634956068480045,-3.0643126610315132
-3.144428469455629,2.789791882485222
0.9993865435034648,-0.9395988618562451
-2.411170653544351,-2.3769979583714016
2.951006602722849,2.3087832036836704
1.1662293941060042,-2.6008904172867164
2.4742004881249744,0.3878877523858342
3.093896325914958,-0.7663766979269321
2.4336420622756205,3.0895476924079
0.7387956162671054,-1.1733215407558293
1.6623279435663747,-0.8307730254773069
0.21537529405464118,1.131575670423582
-2.6863070820028736,-3.146828683782124
0.9010142119880414,-2.979879326573577
2.935494201825945,-2.4333112655790408
-0.9665305604238003,-1.1364684686351265
-0.10316257384896188,-2.298940442890724
-1.2913308504432928,-2.9310134034465887
3.407693962933022,-2.65217197295967
-1.0254793690625859,-0.7678358542216585
3.6510825010647117,-2.2391920560836542
-1.3068757454486473,0.8964696338210243
-1.136840182485739,2.52563465156778
2.576888115399089,-2.9637774558595393
1.2822357439396415,-2.166207217419279
0.718454582002958,0.3665514279760154
-1.2024326358291277,-0.5295194074745806
-2.9289397756106363,0.6915588821632176
3.03258107663651,0.9504545518473374
-0.8702075907723799,-0.9083888931918099
-0.593375723470426,-0.9594723012792953
-0.9648727299947708,-0.6574500929092475
3.2282986645415783,3.1927004933417833
-0.8116371138485574,2.9551181248759724
3.2317044740666114,0.5546192070167972
-2.8017487805661854,-2.1843311995205013
-0.3412496146873602,-0.7844840353258224
-2.6785133673497934,-2.874266543287015
-0.8430083991528077,-3.3803947271967973
0.7309246720658028,-2.781137447991067
2.8690273689427594,-2.4333684379450937
1.1996259978857517,0.7968338788932485
1.3100526622210067,2.674812700040026
0.8037395699511627,1.4212982260983973
-1.967943195996216,-0.8992881811969832
2.6299315566317287,2.9544146612398197
3.167059007720329,-3.04363696771776
-2.8665987535864694,0.9476016066763863
-2.618212748489264,2.90242750563158
-1.5611931714061404,2.6471429734291942
-1.8074785642962905,-0.6440101387097719
2.9803112610455127,-3.047727168966549
3.097211183615334,-0.848367583075713
-1.4009712876285365,-2.664492540875131
-0.31906660881455284,1.0826056917288163
1.1741106938136652,0.9675482069711631
2.912519240443761,-1.2727461610481443
-1.0912363468938817,-0.9049635145983785
-2.7293236098380698,-1.0853114445669598
2.6562728338403807,-1.6743464546735758
-3.065136907676146,2.6067966412897334
0.8452043847515383,0.9294511600585803
2.6475124723799577,-3.212103325390349
1.020759144913557,-2.474435420005885
-1.1194280966323644,2.4141488625671084
1.443909151504294,0.02048530192033926
2.940196935098598,0.3971503479280932
2.7917330531912286,1.6175327345984252
0.8840891927768468,-1.0598603558225543
-0.8495190568658713,1.4633804667290071
-3.620191752000853,0.5707866854938229
-0.9485481960392425,2.8749487082036964
3.118582710628351,-3.2641337248627207
-1.3127441803926756,-0.9553905812645109
1.025993892580787,1.1598342283041712
1.0725610106245471,-1.2970188003599976
2.4624650243571957,1.0818873810398313
2.5533191351628766,0.8277002979741773
-1.4958699713386419,2.5545812297578006
0.6178670360250266,0.6178045448132187
-2.3342622174961156,-1.0938325714961215
-2.4932563297978176,-3.3257376519445825
-2.7129067572584695,-2.7676159174553803
-0.49389714679869096,-0.4800855639594107
-1.3911287912538748,4.0031972551425
0.40181753232499834,-0.8831460785206015
0.279393838971481,2.180282932059268
0.730255584523671,0.7685931281703023
-1.1256696349659079,-2.9227322463141614
-2.24002259447319,2.9212855976872962
0.99822178579687,-0.6356611638743642
-1.2177263262147928,-2.8811466924218516
2.6108079818136765,2.6464544041687357
-1.6051457227599977,-0.9041808647013837
-2.900038262643541,-0.47129055639069084
2.8592593619282183,-1.7302054960283868
2.665931089815762,0.779953738954393
2.096229214380008,0.6156820761138484
2.819605841100723,-1.1961163802270756
-0.7762434305446341,0.4409750830353938
2.99147302540721,-2.9774432246900258
-0.9161152800720366,-0.767267680186758
-1.3103652025716657,-2.768920051206155
-2.7559845098616793,1.149082966645017
2.299716609468831,3.05610990963607
-0.23579820576706825,-2.5635231232250715
0.9578336591686284,0.7439855464363461
-2.402866550667743,-2.9377746565243297
0.9578988929860018,-2.716314794635469
-0.7486324404990359,-2.6408525105322793
2.9302385475941772,-0.8371795761988762
-2.6432715594589373,0.4349003687321617
-2.3798653492431936,-3.041270447064682
-3.3973446990610374,1.588440703326397
-0.9261825852542067,-2.8578338245959563
3.137717924787486,-0.8270385566661629
-2.3917897519159927,1.460320419565461
1.7364742522982783,-1.612825115177153
-1.0723597781105552,-1.1398556875700616
0.8667241813676714,1.0225809862871382
-0.9161367389110628,1.0427069097340835
1.1626192233756532,-2.9604423982584898
0.4925708044502069,0.5523147116835445
-3.0993983626445223,-2.4063911162459806
1.3757600776012875,1.0220563532227245
3.161147891986367,1.1497647586812587
-1.6075907674303194,-2.816535412090666
0.7346297858964957,2.3627799581486935
-1.0074685056273784,-0.9453233885274493
-2.1975481561895394,-1.58436579819257
2.4804666215028623,0.6342322057101827
-1.0995553735455228,-0.958361041243809
2.8637828731694537,-3.2209998157471897
-2.589933429855265,-1.3424077637954024
2.7845600583961674,0.5013314423070111
-1.1668270021064113,-0.08619018325676933
-0.720954512726379,0.6654197391492228
1.3521351365102454,-2.91545622638565
2.7106668642233904,2.209306390547075
1.532630956554727,-3.0548776952942123
1.0131987355772591,-0.9454322659156855
-1.2363666532443685,1.0914305525093384
-0.5228291359600159,-2.5653322388919126
2.5440861496172533,-2.4376942561227772
-2.8470433775231556,2.112200828180318
0.8237951602512052,0.324422527058755
-1.1129121862913394,2.3297713754685545
1.351714700715831,-1.0255948799231016
-0.41991949057238925,-0.19090040879460163
-0.16012136489920462,3.1699888500391
-2.6209527902814687,0.5574650918323562
2.8446519956646266,-2.9391835137614812
-2.888952053105681,-1.1901797183326273
-1.5552446320677096,-0.8050629448821102
-3.345624485643811,2.253222003204305
0.5886690567937309,2.9371213970561634
-2.810865207361525,2.2762776455963185
0.9184857375121841,-1.022152451210191
-2.940389606486834,-2.7385921218201954
-1.1974134196940407,2.2744332192244228
-3.1559142855452658,3.220890150031136
0.5232123930395519,0.586228306056327
0.7371024570566639,-0.7364931247226615
0.8605171930709553,1.9168455373268851
1.2578323212570734,3.071015595929858
0.6114427890794627,-3.003490160373743
-0.8294273992580317,2.652576487531516
0.9385833442625462,2.959335431385324
0.9830151659237106,2.957930635972002
-3.5631174197577784,-2.5961448924720343
-0.9881826394788876,-2.9674068757586114
0.8035985347678246,-0.9107153090110015
-2.7827080198287573,-0.987985226061846
1.234259636154493,1.2220120816687647
-3.1133977944615476,-1.986029607989886
-1.192108067769245,-3.204986307959528
-0.6743333313411878,0.4322475453706662
-2.2704759229225218,1.3258936518218147
0.5427269607758864,3.9868139479178337
-1.2409987252862054,-0.9612259884115963
0.7744934256686457,-0.5977204920368856
-1.4218188526047884,0.8052870045191157
3.4971602845728538,2.965632437256655
-3.0269869937101,-0.758178223624638
-0.954768499664298,1.4339737157886772
-1.392728132232388,1.0837709772888895
0.9545645704252632,1.0191537030335114
-2.648171242918873,1.5147958481421393
3.0742008888116694,-0.9865726188077879
1.2631183200829066,0.6738068178541584
3.2151346263841476,-1.317283403438049
2.670816794007295,1.5567239680954987
0.9412013896723448,-2.149530887774584
0.9749164250046973,-2.913698476189218
-0.43852180009430897,1.4055093908080734
3.1364994435252656,-2.6919824177676297
0.6216663065430831,-1.0427769198682977
0.682429128302592,-1.1186890628482595
-2.6903110486635087,2.8175686082127536
3.2974369578740417,-0.5705432266390718
0.9681932182369384,2.6048913143550516
0.6535421135982342,1.4008384917586894
-2.7250865452278865,0.7979311741440488
2.6919757275043104,2.7989748595940167
0.7450294250682059,2.5443947852651614
-2.1368713986776045,-0.79820429086828
-1.3446483789387704,2.9500892119179247
-2.8693767736900595,-2.6692734063538386
-2.02347948604555,-2.8434968187271346
1.3398523467753802,-2.3488458346245524
2.464621970094866,2.716566510772876
3.2974433214649674,-2.561513555005236
2.983979043625105,2.2719233530106813
-2.8953288790862444,1.4919941845130995
1.2134729748205784,-1.0765122883555178
-2.7612968973830734,3.14291072806814
2.7413143555189747,-3.325203664551098
0.7686343867330185,-1.393659883521194
-2.5817007843319777,-2.54959078947357
-2.674287025806718,-1.3337495418189373
-0.645487685091905,1.0803374266236825
1.514210725551028,2.321122084636157
0.647837822705082,1.6647154254827752
-2.704944931534247,2.6871684944473806
-2.4543048291106975,1.9296178490716756
-1.500889765086363,1.0462791510032046
1.6246904493505516,-2.936088937097578
0.5320508122484978,-2.7195201589198774
-2.800516069601771,-0.5734232539026162
-2.0808090117715397,-1.3151156011041651
3.289811584106129,-1.157991812012787
1.3203319381858887,-1.4884404643682931
0.7063187494287991,3.1748536813724018
-2.9103576407738783,-3.076197036658176
-2.1020994831363855,-0.6642824283685363
1.3339018769792685,1.0591540430991775
-2.8133525633680305,-0.6041571681666864
-1.0985899909200905,2.6828229727364463
1.255365769609297,2.608098701267006
-1.2186392353472866,2.568868409757368
-2.793104427282388,3.5337507311329373
-0.6097996651866772,-2.779170047996396
-2.2116211473244167,0.9025798844328197
-0.02914316478708465,-2.5403397259384417
0.7322036312231952,-3.3343330693514037
1.97549782570528,-2.8924518448721668
0.8541128401671468,0.6623168048098107
0.7734426423933716,-3.2487620508373833
-0.892748709506757,1.552024224602406
2.958727940030218,-3.403552089075202
2.9449840319353333,-1.1020883626915765
-0.7782617859651649,1.8315174417167392
2.8754217218893863,2.1340449762156877
-1.3094171463700415,2.8909857753551504
-2.2311287580098615,-2.664386768833828
-2.4952392550741846,-2.566355896163133
-2.775522257491636,3.234157755466184
1.0080956186319157,0.7430913537085002
-2.4593555454436986,-2.9812696784966515
-2.7182205727982693,-3.248500564719613
2.8501088782946216,-1.5170151140850572
2.870919811728415,-2.901669405611388
-2.8251158307457347,2.781533205637929
2.9221024810706884,-2.5312679029589407
-2.66211298403113,0.4868323179144723
-3.2420118568427205,1.5947756046463548
-2.5859771175975985,-3.0341494221554037
-3.289277800490614,2.5872167929320997
-3.512666734626906,2.1965106521059936
0.8454024075383141,-3.2461970669276576
1.399072173447379,-3.525389970497181
-1.021546181387698,2.7506297421998793
-2.4674079348179574,-0.8647873811825203
-2.980245266737599,0.8356368648562159
3.2616297000078203,-0.6966994571990314
-0.7224016532013694,-1.193934452677213
1.1806206800613748,-0.8204228114908501
0.10901074355439828,0.25795713151556277
-2.812717804001634,-1.4360570489715798
0.9345568725871728,-2.9999621980902953
3.2174711347667952,-3.290541021850515
-2.8088924910707966,-0.6967360299698748
0.42857816009887834,-2.7323085810074605
3.5158843366540413,1.9927113881688856
0.32784536899956773,1.1037021394545001
-1.649852361667038,-3.172358243776199
0.8690270761991853,-2.929236961355871
-3.0448778474005604,-2.68051637763009
3.1374395650754408,-1.3514755654483064
3.078877260839469,2.1697487183298603
1.0774181682869317,2.5647361638546844
2.782790657722132,-3.2073127830410137
2.588051705258685,2.5059847238251427
-0.7913678455969237,3.0458593125437092
3.017956587880708,1.810482308516956
1.0902426356902282,0.8842365337427444
1.1519999356162376,0.8180248128167353
0.8145102730582898,2.149940672305501
-0.7684477058033858,2.493436580066187
0.7728162544977057,0.9970791555178228
3.2770585086139787,-2.843894289610714
-2.4830229180071157,2.513846495937621
-0.27402821958159074,2.4254163056346325
3.13395783524935,2.3387323617589755
-2.0967815797495177,0.894150759759274
2.662950410923639,-3.4514301352708188
-1.1458864841173386,1.4378772135411344
1.316442223472795,-0.855566696208798
0.7226785132904844,1.1700663138518255
-2.3210737684501184,0.9970586485594484
-2.94006081531625,2.6993953608213013
1.414997671412045,-2.634225814889036
-1.1841563584486636,2.771973083703706
1.3915239240836488,0.6822232630092882
-2.6425264159620547,-0.7686148280319801
-1.1940666720063775,0.8285457633664246
2.3712250023494774,1.0837965416093507
0.5537383721564276,0.5364424236473767
-2.992156802769142,2.949762676241572
-1.1083589420623725,-1.0913612391661873
2.789229400385085,0.9602105499619281
0.9855863390806416,-1.1608169319378452
-2.479297703695539,-0.8640540516591512
-2.9062081991590896,-2.867515806496533
-0.7997610064768513,-0.9902551276702521
-1.1532806304539311,-3.1172375791963116
1.0197899706813576,2.8790936229637367
3.0103993599644103,-0.6370569072783079
-2.97466655721168,-1.5320055908016403
3.2165021442734845,-1.9271962564938605
-2.03275139617188,-2.2384257133971253
-0.2601451943986486,-0.41688093976883495
2.2499486561247495,1.1809869277224907
3.3546064829480913,-2.347724119764108
3.114350824555239,-0.8613472177640144
2.7984867356800076,0.6785015907334031
0.21547430831339098,3.071401280047047
-3.065751625455015,0.6893526993238195
-0.9265465904222279,2.7084956346397075
-1.448242807553598,2.124492525310194
-0.7040173702910532,2.892639743879429
0.9375246275792353,-2.3352223904403857
-3.3531085225657535,2.742278210266376
-3.04699612461563,-2.634002622417773
3.1692683190059694,-1.5194424669254303
2.862333141150837,3.1587944252750937
-0.8303502594302277,0.7838291017335629
1.6423367861880815,-2.874169461199591
0.7375408817528488,-2.6470536247598857
-0.7697174455157285,3.3775162722926275
0.3419034557159417,1.4924493822045524
-2.78261296392091,1.2010846117976264
-1.1915426796496502,-0.8652552111988341
-2.576490811239077,3.1041640427511488
-2.1905666295017756,0.38115021173066505
-2.386140033099059,-1.0994245576163864
2.7837911904710015,2.763683068428133
0.459685686593413,-2.734178410507375
-1.9916961850991841,2.7632151104664286
2.3323696355012875,2.3544270869354835
-1.7463973188476358,0.9966012696495435
2.4076950135568973,-1.1062144527260311
2.2481019658345724,2.7274358874832307
1.0154006216075289,0.6592875944319146
3.0518049492192247,-1.0153821793877993
0.5446044350856654,0.9464109229261581
-2.248662774436286,3.0058881500776873
2.006285952899247,1.7927369760799652
1.4079828213739145,-2.6042526867888873
2.881909088517203,-1.6977320961773386
-2.6169945482916286,1.483150945019234
-2.4026063227696923,-3.203567423712498
-3.3842872821577132,2.784604448581645
-0.5694683038575522,2.9119893607540837
0.525144926160103,-0.663153183250547
1.1944712565250832,-0.4856990918385904
-3.115658782551535,-2.5721541989622274
-0.10556770660403657,-3.2187635436079765
0.6538891994893941,-2.572834951565784
-1.4187761044160148,2.3910646669555677
-2.3734945543868027,3.129913719892771
-1.2655304455525211,3.5000074210441423
-2.843466311167078,-2.7566230133013527
3.141016743419357,-2.4954437923010153
-3.1445236760997197,1.0271651672483177
1.0485828615547013,2.922309972264282
0.9370685083190539,-3.0756413778155043
-2.4893154254791687,-0.7557206656538135
-0.5511803198692476,-1.1553937877269451
2.7002432045938534,2.4889935862829122
2.282071594662077,2.388130746489527
2.7524659254627943,0.5700242134108837
0.9129264585393091,-2.4066910067458673
-3.078528307101937,-0.17593168730955208
-2.20968257234546,1.012323284997633
1.1620916569542201,-0.8647378823576721
0.9567221175642584,2.46336289227104
0.32379145006708404,2.707719193257715
-1.7379018612211836,3.045130292763246
0.9609806747892732,2.8862506103687826
3.071156107865304,-1.0394306875426913
2.8549934079623167,-1.1565779244059153
3.1592082723358077,-3.268507311357888
1.6871695896378782,0.9303539592833764
-1.5738711843591167,1.0135407865663617
3.571120259590476,-0.8818286486127915
0.6588516912841016,2.671306567122916
-2.8555587330010352,-0.5196741826543768
2.68737308320266,0.6450014976019635
-3.7540955380161827,-2.241759464382044
3.479881405494789,-2.471630938304728
3.0528396951739762,2.5942556086522823
3.626703291457239,-1.0591085737288668
-1.017454216891273,-0.7640111851528818
-1.1830460162637986,-3.1746590123351224
1.2495145685727733,-1.5563126504995541
-3.2084814234463495,1.6269730500161887
-3.39597524424989,-2.2140098929324483
-1.0775594920510094,-1.0380920683264458
-2.9490376049797775,2.671462226774685
-2.922225639573647,1.1168266544542957
-2.6800709235764804,-1.117732789242046
0.7307351648236489,-0.42473952279631844
-2.2876292701232672,0.43811805244617963
-0.5465058482300406,-2.295969067425939
0.9739721612730968,-3.209223321987545
0.39129760279323544,1.20435110834019
-2.6253850381071397,1.0701724387231983
-1.2325760639173589,-2.6021759561610796
2.9427291151696315,2.640781395846621
0.8103115967862643,0.9024210203145658
-1.0308934408544947,-1.035473800767112
1.3573954075287886,-0.7925691878982588
-3.2713140907852605,-3.3824703518315107
3.1284421990222966,2.3441283088193616
-0.7336250750181809,-0.9662080638549405
2.8272084954058543,-2.842462202144879
-3.1868129453928122,-3.1113023366197665
-1.16489266518574,-1.0393158453170301
-0.4270507072876033,1.2049073213248027
2.95851129448817,1.2142763241002965
-3.1207090970654345,2.6446618579650196
1.67070340515451,-1.2179602853804024
3.3946304076079246,1.2333402540843357
3.0042401606168414,-2.905175874385849
0.5575031006674446,1.2693203287020856
0.7665224655335335,1.6001034809660026
-1.1795510253305046,-2.68474051272574
-2.493017817238822,0.7320934091776655
3.229336770415515,-2.976187292000891
0.9620394436182895,-1.0923147354045557
2.9593548186335643,0.5133401742071345
-2.924267790749185,-1.2250532854934097
-3.168826605422008,1.2330204136934098
-2.7484360009841327,-2.971682360930835
3.2004486267989263,-1.1404407587711947
-0.9944294773011589,-0.36243564106306525
3.528519703959462,2.37953356081
1.995724077451955,3.1867388493620337
3.3837030840139124,-3.0009907481547233
0.8526273668793013,-1.5389073873197108
2.627755962278313,-3.20915624732856
0.6001042708439942,2.531617926997933
-1.6691547769369302,1.1394378165795298
-0.9202798377535094,0.728315925087985
0.7871866190990835,1.364585583324415
1.1770515546379912,-2.3525831059808966
-2.8047573379667194,-2.715992523783418
3.2452157911512005,-0.7285802106311742
0.7973075614818781,-1.0367094428865837
-0.5704722380689249,-1.3836154852612108
1.498035562473132,-1.6466034685383413
-2.7623892061397624,2.8837798031669535
-1.3475753285818686,-0.11861495790212746
-2.562770206822069,-1.0389074221041046
2.642260101684633,-3.6587558299762732
-0.42893308660769974,-1.2800339070213453
1.1639111567400728,2.6511365666313242
-2.4650679604413983,2.813127291942781
-2.4198372695547703,-3.0487459580151683
1.1784746337670051,-1.6733048845408782
2.5419023527021665,-3.4268642216788927
-0.7171877540962096,0.4511169802186913
-1.431519922888855,-0.7960263555288356
3.0098543222248577,-3.5633608555029137
3.365125107163402,-3.12242811536859
3.173324429364649,-1.6827290906051429
0.5158017037872197,0.8699075979850127
-0.5214161860333857,1.0531692679373543
-1.2417389401095196,1.49873234172757
-1.0094030814658554,-3.0453280585042957
-2.9382978456573112,2.9576034125620736
0.6878904584102005,3.3403925348295083
-2.4183878471703126,-1.2293070857787347
2.7123058158324316,2.3083984384222243
-2.659045910453778,0.9638448047447299
-2.120221169907656,-1.2843584452297236
2.977771982564801,1.187396156630872
-0.3159112380394818,-3.3043242523274845
-0.7368963655899063,-0.6580812980002079
2.4800177390989444,-3.1511709774795134
-1.2164271463272953,0.8400818088763938
2.7149594527833525,-1.0650161274798275
3.037860414634265,1.0195033185497047
3.289610187155036,-0.534728418550918
-0.8808950151200978,-2.604135705657466
-3.809817778853415,2.766831575262345
-2.992288378137714,0.9172385145267138
3.1700961556993525,-3.0865747290403722
3.335466561314863,-3.06799623359897
-0.5709268628513403,3.202246056767091
1.97858257485155,1.588483816941907
3.3436826626283906,-1.2376666994326782
-2.7251920582007307,-2.4674846401267314
-1.0942865498290466,1.243874423084045
0.6985762932820218,-2.277538080410306
-3.1336830662094934,-1.0506569221375386
-1.3870851496859193,0.4191328984844506
-2.7567661227559217,-1.0335918584058694
2.815534365306116,-2.8252752673222656
-2.915212959682988,2.6298950125823306
2.6148646491595313,1.3810376226795933
2.880906758471509,2.146780230059318
0.8112343467312763,-0.39707467117236245
3.0572817297264168,-1.1456877671888412
-0.5940337106252228,-3.4789998815345093
3.1745417711738475,-1.3145768503559485
-1.2117118345471305,1.1804775580860642
1.0763214634443266,2.3985654891957875
-0.884114893643182,-1.9583712538142608
0.7627398250359142,0.4506493661674857
2.9010279252050784,-1.9917875273018648
1.593354544574753,-1.4500389566993226
-1.4404593071901206,1.2333232983713776
-1.077537757362743,-1.6119126704379727
-0.8443878569347669,-0.9762221032108679
3.5054507346145907,-3.2459507611300547
-1.0992221137777678,-1.3321761367447476
0.9766516541345707,-0.1200735328355115
1.5564595754977812,-0.9950295827935658
-2.5035561896163423,-0.7861715376970349
-3.170110739344843,-2.927043073622225
2.7316953931610444,-0.8351825046784042
1.2805375656950868,-1.3319635949300832
3.4894421855282993,-0.9399710683916698
-0.5281064552126473,1.1302821271742927
-3.1485893638578863,0.9367338949400316
3.274185401810891,0.712099686309262
2.7306488742543777,2.769093656394063
1.6240321869543792,-2.940738775495316
-3.022990794619911,3.403734357484842
-2.6858987910656715,-1.1367258710143822
-2.642876077399415,0.8046014270813984
1.164886635938267,2.369112543249241
0.4366107371216002,2.194917960695039
3.394967304833156,2.979118315977924
0.8309137893081487,0.7821230094884972
-0.8546484310794376,-2.620454331856254
-2.311013054764221,-2.9594636270954187
-1.2670253620892682,-0.2766377837376881
2.8942485211250744,2.548246238906412
-2.712012980343171,-0.5619557116584515
-0.6945353067274946,0.8061025976085584
2.917057759365633,2.7087678782822953
-0.8419440587110774,2.4768434134959763
0.6111263420388957,-2.7462932459338774
-1.0512578982247553,3.173759869160953
3.119793196342436,-1.1120592452356906
0.8819524673805189,-0.6501545213931895
-3.0154619202321067,0.4385591147921347
2.9346960338436423,2.757635501452959
-0.703372623170432,-2.6657728976680732
-2.679529131982833,-1.7672315009454338
-1.6978027000521403,-0.9624981785648699
1.371175173173116,3.197525461563861
2.1832041247347593,-0.8696610455164036
1.1826551803448047,1.227206081642
-2.3222496923216442,1.1358639008166738
-2.9320433446685366,-2.7470668239539644
-0.8281622814766105,-2.6083636592555015
-2.98524136012938,3.3541739128641113
-3.0192421449583464,-0.5624754716590142
-2.5735334612703995,-0.9701666028925555
-1.0762284079549058,2.8289284819550233
-1.2080609421695787,1.698609978664084
-2.9529384874261946,-2.4487945142391756
1.0424949325094992,0.8956751551637177
0.6313684935875414,2.832503689163115
-1.2073011619560143,0.8790268484183815
-0.9261369852566248,1.5055309115764477
-1.0832817564358102,-0.9435978750737725
-1.2025223613608087,2.2480282240985003
0.7109706449406679,3.4178608615330592
-3.0365194774233544,-1.1850540248717338
-0.5359726148586077,-2.6905306596755563
0.5273273522599513,2.9348383423935775
-2.5991971717734113,-0.5132531202717276
-0.5761754006688299,-3.5104998405503505
-1.357865686803299,3.4200409354394146
3.2718674353744257,-1.1300007041998805
2.0879807819758156,-0.5422332389868241
-2.914136616390884,3.4964245914987226
0.5156031482682011,1.016042561569668
0.6115553687697143,-2.9327797882871094
0.8179797038647012,0.7842818689745129
-0.940306410883135,-0.6008850598684674
-3.0225732435022357,2.711756412992094
0.38782881253809776,-0.6568656541201621
-0.8488763086878803,0.9392037050811061
2.0842038251307877,2.794621868908543
-3.1744847675638965,1.0759871206416776
0.5561095499974686,-2.3149889183215113
3.031291341160974,-2.4939585386053857
3.036208050140329,-2.8263250712039754
0.7893547824696223,1.0193013167926968
2.908292493120625,-0.8694967509392334
0.36375465369965976,-2.6443301582789247
-2.7131826552786573,2.4972169902706947
2.9000289200593015,2.891900687035071
2.861084216691071,-3.4128166620655693
-0.9748430796240439,2.68159556590376
0.7903787765188127,-2.0425375896721434
-0.8721893134408434,2.8806376400643057
3.3030862964002297,0.5344793754269795
-3.0411956129670976,-2.411204571479436
2.824280117991181,0.6462432510688978
-1.0691157276053573,2.306458503218935
1.4615550024116046,3.164707943273753
2.582874329077741,-3.1324011430143797
1.4090742258834246,-2.2239830350390726
-1.9463342831734065,2.2799263413326556
-2.4991380559230416,3.5893313381264926
2.5852346530611077,-3.58856455701943
2.623888728030035,-1.0709586039230414
-1.087048548049501,0.921291200443398
-2.3167526062778543,-2.1225041470148116
-1.4029576647792203,0.9141964326867543
-2.303292666826985,-2.6032416553881834
3.0049580362559527,-3.287582616748273
2.619821800022526,2.5933711535419013
-0.6999290885002345,-2.458661015505063
1.201506490434291,0.7473042080993924
-2.837314475416028,2.941602764801869
3.003967714408138,-3.5826788319870917
-3.345769250489656,2.952837595338585
-0.44283644786477416,-1.0577457874262763
3.1616074871483018,-2.8646515162286663
3.7124976969350856,-2.6790264637380545
0.6730075371040126,-1.367998096876273
-0.3774803120176587,2.623078042619031
2.8515336023207944,-2.4614240130567593
-2.335786645419095,-3.6532429194906233
-2.4383075933825302,1.2443260102899263
-0.6813495975215816,-2.7059577531791428
-3.6193907737860767,3.1589124705958302
-0.5240114304251964,-2.554818240894571
3.3009506109595894,2.583521845600947
-2.507982313609182,-2.2263097382903294
2.150996997975374,-2.9803618200060775
0.4892981617934343,3.1566749139533403
-2.591505748416798,-1.0562422000180764
-2.029725379009126,-1.2036991558907886
0.6674810625840671,2.117831187346262
-2.9392610541724777,3.0734155979176605
3.3153605174820853,-2.0183178677666285
2.692482424593638,-0.7744335611786597
-2.954647092161699,-0.7160430800762482
0.6741840997178294,0.7151379496776312
-0.8691455995502897,-1.234086501646042
-0.49824249241353546,1.3401112699440354
3.0793902479884023,-3.8164187011691943
2.7356280613234643,2.0430329856577623
-2.910732325226243,1.6078553113601006
2.7959438664155263,0.4066712033963153
0.9651917014627918,-0.8262838047150962
0.5493057917165913,0.18861474274117085
0.6553034044032225,2.796127333124391
-2.5636800761823113,-0.9174256154881968
3.1904461149485472,-1.1892973112786736
1.0072464640942373,-3.5872252624411742
-2.9943899982548325,2.6403687100679067
-3.43380321931842,1.17243862200925
-3.264096768077632,-0.7055773099991597
1.1941486531178311,2.3208351579274447
-2.9387127952645793,0.9592252086630582
-1.0263092465288437,-0.8807586230454332
2.305084103538998,2.317560057027213
-2.6239260734535175,2.329524177654951
2.6831642666929585,1.2015095666389444
-2.794875292610691,2.337940267848027
-3.2375502531222344,2.6619523622292407
-1.3258540376771821,-0.6227706824920205
-0.6813958258413874,-0.825816539100409
-0.9680014868397624,1.1412797585980583
-2.922830464738964,-0.6621691601476315
3.002316419186972,-0.7338134575396102
-0.845545431922153,0.6234980960961787
2.6281535791373662,-2.5214704150565224
-2.513931608938559,-2.6743242675859453
-2.588590222396868,1.149210179936783
-3.0518665327086767,0.9951222195116498
-0.6607360427268942,0.975811938621479
2.8067757674766973,-2.7331919851647393
-1.1606749249764363,2.8881714943798573
-3.2491797214752847,2.9625550118781985
-1.0312461825035386,0.8267827374335032
-2.881488359645447,-2.1333573320056427
0.4624346584012866,2.555431833746086
-3.004030553463472,1.2898353342742284
-2.6046270198016366,0.7314342677854282
0.17522561077424012,1.393431686463988
-1.6143312303664032,-2.8204921056698082
-1.3256653786701618,1.2765249798076588
-1.3990978563010592,2.9781338774427737
-2.686226481921157,-2.5363788207482676
-2.8535930997334664,0.5305136843672643
2.6191195701896834,-0.4985708551635915
2.7541097290707865,-2.7561880230425704
0.3682979769925793,2.8797830881562176
-1.0623855188522116,-1.8578046566364932
2.376666237189397,0.7544780417309185
1.1246928525329734,3.3815484096396897
2.388079335700463,1.608820224702461
0.9384403684192959,2.463733777485097
2.179240864500739,2.5584154691588963
1.2822354436505552,0.9083104500487884
2.5780341402766376,-1.146097487492675
-1.031832593435535,-2.3865708803375534
2.9256475676932743,2.374372314281194
0.4373627537848575,-0.7560296246317941
-0.48409014021617425,3.5369649580917075
-0.9377005179764264,0.018667429546248476
-0.9365455290519895,-3.3774911715773235
1.0758460231475724,1.2529882487793262
-1.2424557193820613,-0.8110199613488932
3.109055771318663,-0.8274342045537583
2.6566312890668953,1.2650085503164912
-2.5940384486017916,2.7569798628079107
-1.2176880085113868,-3.0090665040521807
0.5653967817599456,0.6909974542847709
-1.405502411768377,-2.225333789480499
-1.4087881401330828,0.40638519545961604
-2.950336576679827,1.4892367657698873
-2.5169337350520893,1.1136476407129323
-1.2550729638619682,3.771817059307321
0.7434563124445872,-3.0988067324570716
0.45460636089314704,3.2996450544946354
-2.7761739423957192,-2.778895370278431
-0.9704794754077377,-1.432212208366887
0.4315899189871046,-0.43328383164425754
-2.143501174442184,-0.46317579543285275
0.49312748450749627,-1.466138348037133
-3.1903373768256302,3.4398059906023954
-0.9690700074730062,-0.7442581060679426
0.5097598152106827,2.936980649447173
-1.1549318484076825,1.250786172883013
-2.669013407364066,1.3154423940587572
-2.8271236213859647,-0.4704117447006232
-0.8866315711112875,2.1720564225959675
2.9249860835975925,0.8810291052064995
2.8031736394526994,1.0754653861546375
-2.396052599813334,-0.5389742315047816
2.974860317762364,-1.679391482724751
2.7719101225834164,-3.148614780155079
3.020967372094095,-2.53967596017153
-1.3821327824982308,2.379275439496667
-2.3360183290763263,-0.19868248668497174
-1.0268128368198721,-2.7488286018573698
0.7044686307538134,3.318893522930458
-3.1686412462702354,-0.771800361026228
-1.2347339899272363,2.9723986358312637
-1.0880425870117052,2.627898920570756
2.950824625750621,-3.2693428394633695
-1.3665220073590667,0.6343389290139334
-2.122512990011464,1.5448352688179634
1.9566781980827714,3.103970515578019
-0.6199931921347257,1.113911004669165
-3.4903280392584426,2.736659666856263
2.7399494623593914,-1.2345941049498705
-2.9828269936409266,2.4735742307357875
-2.8550051132624192,-0.9091950346719587
-2.293309201723315,0.8039487791830389
2.7733508317513715,1.1493551902993873
0.5408603694940117,2.8995796212876064
0.3088585915763896,1.1621512971805492
-0.8908456162123488,-0.9855570044432055
-1.6522729663781448,1.1769541845969296
-2.695972961575947,2.8665516757429037
2.1910861879711767,2.781905882221863
-3.387784949039456,0.9341796711844912
-0.8063229106128009,-2.8469239287190122
2.6358589785468514,0.05281614263501677
3.224303276946305,-1.189402660178881
-3.0005831115470056,1.7612170891331909
0.8846531409269341,-0.5350262239968041
2.6664909934245533,-3.12509131789797
2.7575725497838905,0.8623625466375878
1.1845832050496579,-3.3208972967968577
-3.290195897021194,-0.8501847088599266
0.6865858643399773,2.860289502382374
1.5564608794254233,-1.3787133048063727
3.2889745497446294,-3.481091267023785
-1.1399573144841788,-2.356180473685551
-3.0271646573124564,-2.4720447831943417
-3.033757183223051,1.3123842630970604
-0.7439303365540154,-2.7236084510199077
-0.5869214347503113,-2.611789683388986
3.522950156816119,-1.707732162621248
0.9953941870756243,1.0876023997962514
1.073969427160386,-1.0130000819992782
2.221667124143685,1.8527740488997
-2.70125154610698,2.757281241287204
2.34788302249529,2.6292946975463387
-2.5437743007342255,-1.1541117652084425
-0.8602507844625725,-2.133893579039749
3.485937810618598,-0.006374462735495919
-1.3300918295645117,1.0040322891621973
-0.8986049648747254,-2.134104239020175
-0.853851025568923,-3.108302393296259
-0.3183024562815127,-2.676570052294978
3.1283776758108544,-2.7535376078193865
3.246708488848776,0.6748495747962254
3.4670538410055243,-2.976334419895655
0.8441344471701366,-1.2632577047806168
0.7620666629766838,-3.1983775564444743
2.6831466044641603,0.7414338181168749
-3.5022864377057625,2.8004038363907804
-0.46565120729116205,-2.2925374861655756
2.9940803691114715,0.11572974794547708
-2.980458777709528,1.543600789362126
2.7113700579376263,2.295653226908597
0.5679632938609799,1.7896823227311551
-1.8364106455030595,1.3548928201101007
3.0734820392419007,0.5821946510899588
-2.6581315695416374,1.1328689582164446
3.0179612060097303,-2.696501270174605
-3.067352917254075,-2.3314070519409578
-0.7857683513102679,0.6327753403901121
3.591366140589259,-1.1132370512327117
0.7039663212649958,-3.366613867957695
1.1562581360638136,-1.4805451484625642
2.8374473708061396,3.083602204749007
-2.375509162294708,-2.7897184521094816
0.6170914588461792,2.5050661043428004
-2.3517165456013815,-1.112314354303648
-2.2709519048819202,-2.562891309125894
2.5941172621658146,1.0885050917739059
-0.7940834323759921,1.5953720986830093
-1.7538067593686353,1.7273705441082714
-3.3878351508544173,2.2564063098388596
-2.1628443257739054,-2.680822088573974
2.6502611810682555,2.387741503965318
-0.5831791459312494,2.838905556507872
3.0741306952093113,1.91609607916597
2.741248978376979,2.717255386210548
-1.2567258449024352,3.081210237705684
2.9198733738473615,2.335665863258967
-2.4175604525650836,1.4245964603983907
-1.169242982405324,0.6562994330479774
-2.721877643910947,1.137563661985063
-2.786550492686082,2.4377531970217223
-1.1985536155607162,1.127470900088415
-0.8711018537899324,-3.2362691984281082
-2.970520810455472,-0.8980732317242625
-1.2330936293203891,0.6342311367055158
1.4562692187362947,1.8728331504428588
-2.8472572332310095,-3.3240335022969845
0.7453561250034507,2.7024651482212185
2.7201083152177623,2.3738783834296586
-0.9226636151066695,3.08666279764958
0.7451294016335485,-1.518975906780996
-2.7174266143687222,1.2367832010538933
0.7888510871090562,-3.3563792301179154
0.8030702096985524,2.8851697906753637
-2.834114080512606,-0.5633656757837658
2.846445371036197,2.589651792231911
-2.7462229011768775,1.0242802127201966
-2.669004476995121,-2.11327432306564
1.42113426834958,-0.7554432175280072
-2.9649943125483853,1.3598444396802312
0.918317783895273,-2.4672877830098034
0.854862641855442,2.69191475133037
3.1896773990794993,-2.4624358547115324
-2.7085999588819214,-3.1286569708731737
-2.574344159724012,-0.9636574711572403
2.271537199127938,-0.8952720868088363
-1.1123532513439929,-0.38851672232046364
2.6576630009803415,2.47484822886923
-1.4944676676684316,0.8599179337351454
-0.4524174786762334,-0.6948544869585381
2.9494714049428414,2.4063395077582728
-3.1533115469413473,3.272104869408634
-0.6723647051102689,-0.03499167864093617
-2.6275728230521294,-3.2889061999464646
-2.2411847399005573,-0.6583266782876009
-3.147267560673126,1.4639682394512739
-2.3252346534923096,1.040784617514123
0.10031310787763073,3.351174326562849
-0.7393059094891202,0.75134457077257
0.36997330606197826,3.1964012072322205
-2.704818033026428,-0.5960880653320211
-2.622347633500551,-1.299945465878768
-3.0415786077228515,3.126908869322041
-3.019960270134731,-0.8680817241408406
-0.575398333095854,-3.0244466248380704
-3.0045262213975326,-0.3742671017578928
1.1604821876853135,-3.712207931056392
2.7463898371393065,2.5688183262027438
-2.589397522197976,-0.7302266935598248
3.2095342693704234,0.5703506461665847
-1.6347886289771425,3.8374543105962164
-1.032314637177565,0.6285754633640828
2.780460906623603,-1.0926150562364965
0.19477940122473897,2.477335798489181
0.7652903983289661,1.352290052586273
2.41374386759394,-1.4141038939280384
-2.6979037271015485,-0.31904261434731224
-0.7324769147364747,0.8789746033052827
2.2490603647348357,2.7123981107179875
0.8915271743340033,-1.890704913187161
-2.6835961449022805,0.8173922217958993
-3.439567980115398,3.379440488505431
-3.009864454749452,-2.170562614927493
-0.9986915367533175,2.782877705435583
-2.333831403197839,1.7709980016155256
2.1949747136294295,1.4250370085907302
-2.7079625963457463,-0.41741656441513336
-0.5736397752323004,2.5517577339041497
-0.7751427546393834,2.635103403926795
-0.9824139733558441,2.697452133436264
0.9548787248499635,-2.5152494974275275
1.2065165179201123,-3.3069446949888217
0.8386821248340112,-0.5018841131406163
-1.0914454899856056,0.615937155817392
1.060413388574284,2.8753220821898204
-0.7107902707113792,-1.1443069876117142
0.4626412247115174,-2.9874294809040625
-1.5048754917882394,1.2783508380720112
2.6274091921480047,-2.8375696052522548
0.8041179144395163,0.7088522827368527
0.943386233528978,-1.2726305133997038
-0.6230820589698322,1.2917097107811146
1.0557051265327435,0.6636149209756101
-2.166888995823097,1.1010207334273618
0.6005896179738053,-3.041459481898194
-0.3802722433615679,0.2834442121929386
-0.6918307435640663,1.245960730326344
2.7482205462249016,-0.975473666498107
-1.4781507284807807,1.4159432138073689
-2.9064025605068964,-0.8764105516321973
0.6500244923678696,3.1872822050367766
3.0913786265797984,-1.4520577782827901
-1.1589132318853852,-0.7376182995272743
1.3776041160438666,-1.323159402488906
3.1930300364050512,-1.1789624877288785
0.8001200521852746,1.4755929723319015
1.0840992842654493,-1.2428015571925541
1.4485429965426673,-2.8458556790295226
3.42929152930289,3.285535945289664
0.654020611105863,2.7289687221944336
-3.922860047054215,3.210900299136466
1.273946488328058,-2.911031319410984
3.5508204826255696,-3.823925460007507
-0.6641607558986203,1.4395167349716724
-1.2767133874339152,2.4244632617143167
0.6164138568909827,-2.5369212141028985
-2.461996395916397,-1.0868919331874216
3.4451158867568,-0.42270973492214325
-0.7252586001723773,1.231663351264649
-2.9927912709180213,0.8046706128453586
2.782256072049707,-1.2346606550669605
1.784371267326551,-2.180446988946503
1.0225370653779104,-2.9878168560993767
1.3786513220397816,1.0896074064825372
0.925518883047668,-2.9995546385595797
3.448092572976892,-1.6914911871200378
2.8801016585407018,-0.9044544018061554
0.5666301279422582,2.770713887136197
0.977709878011162,-1.009721847092694
-3.3200010475824104,0.5517369669281016
-0.4487206373305355,-0.8987220587859798
-0.6739796555950788,-2.4099690519591954
-2.893044628968014,-2.471826156362065
-1.273114140005446,2.4436987424601253
3.2750073999379707,0.37627076400038445
2.999451966408789,2.28579601045542
-3.3608217078909592,-2.348952092452819
0.645210478867265,1.6042830774568495
-3.060145207858441,-0.317779627377869
3.4247949987942206,3.1415156906924593
2.9069977635525612,-2.5793209721959114
-0.9413313108023057,-2.90979413503993
2.580434747152564,1.3617097867552865
2.5296278782911967,-0.9819807054804172
3.0439005709820335,-0.6441999040996306
1.2817735147217153,0.4433675409883805
2.1148369737563844,0.9241564721591764
1.0493088617767359,-3.039879165762631
-0.9208023812267032,-2.445499139783924
-1.0416034937100944,-2.729249849324061
3.4602514636090462,-2.1814192167310065
2.55603469574427,-0.9878542588386833
-3.2053692697157823,3.1218089846692645
0.7553157801879435,-1.1023190865520565
0.7272724124739305,0.682268250385471
-0.8895374285806912,3.434892083420359
3.0875215453014944,1.041646629822247
0.8358312847094086,-3.9430016464155724
-2.0255501932010573,-2.6810878870102957
1.3424943680977417,-3.350143220273187
-2.9257996769146777,2.899031456160557
-1.4134341636349375,-2.7493473610560346
-2.707224726537997,2.060292368571429
-0.6163183436856349,3.004494775862031
0.7632737800640149,2.72325605847262
-1.4178506835239406,2.9797320087312236
-0.9853999694573442,-0.49695887558682844
1.0595581916560446,0.9930859143260162
-1.1232869103285532,2.768003316439737
-2.71736214333443,-2.306210015292683
0.9009897226625149,2.733308300236587
0.852942872340236,-1.7251301828812757
1.6979957872590525,-3.4074039130669447
3.2430359433055345,-2.2693397990874846
2.8164783295232394,-1.325353706470565
-0.8870677990992555,-0.4304841491285858
-2.913321346420192,1.0241002876567435
2.620470642752793,3.1700264194119523
-1.2761415869052553,-0.749941275116693
-1.3876100968976082,-3.5486285711230865
-0.9619050507792143,2.8853206452722877
-3.2140361009134275,1.3895538197041504
-2.4208090831601576,2.812935765343339
2.7232854962890847,-0.5165675334733818
2.6502789873079466,3.05606107804137
-0.08258684704711142,2.514700629195679
2.7650088771041794,2.517915193639921
0.6142676619922408,2.746006883723943
-1.6730678106428065,1.2902826303382713
0.32228070300748635,2.3344980048595936
-0.9711863554598573,2.0238027545404833
0.4050928522794491,-0.9995540182833514
0.6365055645077954,-0.875453124069131
2.955448573605192,-2.9002889263446794
1.0016598884123384,0.8082329145917605
-0.859214246533097,1.3569333504586558
-0.8404275716695295,0.9400813206900893
-2.8051331098275036,1.4989223270382979
-2.920599931763413,-0.8867410846767806
0.9435651101414123,-0.496114978190374
2.40224396590277,-2.934196713954388
-1.6962914819031145,1.534468426207441
2.4179466169377624,2.6690031399452603
-1.1009048110960162,-0.6132246705498523
0.9391319166002307,-3.226753431366979
0.7410211715409022,2.9266385608396366
-2.281330002883115,-0.429806228399232
0.6062927680637976,-0.43921425263395475
-0.935295682721182,-1.289058854475839
-1.425407416156503,-0.3860533065536877
-2.698342994021489,-0.49829701005592625
0.6739467881457313,-3.3247688733362817
-2.4663266799870915,3.6532007355063336
-1.0163656502798541,-0.7099887026250384
-0.9454730013275786,-0.7844753031728602
2.805677838983487,-3.050978359119949
2.5720885927518315,2.5083229334730293
-2.6863918872979466,-0.6997402869118092
-1.7407852296939406,2.312994489636364
-2.948985007895158,3.3024238692369328
0.8475210778292638,0.6698666444786012
-2.7802958092391714,0.30456653680236395
0.9415518117645716,1.2283063209922849
1.556861959189818,-1.0275996977347728
-2.3691555646471203,-2.7694265176359343
-2.4071338584953526,-2.165774176547822
0.5681043301589598,-2.7970037526202027
2.987411869875929,-1.021135279393569
-1.9057628563518412,1.191074835046471
2.878139489476103,2.078381779523588
-0.5874493865194846,-2.761964823843791
-0.8239525222921612,1.718346613461294
0.5403530953080962,2.3485582350074314
3.2760085665515155,2.0191837732455085
0.7941169213346475,-0.831514737026837
-1.3558411714078973,2.2719472666011655
-1.6189702942072155,2.2260975793707662
-1.2231964600476293,1.2441238274670292
0.8300065958429221,-2.4985725627194424
0.992567272105982,-1.0066450201538586
-1.3973089828914482,3.5608343589779685
-0.7170857508157665,0.9022613241938723
3.2217174985914703,-2.843246662918206
-3.3378497930991347,1.2120565160300558
3.237944706855171,-2.922923147027026
-0.9337649859119777,2.6119706392576822
-1.4084950549208177,1.1924567224742084
0.76005575362545,-1.1429644868658682
3.302937763212589,-2.559553507649258
1.6432084906293019,-0.9360574466561534
-1.309193644268897,1.5596516877226436
-2.080335932411579,-0.7813729079356001
-0.8017569380039553,-0.9169358720607163
2.513613309079454,-0.4136730393149645
2.068822254007655,-0.9683435081294959
-2.9655912903232147,-1.254769983992788
2.259227158126193,0.8899833930141028
2.503528211442879,1.0893343325855382
-2.685272003450131,-0.7258636722459728
-3.4860066905455667,2.996357550642254
1.4089834474213165,-2.125095775363988
1.013771573792495,0.7866575539066786
-2.932494427671032,-0.3770869332742693
2.779289822970156,0.24378068880123382
-2.7080012211072844,-2.4267235170211934
-2.491240116548989,-3.158295302428675
0.5064020028464814,-1.4828606113130947
2.651378864384236,-1.0817890918348978
-3.0958916462488753,-2.7355955472378137
3.347559866879687,-1.4084831569334204
3.603626921269668,-2.5607848583956647
-1.048907557724599,-1.2832718501356228
1.4892282851622203,2.3646044035201172
2.6073821771159644,-3.4577401542621287
1.1319788343260766,2.4717341593729305
-2.497574371259193,2.511178060560798
3.0522540746677964,-2.8959808229811466
-1.1007707458641378,-3.193800257260987
-1.2440822098258753,-2.7010209342989544
1.150166545868303,2.5889058983333255
3.238812348307101,-0.9227334928916618
3.183722847984495,-1.2320175797169928
2.733296263542337,-2.45166850472744
0.7154648738338805,-3.551214910195019
-3.4128685497432873,1.6429466542684195
0.7726422929079234,0.4025762951414113
-1.1665661649956975,2.535545552554023
-2.515724499701914,-3.149416062642666
0.7440542291314453,-2.9052171418496773
0.7243884063139374,-1.1215123224451644
-0.47465611364716637,2.2404612058951816
3.298276470405761,-3.1077110961251826
2.6964514822626184,-1.1710828694232531
3.149342222016124,-2.5948792996445778
-1.1003984493368637,2.0751299593719197
-2.6045884764577893,2.2507907215458935
3.1287361776254166,0.6834418812915461
0.8854799629542713,-2.3844827990290067
3.608473118387074,-0.9302802090123663
-0.530755039270435,-2.571234705226299
-2.869209032428165,-3.08385524885076
-1.1557993553765054,-2.51080805166325
1.1934561249093998,-2.618957208026028
1.3665837815323503,-3.2720684558389617
2.8982804091135654,2.9036071310857596
2.922539099137775,0.988614454457575
2.9467389524261742,2.8525787583238533
3.476619697458359,1.2336717262797974
-3.049131713855742,-0.7911748302532138
-0.7912644494311999,-3.1664214408593856
-0.9148140233591016,-2.668693254539093
-1.4762063411826285,-3.07724599242411
-2.9797379924413154,1.0967356263225154
3.7684735793612516,-0.8302646690918112
1.0049541755440117,2.6680042508562454
-0.7176507933578541,-3.166986650270713
-1.043444024579345,-2.8868207416257032
-0.14637911017206556,-3.211883754031584
-2.8163963049787224,-2.6316678435235703
-1.015073098902312,0.9059333262106519
-2.4917450713867004,-0.4403721548441516
1.0877700319017243,-1.1810297035617106
3.2996245132675286,-1.0743255437739754
2.800775750036629,-3.5387343247336585
-0.934982654423946,-1.2377034382213494
-2.329356920531866,-2.4195143876955343
-1.1388082451180113,-0.8209405448052658
-2.7463221911514526,0.9243645182231092
-2.63658868593871,0.989176372321819
-2.0225640246997756,-0.5918620227763359
2.426179710537397,1.8566138599761985
-2.7135480659687885,3.384188151176441
2.7139417083827615,-3.223620453653353
-0.7197593173673048,2.2854357358949065
-1.2683932762789916,-0.910373544903289
-2.7410815065055734,-3.3337689285616405
0.5258800354651311,3.0542257780822926
-1.5891039614066897,-1.3777645256180875
-2.030122542554609,-2.6324725397559967
-0.5637308312147937,1.463997591448323
1.033383021252556,2.4207411223934865
0.9814424749755079,2.967479916082292
2.913699389418112,-3.5013745625952484
-2.8759406247837958,1.1075038391066652
1.0068271388339338,-1.1475377906488733
0.548970130563975,2.409665745421068
2.620362190957687,0.8304276585383594
2.6133638698052115,2.262480525684014
2.7077733328191163,-0.48057480042449824
-1.1745689561586465,0.31314801919229596
2.403650129930138,2.8418316080088832
2.9300360653908664,-3.2302769838439827
2.646962152185833,2.516985264951901
-0.6120038265087873,-2.58722721668917
0.25638941229547985,2.1947913452613528
-0.7097866128109611,2.8205031451203197
2.927288896563271,3.373577489390972
-3.2277776801405706,1.8757996389047478
-1.1189749181023478,-0.4492577886910635
3.2897517589996905,-0.903162816309678
2.8389327559364275,-3.442021295318631
-0.417864134384192,0.7256297062321758
-2.756782041247074,2.8731266618398474
0.6845281641713679,-0.9095257949751877
-3.123610288120586,3.210181022533081
-1.1489609929336426,2.9546279907608155
0.9256507637011118,-0.9772899955790444
-1.5511524042300324,0.9260148825481219
-2.819547762443585,1.4526129732295603
2.3598456293251626,1.0910026185954065
-2.7383420525879383,1.050896749479218
-1.1421192400014402,1.3951389856960177
1.0196184339655046,-1.2562957102499597
-0.8857222305370562,-2.704257601806467
-1.246263258298699,-2.340626610932857
2.7049046540733324,-0.605811253633308
2.8170023829317925,-0.9914682962443275
-2.9686698159506593,1.1723126959348407
1.3190369182918857,0.742636936442477
1.2055487176103237,-0.8334584063781261
-3.060186535168744,1.0452639949210165
0.3426812577279463,2.7515489272672156
-0.6983433439377089,-0.42866361204159464
-1.023118035875306,-1.0884604172296393
0.392636896372643,3.0646319664056394
-2.8440629220563642,-0.5101889289626137
-2.7766968617853633,-0.7776052997087682
-0.3511322655087058,-0.6643219708532687
1.4176594954184039,-0.6430250775798482
0.6347487985855903,-2.893260675091666
-3.2661484544381163,3.5558289795203732
-0.9200550518085558,-2.646908272597419
-1.2477229627597204,3.093102525864069
-2.995435793778911,-0.7218173907796436
-2.7796210902003193,3.1844547582603906
-0.8866887577831268,1.134318844205817
1.4270297244932555,0.9506434139172641
-1.2225538608875,-2.6352896029321258
2.602293497323872,0.6937684585762832
2.90282027485047,-2.8608347824926725
0.46236618950918046,0.8513406851742938
-2.5913861005098915,1.8722793216216647
-2.7470662597485473,1.038678368458536
3.2738701002730455,-0.5698044269037509
0.9974985692289029,-1.018331707671548
3.669023586911907,1.319855766383426
-2.5629600468900273,-2.412464869317583
2.6291890170343684,-2.596443456316216
-0.6863592295567066,-1.1940539611969145
-2.455801957670919,2.0611684708072295
-1.4195143279275737,1.399908800325672
-1.2952139373157996,-2.330634213198559
2.865192917175084,0.6032769573877534
3.001670261676347,-0.024580290140744993
-0.6528293744298492,-2.8479477619195475
-2.397319922059731,-0.9044423492189219
3.0718233466799085,-3.239395517755437
-1.113861526564653,2.5607832746786667
2.2693978738857346,1.3141541620301294
-2.911952107453243,-0.7963445918909015
1.055737569285638,0.5841744221988578
2.342398419352867,3.0708878360029153
2.827481431387765,-1.263002470013714
2.583201280247895,2.5110872253729073
2.776715941042391,1.0506881008285527
0.6551913802563297,2.471724592006713
-0.9272608995792673,-2.5583155541540314
-1.2360725377609514,0.5153817093513792
-0.4369379001301781,0.5392079091392891
-1.2819602226108004,0.8487336848160685
-0.931494667564536,-2.8726544752135843
2.37144400147243,-2.765999566378164
-0.4620877771121525,-0.8052539541028351
3.168765560016885,-2.6236954233450667
-2.943622949117541,-2.8094451570996517
0.705106642781168,-0.8394303832507859
-2.5320296534747917,-0.7373041046076052
2.7348143483342353,-3.012425125605485
-2.907407675456725,3.1436619605209
0.6814420905749377,-0.8181959449730521
-2.7422943795790458,2.635686392657695
-1.017450795189826,0.8228417802893421
-0.8033627761332025,2.554633108139304
0.7190266835480251,3.09954186943614
-1.2015447725199255,0.1627879716258751
0.6175984224132676,0.7981395761989896
1.4146738016697502,2.2771828924873487
0.03959740074923689,3.2811369454427126
-1.913566800279788,-3.0639424704541027
2.760541679356525,-2.325135998147021
-1.0255014626301666,-3.2019080111472213
2.5887430710024644,0.787432070813336
-2.2360175960935456,2.982798500900606
2.358170074704947,-1.1490568453710794
-2.3411338897535146,-1.0712952223266634
0.6498547888610993,3.0108390557618354
1.351364271207722,2.169310256507092
0.8043715580641898,-0.9021627842597765
-2.2512710978993193,-0.6370681491903185
0.7678533091190627,-1.012873930234546
-0.5211427434131456,-1.3072311848443676
-2.9474368138027804,2.7730051774988516
-1.1404016827182022,3.4057673772188606
-2.802372396955725,-2.3799720828116246
1.596437676990049,0.8774529976098856
0.5867252189424975,-0.46093342432700635
-1.008645966254622,3.2177178084303595
-1.011601670815415,0.9947071813232087
-2.2282982071289013,3.3216206241060333
-0.6425281936891628,-0.9578679996845452
0.981047551697751,-2.715371305287478
-3.0622826552394544,-0.9788332429982161
-1.2800164547528408,3.179532064233652
-1.320837516927631,-2.433790068774183
-1.3305673691415898,0.4604297713563039
-1.1517216908171934,1.2084424175452309
0.7212837422187974,0.5637557522843404
2.8187749270564706,-0.7322412172416927
2.8349344001031676,-1.2161853332962975
-1.2225542612267217,3.127369591789862
-2.538746277315526,0.7555573530453012
2.902227148371881,3.0525942551509906
0.9058182985795807,0.5099736506473181
-1.2273470867490746,-2.321182281070413
0.9566806848873589,-3.143572953655549
-2.9473239439549888,-0.8559929158199695
1.1880226841633061,1.1971694822299663
-1.5484538690923033,1.8456573830152052
-2.4934951273861756,-3.2965645173137292
-1.04433033363107,0.9735525638064806
2.548698071815248,0.7614299894252632
-3.0759484827387524,-1.4284169071590143
-0.8361264189664145,1.7005910578477261
0.3753532040963852,1.178565133316541
0.20564033231143236,3.473852448000894
1.272675169881967,-2.8130851934052123
-2.1879007383128397,-0.16595838155202153
3.1441251760354025,-0.8082352013208874
2.4202354523422214,2.6395755299790995
-2.6632956632340363,-0.19850053043277105
-0.9136803706840624,-2.3776488771063384
-3.2014364786324605,3.5446462279851043
-1.3195952192280738,1.4814701782341793
-0.9470173543445247,2.8267665311354655
3.1035883371658533,-2.7984881842067177
3.356238319122375,-0.5482154091399618
-0.9294683235037555,-0.9718204377606585
2.9674775336105306,1.0876825044764955
1.626804691042646,-1.2629184740942783
3.7128642540865338,-2.591646225546344
-3.0281512215974464,0.8761457330137482
-0.9905894965783446,-2.489748160037976
0.30071312941943157,-2.9164089611234503
2.5303862318074857,3.036340501412989
-1.4209724981139995,0.6249466009346609
0.8723079317198733,0.6375804294141086
-0.3663803667244555,-0.7181924234348727
-2.759524441654979,3.0344996350849565
3.0214891613717554,0.24812270059564068
2.850487660734794,1.0087254095683522
0.5294332837852266,-1.3515721761668116
1.0602367682964142,0.7973619749395597
-3.3872399670705207,1.1439522179744201
-1.1970440371744098,-0.06443007646553435
-2.6736115369952635,-2.70892425699271
-1.1278289692273056,-2.720251570422156
-3.546753149165611,1.413668042512013
-2.7222846480831238,0.8874530053312383
1.1027163700943425,-3.1858278578060526
-1.0153869901990962,1.1407126968444246
3.3202070642892587,-2.6535189583358556
3.3555548108035618,1.0946556134898382
2.9023661314958527,-1.4642826010150118
-2.932948250058439,-0.4680294417796523
-2.902000771656708,-2.111965868815044
0.5549777385442305,-2.2865623917482405
-3.0961737891653858,-0.5266709474243719
0.738288458649503,0.5035329097608325
-0.2019096270244856,1.309332521736738
0.870283592343092,0.8798116536479729
2.798037489706958,3.143280114229209
-2.931949377669274,-0.9186690225750392
-3.2263995104779175,-1.135622380880126
1.1457404767126853,0.766908353089349
2.2227512998487033,-1.0989112294331187
2.7230093425299984,3.015656550634898
3.0460291166001956,-2.66440206837048
-3.0520459253332297,3.055471627987672
0.7618558063621595,-2.9196471830563464
2.706421021563868,1.4106248660053429
0.9138793379070568,0.8996261741072524
1.4564744602526463,0.0775209925117264
3.2212246958399304,-2.9243040108480307
-1.4031885883024924,2.6262011228970366
3.2667785204287383,-0.4934875387139597
1.3108949898253146,-1.2951077881416624
-3.3985199365848064,0.995357949547709
-0.762993258260884,-0.37551646483011025
0.7398172950970819,-2.416199752158936
-2.963166527960248,2.479162618823801
-0.45252042279613497,0.9746920331802275
-0.5738686854184553,-1.171158238489594
-0.6652365267131081,-0.860011386901614
1.4007731298194392,-0.5254014112942138
0.4521300766373158,2.0717148292241245
3.098125004522599,1.2713245647973832
-1.2376218551943254,2.392432073895335
0.6791769616299295,2.7289870052704432
-2.6731419222698727,2.9673339116653805
-2.9691391893098085,2.39818794281657
-1.2071181102498594,2.653009286615342
1.4590661302540155,-0.9347293595716966
-1.4606961903469258,0.6062081279716289
3.3640776551883285,-2.677928033396683
3.3190035551154335,-0.8968625709507089
0.7169244751871976,-0.793590898037848
1.4769534788166945,3.4812855650543333
2.9684294364730217,-0.7580286338627021
0.6780323647484768,0.7009543872878155
-2.73351877343813,3.0734912450238414
0.7553449956702578,-2.5752489841727555
-0.7396278792897676,3.087780202487779
2.67818213474663,-0.6043013974540945
2.081560201740145,-3.350647771820713
2.6373556812826218,0.3575274370434769
1.000692227102561,-0.6912879352121288
-1.2544435888041567,1.7951947256448146
-1.9658348604363498,0.34449955528758575
2.585655463278294,2.2734585131167937
-2.6885088863536106,-2.59564055379635
3.087494648171426,1.8549746081297491
-1.083278032020932,1.5288669095964094
0.9032225943540363,-2.8393626620161077
-1.0073697195921596,-2.814717632358012
3.4335218827663843,0.6202698999884448
-1.1975449056632101,1.1092528811782214
-0.7735226130808144,1.1309247751952871
0.9001555068359042,-2.5333554670639273
-2.462783664167716,0.9123690475267924
-2.2643845467891803,-2.974558943781753
1.4055783077107238,-0.9597436515116395
2.5239864588268,1.321058585110047
3.2053797888673192,1.3812859425405786
-1.1968637748313948,2.873686532694025
-2.8564888107772015,3.4180379806806447
-2.753794260807684,2.942720001120498
0.880461672318243,-3.3139061171147137
-0.6209324295441803,-1.2717197610203599
1.102635227798953,3.532776133237162
2.5313976532315903,-1.2952128564159513
-0.9338384136085567,1.004717353439437
2.5157546475098385,2.9984210603561965
0.3546768141852375,3.281602646214426
-3.091134587062251,1.221019924794433
-0.819754721788255,-2.639993098156009
-3.0043883143245576,1.2316523498904541
2.4236136696055466,2.1374484437213073
0.5359862898592876,3.2485342520142417
-0.5545927786201894,-1.2422844408682847
2.331177321466231,-1.9521529206052364
-1.3019888753265039,3.1406805350428297
-3.2522306535513774,3.640808094263623
-0.6106499993247213,-3.526712122534322
-3.585548776723227,2.827802316291825
-0.982144223204419,0.9691181303375405
-1.2301864848664226,3.1227717600798166
2.7314012649893527,0.7934824253568366
1.1221929128286623,0.7270682353249562
-2.8703376532473954,2.6950804601193448
-1.6599311024409285,-0.4904320384959154
-2.261331976265684,1.4128741272600676
-2.774432947373047,-3.222617984637485
2.871214448178795,-0.9902709037456786
-1.2794966006820248,3.0039372359085146
-0.8436653483102858,-0.8280215734973061
-2.9072859086529044,-2.8649272821914487
3.184980274895893,-2.551462256777287
-1.3885543258335418,-1.2060757453835136
3.10317192537658,-0.9157966620225565
-3.4203551310051608,-2.4591697651577378
-2.3584894683909163,0.944831237016712
2.0680531218922185,2.623693499085001
-0.4532716186142011,-0.40175828140680964
2.1899426066331187,1.3901198055347401
-0.7289320958776354,0.8461927607655692
-2.9916882844540824,1.383380915418553
-0.983190634480508,0.8861749554335185
2.591144816395494,-3.8030958667680306
1.934525614363289,2.5367239795493624
1.1231836931449901,0.355127496294921
-2.952873838634057,1.595431122641683
-2.9002215868296375,-0.8574289581936869
-2.6944985424561474,-2.6273838574012234
-0.8672398176618518,2.8694539008540954
-3.011037063659695,-2.5946228644274414
-1.0667371829995913,2.2390322140001793
2.337170072731768,1.004463099991195
0.8160844605087226,-3.0266346670235595
-2.728301001567284,-0.4807603312008655
-1.1135022696008905,2.7114819602882596
1.1111292012177043,-2.6037273052472325
1.6216968514735628,-1.1374640769567705
-3.1218977515912134,-0.4894463589988644
-1.2247473444193548,-2.963176483063574
0.7793979130730271,-0.5396621945725527
-1.072922669258847,-1.1130635203964176
2.7993758354751974,-2.4287480636598238
3.245782185086734,-3.129482541640438
-3.687317499550071,2.726682084426754
-1.0710640046517266,-2.8246057569647514
0.7690045579259498,-0.6680655879577958
0.9644355818665843,-1.0650352924787843
-1.7392860974704776,-1.1818172651297092
3.082982399864911,-2.4973629829900985
2.6634526494860857,-1.1485010973476104
-1.2296239884007087,2.077524684859721
2.8083995220876434,-3.2865686838194663
-1.1384189221786556,0.7221336438837154
-2.9779595863952215,2.6690117429336455
3.1445018082861145,0.9503193459061129
-0.652216174178066,-2.791323680672896
-0.908077215904422,-2.9301655273473375
1.051494309637475,-3.3861350104669494
0.8692558346111081,2.716271051798695
2.7785286843275476,2.6723020266589224
-2.933448309540718,2.345069400612739
2.155482316269382,2.32432425837129
-3.1098972596559524,2.424566437504518
3.3459776308440095,0.7608576962258844
1.2115591676185273,0.7822297107138851
0.46010761280040335,-1.2799356890098124
-3.2219193564982946,1.2941911406525122
-2.306561018022972,0.3419669704276996
-0.9670598769413287,2.982680497313897
1.2595528620263294,-0.8957451179469591
-0.5552634019006089,0.8198190479950759
-1.4853061301274575,0.8114003826871943
-3.0151859837723967,3.04273871726368
-1.9370348223140874,0.5957823215843984
1.5829348259082934,3.0455458842108283
-2.448297628986381,-3.123630984205531
3.2497604201541694,-0.7835795976230483
-2.826050731963713,1.1661121211816932
-0.6344081298783829,3.3455147201208337
0.9171617572272445,-2.885502651675957
-2.6868674435115794,2.7129152103033554
-1.0125839999300041,0.9835596792138402
-2.922298314456738,2.569254208483871
-0.8047109155641544,-0.8617204171479987
-1.4294629954466944,-2.972626373293492
-0.33726588684433934,0.8970359972198305
2.556136812547967,-1.3288378358550321
-1.3153849661774313,2.7660511796708
-0.8114720891072442,0.2937949136163854
-0.7385198024105903,2.7758789392531185
3.5273385960382115,-2.730144496450059
0.278225287582469,-3.023338130773386
2.642254192692965,0.5285234616081544
-2.83685674587952,-2.627741421537263
-2.7839443620457645,-0.8519024053954679
-0.38792681635766635,0.7841752212108571
2.3686959014551565,1.0786010498262388
2.5810790581074534,-3.0360974809118177
2.5884796839800486,0.9259565000930086
3.11169150237074,-1.0839184331207068
2.668799612779479,3.0762122700321624
-0.2698175368086739,-1.2877115369634435
2.4916645705661944,1.0445709738643991
1.0321211464230706,-2.5206828589970813
2.254649120796431,-3.4987761958549544
1.33076198122809,-0.9375774602074687
0.44621921205780474,-3.166842967972573
-0.6963218336618671,-0.5004520896227723
-2.243707815617641,-1.2240356045344283
-2.267343975529634,1.4582814006245781
0.6598682426754323,-2.4331410866189174
0.9656889931206581,3.257063577570693
2.7276921674186543,-2.872862181086753
-0.8927379183752441,0.5037818056121212
-0.48386421690265147,-0.7680381841714895
0.8733902975628758,-2.822053517369405
-1.047976426142301,-0.7216156361348793
-1.3399877377314584,3.088641466146464
-1.111829287891,-2.152456478760333
-0.8491922689331056,0.7389951279108101
-2.839164892906042,2.416718665364271
-2.962016914441945,1.436570411834123
-0.6225319739116938,0.6927417374803794
0.1039224005609761,1.8495472036292533
-2.9406549404846793,3.559413160126699
2.6727027713132494,-0.9043014250275023
-2.2016951625592376,-2.466782810917411
-2.911222410283547,2.3414087606822416
2.554518335025927,-0.9516692325721701
2.9184175055636508,-1.3531966773474882
1.0432508242701815,2.425621058196342
2.0537030594487136,1.9917143663508292
1.9743541687145143,2.3789893017107073
-3.039554498744229,-0.37935291858943787
2.7563410788817584,2.455168202330103
0.2868319217241648,0.8570981742751957
-2.2564639043790593,-2.2132999948044234
-2.8577163339037996,0.9637948027231967
-0.8604132411381635,2.116426903346003
-2.4603680550625007,-2.9601847446060643
-1.2467813143837472,2.2716817790357964
-2.9987751036731156,2.6103062912767405
-0.3647274935002381,-0.7081023046671386
-1.0908189971698476,1.0009664464910955
-0.47217895059193665,-2.1706880137966227
2.741780591843691,-2.957158922937574
3.0146913303536804,-1.0239891093265396
-2.73639096385036,-1.2567570755408113
1.156936714967619,-1.3526971180441103
-1.2039337565575512,-1.8027184884664404
2.7210268025995523,2.5079671710775093
2.5765674377435186,2.306313886345165
2.1089195937226726,-2.7555337653954624
-2.890778992150115,1.4253918556340808
0.7870536937753162,-2.7460120179979692
3.059051822810819,-1.7521562449644132
0.9022398314509616,1.1969591036131992
0.5554349759082563,2.0696078738856487
3.3895240334682497,2.067737279094301
-2.9640197702390263,2.7505326766906237
-0.7507714236439461,-0.42117526234548514
2.8419753947411133,-2.9623702514312638
-0.4693058728353117,1.362713001792327
2.7687310738922624,-3.1158291716233433
-2.417913054239916,-2.5748694225069104
-0.8215826389501807,-3.073313861798411
-1.5871915700507453,2.6425232432402734
2.9966561135343013,-1.1064867200614148
-3.241386354899383,-0.3469623748445474
1.5371463161781354,-0.7519171157251229
3.0122771506810264,2.516456423735289
-0.6183978613187942,-2.1620245072925326
3.1890913916734527,-2.781370891016979
-1.341660090541702,-1.1002084709501478
-2.5805369874867607,2.3032200197735304
0.5847858135788024,0.9439499906365405
-2.9256051293050866,3.0244688249098233
-0.8316046943408218,-2.7745418864598794
1.3517618058665515,-1.0057019354060943
-1.40105688919917,-0.6025208466825219
2.0887449436083863,-2.810849706503222
3.176842275323784,2.6526661386102335
-3.3137265206765796,2.142829632293523
-1.0801414291039408,1.071469492190408
2.7612107708089724,0.8602559635795342
1.0381149180648988,2.2926719052380147
-2.6231109315110284,-0.9785610153872367
-1.4315036028543056,-1.5189021496097597
-0.7995761431278307,0.5255778272663936
-1.1055685274821536,-1.2341392539614169
-0.8154234351435266,-1.3244016439170194
-0.6003695604112421,1.2519554541314064
-1.065277428310529,-2.2092979715245997
-3.132844391735023,-3.0388147918835213
3.37292600594094,-1.1283257138612097
-1.2038354648776088,-2.540964539329498
-0.4125509542218868,0.5069235124618946
0.7556805979316037,-2.5417105618989178
-2.1813336840708146,-1.2181606115567662
-0.7574801103905107,-2.559761465466698
-0.9274722844349202,0.9862677847353432
2.6049858676842086,0.7969602235411781
-0.6622463309486316,0.6691536123223325
3.8307722977133523,-0.7541838223658895
1.1169256395564668,-3.1675300747489548
2.8577277975055906,0.42606723572391647
-2.8109511913416743,-2.4085765958293943
-2.159749526979256,-3.150396648324063
-2.9281368614252505,-1.499507958298711
-2.024092500388526,-1.7242676615303085
-1.2397928288145132,-0.4416356162114074
1.5683230516299136,-2.8838787345959127
2.5573355108418965,-2.7814415203390532
-2.9627305968482136,2.3134277943101798
-1.1923018728258084,-2.6756073550451083
-1.5991694996191372,-3.0302296793820536
-0.8657314731661657,-0.6673903699357234
0.4092249625353817,-1.6310098521589254
-3.042124825848747,-0.6286017718247067
-2.403540150741222,1.544510110080747
1.1391909814467345,-0.9949558980210189
-0.7079977403023268,-2.884227557939141
-2.9468790156157887,-1.9554156467469057
-2.807685982157464,0.25497369340651804
2.1266704526440225,0.8803751627366203
-1.1413422936335944,0.9809176876565731
1.3439523247216811,2.7356227305248524
0.8026399589486902,-2.892124055299421
-1.0677291499805444,-0.8030536014502594
-2.4994987771487907,-0.7224402647407046
-1.402666584966384,-3.296310322628116
-0.7775145969889397,0.9336776385329565
-1.2684574592181665,1.6629786707124854
-0.5414198978549157,-3.165369446029225
0.04822198391235277,-2.534369556746585
-3.1311566163292546,-2.9401212039800186
-2.592043414460684,-1.2592977059281594
1.428021958847978,-1.2838503504702927
2.443175565181043,-3.432803532404806
-2.6112201355098774,-3.427231475477718
-0.9991909529422646,-0.7817773024632493
-1.159561036574884,-1.6397535194468469
0.8480956485705127,3.4158870481319927
-1.3204684556829285,-1.7063607704836663
2.2274503255440314,2.4977355873862868
-3.1718590629768424,2.88264015706097
2.884202805410138,1.3307621547844277
-2.7607401837786667,0.5967650427076345
-1.1521926437256536,-0.9631387499554144
-1.1920696200058052,-3.2233059291825263
-0.7601503725765846,-1.141593142367477
-0.9938825318693675,-0.8263824752698133
-0.913240375681652,-3.1262190121093205
-3.5720144690686566,2.7843107506710267
-0.23897761983533605,-0.9818150618543882
3.016922318636784,0.5191642827155433
2.7797224467291595,-2.8706395877160875
1.4357580663699916,-1.56379938986592
-0.9502661979409252,1.6520573666329488
2.9753260875739924,-3.4347749399601697
2.805906582252539,0.764757584288609
-1.3164404545472597,-0.8209339405367377
-3.023179760268369,3.1379886592022883
-0.697326120726035,-3.035891033983246
3.437429937714828,-3.3817314775776075
-2.765061142835392,2.612405086114235
1.431073764837141,0.573164558126415
1.095070539814259,-2.301185257883317
-2.6697249345496488,-1.4624984997792319
3.1189205616703095,-2.8220417050639854
0.9111848098129405,-3.4053247828330475
0.37188529847670915,1.3665581980069328
1.1161214456695292,-3.494839652373982
-0.7889948195092633,2.6858037911099473
-0.5629899170425614,-0.5530032452024515
3.4556483021918294,-0.6699423095140233
-1.573212820889298,1.1533643679185972
2.9847775882578262,2.7452120047366204
-1.2159090892562225,-3.4670747044604804
-1.1460334642187378,1.3649286165837657
-0.9760583264196647,-2.752148950604772
0.9566500983810291,-3.34149624863293
-1.5760398281930068,-2.0928639121797272
1.4109734119136714,0.9404381669847919
-2.0758346675410144,0.16844184822051916
-0.7697552852978119,-0.7185862487460094
-2.8914145978855594,3.3728306699184376
0.7919548489335415,2.6195434423598742
1.0182888024123544,0.12730096088027107
-2.8101234389006513,-0.16388371803094184
-0.4639491413066391,2.5551584512460987
3.198731314972788,0.9796025361418731
1.1072735736818002,-2.757541030895749
2.6206622665345667,2.1290795683722132
-3.002554041860075,3.2128734572676874
3.2979307704321643,-2.9179629062726566
-1.0400841974248518,0.9541397591315824
0.12038821518509214,2.135010603334361
1.1471244930935056,-3.3664315490333303
-3.0505529702057728,3.595355697283445
-2.470850896625238,-1.7846869736361994
-2.7421528676458586,-2.424039720842846
-0.4382513511964474,2.8298801065494685
2.4261940475766015,1.0561336894012956
2.6334438187456164,2.1574850892607436
-3.37638148853904,2.4910004654573528
-0.3309505214149881,2.897961250425805
-1.1558303209767307,1.536288718165451
-2.340568624746689,-1.1600957950683524
-3.245906517871603,0.8507833267445238
3.548261913155237,-0.7916156198464335
0.6582885773008896,-2.9719072092161998
3.292879869370709,0.9055706750901175
-2.2199403296372062,-1.0389149265025044
3.4253365615596896,-3.0526368945756786
-1.15661010152631,1.9335955929779456
2.631016619419228,2.9898223904346275
3.1784424811496836,-3.0521012659651983
1.442159705984083,-2.5189264910647604
-1.467121127596715,-2.3596569273450165
-1.323306545043089,2.2753937650884026
2.4351172450723353,3.1365250999563985
-2.752658475397156,2.5439458813024345
-1.1650901634817612,-3.231132595734412
-2.5014007886204848,0.45191135834306384
-2.979604982888791,1.481430288008494
-1.0854282395167936,-0.9812253223830304
0.44053641918620506,0.9928010038202958
3.3146008689940754,-0.5335319693559466
2.5530710648812964,2.631585825353154
1.7624843797002734,1.291385492981184
-3.388379498396831,2.9849697137281432
2.6758026252248763,1.1056312672474573
2.9052543641077224,-1.6319298981149015
-0.4776398232214273,-2.285686153037292
2.2990829160769146,2.1243017421493238
-1.0477144596237864,-0.6446704858767843
-0.473131741849168,-1.4071704081477088
2.743243058082931,3.3257054331095945
-0.9599950030370765,1.3797431985734196
2.8626622425891695,-0.9518960906646818
-0.5818604315441337,3.117340925624206
-3.192826860486029,-0.6659815016977686
-2.486478741361321,3.1625927892051515
-2.6792025172219334,1.3044789873593043
1.774283414557604,1.2004602247657508
0.9220680765705422,2.6111664514813158
2.8374084225558525,-1.0416386231318848
-2.705248897779707,2.8966447062037353
3.2840433210496407,1.6148099734766046
-2.4107558267239,-1.1070729099319783
0.9041403168032566,-1.9750008462103745
-1.704474204197825,-2.6638033070944593
1.2010216121617305,-1.1164430905140097
2.537294728304839,-3.561528283926464
1.1700172347545637,1.2392698375524673
1.069647957711095,1.320762903443314
3.015828960480631,-1.0529976431838386
-0.3458207464446594,1.3963815339803878
1.15700343869752,-2.845001137794953
-2.7374095003167502,-1.2608333942372338
-1.2117424621810318,-0.7669780559783101
-3.0366820475625853,2.415158906704548
2.9471544646536603,2.692744524945603
2.8800230596742806,2.4140837151249017
-0.9983655880863761,2.792665337113431
-3.0331218224931322,-2.82571151586613
3.081671027373688,-2.7473614056422146
0.8535832558678293,2.433827641968684
-0.7810302235778153,-2.6288877643195767
-1.5861876142324929,0.7381365468174411
-0.7266176205931764,1.1058405268443694
2.1310732171962044,-3.264049172651041
-2.521676735659525,-2.5440737426314453
-0.7612399542107086,-3.206324647052395
2.2887150712199444,-0.48873703158514537
-3.0359075004893596,3.1079363538222577
-2.119011777757208,-0.8848221637960432
2.2824350020122037,0.6819134537141583
-3.336679763363934,-1.0579604970628658
2.938128687176757,1.063103161188235
2.6974028151259337,-2.4021381087422413
-2.357587313886894,-2.895542612681957
1.114862577421451,-2.257104317215197
2.7292293259728115,-2.9621322368726837
3.4831365636323777,-2.761504950899592
2.8885728804018185,0.6142168025132263
2.571915678803402,2.7970216631225795
-2.875525578059333,-3.057325814344097
-1.188710092101443,1.1343416432050275
-1.389005941221269,-0.23967743202099664
-2.2406012653835217,-3.0836570509656633
0.7364261446763124,2.903466946328688
0.9271540877560374,2.1604374009702543
-0.7961166693985946,-1.468252236622435
-3.0750205618031705,0.8683318564090791
0.6547644490582516,1.017630769961383
1.4017193008333826,-1.0944422688160655
0.05026570234816192,3.069967150764107
0.8175514882688523,0.95835816569969
2.2046482242489525,2.3286744497409595
2.8755018860352135,0.7678107307977795
-1.0797549733433283,1.167315819886572
2.7601030260265107,3.3003444102440413
-0.513122177537498,0.8610817648310739
-0.9978391225705717,2.907413560279785
0.8965549509519627,0.7262604359093947
2.9177706770346172,-1.2096210586742375
3.1614572503770377,0.18246769032290083
0.3102192754496832,2.8074574810514306
-0.22265975084984296,-2.997243208621614
-1.2226179716747252,1.2546080996187614
-1.1559556954909782,0.5288912481102859
2.8051958263026178,0.5997441211992
-2.3548865204169247,3.1464999073857047
-2.0668998837242043,-0.9053756318190515
2.4881532322774826,2.49412905722157
-3.131207873247877,3.178677946254441
0.49845385480650106,0.513323087270256
-1.0361583211537122,0.8708782835739788
0.9863003704354891,0.19476000860965134
1.3232340619546414,0.9479092353086405
3.1248065222135373,2.1785810488249693
-0.9045890442620759,2.916163753900239
3.51327933095067,-1.5479061714723885
-1.3355469193099117,3.1912690348095003
-1.203546722351266,-0.7500458646590855
0.5416348796930608,-0.5401935145289619
1.1766921595946676,0.8059750544861002
-1.5272170934691847,-0.9403031670902627
-3.0464595913937007,2.984222796145834
1.0081708366592883,0.8117779734724939
-0.9645784232760084,-0.28441010243903464
-0.38209682749384966,-2.4110116288415964
-1.7397169056315556,3.4158636553136974
-0.7787072216321576,-2.515780990277989
3.4750391063646333,0.22054394191137758
2.9072045630865833,-2.8102439967357467
3.0443083577128403,-3.0629790136296724
-3.3019922824379546,1.684440034875257
-0.7172782934194676,-1.1093848753865825
3.461434827625988,-2.7023739242263822
2.89090454701444,0.7535062173258905
2.582812545001153,2.5329974472011347
2.983412634190473,-0.4660563977335064
-2.4084898363899896,-1.463095628801824
1.040981630286364,-2.6181431690760992
3.2551376327014037,0.7236004516118512
-1.0718269108131078,-2.384032923554049
3.5913691576526294,-0.8544166509026478
-1.1379274744760637,0.9459944223595422
0.659010545858322,1.0084674073864928
2.63577844788189,0.8368954743462825
-3.1996694985944316,1.8984077217335875
-0.8500919411727559,2.969881090523086
-3.3076476305107536,-0.9794172926571014
2.7183592830666687,-2.236827711578193
1.4936083683491452,-2.586774772227145
-2.5152395516868795,-2.552258652014252
1.3330273224002596,2.415547647255684
-1.6449470885378348,1.1971801390934373
-2.917297093206085,-1.1041547742726099
-2.4533878402523315,-2.725986614541662
-3.107735317524749,2.940927004385508
-1.1354257871579838,-2.6143317387923535
-3.3217077401227963,-1.5162692399107047
-0.8652800371939742,-0.5096888724433098
-1.6936923909516843,2.623561104159962
-0.2620065343829958,1.0780336987769452
-1.4858513239118896,-0.9616473013980212
-2.2904840535151187,2.668755033177853
3.155731092328947,-1.1034380995745707
-0.7018930924454783,1.089516316351397
-1.3979926737541062,-1.8182214631373428
-1.3214677098818557,-2.0139759732907967
0.8784361812163872,0.8924509424261776
-1.1745410266468823,-2.439404299061668
2.6458175668767483,-0.9940316733407253
-0.7143884754862188,-1.234112186877136
0.925765798418785,3.272897194530162
-0.9746862684400507,2.327845898365787
1.4460839368287748,1.3315899830888636
2.492925981891483,-0.957562716567006
-2.6645075086423167,2.6572047050045327
-2.9119521547037377,2.211867327518415
1.4415786059669669,-0.6818301283648566
0.4329830972052366,-1.3635613737479184
1.2770361910661359,-3.12996695835715
3.121244088696483,-1.185839114548756
-1.1703472556350558,-2.8420053170711723
-1.6281254384674255,1.390250826026062
-0.8946027870587538,-1.2584828137291981
3.6905376453587966,0.849823324442361
-3.6742654418533713,-2.823747664310024
-0.5882509533978901,2.4335202235784092
-1.1269795077124871,3.012816712483053
3.072030328495806,-1.377950284848595
0.5580037535000633,2.243841108420117
1.2338825488224519,2.5973316967232853
-2.9848723588304824,0.669197626266368
1.2927236487931275,-3.0175274547602937
0.08497258858036881,-3.3615366064991807
3.033490976531517,-1.2388564864372589
0.6461290692732573,-0.635990491684727
-1.041913235795403,0.4555444358289296
0.8341591247984571,1.2441014776079904
0.9514868350622151,1.102045141009247
-3.144343003097394,2.9810143206330326
-2.499163436817804,-3.4984729646153014
0.5116537634911408,0.9529189552450514
-2.201590274725847,1.0780396879581517
-0.5354624489915788,2.3559572022976587
2.256663519176977,-2.9622394990806105
1.2279853484773922,-0.7921910097985974
-1.8251474115037005,3.1222176152071146
-0.956197161966245,-2.710364056611613
1.7283124903149607,0.9322636159152209
-2.20240599836977,-2.9162149378487685
1.179899813247137,-0.8791297795410924
-1.5898193071987663,1.2840291681373401
3.0889507117131583,1.1496451883926062
0.9894294508728922,-2.286433705585278
-2.43638622021964,-0.9977235205823134
0.655865220778416,2.3488599010997686
-0.9526569772227167,2.875847405698322
0.537617834402086,2.5960578570006447
-1.0349088514621998,-3.604430187305321
-2.8251207957742546,-0.6115947395839629
-1.0023468558691682,-2.6782619222118473
3.414807576346132,-3.1082258783740317
3.4064480737211658,1.2779878521419352
2.7034442365798825,-2.8375728470113417
-3.3384627455881253,-0.44829514549849664
-2.6310767405428015,-0.2663796816386186
1.1350963667015825,0.7591773900229559
-0.9089572263493152,-0.5798220638538689
0.6856573628351096,0.46600701798372535
-2.9347705039332896,3.8703967612959116
-2.670889462920175,0.7920201740286845
-0.5895031061976922,-1.1005583245878676
2.701169872090522,-0.8624008408210295
-2.4588234838558845,2.476524655601327
-1.260031255469688,3.145043761235413
-2.6596227673853727,-2.5790056058995687
-2.2292397671108546,-2.8523020018134346
2.4052592480573813,-1.6270502774862163
-2.8305476208542326,3.3703801243334777
0.5725099512751278,1.2235372042032195
2.9863157448659443,1.0261581078381323
0.5154641239961424,1.2777863836396035
-2.6995687412491485,-2.679328242792949
0.6682709737989335,2.9172815840295314
3.3008341006113384,-3.073243938571687
0.7954383139932729,0.9644361124127009
-2.834030790396807,-1.1874863663943436
-1.1516584688261446,3.4513512302674725
-1.1107822079073724,2.7581564237787157
-2.6193561141736454,-2.414466952617721
-1.7855337081786402,-2.4636423630258277
-1.6021127882084722,2.5464644022587826
0.9242516437168056,0.995729335764757
2.797536221430611,0.15786119782823924
-2.394527856471633,2.9085884024600444
-1.3844548286985763,0.36958325476973203
0.9706491738693468,1.307357132130569
-1.0048390232952462,-2.6872201336506216
2.6004585135380123,2.711587444766012
-0.9010728987394714,-0.5512135134573822
2.6428909028082765,2.2671298498003374
1.118199106040607,3.153704980784573
0.9027487836572815,-3.073015527327529
-1.1234524400089623,1.2415081432812818
-2.7029033364076525,0.6499578138397751
0.31567591136134804,2.7900295389235685
-3.315976298480629,1.3680794702528407
-1.140749110596686,1.2801315634079362
3.548739085018059,-2.34673247086362
-2.8259945045536163,1.8498158361122123
-2.423562355930628,3.1841512921658315
0.6315313758534588,-2.9325057799805787
-0.8845537595694352,3.212979551157528
3.5235875506921106,-2.9981575833284815
0.4860427853926771,2.482048249023472
2.4795699200317536,2.3661913942002535
2.422633740655622,2.629278937350601
3.2072733704042196,1.3319901510917338
-0.607392193465103,-2.4276995405123403
1.0620076309454713,1.7262163986025814
-3.650808955953275,1.3533206984920958
0.7314001268301517,3.1600485740960123
-0.43914320549976243,-2.844652540803154
-2.7888941137609713,0.7819092810060577
-0.5090430024957225,-3.0872185475366063
1.0781049129738123,1.4383000940406878
1.3366822221568773,-0.19609164683499533
1.311412132779322,-2.734434889562335
-0.22099017643985266,-0.508695312393588
-1.1087355808841715,-2.8626585783234875
3.207756971526704,-1.3834240714586805
-1.1177575544151797,-3.257496116568908
-2.8510940190387437,-0.46395468800190826
-3.0585019295752285,1.0706055020260028
-0.9319952267637862,2.17432137071974
-2.434837700517453,3.130794245885521
0.7093684486239301,2.9247963330020204
-2.5723158106206196,-2.4307441198978377
1.1529542127601424,-0.9126909138427188
0.9268163143506353,-3.120268260847701
3.2174815619726687,0.7328832880242893
-2.9224228576457616,-0.44792544423736935
2.750587650009814,2.5375740308784636
-1.224436793651511,-0.8545790109987096
3.866631134434013,0.8341389354918998
-0.5362258604033785,-2.072857217311606
-2.89469299894801,2.532500287294448
-1.2437197588153477,1.3742834079507114
3.0876713446956625,0.8127720987621887
-1.5913614866331474,1.328665777478349
3.068094093383103,2.586130190782445
2.739050954304847,3.0796069753665125
1.3350972857540473,-0.7431866425911372
0.016557524503474058,-2.5653628038760483
2.815149093417376,-0.9936095250241078
-2.957853371538066,-0.9286178015102199
-0.8770905702467647,-2.732798280530697
1.030532653073865,-3.5938376011759727
3.3143211431685846,-0.8519341089778661
3.4944625780179708,0.931897704330185
-0.9313629464119185,-0.8622007250482462
-0.9802989417563356,-0.7174643375775271
-1.5114661805398701,2.778244514282789
-0.6841459059825614,2.772800457502997
-2.2178603567443798,-2.4134833186033586
1.1715282834291505,2.7238247203006294
-3.2146972220731582,-1.1801450489679077
1.701151906123258,-2.942977907649154
-1.2570036707765087,-0.6188257662196266
1.1275492981487705,-1.0065041400031136
2.838733293858021,2.830367262148752
-2.89601647278823,2.671357369016932
-2.723392709702736,3.0620872643863515
-0.6697176661686367,-2.7093649174676173
-0.8869401807008025,-3.2330014104397127
1.05132741728917,2.617571624930236
-2.7572684160827587,-2.9013080774489475
-1.1812236071528226,0.7862442896624774
3.010969351316918,-0.8074152729819161
1.5192908017114262,0.6840380011075227
2.4235273718618506,-0.867494398870631
-0.8130319452839506,-3.1795305505261933
0.7660161635661326,2.432445423412073
-2.5624230142446285,-1.1122297971336232
-2.359885372634275,0.29668255964128476
0.4827209016661692,1.1271423133526906
-2.826454226896862,2.01364031325344
0.11676859073636302,-0.8042963138399635
-2.419139674796979,0.48851522817947785
-3.0454250471037407,0.6909308767838443
-1.7966228569737477,-2.9110858802877893
-0.2515418155136524,-1.2374790254798718
0.7621785325040653,0.9446430824928286
-2.874687469866735,3.264120744626686
-0.6991334405756382,-1.1302371217076093
-0.1675891458986543,-3.045874599703106
-1.0063507261414961,2.8068411518927476
0.9195952195512218,1.6062738940343748
-1.1956723640933935,-1.300047546442572
1.3978878236419074,2.2611809823610303
-0.46779472300359454,3.4188951743059928
2.5934990940162606,0.7247335619992764
-1.1294678000083656,1.0498434594416668
2.5087643477311614,2.2608535798187135
2.6913551513764764,0.6441393366930919
2.990186499200971,-0.8089608686262318
0.2845175467765759,-1.017068684441993
-2.7564396127792787,-0.9739756779835379
2.6844927844761655,2.911336531667462
-3.0737659631721153,1.4734096180516172
-1.7066731193592457,1.1598209805044444
2.466402798891085,-2.754497961014054
-2.6278495031097577,1.0029995942769208
-2.611343726338068,-1.0410542598229966
-0.8982471472777892,-1.523173989959166
2.440575325140841,2.986676642164736
-1.4083059459504956,-1.1480547096075775
-2.377404648746361,0.12223844625931575
2.649382080358188,-3.0163480570354992
-2.3444108876768532,-0.7095322920459503
-0.6930527627064156,-1.0914463697225463
-1.4310972179313755,-2.762297979706818
-2.2744802084866804,-2.2105412845298553
0.3202249572819602,0.8419748088068796
-1.2248188598560517,1.3342063834780629
-2.9439749838812843,1.6768689903073017
-3.2820547339054413,3.431099200025208
-1.2109664889463414,3.0343548368218305
-2.859107577675987,-3.0904023905894373
1.1426373114032171,-3.572332342150783
0.6370209565056039,2.432968749381069
-1.5944338809805882,1.3365219716303762
2.685935094823269,1.1015366035204328
1.3438635173233984,-0.8751984654692716
3.3129950041061873,2.766172240215567
0.9221866948244622,-2.9685891597433613
-1.203789539271089,-1.0766455594239013
-2.650125018250331,-1.4625710089029658
-1.1636715726666493,-2.9191326605352272
-2.8799213567077273,2.3892163997172084
-3.1812799646107566,2.5154483772549256
1.1116896460166052,-2.451655682887934
-1.9570337409683547,1.095453708968896
-0.8936741237097171,-0.7053025574505098
3.0081188902343214,-2.9057993295312263
1.0812410619355357,-0.4148469297482936
-3.430009506128057,-0.9159445751868782
2.1973496963838404,0.32043906286603735
-1.2421443782927966,0.9307972001970168
3.2627101214735466,-1.6627427651056594
0.943548028621547,-2.6855404244761405
-0.770413322924042,-2.327230649703324
0.5736884325101533,2.658212938383911
-1.8168096936609588,0.6198635041004483
-1.8821104101439858,1.0620165976868505
-2.6683549070442187,-2.4954648220866127
-3.0023112632192004,0.6259125211225801
3.31980646256246,-3.113005487155951
2.721201700842207,0.2914719484225471
0.650058082445119,1.0676787064771496
1.2282248519806933,-1.129619317405516
0.5722641344462109,-1.0322601001423455
2.6996089614479284,1.0752874695691432
0.9821591397171876,1.2231039899765965
-2.1931222556274608,-2.373538952266434
0.05529811389663379,-2.7144948084120153
-1.1811898899175264,-3.4804146560782208
0.9821379666402018,-2.9453426533591007
-1.0580024709746996,-1.5170252184519224
0.8028584768500114,-0.37988413879757404
-3.207216285705971,-2.7675031818908735
2.5193203035578655,2.798808951526978
3.2512945672997007,0.8387441469600904
2.9589741969732333,-1.714977719388551
1.0800847864295806,-0.5113421511629086
0.8236353781737777,-1.6530086011847085
-2.702492926388938,-2.659866520328645
2.8208173863782107,-1.1127604703538219
3.0639151832256344,-0.02924904220838452
-1.5161447719265502,0.9872123233842816
-2.8225477889648567,-2.5391948911237043
1.1108997123842577,-2.9997482321814486
-0.9280389995628285,-0.8259037010407156
-0.6730712781794809,-2.922509153745605
-1.1378007897326134,2.595025867482062
3.1604711301073105,-1.2823896141791506
2.8380163750454366,1.3767595589935357
2.798588300377982,-2.9677500549898803
0.8246051715909474,2.912015451401569
-2.8965125626106936,0.9771278853972838
2.890915582231391,0.624334296827756
-2.598430878955957,-0.3530164114102678
-2.5437056819422224,2.3007461840020285
0.5374090949061516,2.372729476375046
2.8518090770646194,-1.453694641863558
-1.3094522279819563,2.7897681540936983
-0.5707436015344263,0.8488757113418296
2.82237182514437,2.79203374711745
-2.718458890943494,1.1185727651259816
-1.6356434296140607,-2.6910846876335635
2.8049848811906806,1.1971102014837993
-0.7017198717754645,0.9359138188392501
-2.4377609700285734,-0.959949570625555
-3.2592218848623506,2.6095016108193665
1.1436450741938133,-2.701760246315118
-1.5792403921900668,0.8628685787317086
0.8559059491530318,-3.2279679871728773
1.345512602483415,-3.2398869016127594
3.1204263829951304,-1.3222737026522582
-1.0162972941375716,-0.10131751950387625
3.014228016102706,-0.6773637542212978
1.356684641237576,-2.817419690421822
0.847259808371905,-3.367553255386261
1.0659118753081083,-3.190605202824071
0.9875155536213117,3.1579029510330967
3.0807358597648555,-3.2635333872583865
2.758355188472017,2.529117599771416
-0.8719194361356619,-0.893053020516126
2.8005300320367,-2.6175717864875425
2.425675662610058,-0.5791884817975667
-2.2861892942289157,0.5213108884663085
2.775756075358976,-0.6982575093723775
-3.1265788368588647,-2.509550998768814
-2.799276585938746,2.8434379877780676
-1.477968347808742,-2.918360037690333
-2.519381724885314,3.252721448082145
-0.9978993896557902,1.270827470793889
0.8333902329323485,-2.9463521192997186
-1.2035014007073896,-2.767297716362881
-0.27095000963747157,-1.3663719391839166
-0.5910995092993566,-0.8448395940324038
2.4731045024866516,2.328978650820394
-2.4543322432771784,0.3356015496107043
-2.7467322171260884,0.7270074348644878
0.8185924165369738,-0.7037621109016415
-1.2864525486513954,-0.9817251253967942
2.2278839190276085,-3.5861561848515486
-0.7751253912337965,-2.4205143906800317
-3.099923773870246,-1.1771581256038244
0.2559517332296331,0.8711834281017012
-1.155852674852644,3.4081404030551816
-2.26439310113024,-0.8468964605650893
2.8078760647570205,2.547059723226596
3.130329529592594,-1.2691692414195017
-2.738907515451966,1.1623015604748583
3.0367989890800944,1.1656660032153843
-1.252058527723066,1.2992708257621155
-2.2001554574216895,-1.1105755859215145
3.062992788607606,-2.9686232708381133
2.8320437640996943,0.44331776640988857
-2.516279821912708,3.050549501299306
-1.0917214792245684,1.083189462866087
2.3012118422018313,-0.947342972874921
-2.853342361468378,-1.385576402904073
-1.0389807403575704,3.1716954398138446
-2.172452559617103,-2.7146608069229954
1.0658232154814828,-3.0680742159050816
1.1375987468080224,-1.017540466845861
-1.2054985263347673,-2.782044147080628
-3.6917933004208727,-0.6852085945317332
1.2736979216791045,0.9365604618844532
0.45373360760606835,2.681361000561501
-2.917244593752518,1.0586024896585013
1.1970474173312968,1.2233762164993893
2.901418072063717,-2.57016434214496
-2.8829831420212844,-0.6533820246101184
1.7693564668571893,-1.1082248630395368
0.4767855497897933,0.9115629070646257
-3.1565040068182637,2.7025695400652108
-1.1789288937666338,3.1202702368432296
0.6654833739919693,0.8239656808387875
2.8147725307471156,-1.1504142452888335
-0.70933044521325,-0.6769410515291644
2.448812328467287,-2.7757038253375454
1.6202521902866487,-2.6898980121869487
-2.9166125104649563,1.058656210619537
-2.5151704616940247,1.2552969987695466
2.8120062006625544,0.713149192453905
-1.1970221312003186,2.6185925562370436
-1.2051115817271965,1.1441824952199386
3.452643894535995,-2.6626740855945417
-0.8153541897278916,2.1859609778312135
2.594268040694531,-0.7295610422832546
0.7059004892541637,-0.5614846360972388
-2.5914297699147215,-2.04770521731955
3.697135593157742,-1.3014290164756444
0.8708775073896404,2.3920322496823347
-3.153235289956808,-0.728540973587246
-3.086400391314447,3.2043526617990277
3.319302549081022,0.8258896108253108
0.4264373887829783,-1.2100248107814258
-1.170855193775884,3.0297571180475593
-2.9601730635232912,3.0973274438389296
-2.7206422594220103,3.0625979364144613
3.3109313770108906,1.9910224562141503
0.36597391845385285,-1.4007846623750457
3.3682792429245154,-1.0328796137357625
2.34487672833485,0.7263207615491774
3.083218214029117,-0.02707992769656883
0.8981996741247478,2.733590757633432
-2.5147639976110967,-2.44496096754323
-3.5608425382724316,2.8092231984916363
-1.1827178124964113,1.3337575848385907
-1.3106282771276658,1.5249342237509123
0.8519856716351393,2.315947752266439
0.7797815280507986,2.183303739056138
-0.6795081226097309,-2.553953196925554
3.3245839204842493,0.8434320150711814
2.994896331964682,1.066339761377463
3.1964291460905514,1.0959479037471846
-0.7728303502300338,-2.547027136058209
3.3925120736743897,-1.0902857931223733
2.995621284343385,-1.3398035588808346
1.2040668516746487,-2.9696883613919915
-3.5045781551973216,1.0304306779742418
-2.632459573715986,0.8193548911240351
0.6063013678960177,-1.149695798966547
3.234684091530038,1.6938232609873736
-1.129861538162324,-2.9422548869847405
1.311050472801776,-0.7266050325275839
0.3102933365654168,2.913068514213819
2.85279796773118,0.76645453723538
1.094839327198754,-1.4773594200481948
-0.4915709386228096,-0.8070522688714153
2.9716427107720538,-1.1073175450866473
0.7907454130885613,1.5392724179729078
3.530267960837379,-0.5661630400444858
0.5930297930723042,-2.7320236557877164
2.8452713818195696,2.583694703082958
-2.5930998456488186,-2.8086151935167867
-2.353295454772411,0.8908371514877382
2.936544045610605,-2.5308127207819084
-1.101886824149604,0.4772840548467542
-3.029539476680287,2.7191997689310576
-2.8733364831094583,-2.5215691334741726
-1.225106440701767,-0.7505631722933619
0.8713576963321574,-0.47147471636793276
2.855267549334927,1.7832114423792504
1.4240384897480896,2.299445453409008
-1.4560744684195375,2.8162950743774866
1.7742983221055557,1.0416323810838402
2.7756734568509747,2.4360388738010514
2.927644651728612,2.8908107776327276
0.9236279379948218,2.3399422251765465
-0.7338001909019702,3.206376910728862
-2.8519122635175234,-2.8277745952429068
2.5311950904408724,-1.2241821014062402
2.8275265165440575,1.2090033063003949
1.3402327201696203,2.9837238721835595
2.9758289411489547,-3.4229188979222784
2.8515601351950117,2.7312745799708558
0.9469903095583327,-1.4373763703122637
-0.6032946187380874,1.2391821167942603
-3.055883939409383,-2.7227404582494406
-1.226986372617246,2.8421156776649457
3.120591365720727,-3.1494228588871724
-0.9657400014057023,-1.4036348458411994
1.2931602187204356,1.3618848082414772
2.899595881727833,0.7696849741185292
3.0992155562262433,1.2913294003375035
2.2518348665893244,0.6433750936960593
-2.673427160944068,-1.097804752972834
-0.9896316569874186,0.7145938126434498
-3.1459141991142796,-1.044817877250746
-0.04539187627050371,2.957123050498684
0.8213940763756483,-0.7471041021883117
-0.6695232664832156,3.5670163959283903
3.429411543890625,-2.7511122091410374
-1.2195281536592595,2.5331574630893603
2.7585375443216407,3.1830684766122617
1.2756434910102357,0.74574603831126
-0.836602982218582,3.283618676210419
-2.6014112877972613,0.7678013182217118
0.9294061182502732,0.6237789791208195
-2.2161512541084303,-1.0626730834517217
3.301001896794544,-2.8221543458640443
-0.4315120622837093,-2.9811250377971725
2.4146523171894425,-2.3807188983141194
0.6154179969522796,-3.2126471588971555
-2.718972891758995,-0.46890851697371266
-1.117636394392828,-0.9643449041082179
-2.7809008702452083,-2.7521182204036405
1.2022244907161235,2.1491974870598742
1.0492895772961983,1.6473410071878916
3.3978234916245875,-2.781270137892535
0.9493614404760476,-3.2568548175441094
-0.8758255800880554,-2.6979813329325437
2.467110924492206,2.233825427704043
2.343774835194441,2.4910535638137663
2.7693578010145465,-0.9585052078925291
1.124123621738344,0.8430209257259142
2.6299124955529414,-3.5802128461063947
-3.1329969818253596,2.6052684682812837
3.0761373011752946,3.0713677268273005
0.9348694899068257,-3.3257150072453507
-0.7459799978909817,-2.4492916950492627
1.4432450857131716,-3.3972820240823807
-0.9371404775723802,3.3245669641937408
-2.452126327415873,-2.4481118107706816
-2.305644453897549,0.9925159041770342
0.9275052737427205,-1.000347283784948
0.6371377275391372,2.659683685937681
3.405134446385024,-3.052447174641743
-3.0877059418402584,2.3242078548468084
-1.2920021319671295,2.3901625105309896
-1.019819751695511,-0.5875973828287075
0.27113278272882374,2.6520123705163456
0.5414149638563746,2.64917775624339
2.405611777943412,2.062399615199194
-2.271338168780451,1.3563256231914007
-1.165531295987637,1.2960499581034428
1.1363326545153651,0.5681029560197098
-1.5501368249436336,2.8432641991015712
1.8508170929015475,-3.22059309182557
-1.678964366774014,-2.245093455201697
-0.475312945833718,-2.601360191235037
-1.4901723210032913,-2.831859476170242
-0.8003949205650612,-0.42429269492316896
2.4978538550218548,-3.255537553502838
-0.35318443939352506,-0.8639064077456929
0.8160220114491056,-2.7916178212141016
-1.0523012528895102,-1.2768648038430086
3.2252542772880766,0.30796434964641745
1.3431635318105877,1.2052462263213555
-0.7560191966439993,-2.68688616393606
-3.9723365021588335,-2.6703099640403454
1.3747276007411862,-3.0051926644203415
1.0110564545823055,0.6303479159181254
-3.100173989697334,1.4986038274605447
0.7209790057239903,-2.7681557480417074
2.9348811770642436,0.43970881269158657
1.3899341913248264,-3.0550408043702864
3.100367582330831,0.7624249867077549
-3.309789949277241,3.6264363998986746
2.532050797697065,1.2390753557072758
-2.494811105871851,-2.8856354724322726
-0.3792899464465878,0.7273502565462098
2.6144269026924998,-3.457637603399315
-3.190922575039881,0.42989660290106574
2.993501316067848,1.9764661113117343
0.8015981944982047,-1.2614110966455374
-2.576144453563992,-0.6323198653696501
3.3321963297313673,-2.938573429153395
2.9005757223872055,-1.3603205865435601
0.3564144857951386,2.733161080137056
-2.9942876087397425,2.824006644522186
1.1902904834851973,2.6303163062167734
-2.2955001805757718,-2.893075612831667
3.0717615663456357,1.0819162482478417
1.2289131718409478,1.9666738857153123
2.5359308828713623,0.8150400264898796
-2.9577995208675505,-0.9733994010632473
-2.4022415135821245,-1.0877840872343674
2.578623498935929,-1.1011340807225756
-3.410337272862038,0.6573741687462324
1.6817261463165218,2.6351896042672958
2.659206114700627,1.1136239583408076
-2.810881720318353,2.858477280547928
-2.923180175006169,0.9325742622603153
-2.408222442533725,-2.6081274509326193
0.9310642690346337,2.348853709601273
0.41456596716498095,2.904788000741929
-1.6714623029041025,2.360240425197626
2.8054352253633197,0.5398055028381686
2.5910202300570853,-1.270144469238019
-2.165233545488576,-1.0133981040187456
3.3563704176922937,-2.8378495917781668
-1.158987143243429,2.6040546730723912
3.051460769984471,2.7007255610746266
-0.4078891342697474,-2.0832678134740754
3.1772098423996793,-0.9150517736300424
2.9003979306016743,2.7664166965895873
-3.063901264814947,2.75592900642262
-2.325397183271824,-2.9437924559267126
0.7285257923843906,-0.9624310295609244
-2.7345930965802445,-1.021585984023301
-2.141322918414564,-2.8037300978308526
0.735702024542348,2.58038764276352
-2.3402728262873045,-0.5875343255578986
2.7980195733612203,-3.1192394893973563
-1.3076376903805895,2.868070765761576
-1.4931289428536956,3.2278980748028663
-1.8350030187864832,3.2208675827683644
3.004705814313924,2.2817825375970173
-1.2429966941204096,-2.205063173124503
-0.5393728017712176,0.46960099370461295
0.7467747545653302,0.8280833236045507
-2.87888247493717,0.5508916434234746
3.2157588405901416,-0.8521446637539859
2.943050432534816,1.0469392697649005
3.077210793212742,1.3936419311132109
2.232481049139534,0.5636514041512672
3.249230097374604,1.8322895944485955
0.33840522298488257,-3.384616578455284
-0.73462775978796,1.416209262926438
2.744319654282973,-3.1981318126084095
-1.1143929947687823,-2.871821464130176
-1.8825155328428453,0.7050336187605378
-1.1178796440877956,1.2597851640228421
1.3765267548477254,-1.1081609617255748
-3.111196331374924,3.031994690590144
-0.6127933310642582,1.189630894388906
-2.6305179107026757,3.1894840606974415
0.5756800824304832,-0.5829926599853547
-1.2166581696660403,-1.0065191155214424
0.9466342452472689,1.0424674304557249
-0.4789338609531707,1.1131620854317628
-2.667015174368038,-0.5571795120148426
-0.838717362434725,-3.2287879373800177
-1.2972779573371311,1.1633146219936294
2.8104956303614244,-3.206283795159511
-1.3975834944714003,-0.4175321397978363
3.210417635578392,3.106486810230759
0.5668153906638069,1.2058710135061288
-2.3654739620214333,-3.223938908161684
-3.011289691479558,-2.213352430406171
0.49693515064870997,-0.8703564282080397
0.3888268647050392,-0.7681571375936809
-1.0808355240675382,-3.1708879295658514
2.7348414052541603,2.465032485689394
2.451368817954951,2.8358663484742204
1.2809025726359968,1.6588761650882393
1.0429312715635783,-2.687246370287896
-1.0424809706069667,-2.910020685675863
1.0270671876427102,-3.2242490424255754
-2.0472540898113087,-2.6223252645935724
0.0004893115806908335,-3.137994858876106
-2.0271425613004492,1.4868555229143483
1.3240840349396579,-3.2377229753965615
3.0070269578331636,0.6935158364453856
-2.7566660745703806,-0.6919226016543595
-2.2415212617839186,-0.7655039713521
0.6379190487605781,3.003999520559889
0.4358937244747166,3.1836735578905726
-3.1529447355232674,-1.4587826084221998
-2.5494817312946108,-0.8697172251847174
0.2754938285386079,2.000500908055942
2.408844352056701,1.428695130111949
1.057566801053784,1.336786096977707
0.40838052168569644,2.342580132274628
1.065247650496584,2.796327908736348
-2.697383289314847,-0.17369764870349097
-0.6283127487661376,0.7986368106628529
-2.954604762259642,-2.464186017402033
2.8565051727224664,-3.3408176291640674
-1.3782009690769983,-2.737200774071442
2.5680337022123862,2.2297981048524376
0.8864592796795295,-0.540270321300323
2.303559006171167,-2.815295024720984
-2.4048098941191074,2.95992856194405
-0.8666697509080877,2.620658009237699
2.873036027240018,0.6317733871415423
1.2915713163070826,-2.687958126228951
-0.5475764560843914,2.314928249083479
-1.5136879088057773,2.9168545819180154
-0.8576868886036528,1.3030304666624941
-0.8938569638572188,-2.7512009846226633
-2.771057647116242,1.99260325082798
3.04826844751764,-1.3402761429104508
-2.926605844767465,-1.9670915934342297
0.6685070377294757,1.1415741940419084
-1.079205609843958,-0.4569410882236774
-0.9616935046850841,-2.5663750726703203
0.5017818152373856,2.852199726540836
-1.2345832715001708,1.4941298707817312
1.1648401950058773,-1.055044646794223
0.4889233369369181,1.1531936037402508
1.3023194338398378,-2.7273934200876604
2.453824326411241,-1.1756311905470163
-3.182547862850646,2.871682637396851
-1.0905809788806857,-1.0515396496778129
-2.988151282681704,-0.9696738462912594
-0.7063430231244818,2.5134070792235854
0.11361038932957437,-0.6832787926330757
-2.25922476303668,-0.38948645993941206
-1.030207855393979,1.0219738659066053
-0.909463291360577,-0.5636682370318552
-1.6022003714511366,-1.0605337449659473
2.9230798795414574,-2.9437311036489566
2.8268359633528912,-3.0062334646186915
-2.1163179241982184,0.29467752844158646
-2.048528382502219,2.7872012698241404
-2.832612562089974,-0.13985072258007625
-0.5318796049576772,-2.8585171729624808
-1.2432433450093863,2.1114206942206413
-1.5076519939367095,2.534297002853214
1.5884204516703877,1.1634192570971142
-1.524625876167131,0.8221474138350612
3.6006724178689753,-0.9501051246699996
3.069579136896354,0.8687083070305487
0.6792643301535383,-0.4464082750475269
-3.366593979490294,1.1805737921102322
-2.619515704246079,-0.30332457082971026
-3.487694333971424,2.2398811110680716
-0.5739634207941797,-2.133506126653326
3.088585521970042,-2.977231683352206
-0.8141113379668126,-0.9702464306270054
3.293598343554916,-1.1605352902665258
3.2638841721953367,-0.4987028957565884
2.9350337749524598,-2.4241515387176897
2.965955941748278,0.8724802936351325
-3.1575056684351996,2.703396106867672
-3.0500049193500716,-3.0518183987103358
0.6165715756735058,-1.3306765277299968
-3.153303045331318,1.5246453707173055
2.203352024974031,-0.6513849111505072
-3.220932056450842,-2.4273130501724185
1.3668227609405539,2.5358818720988827
2.264990321356677,-1.0671416090426904
0.9185717618781651,0.8424511169500587
2.5644185974421676,2.2823902743584017
1.5997568396215154,0.9222876603328193
0.6558855308480903,1.556398878949598
1.267937617125747,1.093243227761455
1.0408884999185393,-3.5878779728879246
0.8455804219915308,2.6766813470593434
0.7386670185704751,0.8035394007489735
-2.472754591506254,1.0110229819282077
-2.738787296462359,2.788632725039732
0.9994992648662522,2.763380062052388
-0.9812911466046629,-0.30581624498013565
-2.5382124572619875,-3.13673034846544
-2.1563891874323358,-0.9207287301568161
0.9811325833823167,1.2180830053564542
-1.0839986445713854,1.4886427126309314
-0.3746704396066516,-0.9216411454548071
-3.5429171101892876,-1.0397850578574985
1.0420431428457386,-3.085878160647029
0.4644637508063781,0.3969354038835625
-2.9484586031798012,3.30003820351645
-2.5461158251925107,-0.9246717619010465
2.7713700099638374,-1.3319859992820198
-0.9048472101438209,0.8929236517405734
0.34709491443252666,-3.0292276716005717
-2.2376772910845344,-0.833190482141519
2.3610404886389067,-0.9217368338497933
3.0416689175919225,-1.3206861841828033
-1.1048290106153027,2.925264919722064
2.8436959701730857,3.1466001313945946
1.1560936978344547,-2.8698969692383796
0.9289006429013958,3.0800324927503615
3.0112973437946424,-1.1978532202514651
0.8876291268307573,0.5941704484243563
-0.8669888821585657,-2.3881510083424446
1.4034384667334738,-3.1457491527994437
-2.582524391703436,-0.8851991297239065
-2.8681686487409133,-2.602555019155127
2.5255195665154737,1.1309075405360662
3.0354793069996355,-3.0809026977578533
1.8051937371190863,-2.684400269806942
0.46155088880082085,-3.126649420557839
-2.47844470609939,-1.100344439706418
-0.8226657758403515,-3.5582479813254526
0.9168033284489012,-3.00693444694566
-2.358446844246908,-2.736952375128548
-0.4245776470091945,2.661616517890211
0.6432085289241632,-0.6084172803795544
-2.9260118331442984,2.8675219439357664
2.7122984154656673,-3.363071809724483
-0.461438500894602,-1.1436985186347715
-1.2319442368517517,-0.9186040467976606
3.415791008832134,3.358391470364849
0.8413825733364348,-1.2650335667882127
0.23592217156300752,2.585763957847651
-0.7925895364489395,-2.423186659699678
1.1978955727948237,-1.3071309350673241
3.267386987878473,-2.658754173147964
-2.4296152000513898,-3.2699521897441355
2.6498043297845535,1.9573335937383027
-0.8593244788649074,-0.6586468918197645
2.9663301510449362,-3.8176818645333253
2.8422704101848577,0.5336648187887684
1.31843271777698,-3.4838788698250815
-1.0288441498124492,1.4542353916087092
2.711080127063382,2.30316276325804
-2.527251131959211,-0.3331442151222243
1.3897294290895084,0.9553290411170408
2.4847079748021144,1.3975773952490695
-1.1575655119083381,1.2592777172379006
-2.717918769127752,-2.622647483126345
-2.7244684474313474,-2.4156527912959955
-2.6519196284881428,0.45200403653619214
2.524777637044368,2.817266989146791
2.7463025880466048,-3.1798498284816925
-1.2342275683723867,-1.171658391505751
2.5945686073578433,2.528809169051984
-1.6314118035349947,-2.5883012999483266
1.094743962730819,3.076119595901287
2.969159065957281,-1.1936675499821379
-0.3720120175392474,-1.1621807161823536
0.881981039524613,-1.2658691343409256
2.5791772171669756,2.9151220895375602
0.48000556753405393,-1.3903879958078176
-3.4659664399561514,-0.6713440231964772
2.9389921865390782,-0.558885414162529
1.576343367870963,-2.7724658652358305
-2.336978774368355,-2.7791579948020195
-0.5307771061520302,1.4045768635425218
3.1350739624983026,-2.406001263972234
1.4160269371070897,-0.7705663296670409
-3.0086732864770225,-0.06928896296897939
2.9318206543212924,-1.8126826977176844
0.8935059383309709,2.457138161343325
-0.30829669856671615,3.1180821251105244
-0.9591225082257936,-3.046742069680745
0.07734828571363088,-3.628731201269731
0.2177113040485784,2.5985162305274283
-0.25118605287549284,-1.8170022293761083
-3.075921689817041,0.7988908227490763
-2.6255676077154435,0.9269046513219554
-1.463659754438775,2.2867214863093537
2.951743466354296,1.200310816836551
3.034604255962536,0.8986027333774692
-2.79143720111208,-1.047836472975036
0.6611901193256302,1.0316595467501817
2.86064979696644,1.0328181775705623
2.472854063975013,0.8433579327578086
0.5969000506348037,0.9340662318624272
-2.7972325946375176,-3.4578806625588494
0.6540108041189965,2.2064736682878316
-1.3640534390443377,2.433170980538688
-2.678115968762992,1.2717649112938894
-2.8961280678738004,2.8033054671097695
1.0303254737894447,1.4780814523353567
-1.7278612606355317,2.419257215247515
2.8926894168807706,0.7369278828446286
-3.1572051752337917,2.2401575886419978
3.4616273026734374,-2.566385508519635
0.8415191243417086,0.8740673054200226
2.8591661013969016,0.6940435031766102
-0.6515293583662479,-2.3071848775795045
-3.1234464007894855,-0.45317610902050154
0.7159906796622199,0.8553358667225893
-1.2858554886972298,-2.858493842982958
-1.5759769413002762,-0.898690072091958
-1.7159520156525956,-0.7425504722768331
0.7962046811966809,-2.8094533462397147
-1.4651701614944905,-1.183848297425614
0.8627930581825541,2.295019724406697
2.863784695277916,-0.4438046464881244
0.6729708173087068,0.8648588212132812
1.249224796686091,-2.3163284156107493
3.055821049285951,1.7418278328783712
1.0828218616362766,2.786406819390595
1.2281329410693433,-0.9026189681687934
3.179734111423569,-2.200637281097243
-3.3473603909355387,-0.9433464973710132
1.2926058218131071,2.6514350224441436
2.3853518096327373,-2.3335848510461537
-0.5549235141854162,0.9432398635453865
0.4058520194944904,-2.6515651208156914
-2.384256386468366,2.906833148990906
1.0925686631709772,-0.27822716740782244
-2.492126918866942,1.2115857793455667
3.292532877030141,2.628213182066955
-3.2813433335071505,3.5609491523261805
-1.0993164002909104,-2.0974243370306485
-3.6631432970114877,-1.3445674203096107
2.678148019819304,-0.595131593727612
3.056116808509027,0.8922811865876948
-1.7226327372277108,2.9282642188432666
-2.960324467014507,2.7683898417121338
1.0279661886938758,-2.4117332341183184
-2.9341240373100392,-3.010283707324433
-3.0627532559361588,3.0497107526215608
1.1433441808566212,1.083357559133359
2.108235422752431,-2.5103409724798396
-1.7427088548205822,-0.3365991500639931
1.4764228403107327,-1.020784009439448
-0.48354506658483754,0.6430191205393782
-2.5052089379145897,2.788914193756099
0.776258824509079,-2.773005435980211
-1.2769218338792894,2.6689597263291156
-2.5785500921336113,-2.2996064558570732
0.3959433528474683,2.983315077338056
-2.7752899916518228,-0.12049688909350517
1.5367157990142375,-2.180464078638851
2.700465498484745,1.4692154591817905
0.4646427635450462,-0.6088853887112069
-2.935584665254495,1.4144987509791884
-2.8372032890802847,1.581450636833051
-2.919288377498203,1.0590203653421342
-0.9825529373329712,-2.7521210047744624
-0.9582196676217279,-3.250309884366741
-0.8165953938010838,-1.991258376423559
-2.159030829698704,-2.931624921546154
-2.553155422885268,0.9969251358820876
3.1911552067079954,-0.5310108567048517
-2.0373759987037836,-2.7722296971418587
-0.9901197461857217,3.327563219288362
2.1245769550210367,-2.779593829250369
1.0579415209859104,0.7973321836613971
1.0365665124818186,-2.5417603840217526
-2.948836271691647,3.2603023889982414
2.7206567098055623,-0.35089862544395706
-3.2372600470468798,2.7346799891534506
2.7514993787234054,0.9494757365064574
2.3559758545850293,0.4984338839519567
-1.9285902351947701,1.6606344166683413
2.2801480866278196,-3.27252297486366
-0.7476644689623726,0.95173335275219
2.547728013776227,-1.1315777734132055
3.0834734500602594,-3.0052918632793566
2.814572232842479,0.9338554209338122
-1.711708152637616,1.2205886971470503
-0.9590164723072412,1.110484816259176
0.5913313373516926,2.8700878547508615
-1.0668582003999894,1.220859164765559
0.5119367613662965,2.1248170183149044
2.848870932485494,2.425984707095718
-3.1062367723650754,1.2715791931936602
-0.9600798380747487,-2.8276907214280214
3.0438114675107393,2.859416313253257
-2.5352377302781854,0.2648985876485855
2.8960205705517525,1.8908211479586348
-1.9522064834732298,2.9530751747841126
1.3827256993167911,-0.7350902253537264
0.5347039126920914,-0.7871200460934306
4.043905782590645,-1.2414421644294305
0.4675243158549875,2.6607472101980667
0.972048164939735,-2.6337074888027963
2.7960819251782416,-1.6411405676623037
2.495292182066851,2.3417255440530864
0.9899523794128657,0.8132517366095217
0.8948240873866653,-2.618030485981157
1.539662063372657,-2.805661032138794
2.7117235552248404,1.0275155559541478
1.0441830182863123,0.5359784990440393
0.7778551373412748,1.2696908430408074
3.285913492038451,-3.2388188554250363
-2.3188396313031028,-0.2138109679040697
2.9490677660703573,-2.953772925429688
1.2507426707027836,2.698981086361382
3.555732112273437,1.2115095631066404
-1.303470866921159,2.8164471439202035
-2.651234683058558,3.4625438131007598
-1.6815942221114046,2.5004737778461315
-2.215681041396546,-2.25253264052805
-2.487164169449024,2.9019508345611276
-3.414138906934959,2.808918580734492
2.6990352712886,2.9512686694740125
2.944125240173133,2.5076387038844916
1.3240598962741152,1.2359730234067046
3.6176391936572236,-0.3177194708200378
1.3336548825876053,-2.8326486763356766
-2.9450921250325934,-0.4125030178188974
1.1160491327627775,1.0291967274526348
0.5817315646007526,-0.642507629601138
-3.5189380460501205,-0.39364478130425673
0.9592910897201639,1.344376145199479
-0.4219843322338014,2.6863244124621106
-0.808002602395771,-0.9849609950833517
-0.6396545777987497,-1.2258576556730902
0.5512791619804527,3.2802770211298746
-0.07942625701751597,2.923002767131295
-1.240590027176069,2.857076029410493
-1.009564103578944,1.0558211980588925
-1.1135749451724533,-0.8071384581477505
1.0201281931908484,-0.8936987214160701
0.2705186957639791,1.0204799884388036
-1.2091638696464164,0.3882933875153468
3.4142305057308238,2.678865616569677
-0.6360977597269235,-2.535467062310276
-3.047143525948285,-0.4509794599040231
-1.0687038532971351,2.7446272696243286
-3.337333727886809,-2.4771817718765354
0.9073072714616417,-0.7358574346557996
2.8227489727133213,1.005297678252159
-1.138418668489553,2.8193380655446694
-1.1281301253842189,-1.0665237803007581
-0.9090741890366911,1.1885160394191574
-1.1379876794131898,0.8025978598899555
-2.365892253957533,1.1295289290545591
-3.0167578453948747,-1.3362651593733772
-1.3642816880194584,0.6063163581338448
3.2838409367186934,-0.48970086180262823
-1.7647061651221507,1.357843861545948
0.9892051785068301,-3.5606733254111678
3.29345524961643,-2.5201725911093718
1.242469874999786,-0.9472285527023346
-1.0198623712953474,-1.2329394011257018
-3.3774661892926847,2.7460302046427394
1.3992808994131012,1.6207903661806353
2.4433209632888784,2.132465657409278
-1.3590347337138775,2.8004846188401076
2.723394471413058,1.172957375699524
2.8377751204206816,0.7672578052986329
1.4566452698649492,1.7892104389736234
3.131286807188235,-2.541367353203854
-2.543476454141194,-1.1487467420102029
0.44633011395749084,-2.669682940960146
1.056609771335005,0.7293494630547833
-1.1208180679350612,1.6780896405776564
0.8625380013153463,2.7026442949775826
1.8518496429982412,2.7291109406254535
0.4360474771432478,1.123760684636982
-1.9967592739393552,2.5018362249663064
-1.2346158278338686,0.9654767378299958
-0.6829600311417996,1.687389923163242
-2.9362253220741175,-1.0761390538682833
2.763467470531987,-3.282187837534705
1.235634210914264,-1.3543552888524903
0.8437647556481755,2.7959858687955474
2.305686858752274,-0.11788170291081033
2.776372586306724,-1.7047048457413967
-1.4978616630983737,1.1462986190902857
0.6860195459026032,2.8442165544903815
0.8074756192195898,2.550830568688227
-0.8283323682930597,1.1298041819158844
0.5901639342028704,2.466184132800353
-1.033151589204752,3.037248147668965
0.7689316672215408,-0.8588350121193701
-2.888415094400753,1.090661136243908
0.7165412571972006,2.9161245313554507
3.2637884638239574,3.217096880378247
2.4036699753264132,1.1141345703959233
2.7555284544042506,1.3081125207281796
-0.5927483474924279,-2.5835257670288634
2.983006872559025,0.5123867015204286
-3.1524861419779024,3.0157437785722307
-0.6950104492162298,-1.1038783797096259
-0.535884937835278,-0.608058283665028
-2.7849796466955463,-2.5108564957507027
-1.4722199317855698,0.833033600914
-2.440881204219274,-1.6323167800929643
-0.41909814547799584,2.4199717133723953
-0.9833376217596363,-2.425845315820537
-2.272391219831444,1.2924254516433644
-0.5815392037846975,3.106081754448301
2.7489037640308207,2.833958283545978
-1.3738638413642215,-2.5506471826531754
-1.891201390151455,-0.666023837704896
2.577118898526695,2.3740639741957072
-3.1066597899814465,3.1845042786176694
2.8044324209671645,-0.771697030604563
-0.7292280367278163,0.5133776782195824
2.7049609905501946,3.3383409232266774
-1.3468894369861322,0.828035070070525
0.820174345176928,-2.833032891696547
0.7658324202024636,-3.4370005504755445
-2.9802495061098684,3.074117816463301
-3.440926645771636,-2.5226015434714006
1.013779449662684,-1.236396183070254
-2.5772387138356785,1.7974373980831313
-1.0742254754882372,1.4066468583229197
-0.8363077544149036,-2.811250455932567
-1.032359566332112,-0.9342550864782975
2.9443242521085216,-1.4640958973025262
2.7988804535740783,0.428220562241112
0.6541099409462193,0.7951861037595646
1.1225301086899435,2.3133330347831196
-2.7650069782857343,3.0672501517056814
2.801885580355216,-3.1841328878562707
1.437744037936923,-3.0609919439778177
2.7607435259590924,1.5391782833215433
-3.3386123524215203,2.5184584284891818
-2.1920794566060104,1.4040337786915016
0.6057052166913031,0.23145468943769681
2.6940309735864396,0.8689259104879343
2.5661837618552426,1.3083621665282537
3.1506065456693855,-2.8878492155172637
2.552484290497328,0.7937732343081663
-2.5140605664684004,-2.6715572143996575
-1.5313660705708019,2.698607263601924
-3.701138839482482,1.1431476140657384
-0.8440762134387818,-2.6107964317618064
3.400500822816914,-2.6190414902940193
1.0504439388118643,-2.5072435924219434
-2.9133501322940445,-2.9984862539590478
-1.150557826217888,-2.267878357604362
3.1534661198063745,0.5357101062642896
-1.2521006762621854,-0.922075595845861
-2.7180939415325645,-1.1980856597968343
-1.6481991509005565,3.01001877257076
-0.6884334775258357,-1.849295101943089
-1.9548708332592557,-3.3877071683325424
-1.097712369025902,2.852585358362778
-2.5379518456010888,-2.6201118713290685
1.9124636958013244,-1.0596932318609233
1.371953852420696,0.8098744697977269
-0.9611487683996885,-2.9344442074668367
1.5882609716031457,-3.124038318753596
-3.349292010376541,2.409508102947347
1.4585601932046548,-2.4402998023686293
-2.5730153508604725,-2.9244608916414765
0.8272192724229168,-2.3421310309598997
-1.2926315165265234,-2.845765898480066
-3.1355216152330456,-2.879934156096725
-0.6510679098401374,-1.2221593553524808
-0.541670221876968,2.514262758499714
-1.3051388285851795,-3.394267570046168
0.9446097737773135,1.7967691470819462
0.9023572511974968,-0.39585737821394323
0.3168401272938055,-2.482608578314628
-3.1424044386647303,2.679495790893743
-2.527993383677944,-0.7161748060869455
-1.9042579413337033,-2.7749203413388797
-2.3842889053600933,-0.49488555086628927
-2.6155564179779316,2.545973515759195
2.46109894739087,-3.4449732770676493
0.8431178919465231,-1.6141614003652232
1.236945100538334,-3.0787049186084916
2.5615506787368916,2.372162651510306
-0.9166463999329066,1.294183598564229
2.6054235500327265,1.8625516388471366
0.9707174785946081,0.8196380155126006
-3.6722562843079283,0.6137928000196005
-1.3247951160103986,-2.5516544403795747
-2.7188675819978236,2.272338019704555
1.0535700168777564,3.187006711259967
-1.1519576836033971,-3.320881995255765
-1.4363278065646057,-2.863422544759354
-2.715533687241286,3.0971864614433966
-1.3832731694850218,-1.0346071266466645
-2.911756761487218,0.9410307261960716
-2.521975229397622,-0.2104664669272949
1.1839131223895774,-3.1110917173903676
-1.1684714594932935,-3.035691906587757
2.730385745517596,2.737897551074053
-0.8569942573059693,-2.569165536516379
-1.1784896001109433,2.1568833500826745
-3.267161224801866,-0.7004989352308372
0.6248954088075623,2.5818458270333102
1.291878538757823,1.3123813257509052
-2.8988432908388524,-3.208706508892164
3.086676425894209,0.8700047307036134
-1.0329543312765184,-0.21719903837033822
-2.14304099531176,0.9363740404793826
-1.4465618909467346,3.0368469945619916
-3.5445279279322945,2.240320451162067
0.8646641257832196,-1.6757388422137398
-0.9143689561556452,2.4138059437941535
-2.925946778419731,-0.860332595923679
2.7686609728467197,-3.9592393956398237
0.9108193368174283,2.8330803826183555
1.5970409808006394,1.5121855247152831
3.063120644349861,2.08475574735428
3.6111133181774226,0.8185402337598333
1.121789658514141,-1.512413863044737
-2.5421462287296888,-1.0659657095711221
2.4034013549673277,2.630521138752662
-0.8311374589317981,-2.7176727217405676
1.7169331457470332,-3.2044284370031897
3.1008674763582937,-2.3011391806305137
2.6468588162414224,2.7871508688907687
1.0584412899330926,1.4687268286105772
-2.925636804589614,0.46597330824509836
-3.2970856667526185,0.44435149569593524
-1.06813986600529,2.7966261783629673
-0.9981262068291891,-0.413141458239787
-0.46106430650137,-3.15295532485913
0.33210874001160695,1.299696003308631
0.45358778475897604,-2.0897769128691825
0.8232579325983657,-3.036879429241437
2.2119610030996895,-2.8553620232104273
-1.2688024685572425,2.860765048660146
1.1761866218439891,1.443413014980065
-2.478017578249405,0.7983446178024122
-2.137806046848966,1.2063157070728674
-1.3567758632939155,1.2995056440551038
-2.1806627061091954,-2.4470864369874565
2.7662041825774946,-3.024977159518278
-1.029012645542094,-2.628676306074391
-1.3336117175230682,0.7124046361753675
-0.20518235342329186,-2.8586120037145335
1.1303612838528498,-3.15068570433386
-3.0180971934347247,3.5881302349827995
2.819812889475638,-0.794653424755265
-3.0919294766896823,-2.9170181937624977
-0.6050812560882031,-0.43245381388974813
1.2019675873498425,-2.654573578626687
2.8298108558813877,1.0660610844182892
-1.1903505298487629,0.7025748599136618
-3.1047167007276295,0.9554980723437879
-2.711130000274185,-2.736081067274599
0.5003780929319599,-1.149348059763363
-0.41948916955720283,3.148940423223139
-0.5686339648088221,-0.6426613186978317
-3.018181173746146,1.0591340008880903
-2.8125354330749297,2.375211213534652
-1.4732730586720797,0.6715053885014962
1.1196491338396317,0.5669408909514334
3.340224276122993,0.6116865109760756
-3.6162113504347397,2.913470539083979
3.4171780241535563,-2.8124095900739867
-3.341929285335434,1.5393158025629219
3.156493723421061,-0.769672793720217
0.15275912394944605,2.6784361084620114
-2.7839479565339174,2.645625287026023
1.3890973960155686,-0.5879049472919876
0.7737623883099507,0.6062056317733222
2.8570935573730663,-3.359294838386584
2.4285182307745172,0.618516551695242
0.7144431186000894,-2.580305466992781
0.9655646705149473,0.6126156160806125
0.3171955786921222,2.562107061282533
-1.2264379976011706,2.9197557993130796
-2.594484053047219,1.3458005751227746
-2.4198523957908926,-0.8294832385375539
0.8601519041586907,0.5267148269110773
-0.3864635047326684,2.010709223467277
-1.3625432854824822,2.8642692399767182
2.7967240007485104,0.26168282875319077
-2.6777184795302373,-1.0805097447795329
2.7806931392423664,-1.1334937605973527
0.6020434611499341,-1.0456325994670594
-3.7149784042406027,1.6164150099094812
-3.151526656073919,-0.9315392495771598
-2.400037103755387,-2.7211302500808467
-1.9225708977940577,-2.36257846771654
1.5106419276027898,-2.8016584288960873
0.6029764930112408,1.1598339235337771
-2.6128332295650445,-0.34246044062787157
3.271428575179251,-1.1295817981540872
-1.025184366639305,0.6078203589969822
0.6704435769865763,3.0453388830509414
-2.900816147306878,-1.6795830971592307
-1.214416778045463,-0.6042686597081762
-2.5163113637761683,2.51425688394625
-2.329428937846894,1.2876413490093765
-1.2570740185569445,2.2322203415693327
2.210100201538692,-3.2600048536305666
-3.4752291593895643,-0.24882227496767173
-0.625834116019911,-2.3647458186741224
3.3785373855936407,-2.5494181066154966
-2.44786087838836,2.6472017998987583
1.0535940469113059,-2.9318497849152045
-1.7379116944633997,-0.8260743637241196
-0.8380443671557783,1.1238638494784985
-1.630447812115546,3.090920292313483
3.476206701969302,-1.2787201586056476
2.634028010346281,-2.7559682564605663
2.4450423837972854,-2.84705302286842
-2.9232119738736064,0.8423354529803374
-2.867190754799568,-1.0711953378562178
-1.123001794847914,-2.9679696019778703
-0.6957621668460077,0.7377664663428132
1.2890640986024435,0.935855032387457
3.1437259604424583,2.0568274374764886
-1.017142999102372,2.7604653483995287
-3.3020938676704534,2.552262016383325
0.7575341265631477,0.350018215494632
0.5424193371222495,0.4896782299283273
0.7067008141617553,-2.6256375944727885
-2.5854081727458116,2.000986247355175
-2.272041262292965,2.2192965630986374
0.33756983973010074,-1.529291642785114
-0.6158107897036522,-2.4219441251801297
0.3662194967699316,-1.3170824689640341
-2.3685294953687634,-0.7929690990854679
-2.8129211495177806,-2.150605675963427
-0.7476571768387232,-1.233196419427845
-1.4535563485164158,-2.627173247806749
2.8569061126504205,-2.6116012676900113
2.1328410784687164,0.8910212779178253
-1.5170277600941107,-3.05892193023975
-3.0750263417273356,-0.716444336867164
-2.10813699458301,-1.3965663888626234
2.8144874091941716,0.8080242397005202
2.659534863205447,2.7722117222414315
-0.9331994584627248,-1.056418393558657
3.109031966725359,0.8517004308490311
2.72945323090346,2.6366976625612746
1.1022598185559855,1.3674783062151177
2.625975243754476,-0.8223085406825565
2.9653117697068283,-2.9466950501315368
-3.217809826894745,-3.1334280355640707
-2.786395785473078,2.1440048576976802
-0.6844260071470899,1.05126180771286
1.074434732310554,-2.8049989316591244
-0.454668826540907,-1.0919598295583888
0.8482722067049184,1.370612903578358
2.8776079464240794,0.7954527967523815
-1.254928679782354,2.1010534221812027
-0.1619181524195159,1.1890993795610632
0.98472996565677,0.31702781879584824
-1.0535897129398333,2.557882064415691
-2.823101411789821,-1.455193716746703
2.0305677530925377,-2.602281788103679
2.649906463898192,2.6404038422357914
-2.4772006421139072,-2.4779524044786894
-0.8775278880282321,0.8861227628068243
0.6175082874184215,-0.5896469445984874
2.5072290088815836,0.7283272478938446
3.3097596470762007,2.308138928181484
1.1963661929152007,2.4638902829632117
-1.0189460262695016,-0.852470017424191
-1.4344877646837917,-2.328829217604972
-2.6729217483803294,-1.3438594129770967
-2.222877000939173,3.079312032012296
1.236416262344321,-1.0087252791560821
2.8333932489532456,0.7712583806885988
-0.6310767939186694,-3.681961694940508
1.270347689523101,-0.6394336340455726
-1.1570532892485819,-2.789097449232369
-0.8880704304212855,-0.7901712553217092
-3.135326855139697,-2.4637961692341093
1.8377696031483677,-3.6594460484054188
-1.5458293367439606,-0.4632456130380464
1.344857261261201,-1.360705921924174
2.5198315943011638,2.739487635199345
-2.5209840636617615,-2.5304648536526675
-3.070153265623452,-2.7616090909719992
-2.368345739470319,1.169265956659773
2.6200608072382883,0.06890799585574038
-2.928426572587771,-3.0995683536225087
-2.2840675450376597,1.1568080319328489
0.31139249275532743,3.5826614073759284
-0.41477968952919725,3.3131183672410662
-1.1669360879980994,1.20078539089393
0.8000722878228183,-3.0947745873713632
3.2713914464554055,0.6160574492069144
-3.00688176175647,0.6176068382044724
-0.9658343924956239,-0.9878863470342951
-0.6317449493172983,-2.925162340005513
1.2790665795322333,-3.297071454535504
2.4867126082784305,-2.9340062548323
0.9699390563766315,-1.191731798988939
-0.9987033863941074,-0.5288483176791166
-2.529217847902244,1.451609532218689
0.9534817112387858,-0.8873989670134812
-3.091151353114751,0.9190012153482569
0.6337385255586909,3.2806471381206563
3.229446438369047,-2.749654111048724
-2.6109465053515177,-0.9991414036456081
1.0094603633423387,3.246510206127025
1.2745055863245836,-0.17420775670049332
-1.6424828426354476,1.3792562609031715
-3.0055808767694265,2.4833560170840223
-2.9317090088085194,1.2552775514780852
-0.7577566106680145,1.0287119482493114
-3.1578618394503493,1.2555169448162675
2.9338448620119943,-3.1597032411215618
-2.796525709507605,2.6239787785815625
-2.4988556466548344,-1.0586870663145698
-1.5419051549950986,1.5030832846507833
-3.252493991969034,2.498459587729076
1.586998707103971,-2.6782357490629085
-3.098073696534932,0.3756977412840674
2.7288597661671026,-0.8821954648115123
1.0904439063767246,-2.660823811369247
-0.12332284345897665,-0.7762533922644415
2.245129577177566,-2.5638906215728947
3.07486390157457,-1.3199401245816758
-1.2333248776416113,-2.743718933713166
2.7367436720481986,-1.9763279353478787
0.9146278221197194,0.8245869194564233
-1.0944636860199064,-2.5325760701899784
-0.9232699770038808,-1.0466404049034506
2.7308177744670883,-1.298184788653826
-1.808848930777491,3.431763252885897
-1.0568750641659004,-2.476147312528119
2.7404328331195553,-3.4364506984331813
-2.9096338915802296,1.7765156230196906
-2.5503241272886994,-1.3410254271581534
2.905141592512854,0.4161391877794809
-2.9981778257022573,-2.047465572833941
1.3697748099599323,-3.1777767511479533
2.4972908631598143,0.8807872674964075
-1.2017825737564254,1.8903028077554853
-2.888600971876402,-0.47181100038833523
2.837102764677686,-3.183666706842742
-2.9440556074491515,-0.7333778942843536
2.1034278940076545,-3.8046360754650537
1.1500249162438672,-0.7043582884716706
-1.517318162361274,2.5793537572693928
1.4604276711992663,-3.1175264900654174
3.008671622339229,-0.48605854567338275
1.119854063142357,-2.7067373051337165
0.3307085572366624,0.7674038004695853
0.3650520219751806,-0.973739414652778
2.5029877816246686,-1.572009741366616
-2.528480745501696,-2.504071788528188
-2.9181260980981065,-0.6956670803674753
2.905929542769447,-2.965968052874822
2.572814373516321,0.5034380233488992
-1.2471546284509154,2.2757093030987865
2.9959522106130008,0.9688633261435119
-2.3194489128576232,2.764222572164012
-1.6376589695415729,-0.9335010919709567
3.735805779077034,-3.3794161487311207
3.220012218475284,-1.4340254533407635
-3.0128070610045214,2.381028134222033
-2.8349485573798496,2.465923165778175
0.7900124924535108,-1.2983335997852523
3.0751720639591755,2.2124394991968095
1.4403473287823352,-2.5239625534610175
-1.3874627910540984,0.33536895766218183
2.9361753605140146,-0.7753046535150133
1.004844511167466,0.8864236621662809
1.62683743359694,-0.9433939962924657
1.0259035650534638,0.5849452078623806
2.8911381579899524,-0.6167462570262044
2.089084825444213,2.6844132661457913
0.9625422674233683,1.0462477981209957
-0.9921155171652206,3.132744541337396
-2.6432361297727582,-2.7369991896456045
-2.244452584315193,-1.331279382764474
1.1112130995892548,-2.659282258529244
-1.0699598791606848,0.6094904155042615
3.6185800532467605,-0.6171093067955051
2.603329329128503,0.3493459324412107
3.458874320677661,-0.8386054088461462
-0.5208733246065178,-1.240377403182808
-2.7608598697982587,-2.826850164590837
0.9642790419028131,-1.2408813735558706
0.7095503384653021,0.3797215903476958
-0.5182805527140902,0.877900413923362
3.2263422660528764,2.9061943003437674
1.4607785687203345,0.9234853642239416
-0.8535541226276361,-3.1100116866794787
2.7347087320659926,-2.8384797477955654
-0.6615847876244525,1.135959918330478
3.2111985459700594,-1.5368755088501045
2.369631365830985,-3.2804660242419845
-2.555125782254683,-2.5406681953731853
-0.6932651776959878,-2.751513710196196
-0.45192013510764123,-0.8770724333883272
0.7903931156308633,-0.6298939036272381
-1.4072539829711834,1.2767258784403503
1.6773482808791327,1.3735955722037507
3.387042728084542,-2.788814741460144
1.1611215465697111,0.6267785254800748
2.8992724739274207,-0.48536759575197974
-3.256066500936759,3.086474180839763
1.3331182821387113,-2.874839870701446
-0.9531059853923718,-0.2960141563279044
-2.7068372376451095,1.3563637384328455
0.8278379762925411,0.6295835410986107
3.1484093850788537,-2.9435358738818382
-0.10690954740677347,-1.344524265312985
3.0063609578955544,-2.917510413633838
-1.2353891255923737,0.4161927229830913
-2.977675274882653,3.761469685987921
-2.7440900256197462,-0.9166989501198309
-2.7101072428961084,1.4530237042187943
0.6734075011844498,-0.8603504795274776
-2.3750244156943454,3.2593138874828815
2.528554399708,-0.08070696479077415
1.1932966320022773,2.4582502946623195
-2.980038337067286,2.7895931590227994
-2.420399695255486,1.00970939396529
1.141103727201947,-2.9780620907776894
-0.9010685981937321,1.5427410621408597
1.1744732822236064,1.117376769300991
-1.5081213342047295,0.7164280198812559
0.2978904859184173,-0.9983161762331438
3.324241011661156,-3.3020411901090942
3.1746658631683933,2.6470600740896737
1.223018251041828,0.8037150224258781
2.926621130986934,-3.092084564577146
0.887619272171933,1.2263430387794705
-3.276420659153939,-3.4397176982209348
2.4690692390190825,3.094764803704885
-3.2217118035842445,-0.24698960370354575
3.2268727410567104,0.05514159116652597
1.9706447062123225,3.013402663143363
3.7689384204165983,-2.9953894152272786
-0.9146133849198196,-0.9814041458705647
3.0451070752871865,-3.377850172699954
-1.0009193901513016,-2.8244940209632707
-2.5975760161659753,-1.0352835513544696
2.12367634475645,2.715655738624003
-1.426907044675945,2.7531294781074283
2.5330506852823067,2.425880756887864
1.0591995074865608,-0.2862536227226967
-2.773005961316665,1.060196386395447
1.5869437754513758,-2.425987223260074
-1.0570419257975343,0.6354007205066708
0.9534572518327281,-2.936409175305722
-1.8138015544362591,1.2203704001574496
-0.22478103739624364,-2.0475912570878743
-0.7412704019936813,1.1235107561178257
-1.2415654074090927,-2.2155716517534585
1.228452941795021,-1.3158418701041117
1.1143180569110172,-2.212380236749979
-1.2069915774028876,2.4565311033456654
-3.505336017427585,2.0320655357370088
-2.8570168284258144,1.350742570216076
2.4919548129314895,-0.8379898926393772
2.2457737986979374,-3.3535947197657077
-3.0514262641057646,-0.011735980652382027
-2.3419932241892094,-2.0403729364653236
-3.28752907813926,3.308379284736898
0.8723538856611232,0.5371504585234365
-0.879723567906797,3.481574572470774
-0.7662433165991831,-1.0763260395183158
-1.3819345511385885,1.3892088951507324
-0.34929896274236233,0.7768942085193937
2.6544441219180603,-0.9773930721926792
-2.524202277909274,-2.580229648590432
0.9875415497817862,1.0598013503994104
-3.448079542356974,3.260205607039069
1.0106479977392129,0.730245953341173
3.005891341835777,0.8518369484278158
2.7393112979405325,-1.6845263365787804
-2.921999738238772,-2.752646047819152
-0.5463526972925468,-2.750823029128992
2.986059016423755,-0.7778010056510051
-0.9078443819160258,-2.3970644366350995
1.5368656382519075,-1.7591226254163501
-1.6288479994591274,2.821138991346477
-0.4041872356685991,-0.9047674366530236
2.6370645768807437,0.8000066024698753
-3.1762057379218533,2.700265536595335
3.374789016319414,0.28969571760788265
-2.8736009005255694,1.3561904838511922
2.4941447444723686,2.683465638992178
2.789523241052976,2.4329589040768935
-1.0573349357108164,-2.8487726115214795
-1.0433095200474842,2.3465360451507546
-0.897038135225351,-2.8279226181603603
1.5663572419262788,-1.3704946851449633
-0.7974977737879619,-1.447911654268509
2.8135011749720866,-0.6773834430302589
-2.7387345444538993,1.0570102516769058
3.311437201577093,-2.5488942748927497
2.5048088535100983,2.0759757691697156
-0.9872035905202045,2.9365786668337317
-2.6257371736908923,-2.875164740732072
3.8161194579295263,-2.3087508831366628
-2.8040842721097423,0.633788399269786
3.001906884224414,2.596078311287026
-0.9731252521422544,-1.3735469674585323
0.8167298235879636,-1.4151619982180026
-0.7925874600326229,1.6970041649828016
0.9979294106091868,-1.282669787526404
-2.492002852057953,1.0335875201942495
-1.095792435317354,-0.6408044484011362
-2.663064466330225,-2.8111838505230553
2.5725482839515403,2.564623780617326
-0.5821499702044786,0.9217648659474237
0.595706741428001,-2.759416982624291
2.5170704000799393,-0.8807508343307269
-3.172082700326009,2.578059747946539
-1.0416613029962685,1.9772570673128909
1.0042834176914868,-0.882408493199943
-2.7099789725042913,1.9981105849311172
-1.4477044098228387,-2.789120012394458
3.2353397019486794,-0.9767329946053764
1.1223957284275639,2.504369194503126
0.672377074213116,0.8590625707912845
-3.37886302727405,-2.549051708264511
1.1902298369165487,1.2208778610390973
-2.536582562895779,3.43748387365054
2.920114756732378,0.7543657701588677
0.9962227162214268,1.1918758960163236
-0.38357492028280643,-1.0429024456934892
2.99227746976157,0.8112499905364827
-1.3155289390958136,-2.4211935719133
1.4078863381117153,-2.9752354733488278
0.6984861628819261,-3.3415845397113744
2.9142544801368624,-2.2225850922706125
-3.2725719174134063,-2.1545732087552634
-1.0280868275965258,2.937775012173754
2.650387184056748,1.0772308300511806
-2.6538604612749785,-2.6943190372372667
-0.8629059575374158,-1.0008470421935873
-0.8786929509595962,-1.0890061756100928
2.662007128508792,0.6781224514068317
-1.3123147303601215,3.4286451065914094
2.9330600027902682,0.6760880779748651
0.4672359051420334,0.7429530271051471
-0.5977715078415442,-3.4224419066322316
1.2658195596145416,1.3724760058856882
-3.0829928478586726,-2.9175632822482713
-0.5395873923291726,2.61082404984927
2.574165436061889,-1.2992324507161768
-3.022676630966382,0.40453010280999624
1.286985388537275,-0.6239533526417204
0.8797407767579856,-1.5200767938126394
-0.7086494992747067,0.8887759891612524
-2.8469482603628213,-2.724681604077787
2.990537083194183,-0.9885995400182139
2.8004037039688847,-3.1397721703011654
-0.6439224874588813,2.934328288174431
-2.913550543691637,-1.5807890643199696
1.4070967510722974,-3.2301386462385913
-2.897234510728942,2.3553703502141246
1.3894817398392891,-1.1546525168766915
3.214153527340663,0.8455207289822714
2.93752856683141,-3.1580700686367638
-0.8560273490646053,-3.3328347423491893
-2.8523245739636236,1.2448716732582685
-2.3313121071507776,0.9881594236342279
2.761575243683412,2.311083409319274
0.5329770155964774,2.400508872289649
-0.7443843308712337,-2.016046897285925
-0.8460069854274195,-1.2221046279119168
2.089161456278394,2.70218265466922
-0.9041814914016039,-2.717981664589748
2.742523309166591,-2.687147871198633
0.8771976885529627,0.6423297325009986
3.067653364931388,-1.1096545583381399
2.554620880370255,0.9582517625957679
3.013143555270082,1.0103429795858643
2.670592870835698,1.1602959459185795
0.9719382783717591,1.1817297016737174
-3.1393718448231147,2.9422317266657547
-1.1446991503559838,0.8584100493579581
1.1727503425469834,-2.6690264223617137
-0.5920715397271552,1.192069970715413
-0.8034739310920879,-0.6306963993189084
1.0470733332354059,2.036106885214075
2.6078586453174406,2.155222146279906
-3.1956900036245943,2.6283102501708693
2.4548492464943372,2.3729730607428707
2.580285707706708,2.7015972334672465
-2.461264106754006,-0.18232016868145287
-0.6684022062278995,-0.8464559216927802
1.1992234462739153,-1.3656176485102067
-3.1312334026023736,1.149353402995656
1.400558574417608,-1.0839091148243345
-0.8440164137999476,-3.1988651006609823
-0.5600184711023859,-2.56000569694875
0.8562809899250634,1.069636491068511
-3.0779823840171336,1.7667813581298277
2.8186862874125014,-1.1032286756258927
-0.9076853711261536,-0.3834026387391459
-0.21960912279269448,-1.4052245185942207
0.5001854891252101,2.742903148264608
-2.7366396029623057,1.568416647111261
1.1141306324192277,0.9384705991968416
1.3334778708914923,0.03143089844226243
-1.7803928170591963,3.1304571519973807
3.3671424580577147,-3.10472386534783
3.044221151568833,0.911139393828384
-3.24606022027834,3.2963997153977713
-0.5026324205460021,2.59179068855466
0.9429834584162047,1.24409216711465
-1.1929553348193858,-0.4481966140210197
-2.403253769979254,-2.012364278781338
-1.2065583197323702,-2.148910436172419
-2.4943987246068695,-2.2851305087100893
-1.1816648821051021,0.422055262353774
-2.4714261581486414,-2.066753588254589
1.7859568534225876,0.8974027394848646
3.5519030068666355,-1.0005220821323693
-3.469838305754345,2.369514046358979
-0.9675089906680733,-0.44753738530946213
-2.710500318067673,-1.142177053677901
-2.0141873742229834,-2.2379250720430757
-1.16548750642745,0.3957001945408669
-1.680349379377944,-0.5831968695942518
1.3685399089545565,-3.175501147327426
0.6494086165471611,-0.43660744616835556
3.2835265646036995,-0.6632159133827125
-3.0545769118218145,-0.9193720802535296
-1.3888951850578057,-0.7804872051841407
3.372715502097123,-3.1629736619640787
0.6864268266628974,-1.160129877138426
-2.636838156427342,-0.9299941533694878
-2.6561148039420113,0.6405824849972953
-2.8087489447506466,-2.6192138136438565
3.042230517821004,-0.8709290728600795
2.857854148417269,-2.847996673621988
2.9750718714864464,-2.3820750167011226
-2.399967375714634,0.5227158501117412
3.2645067186293755,2.5231668155452947
2.0864697658227667,2.8285036266653836
-1.6476896073081402,0.6581461502216197
-0.9721685990486689,-3.1157438260979964
-0.7204733167166297,-1.0021190751237008
-0.9653923585200407,2.630549633926261
0.5470548127134114,2.9914540739865947
-1.120542925217914,-1.4109032047050938
2.8552566083864783,-3.5942145960509015
1.1671712064832787,-2.695121989606982
1.1648732535206776,0.8111915824013285
-2.9881854182182277,-3.1264385259594465
-1.3688381277092365,-3.2561156828590034
-0.6907415304861098,-1.119071947848918
0.5229563011943462,-0.5317000015856549
-1.4600776603824586,-2.1821471813126867
0.44348406474079854,2.0648982426373306
3.2671062154553425,0.7099196051430132
0.7500461218652614,-3.7072409896887564
3.5121799939999376,-1.0404576668279875
-1.183097630629444,0.9318968827161322
-0.7961981613239185,2.937250563979295
2.022757107543778,-3.284691427227305
-2.773947674263008,0.6757596095503656
0.4958262644109704,-1.246467392224208
-1.491564033583233,3.286546337013687
-2.024777697235356,0.6669567199432068
0.20159459116149592,-2.7323456556139614
-2.5414802081481604,-3.2659342150511983
2.922773191179437,0.41587637306554404
1.1820016065946972,-3.1745542417656116
-0.951372005872914,1.1476294983016402
-2.876566373551877,-1.1261687868469419
0.9134005639224514,-1.3101019585533416
-2.9873794588731535,-0.9065905349204711
1.5115028732269054,-2.853288302241635
2.6677618838993835,1.6332431306354045
-0.5306299418503905,2.367289237398911
3.0987023421155473,2.930640585465932
1.777905013356651,-1.0656104428248052
2.811081100576684,2.3805771283254513
2.973320653160457,0.4929016900545089
3.0084662359112144,-1.536526377484552
0.8763005278271243,-0.7798409167229877
3.1914820239542965,-3.438682150640609
2.8810499293481446,2.5676330577809674
-0.9651519429537431,2.703712098011475
-1.3772953104931014,-0.8829747535750039
-1.334711942421807,1.108470921679993
0.4847386546900721,3.1677620961181567
-0.5151749468811706,-2.628178430105923
2.6612442254181476,3.2145423725642672
-2.691842732403667,-2.050331496734848
-0.6487122954425402,0.6955535479010266
-1.099120482299781,-2.1666091281994855
3.297641517940262,-3.2392436550021952
-1.242623619689086,1.1530917536458294
-2.5058110061263514,-2.772568791592851
-1.2456931731441396,3.0162887135632404
-1.3676454756973784,2.478575631800129
-2.9259584914792276,0.8332619904400677
-2.593559110090472,1.0690964297438466
3.155319776860619,-2.3155707896593407
0.10476187818750061,2.7834059324243166
1.0661754802111278,-3.206497090052225
2.2591120823586053,2.2530064139734467
-0.9391852947385488,1.0892517717531713
-2.78958378711677,2.592378658755577
1.9603316151681618,2.134875462653163
1.4327587144946605,-2.809570410761868
-3.0024084481349766,-0.35553348976986876
-2.260958018758405,3.410482551218892
3.0983995466180967,-2.114702169829641
2.9818460875564936,-4.001031347849852
1.2223954670146606,-1.06796684748799
0.9422686056914786,-2.570594035113573
-0.6246406603125848,0.4578952294203115
-2.6982962764477403,0.09737939114097793
-2.4841430454833646,1.5441348879414134
-0.6335235497803866,0.7041461208113077
-2.543124888117749,-1.1896727860105827
0.9880437432913665,2.783007921714927
2.870496460111414,0.9517076585778493
2.396134303625314,1.2361135085261714
-2.5473392523808975,-0.7383879863544456
-2.8823016802417065,-0.17821808761405464
-2.847624599867182,3.252862750631499
3.477549363338309,-1.283408640754712
2.336099719586524,3.0344600117665697
0.45403577138047213,-2.1718424512329966
1.2890315450472012,-3.0200219888107758
1.3539466652254275,-0.4514328960988332
-0.6584366213024472,-2.5515766302191114
-1.0467855141374338,0.47375495598233036
0.2713485319636097,-0.4213800449506232
0.6351061968277751,2.3122612455001104
-1.1144466647985891,-0.8072412853012481
-2.32716676192105,-0.30279825783310166
-2.26576257122172,-2.0064337300308144
0.5615344560195079,-2.770755513118483
-0.9572377248266691,-0.523688883258546
1.1567941094943386,2.442829477523616
-1.0881412454670134,0.8933684743980623
1.0840809095995325,1.0205337156621137
2.408744628807436,2.6843477996208915
2.824946830601961,-1.0232499486120723
0.8477548747122245,1.1193876288985507
0.4028928979328123,-0.6739325175214461
3.3164995371808583,0.9383149244387089
3.0164050854661637,1.1064353571182672
0.4243829251789754,2.31685077674806
-1.0469174984207934,0.8311416526877499
0.014258002797366566,-2.5207172064390946
2.565449284806493,3.008080428537227
0.9864591757500326,-0.3853084321740034
0.8743254714477032,-2.5851749075046566
-2.69604800120431,0.3769817640888673
2.6364429872005037,2.813064127319468
1.2296578754383796,-0.675697969151641
3.0371388142215543,-1.5735170478348424
1.8617340494569334,-2.6818346585563266
2.3934375446510385,0.34839625109735806
-3.131617027016027,0.9710325904038631
1.207230401983592,1.152497191505709
0.5411346461167292,2.923368833379623
1.2623557690098557,-2.9406921262695085
2.7779648326275153,3.3466886682271375
1.1483679972921799,-2.309592823589546
-2.8362096671013775,-1.1205872473150258
-2.2726970065774528,-0.3807483534015873
2.7837566615315854,-0.5563891580184694
-0.6205972042200842,-3.1475472796667585
-1.5479732429142514,-1.2884249853451835
-2.7904300195995626,2.898923697008592
3.261507534040203,-0.8150454782764418
-2.5697480301029962,2.789758491351462
3.177427896847885,2.5451107058677076
-2.3311023135219973,1.098538509192243
-2.600943128955618,-2.725391040690352
-2.1014189926612437,2.2847935467788196
-1.3509363800467342,-2.4513155778297513
3.651405669834928,-3.167248944297735
-1.1720462150602315,-0.6271898200919291
2.8210047431482033,0.22722714908650693
-1.5200221993201377,1.0810169788884998
1.8246542298510617,2.62454730761623
-2.8971350693067124,2.706893262122971
-0.45902365639106835,2.556121813608767
0.2265289014004747,-2.4062636840815275
-2.684608297098762,-2.8897543533300976
1.0397344241112092,1.1379750567562898
2.6419356979435022,-1.0687271889668664
-2.618663911214307,-2.6116671226163573
2.6017710411967667,-1.1299911337321136
-0.6123094273368046,-2.8674798808592445
-2.8937555675765396,-0.69590371885989
-2.522237517086222,2.994821221312972
-2.9851105319716247,-0.5883988041657492
-1.0887374337306375,1.2345028615529847
1.4289235162083336,-0.5799076130579823
2.7674091140024095,-1.3055362624116338
3.153645441051069,0.9166439686969374
0.6588824372376727,2.9276456033710403
3.1205920861036263,2.3462899675683073
2.761858987181438,-3.2470889230998963
2.8454679738695576,-0.9067999473665235
0.758264351067883,-1.125479286553018
-3.382230177941222,-1.2834798394762956
1.0878726176706668,-0.6105417521218015
-1.227634405161414,-3.044875780963943
-2.290132164872291,2.8066424620737545
2.946303716256803,-1.0655155758135937
-1.8179545976647031,1.3135420085274445
0.4409226214622601,2.2232269723795564
-2.8308331834277576,0.46674989007526263
-2.4626674431924735,-3.2456424127102586
-3.599182057336597,3.3149782118763675
0.49779264394696704,-2.9074545750186047
-2.8545231323703364,1.0124968149705142
-0.8271329995134252,-1.154872900185012
2.3657203483619016,-1.00738531827073
-1.3618107593737996,2.762604544550492
-1.5133511692714334,2.5789106942850166
-0.5591661424896619,-2.3432946281820115
2.9069380447193995,-2.972630621256723
1.2638044340154937,-0.6737124155884134
3.358946778495325,-0.7413418361499949
-2.3982209420157354,-3.07103415264196
2.264733086228953,1.3384910611887715
-2.4880068411724467,-2.841751847061097
-0.8090905288327606,-1.1475073715351376
1.211773012498574,2.8989083569459178
3.051868701832171,0.8936342468073729
-3.2553624888754378,0.7996103530130384
-0.14130878434909422,-0.9158386502475011
0.4044785362634554,2.9130952694917243
-2.913697478343843,-1.1038772721195407
1.285602952382138,-0.6241733460633654
3.281680520761915,0.3942314998725881
-0.8872513148266016,2.7645011697391335
-2.48502278755338,1.6557312304465701
-0.9552545991562854,-3.2501207884830885
-0.8118851750392226,2.835625641837654
0.8873321713801727,2.681172438573879
3.226032155795463,1.5157682776603247
2.14973201525777,-3.3248659343321525
2.5258064426288613,-3.5023238335022584
-0.6849709106038151,0.7572712520567443
2.8301770402784565,2.8802317794825583
2.8561984622560783,-2.8106233517291024
0.9092312387534904,-1.8272611135085322
0.925370951655658,3.291146427904109
-0.7262910807432541,-0.8136141480647835
2.495623285735435,-1.0237020724616868
-1.4274998408837205,2.788837145184681
-2.5967015764948185,1.7263640542548597
0.48964846937520684,1.2804371094288332
-3.140809675861384,3.0940762449280146
-1.0721286023817747,3.03989479795902
2.896998441014619,2.4517820249237263
0.6405921507472593,0.284523933241756
-0.9133088385151559,1.1293143541584159
2.711476589069511,0.29691007080069487
-2.933913823852145,-0.7382554418741442
1.4635588130816979,0.5700331226403536
0.6156561891020164,-2.054971334044998
-2.5321206217117163,2.808360754867434
2.75947925438236,1.4140055487461312
-0.2783265772453128,-2.5866578270855087
-3.3628874956639843,3.24214112223448
1.042277669473334,-0.6634279335252764
1.1804817612847895,1.1491501131314403
1.069925832328956,2.4471545850898835
2.1623734600736344,3.0399430419417386
1.8360615841742245,-2.790708660608249
0.699044577626251,0.9804617936177189
-1.6298521652231457,2.6686707918729065
-0.5391446374982156,-0.47276526579078443
1.8061129294348115,-2.980776507848073
-0.8895286861299356,-2.7313588193980953
-2.1044586572189288,-2.171754188820417
2.7657483427656384,0.688328967369873
2.4422320953497154,3.0377306038459344
-1.0137223198865226,0.958304210358526
0.854424753652086,1.7359489398634371
0.7737432023837949,-2.731368663036474
2.8285700892114214,1.1121813702024332
-0.9789869809661307,0.9244384343659975
-3.315230333972107,-1.3136409242519893
3.0762755851632955,0.902811094127221
-2.9158922348770604,-2.140928217124446
1.2605077378418519,-0.8596783053488489
2.5759252531537715,1.1006412699709383
-0.46869040730474165,-0.7450262889205275
3.1105648991805146,-2.7073358049492926
3.382056502836899,0.993952554587654
1.3813212410959586,-2.7803838893585944
2.6222971930380696,-0.9466799831481357
-2.670620257709195,-0.38766851781945516
0.884815987158422,0.4918918791569118
-2.4329945203305687,-0.10301708831782534
2.1258725418148514,2.6643030694211896
2.9669566173375297,2.6362654099354006
-2.5087041551024134,2.4605412736126215
-1.0012830839597127,-1.0529660310833997
-1.3211660498394981,2.3165921549645443
1.300409416403341,0.9544004549822378
-0.75756389447089,-2.6878152448170707
-1.0931234666553091,-0.922031179196876
0.9873118786946661,-0.6944255186558164
-2.708203342060557,-0.46969880468565134
0.5713728988837331,2.564691945051034
-2.6350626688720404,0.975846564246248
0.8742139265213493,-1.0439278247339538
-3.197435264475122,3.1607337035277734
3.5064879881069118,-1.203788226102322
0.8372145811435817,0.6020924778635021
-1.1633581349221744,0.6335908117428226
2.9089074808446465,-2.972596962325551
2.8768079987420614,-0.8982671989334651
-2.6824970683008087,3.1879144473237173
-0.4377557282520581,3.053099227383636
0.8440356104066802,-2.269537658940669
2.81722946394607,2.8291807497187174
1.771190640169253,-3.016008882805353
3.0154432047465627,-0.024681928690405013
-2.8366965870172933,3.121890661395711
2.565744485936891,0.9407004717987115
1.0538164624728756,-3.253825044574663
2.6954313831421484,2.8119925440612645
2.4136597628308736,-3.341554829860551
1.4288042537985435,-3.105403650938647
-2.6722775436816404,0.8661424399817641
-1.022200496455923,0.9055866761013145
-2.3426476443819633,-0.10681014581448679
-1.1046789906824683,-0.5998701762398553
-1.730371617899711,0.865343663167351
-2.9253765174003785,-3.2808486729436726
2.9782446676047476,2.7595239685442263
-2.3257462791588757,1.6289269889590647
1.0689873673389383,-1.0653819026842173
-0.23513759459395875,2.7881734863813668
2.8805050269228363,2.3488722793597785
2.517665399383294,-2.3281208927767794
-0.9945726484686731,-3.232328543873525
1.0109785294229043,-2.667773721967426
-2.9404829444785685,2.0122925413537933
-2.4292593316212248,2.829616458853778
-2.3659928808150577,2.716986717438867
0.9967812202934911,1.1315362164719287
-1.1759629829197626,-0.4027100721008997
-1.270010359336742,1.192301668309198
-0.9460724575527752,-2.5617242639734354
0.921279730091107,0.9811658151236244
0.9590969900070309,-0.7010181349959399
2.936578278837313,0.9946674278357197
-3.0109101384594186,3.412130341040417
1.1797219656371534,-1.2192138476434011
3.1112602560258846,1.0683073094578786
-1.3911757961191022,2.4232788197023374
-0.9252960934406788,1.5753365130214623
-1.0417420567761004,2.1711954920988537
2.8780068301776,3.137999007603029
1.2788373897762062,-2.955661711641284
-2.538042854778293,-3.0446473850158577
-2.9009063650050515,-0.9026376025845597
-2.117252865186088,2.760366033927581
-1.6149693077886997,-0.291431366274329
-2.1707147391508532,-3.064186010118728
3.318527723710188,-2.6472215328612605
-1.8890861162899026,-2.5419452177052686
-2.5960925750695107,-1.3489335097148394
-1.204249591111822,2.8029815261362954
3.1558438622485263,-3.5487110058496047
2.2960207792153513,1.1547253755942393
0.8216643273417763,-1.4766218877474642
-3.341019621401928,1.273983875172789
-2.515957374643823,1.7192667515557158
0.31154017930445127,2.2395327788283996
-2.5623807676187607,3.057050136414405
2.7442543696293833,-1.1267160171103894
1.272283614250454,-3.139141691141434
0.6927776573254145,2.1854084682749186
-1.130607220093392,1.1045489004704032
-2.9681024516551235,3.4273988412927987
-2.784117442622578,-0.028588562854234622
0.8990666736681694,1.1837746192061596
-0.7477093379210407,-2.724221198303685
0.9177588622397668,-0.9338377464278615
0.8498030694598658,-2.9542833057115554
0.2265632575190183,3.1174952535817413
-0.9872314145921716,1.4031798486363227
3.0660117295871996,1.2823799964465905
1.3224574616023588,-3.4784775195914643
-1.4523646809673374,-2.9951281888688723
-2.581859940943133,1.341803763851857
-1.032835087958613,3.0614019880619323
-0.6308385301874502,-2.9686567395336008
-0.9666140142985165,-3.5183508613471126
3.0598507073896406,-1.1150907238680643
1.9859132638448482,2.260945665216969
0.2943053244031839,3.0287253074777416
3.121071625763726,-0.9990176695582965
0.8887193831154055,2.7458469748772694
-0.9301034371370384,-0.8221751010428713
0.614730227242546,2.6834780910891434
3.1024217728656507,-2.9909857534689372
1.4838486334370429,-1.2513440433075516
-1.0309853064952377,0.9518247975825957
3.1713058171496975,-1.0926126640762894
-3.1186586825087943,-0.9899427115715183
-1.2639404128846923,0.8391268325159079
-0.7514616303850562,-2.9902713303941733
0.16240525067166572,-3.459773272349044
1.4618393585970346,-1.0874468801236
-1.9791829168986326,2.5992415511909996
1.9054470886317738,-3.189134086632262
3.478049449339607,-1.1126543426058089
2.5331569109835934,-0.3932995260866483
-3.243048640453763,0.647644985365047
-1.982428536577185,-2.234774498606661
-2.9285344433655482,2.3928466131108697
-0.9014759201640788,1.432643224975989
2.6482451660776674,0.5965222783081916
1.0663407894391232,-0.3339551820999184
-2.6697411228544787,-0.8822410323427261
0.8353603673935729,-0.7297184758272556
-1.7740997003760244,0.5210397375650558
-3.0580444854349964,-2.7255049320296827
2.7941286456079792,-3.6515280148234486
-1.1985280392860003,-0.9695323329661351
-2.2589920511595256,-1.1950482313783306
2.793683784561191,2.811286315048229
-3.3996350764973893,2.6159582690615104
1.8023167821625465,2.551269642580352
0.6226213237872635,-3.425880096064698
1.154697558891285,1.0528471248632956
3.1767781350875306,0.8584703686970724
2.748930466298017,-1.082776623006886
-0.3749366146925246,-2.482291305476379
-3.2238214902143687,-0.8818438039918498
-2.4318449014909147,1.3305598468567252
-3.0970083001446143,2.7068280103568445
2.998540098250131,0.9418323605883504
2.68932589047456,-1.0098406456701876
-2.8948875388903037,-0.7558967106518167
-1.0206784148686912,-2.725230961883309
-0.9512805992763669,2.322699236630215
0.43551781800618267,2.651173654212107
-0.9303059903540615,2.5804727958407554
1.096113907527421,1.2378651280265365
-0.6708126689703576,0.8809480637205316
-1.0406151813012763,-0.8378883624732931
-3.0586409333099804,-0.7823639724689376
0.8058400613329391,-0.6933323523244003
-0.8855123783310155,0.7231889784512162
-0.9900457931287843,-0.6254866417008023
-0.9106821707519169,-0.7797426732811292
1.6368326674015883,1.0032696000516121
-1.1258956310096249,-1.2085997216943192
-2.906613945607025,-2.741358431419268
1.1680632969206177,-0.702302645177193
3.691573990354048,2.807251701319924
0.2721207127965844,0.554858212328686
-2.8319888067703416,0.7843370089603381
-2.5629666755758045,-0.43156925619911557
0.8619384003525091,2.9369785419735197
3.1438158655319923,-1.207291462286788
2.3384287916816424,1.3145863866355736
0.9987398553916877,2.3715706545474387
3.0040479618407856,2.427208849791626
1.488537810592995,-2.5342002818999676
-1.2609200364139264,2.818099163388381
1.00549738996043,-0.7118275433642168
2.353086179791015,2.4464662024868393
3.5003509142561433,1.7721758058280652
0.5754363179887315,0.20480227047390515
2.9459811486018004,1.7541809015236534
2.2735025504459148,2.6091945169509327
-2.4149086556921744,-2.917576640980925
2.920378138940087,-2.758307587711209
-2.6397973346190144,1.4930142304006426
-1.171335233978705,2.975952035617312
1.3535037584433127,-0.9307887366425207
2.6202530274438693,2.5405072532540127
-3.277937609400836,1.0709549807560867
-0.44708085748503684,-0.8846844183546739
2.745153614189404,1.8764072440960833
3.1811053557436915,-1.754322201971899
-0.9968335384797355,0.9826072703405315
-2.974847771380318,1.1516211056145955
-1.2037253108590233,2.5283906234883378
2.3535618409593444,0.5000486168117819
1.437585450791302,2.901261763979521
0.7346755257733207,1.2342712713636086
-2.96326852601425,-0.8432117851295015
-1.7520025638944754,1.2385930497895836
-2.8355902108317568,3.009751067799958
3.1983873662275175,2.9038468008710496
0.8775466647845919,2.3802380273671924
0.9426070003967106,1.3090917583745896
0.3453262835431879,-2.651307883545489
0.987423847040914,-1.1933878710469525
-2.577559739924974,1.5846544160295781
1.8187654909266586,1.1988101573188379
-0.6626207766656461,1.1864735395793247
0.6022024629014398,-1.0883273347684232
-3.133248519535786,2.6940048828074814
2.7505700365791697,3.705187611578581
0.7007451403011771,-2.687292349056028
-1.0525711821456454,-0.9861782959372023
2.661099182343213,2.4082075935096108
-0.9620793893414084,-2.500505088025456
-2.6824006886737175,3.36144029169638
-2.0939739062706906,1.5308957387352007
-3.024330171777445,0.8780385466052958
-1.4288154163365785,-2.8030404082753853
-1.156308920081905,3.0260548100993585
-1.59677320913856,3.276772907525632
-1.2102716187996878,3.2479970856403164
2.7169073151890455,-0.7776324500623613
-2.4117544948878082,-0.5685975999654687
-0.9037596947587975,-3.069037120451723
0.576481326599432,-0.7083385315861013
1.0345724324684469,0.9403592115358169
-2.297392907203229,2.714537344579186
-0.1693205193493623,-2.354391513208016
0.8102463121092782,-1.5079871342998454
-3.229013811863425,3.360942746611757
0.5291286474255014,0.568291606372645
-2.99034506325966,1.1556940836660474
-0.5291561761777132,-0.6510394866117111
3.0567906475458355,-2.6309146676434727
-3.0393013397348985,1.3630033547456086
-2.3901944535257784,-2.5562207597779327
-2.655004047979942,0.60256249735849
-1.4836440818271017,1.411717622249826
-0.7685687316185,-0.8728279403939417
-0.08018906764333025,1.4325025996470107
-2.9074087036087417,1.4550136485662017
-2.4029594752736534,-0.6100579418291887
3.0769157462232632,-0.6351250771810465
0.4989981051734636,2.47416579085164
-0.48293737183234897,-3.063575968255524
-2.537858638324229,0.8393684745461715
2.594169119476605,-0.9537509288185579
-2.64640595807845,0.9857579067122793
-1.0797375816373942,2.310131284418925
-2.875807586962666,1.0695699863187773
-0.24258897105813285,-1.4160977975244815
2.9449888946243146,-0.4115371325725185
-2.518939765521804,2.6265872479779353
1.191884724233304,-0.7677434544059348
2.619856590244899,2.5318196285052874
-1.8779496317954227,2.851206513078336
-2.6574314249627955,0.6082051067927274
-3.122935941605744,1.0350974627371683
-1.327334752686678,-0.6252157620989378
-0.8252154043395519,-1.393222421980277
3.1244578086641126,-0.9613604671576771
-1.7047414191638701,-2.399270761963728
2.7481118434360665,-3.282744833377407
0.7749410179687692,-2.349623338127519
2.575340343389108,-3.230658734402167
2.678920412697095,-1.6607772570614991
-0.8435335196123234,-2.8702199305558773
2.853352935078983,-2.914338778356753
0.7675956584964166,1.4172657799554973
-1.0970554233566712,2.95162532427131
1.2659651376644185,-3.18024264104822
1.2016152900387864,0.7009948592046761
0.6692194480962161,0.8431582537541488
2.8133314337634117,0.5886775160809429
3.137586868434106,-1.4107050661132678
-0.9842333951289188,2.9942333929805978
-0.4967208492195086,-3.555030047716623
-2.927704082282122,0.8874653457728857
-2.7835152924648425,0.9730360535115653
1.1523233319892439,-1.126215353611458
1.489492527278593,0.7296338294423913
2.489107285257741,-2.674763252925901
-2.058141214940925,-2.3175295866804886
-3.5911963453984748,-0.37226599715839426
-2.5230096526539705,-1.1367852600442294
-0.9071015124065291,0.9223186510682646
2.701535446348079,-1.4626232937387373
3.0118221033549317,-1.567339244174627
-2.925192432278965,1.016425543272841
-1.4083684313625127,-0.5690571449360106
3.282569227093314,-1.462326010114527
-2.437671840634788,-0.8258619190925561
-2.563161306068202,2.4765674909938533
2.1261212757225882,1.088903292253884
0.4601900056691951,0.5818903910309995
1.575616889176877,0.9622489976642875
2.807479452534076,-0.7740781829000926
1.0649051272423087,2.718319688216286
0.7673047732617685,0.4530056990668337
3.2943196838428594,0.9650306194111965
2.374115952547576,1.0348927358296234
-0.9334661825728936,0.27586486849988373
3.0821868385618196,2.7708092686097996
-1.9398504494706577,0.8192583506274146
-2.505082236357599,-3.206248032238611
-0.8841626005841609,-0.6937063292633437
3.498123673044783,-0.8915146433523254
-0.7168386985440701,2.8874897140997584
-2.574047860337097,2.3816614588168123
-2.656045471619148,-3.0703536505353695
2.9789598159555477,0.7114253224742967
1.200011152244625,3.3351453513255196
-3.7174322006071994,2.259394918808095
-2.783710839302033,0.7610833968716971
-1.0396953022798376,0.5993029228402971
-2.210788376524368,-2.277205678659634
-2.541894066793423,1.8530657937475496
-2.91530655448561,2.7466800042001194
2.9612594965514956,-2.8848935055014437
-0.5790405425375457,-3.044061515377651
-2.6737332429479985,1.0055137291300233
3.420294083096478,-0.3149745434321515
-2.9900199026631467,0.543500666117748
1.3542461127015575,2.906876087253577
0.6573100256059727,2.540003358080407
-2.7880404830996013,2.6489954691173563
-2.903347384910571,3.61934951511729
-2.855261281946815,3.084403786109906
2.4526708354293167,-2.8020460857485774
-2.898344088440153,-1.0925842009313096
1.872105056816732,-3.1817292770576113
2.5199721314566443,-2.8700960184625366
2.5197209663247464,2.4305671545203746
1.3154136104012117,1.5787117958200014
2.9213459899695207,2.942903265342806
-2.4844044410951285,1.55269242752829
1.1463978023813646,-1.3274023967657567
1.0040482019745818,2.8907172729290895
1.4417703139508893,-0.7348136469042928
-2.975797227555901,3.082621663597054
0.9705922993344045,-2.5167765829958717
-2.661293521933484,0.8790081729980446
0.6786268040937743,2.2129776162833874
2.8104107307955437,2.2988024799152016
0.8302583840640367,-2.385569513035639
1.038406689450406,3.1085904149645587
-0.49467470038591826,0.31691969218168553
1.1758725149017941,-3.0927661411927954
-2.5334159410779584,-0.7722456034621508
1.01874510277157,2.6726465107816764
-1.3575114370669088,1.1158729072153937
-1.6013387775581953,2.6638729728928796
3.4780599064951687,-2.583124495402663
0.531019353869632,2.713677090834485
1.0709102404575013,-2.9188265902871553
2.5826467063192577,2.270413145222997
2.3148646939842363,2.0937246615436
2.6173188381938384,2.7921433080010307
-3.4239518895137575,1.1965875952682872
0.8131820429726684,2.2472338688078546
2.857815756252671,2.596405418341981
2.8600687532832967,-1.0341528034225171
-1.4875663866993023,-2.1864148247571555
1.1676394099604184,-2.957275133480646
-1.4618082312017222,2.821024463120677
-0.6700064447023125,1.872916215393474
-3.3416419388183782,1.759611338809051
-1.118166776553376,-3.0578091206014357
-2.7321212328069278,0.8814721498773866
-2.524015169616985,-0.4529034885700673
-0.6322522598568049,-2.3991221854911684
-1.232034556576195,-0.9173237692595296
0.9356534861166402,2.860739894567849
-1.0570645229070739,-2.5243758241313063
-2.10813258004098,-2.4500569838071216
-2.544048511966794,-2.04489884665302
2.1930380510660834,2.5914508384131967
-2.6916843180726087,-1.7876121161506617
-0.2383847128399759,-2.9009993432011925
-0.4369191683105473,-2.312447366495885
3.5198955427674994,-1.1658516327975978
2.075738834024696,2.8615272977630686
3.058005853683634,-1.3706331694583762
-1.0534076060796589,3.293511305536854
-2.571626525880621,-0.7976328985120218
-1.4084159748326701,0.9250326180505819
-0.4600786173463793,-1.1938676785700248
-2.447411565109889,-2.7712997378813795
3.4099580813041506,-1.6281875303687303
2.497693536897758,2.612608300177956
-2.811363554188708,-0.43654085063173786
2.56381407013073,2.3949540048815208
-2.465221769745231,-2.638354146716346
-2.4632354351630594,-2.9332058800556946
-2.7047698574842705,-0.20819053823001127
1.2824222823600573,0.773392851120337
-1.3555359720792601,-0.5938119145015821
-2.566288421517949,-0.8663014875438858
0.6644027630063233,-0.8421751268334937
-1.7199945010426003,-0.8475793653444582
-3.4676758435876818,-2.5065959835551412
-2.661322620011821,-2.2340784050035403
1.4596990245726302,-3.1175583794975856
3.0616953644621856,1.646118677989486
0.8367833722617789,0.758038269995405
0.46909295255941325,2.161757101368538
-3.1924699293780883,-0.49323681644472533
-3.1654644122839017,1.2528164077846258
-1.1441460370598389,-0.65818785240336
-0.8923466251022684,-0.8202424316124873
1.075864685141136,1.104902917280201
-0.727411168703411,-0.9614548244773722
2.9936907268268587,-3.1708539584873425
2.8029801045657656,0.5089329726075843
-3.0166540627397893,1.528581191732294
2.7132926035601,0.2498949559198978
2.574796737306575,-0.858685297837422
-2.820120435044784,-3.1497777465877763
3.2260145656037253,-1.6777027259824975
-2.3659108472390473,-3.0657311005144945
2.92220000662579,1.1467085041502694
0.593845498170473,-0.8255587958425111
1.3307861119450526,0.2874575820789378
-1.3867176990641195,2.861712360430052
-1.8163149985312954,0.7744585018838247
-0.404822672443344,2.3697901015976712
2.8354840133619104,-2.580898876636627
2.8925096075366548,2.143193240182175
-0.773065507502382,-1.0103570467307108
2.903688646379385,-3.1627345924867147
-2.2997242920809557,-1.241241951401626
3.111438762801564,-3.401559803233391
-2.0540450471662055,-2.8633860413504695
-2.8327651337996507,-3.0409269798205814
-3.2777759075443487,2.8341976579343817
-0.9727832140808427,2.648452228205715
-2.45883691796958,0.7020146502936392
-2.9953613137448554,-1.1070885198678948
-0.15498252544688176,-0.9668756787152459
-0.6509261971388023,-0.9926938041559876
-1.0221804620620287,2.5262729832048945
3.121685646952545,-0.6172815427050546
-0.9786940621787622,0.6118347741241255
3.0354891563763813,0.6328666060660172
-2.594158123744369,-3.141833400255917
-1.3049920709246923,2.219422648341283
-1.186477494986076,-0.9126726115807668
-0.8474431482569792,2.2033574570251107
-2.009111433406426,0.5937331651944416
-2.8557188413895442,-3.1668785689048122
-3.0151702342730666,3.168022349288322
-0.44206222680417806,0.6062904768201043
2.499466319772378,-3.1717485836787405
-0.9921931639934671,-3.5803645018567822
3.3590711062735816,0.5377157817102728
-2.3323401106275203,-2.1087314468512215
2.8105879815592894,-3.0731773964444407
3.143893966445091,2.463185124808168
2.8458599801286937,3.259931558581887
-1.4814547686597903,-2.5128464035894127
1.0310391995927717,-1.0435040745667903
0.9309376626002757,-0.2429102018519883
1.247871680437771,0.35794714385052095
-1.1218220874522093,1.7600235989329305
-2.3334825362308522,0.9686074498659015
-2.6099764431949724,2.817222159213667
1.1529106562846942,-0.5327760142836686
2.7860209294723886,0.9037207369975746
-1.0552355198287433,-2.8559628742804617
-0.8641196689298664,-2.75625099291117
-1.631015577288705,1.3736034030566824
-0.7227758353542444,2.6396609303660776
-0.9551008716716373,3.0047119708439727
1.093508842251472,2.882289080188679
0.6275639963083999,3.288685680608638
-0.7322265682628686,-2.7214285772941915
2.335487798838046,1.178772516662643
-1.264640975936221,-0.796347019856948
3.317956736071048,-3.0461559311338444
0.8471689589871677,0.3819426571883269
-0.5931992390142666,3.3976266575617355
1.0555410528661913,-0.9112081805005218
-2.438844040905312,-0.8706648574464726
-1.1589985829302878,-1.3656383668454395
-1.3106878416267094,-2.788312407011077
-2.6958064289411405,-0.8909621720588836
2.4493366074349434,2.890841146904335
3.282865628207636,-2.6082718797574653
2.397844340060117,-1.8942299251113426
-2.970322167910256,3.133655988104643
-2.601753722138939,-2.3145765710992263
0.9884881810201214,0.6121368672821099
-2.771443685356211,2.655423434226846
1.3419871129026628,-2.9525861411320693
-2.1990926146604455,1.2663877177988732
-2.0376901438157624,-0.6532501883975385
2.947626720198192,-3.0747300687950947
-0.3965073415462315,-2.7789595706890835
-0.9354023196466589,0.7368945893231534
-1.096601983389215,2.9856875685834856
2.2196289220829493,-0.6087086944529041
-0.4874486706045466,-1.3631193033508897
-1.117346956961013,2.869159129220536
1.1361888526572035,-2.6887290746711807
2.974045219117686,-3.3787518531511433
-2.633513130818656,2.7797211568769686
-3.253442695046641,2.785997220004749
2.726148293409981,0.8012704668127903
0.5995015611565773,3.2759246153662733
-2.385063928902254,-3.028669340598269
-1.3732672756916702,2.7271182420308873
-3.0396693933855325,2.60146822426359
3.3714544702995446,-2.989455426369441
0.931119252899628,0.5073019522511218
2.5227515954788386,0.6904807265661183
0.847094345540387,2.759705996204935
-1.1218552568047833,-2.5275086137253315
-2.091374523837378,3.0187772942426627
0.8220358726778098,-0.5077792368932992
-1.1265868158848342,-0.7672592500967185
-1.2798825783877492,1.0081796801166434
3.4783228907777963,2.501863462250161
2.8948959943445094,-1.3121663375236579
1.18083516253293,1.0075269925296166
3.0395569729831053,-2.4054939474728756
-2.932294097559443,1.0578990836600057
-2.8488658251457886,2.6453920100156645
-1.0657759584930333,-2.3520588071292767
-2.8038136741832473,-0.3625654445850019
-0.6052377454086304,0.9403839444732894
3.087168526494021,-1.1750014623681073
1.8756467536052666,0.6203814977073783
3.1091439546152606,-2.5700163576254105
2.229989102666715,0.7639949080664836
-0.2614184751817438,1.1690117774609174
-0.4844162937185723,-2.637769117376286
-0.7924174431250711,-0.3971711936189957
-0.9114465887543608,0.7857621084865594
0.7335704427499087,-2.67683485759496
-0.7499251073483257,-0.9707819931331483
2.7608741546838664,1.0269291629285964
-0.9195198661348971,-2.6190312803709084
-1.2334171362259538,0.9708121410696446
1.4811633713083836,1.1062238960618673
2.9429049413343953,-2.701151725080775
-3.233867510223861,2.956098578261862
-1.3117015197678243,-0.999278899852186
1.4918114810171705,-1.3378280366307826
-1.12793242060837,3.202493995642625
-0.9619145344905681,-2.97337925169063
2.650148638614308,-1.0329115660331114
-1.1512575534041578,-0.9593225693876526
-3.663949937780391,-0.42064764395564
3.0314612485357357,-0.5267897599827234
-2.702219302422932,-2.8358711557042495
0.6723338942421117,0.7394761292197242
1.2070781875724408,-2.521695490797977
3.3507137255692054,0.8725006228534713
2.9316836095117482,-2.674304083420261
-1.0768688672819637,0.18649197325199685
-2.7536366324533077,-0.8560672947116083
-3.3428088550830757,-2.995541128419282
0.9548730413925347,2.9401264785685495
0.8602549360137598,2.938309981472331
-2.6144447306003293,-0.9236757413928312
2.6783564038947443,0.30750898307922764
-3.1922285321844894,2.732919181687315
0.6282739459540762,1.77759008202876
-1.595290403478257,2.8948032318978463
-3.0579289443238435,0.7956468066706098
0.5386268808738915,-1.1079038119501925
-2.4097840512593733,2.653768725459816
-2.5524625394695635,-1.0227585399802033
0.36289707743483435,2.4937787288955944
0.698442704609764,-2.937258050650761
-0.8669473144386676,0.9624230121890754
-0.765149624588549,-0.9278001111005721
0.9870246409455121,2.3994955154662523
2.7560415128761506,-2.0015759854320128
-0.8738764998993628,-3.069111360726752
0.7710638819154892,2.493031609614091
-0.9277241271950017,0.667212083549386
2.5091209983070963,-3.0568714812463864
-0.7386736587877905,-1.2988076155569788
2.7754747178962185,1.1491587289404626
-3.1464055335908996,2.6663008540718884
-1.1496832458808386,0.9839466446383602
3.813573736545626,1.2003340045996622
2.217113024178073,-0.5215616231098824
3.2946608337808905,-3.040993122519081
0.6127053112190346,2.361820205567133
-1.4395369694508022,-2.7756828073735647
1.0664834598182293,1.7993722967843635
-0.39654816833846,3.3646558337544357
1.1304351808944118,-0.9027830380056946
1.0724999012335348,3.313298416167862
0.9857621669265557,2.3002232619766843
1.5442250834393694,3.3398464736897013
0.636203753996144,-2.7749339778000395
-0.7895325470310949,-0.4407451718712249
3.072813916081279,2.989400108975822
2.8530805808067696,3.070977328235558
-2.5963451513500404,-0.5268206717372306
2.733444326768955,-3.1690894207785782
2.629737241146284,0.8403389829734556
3.3350421113821556,0.8809391030745566
2.64431110931952,3.223746832555609
-2.635822474664177,-2.559885256836884
0.4646011382309809,1.0213975916163849
-0.9702834440391314,2.8146109349506165
3.4903524960230037,2.8521178671355747
2.514196995792022,2.957546967044049
0.9303545628173323,1.0968399443227548
2.7783207855761005,-1.0840608257810291
0.8598736868365486,2.611227830994153
3.040805552985034,2.608943235755558
2.6027732978206175,3.2736496774948325
-2.885091962521291,-2.345294587587897
-2.703759854313353,-2.812795213358219
-0.5715627648937134,1.3743184936266906
3.0912930028749175,1.0178429210853175
2.6231190091522048,3.265707912734966
-2.7239250951055123,-3.0796306149412382
-1.1510481479345895,-2.639130422506816
-2.2381829629241965,1.0922704294511472
-2.5465131014966116,0.7181775829686884
1.3477936745916825,-1.533410482959326
2.7696804574788207,3.2318512160013166
-2.6505518914286426,-2.2727010566036068
-1.0975622334127784,-2.7145122228698275
-2.3368803971980143,-2.71022192771121
2.556048155596278,-2.8248673472898282
0.6375875791399743,-0.9695595733167138
-1.3384105870500105,2.75727442085933
-1.4643053698403907,2.9510581350376013
0.875740606658947,-0.6998036208863765
-0.7871255246403275,-0.961640140228854
-1.0805501636229295,-2.4710256902809924
-2.9630141506870764,-0.262611367999567
2.4472303664647117,1.8872361815647352
-1.447037806694389,3.193134111099018
-0.8673575575328033,-0.4436666839374663
0.7436972595044531,0.9058102419181916
3.0015391136396103,-2.500515330748666
2.9885550789887225,2.0085262108442037
0.5241463400080864,1.4834869420625425
-0.9324675343745759,2.651792642075156
-1.5908440942588757,2.881670030738098
2.9785013097495106,2.676500567174646
-3.0126794014146028,3.031839849477653
-1.2693237292482416,3.141244794596301
1.1503364239625429,0.621905502400097
2.960092818143383,-1.1959150947940718
-1.106860205168565,-0.6040200873566228
-0.5830586147610541,1.3930847829987494
-2.2712462523853345,-2.2680036340099203
-2.295997279990738,1.056917747042418
2.1651426755183962,2.893983964968973
-2.562928803689355,-0.4644927922138516
-1.1283783174473068,2.9611664781544835
-1.1533182259578094,1.025493099077104
-2.8301119264667065,1.358757611724479
-2.7178922019802387,-0.4041179910352924
-2.499496089617715,3.1512638111835476
-3.181328381209068,1.257481813909769
0.726470028578342,0.8914574192640087
-0.7786529714218942,3.078331022278027
2.327667794266988,-0.7164121216979221
2.7078414270053424,2.7382545366355697
0.7654682187753578,-1.0559060392002226
3.0945707794452564,2.628801695524561
2.391266807607334,-1.207927528332741
1.4066914052189272,0.350372926790452
0.08723337445200778,0.7210436214742199
-0.6432976896116193,1.5656152021593717
-1.0870054493286845,-0.9209817531865641
-2.569417979030924,-2.811231599322831
0.7055127198675997,3.109776989106753
3.027094132306947,-2.9196796631393416
1.1966904088584693,-0.331038518073295
-3.2171152478473664,1.4365296956488185
0.8152122987165983,-0.6285874127929943
1.268096286861187,-2.3507002665647883
-0.9489878600263058,-2.4034318549677645
0.04109816925922486,2.3956405859174152
-0.9456252015758413,-2.3430396663400974
-2.4817794241715307,-0.9684567565484057
-3.1384456056411474,3.2016377322935914
0.9155063092552992,-2.29849117940896
-1.4241239685045843,2.438265404107081
-0.631041562385652,-0.9191111277921081
1.1233350125577697,0.6511493013425702
-3.1577443330894033,-2.6910524729469563
0.5862514607319307,-1.1508418477038187
2.928154796284155,1.3585659926648201
2.730139525475356,-2.48795273899799
0.48998657764254694,-0.6852222016764378
-1.0379333790044607,-2.724208126866928
0.30440476195029337,-1.4103371770542477
1.3752226925367257,0.8543455827120269
0.6952087208412894,0.772672105444978
-1.4165981979185025,3.472914876459439
3.066531183525204,-2.431609135680249
3.659522999631386,-1.3263119253066986
-2.8046467549734007,-2.2871628885663102
-1.3302281761094168,2.097246448641956
-1.6029108504293355,2.1062272724206164
0.7157483448480472,-3.0487800756023935
-3.076917890587856,-1.0257725479544952
-1.342988270404837,1.2469631460133035
-0.04434779590278992,-1.5067697213378888
-1.227666614045551,0.8282965378291259
2.8461191632138703,-1.097912966391251
2.349237397048583,-1.2214264001753619
-3.5664400197616297,-0.707073922881856
-3.1084216330497463,-0.9228174959738763
-2.5058094035308365,-3.0677784510916704
-2.816643626567787,0.8030917320990595
-1.3250683523481013,-0.6423214882336792
-2.3964336760609464,-2.3767731553380678
3.1470525414352726,-1.5099592313206558
-0.8356981481619862,-1.6005966250269446
-2.957120722679823,2.42335457274931
2.793567309431962,2.3864456596780355
0.366453136322825,1.0279877419012005
2.8202873739206766,-1.1667701378063002
0.760127485451741,-0.4895182577792232
-2.629677155816586,-0.9121942618562875
-3.5451864005566605,2.4986060390985023
-1.0255638634239463,-0.3695950098449447
-0.9652023007202717,2.6456631383483162
-2.938878707266755,1.2461947228867114
-1.5547074339899276,-3.1268511580936127
-3.022734587832289,2.7887312061322436
1.1599917680826928,3.1557966698459663
0.8762698975697064,1.9850090803687352
1.1605976792239798,-1.0352653436128452
0.6787315304485013,-2.943304713678368
1.454689855571899,1.2535794442344232
0.8490483469847424,0.595822295316876
0.8366563487252461,2.2334381785385355
0.824963380238954,0.6550874493251079
-2.840908286591723,-3.211109001703313
3.2861331735862196,-0.8216178321777475
2.713513138515349,2.413235052651817
-3.092306511981727,-0.13556318905493223
-2.298810102789478,0.533776784632221
2.499184827714155,1.112525183433769
-0.6913072770332463,-2.844556144893443
-2.622238281134115,2.8822366109972397
2.8631029790114617,-0.764895793023674
3.060474530327593,-3.572200378913385
3.0971336079308593,-2.7019342172493537
-1.1056376183796381,0.6547707291074693
3.0619233794777574,-2.3763279931452606
2.609404086504066,2.054683455429349
2.838279197927675,-2.458742992659518
-1.0668539664030738,-3.6120633987747865
-2.9046322623734286,-0.8845699007726066
-1.2773236032232205,0.93659011195582
-2.581060897964413,-0.3081510613782779
-2.2036373230476305,-2.524980783420807
-2.704646243156589,-2.5533640339084758
3.297965245243463,-3.1522154111380294
2.6611273715160015,-3.00004053185024
0.6615088658252244,-3.094449194924371
-1.045719728657815,0.38591736511436925
0.7773748767640601,-1.1032877256176823
-3.347289721992128,2.554664655350478
-1.3961091172533122,3.1693899586083654
-2.4167255001731993,-2.7196480586660967
2.428420747359751,-1.0755001418413326
1.3130120550473703,-3.806945388943841
2.6707713706126803,0.6174556564088711
-0.6568433109672228,-0.8248561755320207
-0.7881899375367953,-1.424906262130984
-0.5470578688224922,0.9452130891918393
0.6199068097634233,1.3211353801864598
-2.8518220300868395,-0.28442465035480036
-1.296845537672286,3.0926782014496044
2.7837899763850094,-3.443298832728391
0.7258201679348932,-0.8074152548736594
-2.6185088946236315,1.0720271600839524
3.196736146340018,0.8397266669518599
-1.227436241463764,1.2069360242313545
-2.810196671641443,2.9119605026161834
-2.836848143088532,1.1966666092501057
-3.2243652447552287,1.787125381975078
0.8978644480224679,-2.881205851588
-1.4660509594037319,-1.4464593777110293
-1.1196703713660061,-0.5748060128159971
-1.0900322966900382,3.183238519137843
-3.2322431059360626,2.935482489161406
3.1419605873237817,0.6181499247950131
-1.352975309751006,2.1406969563712055
2.528350180492231,2.6508907425539188
-0.42655603255019436,-2.3029109793118585
0.8232047788232919,-0.9727720241022242
2.6055649715693763,0.9498357068970085
1.582729604617813,-0.7031773521426843
3.165177548415181,-0.6669032409287313
2.224520735087292,2.846920220001394
-1.3709994849624485,-3.069993695772198
0.2851999260310496,2.1386210386156783
0.6588760243457508,1.0702068013016701
-3.0163183677893435,-3.165965216014621
-0.6635134002021459,-2.838090123917924
-1.526325078982907,1.2076567095244644
-2.512607536034999,3.512083133040637
-1.5564116437469535,-0.8726921857590354
-2.567006740689054,2.9566761845624048
2.7900053030351875,-2.9160585706649957
-2.8392816715903555,3.036885573881452
0.5107637913876697,-0.7583081716153096
3.751182793307007,-3.1641823378246174
-2.6534503113761843,1.2509988818513953
-3.93125714890145,0.867860572433567
0.2611845643881436,2.5008556085323206
-1.6165750614457801,3.1848568407144313
-3.229099664691506,-0.8800014344496212
3.0400312605844992,2.834518830785426
0.29998209471033127,-2.43741920637434
3.0166939266916604,0.5047875685018324
-2.171204734195013,3.2034966894771064
-0.7338163904589708,0.8224872163044262
-2.883706592344677,-2.6327989661205056
-3.05653532806824,2.9537756274992373
-1.5934660924686745,-1.7287000698415416
-0.33892632397641637,-3.3936821424643115
3.0655841588230532,-2.8250661803559534
1.7057614232061662,-0.844080253885087
-3.31489416751509,2.391870946279922
-1.0209742228644518,-0.43688335452584787
-0.8365603190470874,-1.2670105197727082
-3.875037455461033,2.9607151003460856
-3.438527313067479,-0.14793231472340926
-0.8944290636229609,-0.38339163600274656
2.6889709155212307,1.167815461703835
-3.3090155194198374,1.049136618230967
1.7369886170822253,2.642061849435488
-1.209871223993283,-0.8891294149179115
-2.5916884854239166,0.9003137034529054
0.5929347929605737,1.0966280339460606
-3.142253336291686,3.0797205211298313
-1.4693812867220724,-0.7322394718611753
-2.8702694930015418,-0.662724363179171
-3.1221461228498217,-0.6122895041510988
-1.5194209574774278,2.4547420107724025
0.6176476773789391,0.5571520432013215
-0.8674109124203054,2.759554337745761
2.959517208452929,-1.0296884995560354
2.7921922526991128,-1.2873290299568705
2.780135751147286,-1.8899182399784507
1.2543789767729923,-2.9887231456771
-1.5455718473725275,0.7890118277672217
-0.5551179461467876,2.7329120257450894
2.772350723138169,3.06277078000922
-1.2292864848388816,1.6967164803366128
3.574900193412076,0.5439405926710437
-2.494477377617588,-0.843878003764305
-1.2857924123137134,-0.9569728526852024
-3.237240686687328,3.2048667644204514
-2.5612478248292345,-0.7111284064076105
-1.4106389278033524,-3.0603575864894412
-1.3429752971448228,1.66693364330801
0.9623845298020185,-0.4506062705743487
3.0322490599514302,2.425973222175732
0.624058578525244,-0.706374002869722
1.2098943113531309,-0.8184920828350014
2.700243267476667,3.0159297289042706
2.9322917618516913,0.07108276312671014
1.3055402812524743,-1.0316377532719583
1.291113216837673,0.5073613625983151
-3.270802152419049,3.364578471683903
3.204417279015051,-0.5464699701274935
-2.724557821956528,-2.7131836386788715
-2.407433784691104,1.6311155776857778
2.5776553148520898,-2.729912564529717
-0.8828426001816851,2.5631127281014314
-2.8370292419076786,2.173660574586299
3.4631587181518193,-2.28465788619969
-2.663676625762149,-1.4860863479762516
2.379887076633421,2.8668484591189203
0.6645238106672857,1.2791196316700104
-2.541449504787664,1.4302901853517755
-2.7679649576106122,-3.3138127231631738
2.718450668074893,-0.09357933938442448
0.9921231898791067,-3.0568459180640115
-2.992834991275034,-0.8475905110583261
-0.17026120434062095,-2.714100242507773
2.0181494513790548,2.658990002562303
2.06458367759651,1.2505894294599087
-0.3312910858813081,0.9904515154552135
-3.1239061734408606,-0.47865332114901665
0.8673481059128243,-1.179034100749594
-2.706616259355884,-1.5807685983894872
-1.2557638722482527,2.294643751700596
-0.9309876106603335,2.8012906297830003
-2.2736674272228012,-1.434610926349791
-1.5110457590491553,-0.4224845316479103
-2.561118608900656,3.062953352421191
1.0421369507982885,-0.7232052581895327
1.2422320374929134,-1.0352473689895556
1.3894980366635294,-0.7851791471638295
-0.8000426163794934,2.277603540495602
2.8305030080280975,-1.5107170873578386
1.2603823023954523,1.1875814838346328
0.5515461502591622,-2.723231914302178
2.703834206116628,-3.21392286129634
-1.1259654355670934,-1.2762928167497296
-0.5960293924939317,-0.6058441905086666
-0.9019013344445025,0.7759938761876412
-0.666356170984798,-1.0558443944357896
0.6657626415405603,-1.4544780498073113
-2.724545550278498,-2.811669477861145
0.6814756092591893,2.5842861073959096
-0.9976441324263795,-3.278080013554634
0.4914577341810006,2.3014651805051622
-2.916172100938489,-0.29600249966652464
0.7092861808593852,-3.2536079236481763
-2.7080774110675954,-0.3405752469099009
0.7616885382748888,0.23210531527233644
-1.1209555566752993,-2.144279707463989
1.2448158310618624,-1.6927059680701437
-2.6398150535547797,-2.6667831873987105
-2.5533480667873287,3.2243710886295007
-1.0822080866905852,-0.7347299301521072
-1.1240697879196442,2.5366385048323528
-1.0452669464483495,3.0024551857744872
-1.6351876706019728,2.6959766515692567
-1.3036622545223866,-1.5472978908489277
3.284963602433402,-1.6162172272453759
-0.9364573404994663,0.9251852242341237
-3.124051806357329,-0.9010678452352583
-3.0113422952349596,2.872436648554668
0.2617249432738515,0.7556618277289406
-2.597997167816045,2.8805048537131617
-2.9609097528928645,-0.27696409751811035
-2.5118751923544687,-2.160335704535464
-1.0832174863896227,-2.8715691645897885
-2.04850778274823,-2.6831711219512266
2.4014800870465947,0.7650201437363185
-0.8322061514647549,-0.6190849593516793
-3.284409791819575,1.3861938760993366
-3.193180658211129,-0.4867953608420078
0.6726307894602473,-1.1164118200497213
2.6960566410312063,0.5434331524204423
3.069432788443033,-3.0364641432621444
3.3085266224008274,-2.25112940558764
1.3646912797011146,-2.733988552848937
1.4046801264778204,-1.092771258280582
-1.643863703701975,2.4720101284950644
-2.1177398500732805,-1.3373518244970106
-3.2287725799672535,-2.6850655757487476
-0.7662781668478369,-1.2067852010522013
1.4185749719246772,-1.3659360957743512
-3.275567437504195,0.748794372314789
-1.6015814991078114,2.913712401653039
-1.0468657326702189,2.402857403564747
-2.345564303677075,0.882115641944613
0.43139549416825057,2.596025021756952
2.339716187343414,0.04614179547156378
-3.738575109172402,2.458279087921232
-1.2222610910269247,-2.1787975985233023
-1.326272567469707,-1.1701895078568303
-0.8601019342269999,-0.5525956577103768
-3.2979712901913896,1.380471700268141
-3.0461343214398884,0.7838337644642457
-1.1357657898195248,-0.9647004136749581
-2.736359145357525,2.7904641412773965
2.2958189662934143,-1.728154358878707
0.9154489185303039,1.0602634196970429
2.521572654044539,0.8008800077141915
-3.1672859147499834,-2.3652093398187497
3.2119806962000297,-2.961436618673552
2.7546217090616434,1.2122588403693468
3.002279245310951,2.3519145718018155
3.2729766344816915,-1.3282725801165178
2.968274022835327,-2.631334099922358
-1.2682318542962243,2.383825087369899
2.93001949204428,-2.8999723554249
-1.030412558250522,2.289846755633912
-1.205026618684482,-2.8379946020542257
1.4355604485354696,-1.2012744281562477
-2.783723535936161,2.6006338290266
-1.245575438989368,0.9362167051875463
-1.2007037742313436,-2.7379044005108395
1.1629767710889964,0.9851101239043167
0.9002958934439848,-0.6842574038651584
1.189180408706477,0.37100324776176413
-0.9811836792342626,3.055866935817064
-0.6394635088004643,1.0100666194470802
0.816387947219421,0.9453436282433664
-1.265269080082187,2.744897319367195
-1.2649682572768102,2.5355801961189415
-3.023992762262982,1.4660616070374655
2.939019111316979,-0.837152965234336
-1.1026426511294503,-2.7440035561368035
-0.6955834150977378,0.9524010552425218
2.4790742602393347,-0.6429355707480167
1.3282128750661233,2.676082076624325
-1.1065036285299943,-2.169864306299432
1.1140327537993597,-3.0115777760770257
-2.907149715026957,2.729785845308669
1.3044652705018334,-0.8612804883087669
2.886735367766706,2.5563860378561136
1.103026391142547,-0.8970382860472996
-2.741275838870959,-3.152907619117754
3.291050721500519,-0.7344533997108612
0.38773251843332807,1.286938466242002
1.1681110551432314,-2.3079834262075236
0.5903292621839084,-2.7244434112488545
-1.1541555206829646,0.753694438653772
-3.1978331616363502,3.2925287105847465
-2.447404530183314,0.6350322921789053
1.2233583518225055,-2.925005482170284
-0.7219494060411521,0.6653792657390482
-0.992972091173652,-2.66072312576654
1.406605898786411,-2.889423953432831
3.21234703506031,-3.138613195482009
0.9407070630067532,2.515538740138717
1.3755647518958884,-2.371725449399177
-0.6517763690050313,-1.206674702177842
-2.8407082469696,3.1977092218106447
1.2424240980105155,0.5914756862758985
-2.5072108467166614,1.253426300198269
1.3567252754466352,3.2276380161686022
1.669307219753935,-2.4898355929214584
0.8287351625487634,-1.6953281239664342
2.5277228623592083,-2.6055692855468022
-0.7043736666163919,0.7311111309001439
3.1609543070804818,-2.7097028023039798
-1.2486616318014263,-3.505509180678548
-2.315900243562598,-2.773769851286971
-1.2228235066718212,0.7294990374911324
2.9361010105141307,1.2210421146394708
0.5914969846206661,0.6919709822530171
-2.9516911726676422,-0.5137909919264843
2.5419785362260456,-3.386370353364573
1.318745406589108,-0.9286671533610298
-2.689153160851926,0.7773909149740257
-2.8036106699234002,-1.2626780945965248
2.7633188014132273,-2.4932085485628277
2.3589134114202728,-2.3424996056275664
-0.46767291565436103,2.8491624701013434
0.5117884454524801,-0.8141759166062993
-2.508650690228257,3.0882049037267625
-2.897330554362463,3.058459727519803
-0.8740869838089412,-0.5589633714722022
2.5699696166555386,0.5255136004783497
-1.3555516565766907,0.7855117779162435
-2.5998065920354607,-2.9526184499822126
0.5937443683045576,0.9446606265908043
-1.181667474290091,0.9584363973713211
-0.7256861505192396,0.9323821029652776
-0.9836493810910808,0.6825267178177653
0.7117773646644159,-1.0165409580066775
1.000389284868022,-2.860794025389135
2.7294131087456788,-2.206922290440359
-2.7615574903693894,0.935996649633979
2.667157928477334,0.18817295934044626
2.910514948660685,-3.122650903991558
1.2806406345251942,-1.3645662549247024
-1.425128994449558,-2.172122036228849
-0.5776358290236758,-1.0921837402093806
-3.2800706704471296,3.3328132622024342
3.188886927228503,-0.6523855507946829
2.5839890609075797,0.4348189274266399
-1.1037372267409788,1.2646688223844291
-0.9899746156454938,-1.2687038685480825
-0.3699245563163281,-2.904601154772465
3.0848544264062148,-1.2822915508552355
2.2192418645824357,2.749767709004823
1.1832588709529757,-0.8848856487328973
-0.9626353219360058,-0.8407779198182279
-1.3485299557207615,-0.9176072799561815
-2.055695518387118,0.4834735972346958
2.555681459268558,2.8407916595084304
-2.751813633494711,-0.9883966756196438
-3.3339743186195503,2.8525122763095503
2.503680190223571,0.7275902521276889
2.5196882037845603,-0.809670229952989
-0.5182741602405986,-2.9940925090897283
-2.5521345761167153,1.1925527083042844
3.1172301182495037,-3.087585193192138
-2.8805704632713764,1.0178393292690646
3.8290878109214157,-1.2233505330901677
2.27012666883394,2.6300353286709535
-1.3508318125357508,1.1845352149669062
-3.074782465238571,1.124559465284344
-3.150319664780108,1.3728446277589181
-1.226899761169412,2.8397459005426833
-1.1989934402281248,1.272264211813504
0.5064983810414836,0.6936849192573732
3.0889515755209302,-0.7525456358832363
-1.0665127305129976,0.7980258770321995
3.1718725615329433,-3.7083385061417258
-3.2531299027795613,0.9871331366290198
0.7927961288284597,2.1312934027089327
-1.2566401793608117,2.714490702823036
-3.1381699437603863,-0.21662929868409944
2.5238198567410586,-3.4885074316128457
-0.5025366947328617,1.6868267626577422
-2.5249884362966637,-2.686571485461346
-0.4103609844737491,-2.9008131397981654
3.0859206565685917,-3.3425789877090897
-0.931306683304533,2.715934280737646
0.8827426475738496,0.912496860182313
2.227013860898762,2.7842748130400072
1.3515256841875096,0.754558899920917
-1.0934019192772118,3.2629814712752108
-3.2254780526357942,-0.9399746010531705
-3.0451290666318145,-1.4502592457140606
0.4402151844524628,0.22792671630302327
-2.5750279692186444,-0.32958385103259397
3.0733717309276534,-3.7636535768634567
1.1374236729503213,0.874920911019433
-2.959054953419317,-0.9357233650215618
-2.852945013251273,-0.5076696725907875
-2.7518901572554753,2.8671663475112554
-2.533051230833909,1.2319694317791492
-1.340146645117908,-0.5922022334644063
-2.484914272111182,-2.523290617559033
-2.712972399846843,2.6473357782778466
2.7314817756607055,-2.4308328407907953
0.5705791007431711,2.462427286280442
1.383914265991454,-2.531967498435911
-1.2052774999227254,0.9118788649184209
-2.7171372975837476,-1.1550094412500618
0.6816097761040641,-3.012606786096578
1.1228432695652082,0.5439913824459661
-1.1526440542350902,-3.135833285594357
2.55273628986293,1.1275274466707808
-1.0553374654193652,1.4985244563949176
-1.1612835776738257,-1.161234452290496
-2.756220790888809,1.0084430433653455
-0.8591596554500402,1.0153835968838931
-2.8101786899209253,-3.223578603465517
0.30149312168525527,1.9970047998339469
-1.9899896237184418,1.1798106902682535
3.68377416163055,-2.5854849331235963
2.4555922303354834,2.522085557868578
1.033077933458919,2.6821750518317193
0.20517063307977004,-3.4392396145444897
-2.3057042752058083,2.67662784687024
0.3715442722862467,1.273561659319658
2.7982335215630205,0.9470888549776525
-1.168967219444572,0.9612737245359634
1.088518664565322,2.34263035946497
0.4798041929611607,1.2098403439055774
1.2835434080484063,-1.213291748971566
0.33317595360086055,2.2014175034160712
-3.11897014529191,2.41290944353176
2.9555380739031327,1.4492407606809738
1.3297416905665504,-2.5328786219535497
0.7303695389817196,2.7245301966869726
-0.9682508780679601,1.4431437925729875
2.7601800299909742,0.2968530982292978
-1.5664304067221906,-2.3124704973662236
0.9852651055840549,-0.9262222968744549
0.7945666072746083,-2.4068951542613366
0.7155551943794429,0.205905661072488
0.6541653733969414,3.210823050809311
-2.4328631456595358,-3.2106958335125966
-2.8488657283017926,3.337704928556195
-2.6225948475314347,-0.4254367559152822
-0.9827398209206017,2.9538243161660884
-2.4197485760535633,-0.38871807691799304
-1.2245297499890246,-1.569586995425668
-2.5046729126606038,3.2442986807997793
2.140474825392749,0.5464639180326031
-2.6240558081107355,1.4210824424972959
-0.9852917289045187,2.5304725935595784
0.8500035400915265,-2.3151093546035373
-0.9677445625912883,-0.8434801896024641
-2.369095776490426,-1.2602366535379692
2.444161261939469,2.7768208384210227
-2.8757472901337797,-0.3423494388379437
3.1235731162841844,0.951182217138082
-2.9742851270722936,-2.285298374001448
1.5346421424023144,0.9433307705995401
-0.7462943122997489,-1.1239763487883536
-3.0670925710938537,1.1622571655089098
0.6149090471330945,2.472015246697815
-1.5913061706282459,1.820501392590362
-2.5990848827705126,-2.6044995257961445
1.5924333582350545,-1.2369870672909469
1.100884259605853,-2.8560085556308774
2.2429892706796695,2.4420948137347933
-2.8666997167722883,0.9924880676008948
2.713958734578462,2.5173824936566755
0.7259685630980968,1.4738214593579602
2.8948516509311233,2.7297524738661387
0.7761406184964935,1.5342145489027657
0.5578233537098782,-2.749351336903782
-0.7479215897819312,1.0797415232862118
0.4233577496182774,2.5183880300351924
-0.5406666595678633,-2.651294746675961
1.1810432657568835,-0.796844413141903
-2.136817702982824,-2.616418444968397
-2.856322701151433,2.3452748493066644
-1.1320271001229312,-0.3923073040671918
-0.9261627025237633,0.8021512352763903
-2.7185998970680827,2.8016514091639775
2.6574263177106965,2.9000887562916544
2.9818817793812076,-2.7235675024961385
2.7411760132986958,0.9307572230554121
2.350801159490666,3.396846599292926
-0.7648985783767241,0.3006456505450133
0.4249787283552316,-0.8104011136723588
2.2863496997988766,3.0946984130486563
-3.0699179776927767,-1.1093405513190544
2.333501905673204,0.8627159247479317
2.7380982611164657,0.7704862244301341
3.131839265496637,-3.5008665414471403
-1.2915681204522695,3.273333944808321
-0.6933012553235374,-2.594164599587599
0.3157284008509575,3.1550122624103896
-1.2971704332829408,-0.7070783806491199
0.8812827224000507,-2.859876158785781
-1.419341178202346,2.295928892486168
0.6251650587832545,2.6943777089711247
1.3414448787250721,-2.656884998877104
-2.7765163405757796,1.4468328889330953
0.6770698659914584,3.001513357064707
-0.6404267156978051,2.7892864601530265
-1.01495399786541,0.9655965221643353
3.017401404924935,-0.40662924559704133
-1.1890634896244214,1.1347142405982729
-0.795813830947867,0.8840826260197838
1.0583415249020751,-0.7061805462067736
-2.9316616326309894,-0.44731172090397164
0.5125041500364736,0.7850629936996606
2.9920668507251276,2.233305844033485
-1.551203383174475,3.0287242092321836
-1.2348017588151838,-0.8196188453615274
0.49808431224126515,-2.96715129390945
-2.608037321601906,1.633554871183021
3.526929964276762,-2.886534980023325
-0.7939809492117545,-0.24589786907603114
2.7239014431022133,0.1879149221374954
1.0678901416459767,-2.470501401587434
-1.0549096053574465,-0.7703980237295933
-2.772870514526782,0.9159587012147995
1.062976983235435,-3.1007792866460804
-3.0787920698079616,2.7183849419091035
3.3645562927250743,2.689313617175674
-2.726361308141104,-2.6546929886274815
-0.7258703400842709,-2.848318411673895
3.3480281325712156,-0.4864665316520517
0.02439592470757545,2.0047109986440343
1.4423426787127944,2.644685796949312
2.2534936083377124,0.3535465258735803
-1.7243816048563034,1.0511411716137327
-3.138473622797895,-0.4442050451656919
-2.413704358803278,-2.4274092699665117
0.4486726666637937,-2.3540075585199887
-2.9976365573375925,2.3842553056951585
1.127847063656564,-1.288395387001471
3.1112295915541215,2.770748762596711
-0.8243535985904112,0.8944301879319893
-0.40828657626992143,-2.5499412388130756
0.8013257474330154,-2.8923290494579605
-2.6074723773224284,2.9113886433680376
0.9052733037470779,1.3817104820307369
-3.0870386812762844,-2.4126436343341173
-2.5471699889231725,-1.1073841445581174
-3.065694569067085,2.8185361024044684
-2.902021458192811,1.265275820463675
-0.8495693040827712,2.4001780474110825
-2.5703572198948987,-0.6580475472265879
-3.3645734314994953,-1.6113431908281146
0.9467150314367592,2.646211207200523
1.6228705202528986,1.5055798095784116
0.7931509755372051,3.240545134094204
2.271291902163735,2.7218027680975365
0.48948945302893765,-2.2339284647848063
1.1794503814385342,-0.9861428714085471
-2.9800548528573416,2.5881143472556416
0.6440407940357018,2.6648448658677895
-2.853750784660628,-1.0930208664233718
0.38795163726707177,-3.047050986640568
-3.675488123257322,0.8512073789447927
2.239891772874229,-2.8046213499833086
2.10403568946921,2.1183346848137408
-1.3901785298201579,3.043317392109801
2.7555275587189603,-1.2482794062293472
-1.1735597805076214,-0.7309630387278333
-0.2881738713683589,-2.555903403925815
2.5504597043405353,-0.8627113690692718
1.5501764639400932,0.7364564973468845
2.6943680839916566,-0.7689246784774098
2.0887767479619987,-1.3198948575236897
2.1546347313571688,2.8306727688176925
-3.0719625150213066,1.0584895143165363
-2.7970348516880006,-0.5882454515692639
-2.6687637792937466,0.7654964738243103
1.0834115498007322,-2.894111432171027
1.2279615259796954,1.1235649656644948
-2.633673487622545,-2.04036798580971
-0.8561675949978578,-3.4144077925475766
0.851208278338113,-3.1868317247702844
3.451592752472835,-1.0303668190101645
-1.1501800608545754,-2.960381936661178
-2.1677155642945016,2.907827857858638
2.876484676632825,-2.575464576257277
-2.787525201747471,3.3627607673643616
-1.6259944236983812,-2.390937035812627
-1.387328018504158,-3.367263776625453
-1.1801055722735476,-1.0452038818982732
0.8755691833216297,-3.4216245067700375
-2.5650336639528724,2.9365214994149755
2.8215359227438666,0.5881208958017756
0.7729647809039888,-0.8595135999858986
2.5703673403836564,2.5004612068080063
2.7482750923140475,-3.155576223450133
1.3733418941119129,0.5033312234229943
0.9882806329267018,-3.0712821299955007
-0.8085405736587716,1.2395917537088867
-0.6708523264594698,-0.7652339666184632
1.253182505129664,-3.3342499240184122
-2.9654682901086753,1.279940247967789
-2.2085989638673604,-0.9536439879513974
-1.22694921136332,2.6165937437812863
0.27950611491227073,2.3721255674762576
2.6253149529595854,2.7416297544414983
-1.667007059364885,2.7702796238592597
-2.7876854963488493,-3.093872036957293
-1.8693917726036018,-2.7238807996889967
2.609409674926203,-1.2209052868410177
-1.2595188004893056,2.7547879658306957
-0.8453934648280766,-1.837637304352276
3.588231264076288,-3.3634315788871567
2.177236796748186,2.566238368354647
3.748686341432361,-3.2383693244005634
2.6895729274990123,1.3986974264236425
1.723179128707028,0.9310396063764992
-0.34181757204776225,-3.1890721990509086
-0.8537245921089567,-1.014755438134791
-1.1204559295151577,-1.0580403649231183
-0.6123927956093148,-3.1657996651304217
2.179748840858127,1.2849169051730913
-2.720404212311676,1.1912452748693885
0.5732167288181438,2.762819677381682
-0.7267016503048627,-2.6619550796813525
-0.8938433653275352,-3.124947971887215
-0.630839412533631,-1.0976875087210793
1.233002052254353,0.47443480213117956
-2.648325937217938,1.715095496997374
-3.1501935532399012,-1.7409858712049542
2.364010078931056,-0.8458292343236754
3.342822488034113,-1.6101302515011449
3.3342900385459413,2.17895595626709
3.1963334615559713,-2.851787288465117
-0.6223472151702727,-1.1082783424174782
-1.2355475722217184,-0.923492707258864
3.079310759135883,-3.3432264949256614
-1.2088823213166031,-0.38806902257320247
2.836842589618139,-3.6122652060775295
0.5341074161596553,-3.604155163941572
3.2676614089280442,-3.280436253737736
-1.7981333517206435,1.5534560200729008
3.3726370144849303,-3.568951522996412
2.551374994203966,2.4211667438776128
1.5564145198696058,-3.3437214268774
2.338153136483537,2.2804301039955237
-3.4817530673525385,-2.7979066156151666
0.589147361518988,3.01766568520884
-0.6135235982811745,0.6412607133434923
3.4560284940484083,0.42514246801116456
-3.2792884006861107,2.3727396484520256
-2.626790953339882,2.1292070618071026
-0.49122300826737847,-2.1554724750569667
-2.1014791785408566,0.5510346193329546
-0.693380661318598,-1.002814078542705
-2.800797523493155,-2.6430379290389134
-2.969214116879844,-2.4680518327819057
1.1324344086097566,0.7833946557302924
-0.45344794863088633,-3.035138974522121
2.8701968635858943,0.6528150601705642
-2.6322986393168137,3.187650129791552
-1.365791194156915,1.0666320767444954
2.868772089759343,2.1270921860329666
-0.7765411461986489,0.6356138862249275
2.4607077077565878,0.7910029220207475
-1.682303423614269,2.851336525930369
2.6534709221353743,2.5736631146844715
1.3323170854253539,1.1982134009381065
3.0835443671203997,-1.0177722801326032
-1.495181552518894,-0.9870394454834643
-2.8642823709396805,0.2950140941432818
0.9783206931988828,2.7677715552299476
1.9361283905805078,0.8094581849982255
-2.0908723673001925,-3.3366425253359964
1.112012193282326,-1.1833560108461056
-1.5840711807453403,2.4705845345841393
-2.697921711737687,1.1303805643212184
-2.8038345354990586,1.121665342977738
-0.4166000099810825,-3.0224927350817703
3.278723009865695,-0.5584191023840606
0.898498904088732,-2.9187953394912194
3.4259070168769035,-2.4038328248484793
2.5832071912754646,-0.5367252319075685
1.3894785745985694,2.672301448700541
0.555750876149237,1.2865247300797746
-2.63823914837612,1.294294711258832
2.542169152370997,-2.842724437037841
0.6432183326130737,-0.6267883129213114
1.2237344209371026,-0.2422345473353947
-1.1063009174514793,-1.1555742402930482
-0.8238011694025691,1.0153136398394647
1.3053485045614701,-0.841368923274153
3.153897823697435,1.446610466756116
-2.737130507931229,-2.459249003251403
-0.8012305776977492,-0.798275015690349
2.317089739836632,-2.7423644078231706
-0.8820713226011327,2.340643167718733
-3.0789933669019005,0.882769760271535
2.983650836038815,0.8923400874530766
-2.189102025728728,1.9513302079291708
2.9402398023686023,2.6171321918281722
-0.9719418548358925,-0.2848185234180372
1.0249003201045888,-1.2249318910210596
-1.2480004569526382,-2.103217527375355
0.7130267908105234,0.9199314451265156
-2.2605981234664747,3.09838568918796
0.8820378104962466,-2.6832316933399536
2.598382518786113,2.812373251713246
2.7061058368783795,-1.975020982190759
-1.3790922353562691,-3.0059761604507513
0.8192114982910108,1.2473943408762536
0.8711549702942007,-0.5456107649886442
3.0168157992467317,1.3318510210243546
2.7427401246298797,-2.181597997977792
2.863008227260187,-3.2807048668773517
-0.5210684816746414,-1.4294517236864164
2.842621777624316,1.0206065354494624
-2.8013722342619265,0.876496441674003
-0.9361946327088,-2.0810012637840334
-3.04606832767428,-3.5274810775696928
-0.6336921624926284,0.9255058076332167
-0.9737262230854083,-2.75154533481874
-2.519046103775261,1.2842056622291842
1.183101566587643,-2.864374712442818
3.378572949989751,-0.9601254506228564
0.7999561022057822,-1.1153808282353916
-1.0352885027958174,1.4331292469307098
-1.8992909526305533,-1.13641804028301
2.5670129710002962,0.8056845908115771
-0.43027591182278707,0.7858650605330361
-2.797248032000695,0.5858216497597221
-2.762029859766184,-2.742937758181657
2.9662502057624027,-0.7904077112821849
2.432077704443786,-2.6673245776995484
0.3120869634212613,-3.0263338882414885
0.19101133971569306,3.014633252491751
1.3664744978733934,-3.042153697904545
-1.1911002259903352,2.1774638660070327
-1.2964474128314343,1.5490015752384765
-0.6052425068300331,1.2003998628853876
2.547755986303299,-1.0240585626705745
2.1564587491510885,2.041148719027383
2.902462832539571,1.923982189623235
2.4342996663875436,-1.0604108785619126
3.691382276094628,-2.5052380687214244
2.8503221707523942,-1.229603677720021
-1.923328254887865,-0.7132192409405034
1.923489481747294,1.0624093108860384
-2.3126548185472227,1.2465437533330157
2.5448171418143244,2.793296357934601
-1.3436443988283897,1.2550943429264152
1.468568531309967,-0.7851096545589298
-3.2979747683030785,2.8996073711042656
-0.8349583197548003,-3.449736497408707
2.9015062102147273,1.2793563318928955
-2.7832824111864607,-2.4604499485929803
-1.9162393892269778,-2.0973485233275477
2.823790970244875,-1.6176693862601976
-2.0833607637501212,-2.81453237689565
-1.340162639472906,-0.5479952806240344
0.8338071127116445,2.6101053518874764
-1.2587099113161306,2.8114219834968117
-1.078217157248994,-0.6449574543034681
-1.004719735088529,2.724153268214983
-2.9590194010951065,-0.7471677352014164
1.0646485170741529,-3.361945676321259
-0.8456333197102777,-1.8272601385609255
3.073490390438694,2.4112083868466185
-3.0425921001031426,-0.5607625980000385
-2.721554902048531,2.7587550614201284
0.8320128166176883,-1.0607850937485876
2.941328515775767,-3.4923885703710296
-1.295960193931185,2.2885031140387824
1.1813398815819376,-1.1509412677968505
-2.8009271309708446,-2.7792413982868314
-2.2622878986177084,1.0108262051044055
0.5057695084220774,2.6755359379555683
-2.997012787681337,-0.3362659757749088
-2.778441697804671,3.4212351477215726
-3.402943341947718,2.614994504663139
-2.621164266444658,2.68179015296033
2.7264636105348146,-2.417240294284082
-0.7449520632097694,-3.073771212669741
1.2189151720758777,-1.4577176528518612
3.128550225266258,0.809857633412186
-1.0787102587723405,-2.4418656401768786
1.0975146504646862,0.6216477529883407
2.7100174809702327,-2.3897708087830676
-3.047934363677198,-2.6054700006109885
2.8120484313635,0.8240587297109637
-2.7852791958320897,-2.934681976295432
0.06058267522543162,0.9153878970830689
-2.598335152131909,-2.5982214900972367
-3.078071674777035,2.6843419428404203
-1.0928272984388978,-2.7802707652177676
3.3852671160937433,1.0978488153152126
-3.6007077409620885,0.7878261425464579
3.4596865049250645,-1.3787671957384777
1.6574418726029607,2.889948305995851
-0.764194146522655,0.6836015893339615
-1.8895382616967795,3.0424231581075536
2.832333077038103,0.609526718288353
2.726680218146709,-0.418114764180799
1.5638921440679943,-1.3774281617097635
-0.002159545128513592,-2.8282848865878973
-2.5285949570453337,-1.0445971648926884
0.7075781583611909,1.4892080828603522
1.2781764774819295,-1.0723614041249199
0.11016702266455074,2.6367699486978045
-0.39332660535976516,-3.0862866481591507
0.891605307440389,-0.5067263652286614
2.719529499020825,2.974491692833529
1.6138714467803588,1.2115064767238604
2.91383944480189,-0.9911485865275488
0.8942850496521859,2.551300961173437
1.4436688237846822,-0.6650472623469694
0.8407762502205391,-0.7136348975489029
-2.740882679065294,-0.3941333478652065
0.7898650910502187,1.1641083164587076
3.0089790822369498,0.9635374425678871
1.1375654188968864,2.420441028405969
-2.4938016764132938,-2.0979285990680636
-2.7813238942180676,-2.858654579797381
-0.530144137810038,2.638646553865912
3.6417619810972632,-2.5644363040003
-3.1839467626112548,-2.5161317739051188
2.6448335245413452,2.0964445015288056
3.127886324896047,2.7896550517086403
1.0410135847672426,1.183179416239055
2.7654552637284127,0.7399664366896261
-2.7100518358454937,0.9789389725989812
1.277504631020004,1.2286237535016025
2.9166004519676996,-2.4576280573628426
0.5156516448373373,2.6668183841584034
-2.308617127845725,0.7827723866653723
2.722486202926864,-3.4023814384598468
3.04929727303438,-3.385586779604099
1.1457105408050987,2.962993432845506
-3.0506097351584627,-0.621306247207017
-1.0738454986005588,-1.142562304040909
-2.919003582357896,3.0127855827368077
1.2690071645267638,1.046490142921869
2.304833872400482,-0.9417551960846886
1.2153425136518285,1.5319006416777838
-0.7060480863730646,-0.831234680551741
-0.46687120837231255,2.5752850906947633
0.617403622322386,-0.830062828074383
-2.333342340499866,-1.0420857129261982
1.2395946980324146,1.5954011144329494
0.6606898364939561,-1.0759676906391977
1.0541974255504136,-0.9899631468687528
-2.953839970969369,1.4007361452975315
1.0430246114123964,-2.7032360169270016
-2.425959508401752,3.029499533728314
3.2586813845174194,-0.45331174623035586
0.8032518852504785,0.6776220719358451
-1.339532043932094,3.3630797957936
-1.0436672115893297,-1.0059048927213312
-2.6104140805587064,3.0934395371327787
-3.255606710357517,0.8622922827653466
-0.7077027093652432,-0.8365267651027252
3.417436184330536,-3.384294375847596
1.1703867258644396,2.6651159126436648
1.2280948035257262,-2.8669542441555955
-0.8519222630295191,-0.8616340159791295
1.0259051139738788,-2.665976612610421
3.142494498294981,-2.013775738814319
2.8261451531492954,-2.9008799749323897
-1.2791448427180616,2.9775333105992305
0.6463889791985609,2.3530918981233473
1.7287487893779905,2.87870352668287
-2.284106069937258,-2.754946476201362
-2.497159791699922,1.04998354860662
0.46963009783958765,1.293423480906503
-2.535539450418862,-3.085643099867887
-2.5944563207098104,-2.6298172222354035
3.581624419608378,-3.68443771086378
2.04932783651885,3.4526934914406735
-2.50575775366942,-1.195973628781083
2.807041442121346,1.1668208126650677
3.2927190951079033,-3.3953185515050923
2.347299928884747,2.8049344417912208
-1.2963478155095127,1.1734755301911453
0.6129080394338184,-1.5679771554547173
-1.8250834350203031,-2.298934034035238
-2.4825915282972377,3.205463321409787
-0.7814497238017616,-0.8320992188662398
-3.1092219445175733,-0.9608595251621742
-0.894087618081114,-3.09194836784703
2.578790814971885,-1.4456589699421056
-0.5245346797354925,0.786495591684521
2.6231965285299617,-2.788060601848842
-3.0838437069860465,-1.013229733446141
3.1231520085500386,-3.063420506264705
-2.7754111267650137,-0.847358054587891
0.8548074651112884,0.6904324028844978
-1.3503818425118512,1.3790181820977085
-2.631743968075292,-0.8047288609583391
-2.6446022064943726,0.6347280091291091
2.724033543477039,3.281925014530706
-1.321904748725007,-2.8321219160230346
-0.9346304394122146,-2.70847710858356
1.5551730986264423,-3.3683425911931253
-0.7338743955068129,-0.9269871494873354
-0.414171180784156,-2.856875580478656
1.0790343622886251,2.8729236543725203
-1.643057623377673,1.0646558821982204
3.112421457491159,-3.5813641968331713
0.6196721428519102,1.1495100524956565
0.743920304476105,2.210808523007093
0.3919951713029289,2.772854816658146
-1.2805074347772585,-0.5352537945551937
-1.476767793955788,2.6365479450389833
-0.8148514432454109,-0.9900136602132726
3.645370448920319,0.32700529763499275
3.008729641047971,0.964422294099412
-2.767773723762085,-1.1920456461993647
-1.1844981401077939,1.1440342860738506
1.1612843803933448,2.634130277037219
2.5585097950123012,1.5320112956100935
0.9059419691465307,0.7049894292581008
2.720850024246665,0.5465512492768428
-2.446839206473095,-2.793755595546753
0.5779989283180091,-0.8073626340479959
3.20935323461042,-1.1479465419640285
1.0117518043931406,1.54056189824523
-0.4967506578385399,-1.72985189099998
1.359048184241018,2.513997656499019
0.7148391268512821,1.172248495017412
-2.986134551328556,0.3398061008607815
1.12717438893647,0.9053277413114127
-2.8149889383026907,-2.610629627813892
-3.056813402024171,-2.213097222156725
1.8010923648339139,2.3443056292616706
-0.7214054231291425,-0.22463753360975688
1.0919621926354046,2.7382879524991717
-0.9838721093258431,2.38604564555082
-2.229126558020505,-3.032152644795705
0.45557341857387446,0.5750786045737033
-1.2577448453745024,0.8826396656909268
-3.162803623072365,2.506829201543996
-1.4245320377987563,2.8630701166581773
-0.6720214897313153,-2.7107042624152973
0.4328281277261068,2.981304983406636
2.8400036079921307,-2.943872742029623
-2.735920912101123,-0.9038912711725786
1.2801981076458961,1.088210683392836
3.4423795173973093,-1.7219383126834007
0.9139142061485007,-2.757571619324451
-3.2634493577745904,-0.8636761082503045
-1.5836896777263934,1.4029092877117493
-2.0440311896434236,3.1864646215648347
2.9664388842770073,-0.9032406134196235
-1.1584028371243493,1.044373139800381
0.6095266398816112,0.5223365557310989
2.9849341534265093,-0.11123673957397617
0.2794037402986704,2.8029020389371206
-0.9595795253457714,0.7244664351916628
2.870495676345912,2.543546848677903
-3.002306827550445,2.5067102773830294
-0.5280256368782548,1.1234098476999446
1.041842531966532,2.244934105378459
-0.7258891134070781,2.7738376273787084
0.5847803662027636,1.2610871885311892
1.4599610690193374,-1.0625376540958387
0.678874730246718,0.5071927274173772
-2.879920525101261,-3.4166219526566386
-3.0550409985781553,2.608517872989444
-0.9768845719938509,-0.39936282250695554
1.6052941194213637,2.93080646807594
-2.5073631849643427,1.096020715701981
0.4383006253365146,-2.681635809226933
-1.0985572642490322,-2.829407691712445
1.0653152010806073,-2.8718611759350043
-1.1541708663763828,-0.9556572244743258
-0.9822064652650171,-1.172511821292358
2.229280939767323,-3.4439462100246763
1.0408994195688008,0.8658086036883328
2.488303551040437,-2.64987272585304
2.715318752258323,-1.4569500529494528
2.6404435103352752,3.661507478149383
-3.237509509515025,0.2915811464222989
0.8231182245713315,2.702086225976778
-0.5863885113382995,-1.149145720249135
-2.4724678475152544,0.8308339428218627
-1.257333624381197,-0.4570719052510549
-3.271905780285229,2.9905680099901053
-0.4724406982661138,-2.8292458930934576
0.5193122334671472,-3.4281983304897987
-2.258538933999656,3.6685931704176804
3.1475905200489187,-0.9856771606833238
2.7862062224246578,1.5230671903791473
2.539395342811025,0.5812529169758939
0.9570704274559247,0.9176324812385745
-0.7709689550503129,1.4558528210844603
-1.1987183756043602,0.9041355679625531
-2.400777219303293,-3.1396084812520644
-2.92133817741786,-2.5681259325450583
-1.834644432833489,-2.5959021420559742
2.441674312217994,2.0348282367035617
0.16578979407820793,3.2797891937963786
-2.8139599788148,-3.364714096340157
-2.585738093473132,-2.91159645352724
-2.2096309698362897,2.8942410532328036
2.556071143782906,0.8278245003736452
-2.4852810517089674,-0.8646706318382242
2.870205206471052,-0.7124904467439407
-0.554568367543408,-1.1031226213792618
-0.7639889957588509,1.32354253060651
-0.6706532200231815,-2.8628232954223103
-0.49200902491085435,-1.495267447394537
-0.6167248592229276,2.4846745857923436
2.0240009718569523,0.6694769281913561
-0.4438457686172944,3.2798971285512883
2.0270480861543683,-2.491817926820063
-2.619455436359042,-0.9070453113245232
-1.020396735106149,1.1590300019555133
-2.48834964676145,2.522023885322692
-2.1544886653189623,2.747617382581793
0.686772224501037,0.7493919819458479
2.824894341371573,-3.6742811440350294
0.9716598479452802,2.808227339620973
-0.876907040633344,-0.02602323729352114
-1.0538189476017146,2.8840148028322874
-2.7732585475979916,-2.6090165484553602
0.862429831971659,-0.13188134484774525
3.013905981420802,1.2021188152962794
-2.976361618852048,-2.3492628059476828
1.1950013330660576,-2.5886695160340074
0.21820902723093782,1.9489103322465242
-2.2419146468955855,-2.7402713530910403
-0.7540424956029227,-3.053285898605216
0.7177304846695169,1.2338992821671768
-2.6345384481447924,1.066908851550561
-2.677443110623666,-0.2755173254609438
0.9228252076078799,-2.895873948704793
-1.3352361578445417,-2.8211116751177228
1.7607447164224543,-3.1453011479411983
0.8597451793665493,-3.1744392091415747
-3.5811899771766105,1.2584689336056096
-0.7165740291961558,-0.910726207381708
0.8447766547303862,-0.5700461313573646
3.012876358069017,-3.3125597008312284
-3.44909570101133,1.2391184639771942
1.1394659419373045,-2.6854698154126297
0.6363942128086357,2.5508381622036493
-2.804837682488103,-1.052250178946767
2.9387464485891663,-3.5407558791586284
-0.750539827260671,0.8320292054579638
2.3214572586711713,0.8613363104784746
2.6944692898207157,-0.9856866421378443
-2.6282364873390893,0.4699498669920409
0.9406252257842935,1.3793668970964634
-1.3988455579967405,0.5152520080329088
1.2318853050686218,-2.322578844963875
-1.568602497870492,0.8903418902807837
-1.2528079685996905,-0.3430215375623368
3.0606811050937113,0.5426641247027719
-0.21207510211679517,-0.7312659251260758
1.5922765937396193,-2.884469693538734
0.05476201342461478,1.523902174377337
3.0227759659044198,-0.9042808700730945
3.298819753150602,-2.749686857442363
-3.0406337477527368,2.651197485019474
-3.368205079087613,2.7737039732065822
3.4063825586465972,0.5476567125170054
-1.2073315250848533,-2.994382214396782
-1.4467463999320977,2.6529527398625694
-0.32084648501347757,-0.8781430026762057
-0.74912899274048,-0.9798198661356329
-0.9445621458325845,-1.1984443635375936
-2.6068023486202034,2.7335181487839324
-1.0161950179406891,2.7105132220607158
1.028100342217805,0.7399784979923172
0.7802963881309497,-0.5142890638899097
-0.8070107043141427,-2.9244300986268508
3.263578466145681,0.40198432019813196
-2.8726699034690895,1.302018785450556
3.208156069252239,1.89136415332349
-0.8021193264206758,2.2892715450422054
-2.666870647371551,-2.155484916343734
-1.406154397307564,2.3326256424116596
1.0834908774043475,3.0678527306013397
2.872727230307299,2.9796497471357934
-2.7495633090704126,-2.8975232469308887
0.8403021834256974,1.2957226772590598
3.2770189111241854,0.5004790917875783
-0.9815492276773468,-1.025706098112365
-2.7331059091941796,-2.5067317105973905
-1.1694144114179332,2.50503392742017
-0.9971229417462938,-0.22529677811026141
1.2408041164787929,2.3791120514267594
1.574354204048123,0.8385859572073595
-0.9372246769473258,-3.000415160326406
3.2389059132339906,-1.1262742448700835
2.693561454370981,2.92458666584799
-1.3786116867535894,1.2620559181012228
3.0407793335711317,1.2810845253882053
1.0513430450238463,-0.9418073733538257
1.106844288147972,-1.8736469851886461
-0.6056144044646823,-2.3778519151199893
0.9203504747810688,2.378943930052288
-0.5876845971353496,0.9175770538650239
-2.550273015180532,0.7799255895848766
-1.0910494906243309,2.894485743399538
2.812255520190377,2.6738058072236117
-1.0052573805357896,3.3376277077679495
2.5106809043672738,-2.234958009936801
3.3409920134432776,-0.6376321877484679
0.7811096730271483,-2.1933514615147525
-2.2693256296279554,-2.6427917598219524
1.0344828603351774,-0.22569816791966865
3.1775248292114555,2.9089321062793596
-1.0505071164891933,-1.111523754112176
-2.20771434727661,1.3331422851996635
-1.2282327439634322,1.2763198155488342
-0.7497818496329068,-0.06596701535500821
-2.8148905883232476,-2.846348376725467
1.389195056367354,2.522116216238969
2.3992770330030697,0.5058574999448938
-0.6148430279390543,-3.1037883433515496
-1.5146736653997113,0.6742296051330877
1.403374558376146,2.9432126216072123
2.7702248338855133,3.166838807717142
-2.7412485055680964,-0.32366876455323135
3.0975399348583874,0.9233439401712485
-1.0765674892810002,1.188428079503695
1.0862983420824577,-1.02170115231034
1.1176680776240568,1.0687132529341374
-0.6638428443956613,2.2306691104591816
-1.429485282387838,3.0634967840820546
-3.0954097617535936,0.7297423347261527
-2.3286397840842987,-0.3255923543623257
2.927028790572094,2.7176975215734505
1.3494510751892905,-2.4282363796214246
1.807157153473753,-2.893806040909282
-0.2894874953759086,-2.509120844599046
-2.9284081893001814,-1.5029983083657523
-1.3218203399826338,0.6794281333489084
-0.8537136769146723,3.5356492942200406
0.9670628218571707,-0.7198475285979183
-1.0394520500552151,-2.4492326535188296
0.803093798179235,-0.9537377064603699
-0.8807458947231993,2.8415384770079397
2.751599558062871,3.1803652635475337
1.7418862872920213,2.4745617350081015
-1.14668526140683,2.7813520198864494
-2.28781603206444,3.518348010615671
2.4817110404006,0.923292915632409
0.393880500252001,1.002594955176078
-1.0131411214944128,2.6765439936051356
2.0856689857574344,-0.7730891011690094
-2.3340196884484716,1.0620708201219302
-2.6402022183159453,-0.15676661713752438
1.393583296251727,-0.9585007156629877
0.8320298016881863,2.957729914457248
-2.889944770388753,-2.437290828251432
1.279245650774791,-0.7744992087368703
2.9771071998657583,2.5744979323088546
1.0751580390107218,-2.7152732983760073
2.643740656543538,0.7698454255702272
-0.16610295567363623,-0.7839519137968176
3.080787306162709,-3.385564935351446
2.9124136939663128,-1.1070093283813482
2.27147701133305,2.5788739384326274
-0.9620575898197897,-2.3451116159763257
-1.4586919953994497,0.38571667762165096
-1.1261059019941213,-0.9338881191744485
2.5784652834562922,-1.2663816576426274
-0.8277544119463928,-2.3040050509099075
2.818214872607836,0.5284379289853509
-0.7843875261806071,-0.8366428748976155
2.329953841341053,2.647930943432006
2.4002433959667724,2.5317797127474733
-0.22566797514752807,1.3540949637843265
2.6036625173122157,-2.6105140186314952
1.395014960883958,-2.890014216145124
0.27501834991614094,2.153900416402067
-3.0656791249204725,-0.4334347620964474
-2.822632437017441,2.946800303834251
-1.6044092308559215,-0.19091276494345502
0.8161844444987547,-2.536293939432505
1.1434954304006535,3.082504692780395
2.4205333874635415,-1.0450031720106123
-2.221953103208102,-2.9898909167186427
1.2298788300640517,-3.322247648256756
-2.28334391435636,-1.0936778801584317
-1.2155171494031358,-2.8906899705579017
-2.7677371922617366,1.081150259815943
2.56234676260268,3.280035915560654
1.3120721834550397,-2.880441969130123
-0.5757804014887145,-2.6047561707815823
0.7919359579942279,0.5673774830885377
-3.376634007439251,1.1298169023446216
2.9731329563728726,2.3443321383752553
-1.7512087627399209,2.975685188242108
-1.2637875957056923,3.04635410066954
3.5983398191124754,-1.460124643631455
-0.9286620929217878,-0.740486294197835
0.15105570302782398,1.989295249573377
0.3977682764830252,2.5770834605731467
-2.627288882269223,0.4952475010749458
-3.2679029571987535,1.1855473423441742
1.0425566098965897,2.2090615521657018
2.929993560763244,2.0250403957779954
3.319801906555065,-0.7138520261548812
-1.3706606843112055,3.1541029081450542
-2.9216404594510275,2.68432233737923
1.1754628595276344,2.3744140001358773
-3.3787603564900697,2.7510661234649825
1.4686023929187797,1.143690413599835
2.796119963641583,0.20224139305690894
-0.4784792881051952,-0.8607619559749504
-3.5736160666634453,2.883026327769319
-0.6747099921275702,2.913631074203214
-2.7041086975281754,1.0916562060585921
0.5728932310626139,0.4335272211805973
-2.6467580250566796,2.54841047776284
3.637461057858373,2.387954576439414
-3.108471922435046,2.266470700568737
3.4320425870771127,-1.405831592301566
-1.304388022881278,1.537212177483397
-3.201158221866402,-1.1982654153086472
-1.228845478212087,-2.708551361844791
-1.13849324707423,-1.326546006025887
-1.6994288080015325,-0.44766839848328555
-0.6136072541183517,1.1756462150503804
0.4901062327389126,0.9766432497510426
-0.8403758752524451,2.617117291278025
0.7506154115495457,-2.0711974026973587
-1.5904445146808162,-1.2118790304994864
2.784840394302879,0.5165909245959394
3.3051615236940464,0.9527551676376097
3.123075184818633,-2.9441065796067023
-3.4649538022662796,1.1443244671230595
-2.718917883962012,3.7103386308846003
-2.351589048550553,-0.4770852949686305
2.9423498790314215,-2.440994971963706
-0.9514154990287311,1.041020487427585
1.2739210168659438,2.724108846824456
-1.0293772768311253,3.0151542400275435
-2.6235171569381164,-0.9152787882482167
0.30504791631256256,3.0481907015275125
-2.386505263790566,-0.6937881692692686
0.48608669818113465,-3.132767016952891
-2.755118242843016,1.4133835063821358
-2.690060761544117,-2.1619066985894553
-3.646930459196554,0.8777542228497384
-0.5426852881450982,2.6286786946969634
3.047416736125612,-0.49906839884537635
-1.240867284396586,-1.7842457109838379
-1.1248110862370397,1.79603623870722
-0.4814205216408012,-2.9764652307968404
-3.5492058777546798,-3.14640743854027
1.2635313584822843,-2.043881402179416
-2.6264003361649513,-2.53520472990484
-1.7974280383557393,-1.0776086829712865
3.156765643203988,1.0172898862228752
-0.8487965888651338,2.5730501757696906
2.3887807469721594,-0.2682250467979281
-3.09583137452553,-0.9669702089767639
2.5889136900580314,3.9606084046958565
-3.0221835789219273,-0.9107077442173555
-3.076163819430555,0.9064031289428102
-1.2917866965156357,0.8154338979721826
2.5620807028122647,2.7834908343355322
3.512417623225398,-3.0363181160255555
-2.4675674833860426,1.4953865118782388
1.1267968281116296,-3.08377578670585
2.8589420838299713,1.0317232496615216
2.0935938043307445,1.1316355060514782
-2.5963008140851187,1.5734847056906438
0.1689542247412379,-2.9532643489132817
-2.6894062289443013,-2.475472141998552
2.897069627154723,-0.9570336086108014
3.347631942289208,2.402658344015487
-3.1056691085564987,3.5043553955483726
2.7909215109732477,-0.5373300024547145
-3.25889689959749,0.9830190592930976
1.4789167875278741,1.3322377853258955
0.8412149059993163,2.7682107014219897
1.015570424408355,1.1505641858103985
-1.388330187171561,-3.6660541037179066
-2.9685458634331705,-2.637994769932622
-2.99626197621814,-2.8913843011600258
-0.32942400397554483,-0.846173048751483
2.4007566875221884,1.3252696861789324
-2.683775128259112,3.3820591288654342
3.076229629026046,0.7030228999162365
2.6399165499524853,-1.2715064563392933
0.966013671347199,-3.020274724319692
3.9552767630948615,-1.314813728045366
0.5036197894572437,1.0911874480919224
1.0539813247779963,-0.888762530990768
2.622243214593991,2.6929119506485844
0.8248909050127892,3.2330204926608817
-2.6480383731192583,-3.1271532347031683
-3.280336414427041,3.08591575614058
2.9431660505997326,-3.4466661931460076
2.910418679416164,0.31988102137614716
-2.77768513472551,1.8049547895099465
1.4424890579252405,1.1318207679676922
0.8702092804071221,-0.6419028231978008
2.1828958816768727,-3.032267924235779
2.6919423977749743,1.0634901350432076
-2.2139589534330506,-2.8700213790691866
-1.6138756130110894,3.3999295723258185
-1.1366324760360287,1.3984614345259982
-2.5615357309067925,0.755008305453226
1.3338716100608745,1.2777308317145029
1.4463558469996907,-0.7018194732096645
-2.720853760458621,2.411563062604824
3.4356486580157957,1.601019216417393
1.1610633734005296,1.3290455352721589
-0.333483198957039,-2.8422804778982957
-2.821976129486219,0.5354718566912171
0.9987870957451319,1.4734913691497367
-2.967241700966881,3.1616919750368786
2.970190484429233,2.529447268229172
3.335311732645854,-2.5422234982918455
2.4540887549101433,3.4649821709053055
0.9671754195928076,0.4556026207125929
-0.678439697601435,-2.891896997213607
-1.9601370561665565,-1.7894916996634178
3.0096803409524293,-1.1458455580749638
3.184986386529362,-2.3353849117016656
3.1155838923771553,-2.6684107865593476
-2.7803819110926464,3.1287698390072722
3.4016029305648936,-2.465719517277592
-2.450535800836851,2.599344384566706
-1.0658120043298673,-2.6145551350407983
0.9226782159569983,2.4348859632989592
-3.0574352475239848,1.4581991218043073
0.5467572656234961,2.816377143763613
-1.1328309168889226,1.0885004845448163
3.2088216094273494,-3.0402023090876686
-0.798079713844221,1.233131104836772
2.4761315364104344,2.1703109145447548
2.887786967613852,-2.592509217120021
-1.272007689970461,-2.5931191542486505
3.3088945842555773,-2.018614003778163
1.0675492938799902,-1.1211262396188062
-0.9591889388505088,-1.2075830588534313
0.7078832981889568,-2.764059669594952
-3.1658937544759653,-2.403031532340153
2.265058170027065,-0.8399485750349018
0.7984154954465756,-1.2910728472320823
-3.1386663553429357,1.1528185450497923
2.924049410945291,1.79429726050439
-0.590510679192359,2.885856550394802
-2.8265578643067313,1.4267828798252586
-0.8089029577675039,-3.0228377935788595
-0.689051747439866,3.125964901499054
3.01449830212055,-2.4977948295637877
2.9365079200991264,1.796066388545157
1.7275938780975852,-0.8379213200499792
-1.15493124394088,2.356154381888274
-0.2640738096609363,-0.4437654591290206
-1.0282359229430544,-3.110785826969373
2.9260214779911307,2.5642655434794714
3.3768887118739235,-3.0384397295403276
3.634071208123897,-2.9282224222112587
2.7523862111328787,0.39166137865211575
-1.0979700979867073,-1.9782234135890862
-0.8184789893806211,-2.847433879942597
2.776503582503332,2.3904900926861568
-0.9666321277290169,1.4494380559115179
-2.503224578768491,1.0296266120889723
-2.9796520942910507,3.2428447730380427
-0.8226190518893491,-0.49169989213699644
-0.6874810164637593,1.1539521169151008
1.059470411259816,-3.142918252714665
-0.8684953702879414,-1.2281515341354552
3.1218961283838365,-2.68757819275907
-0.729490112701489,-0.6088243386763289
-0.2040910587043435,0.7838064285175632
0.3691406465023632,3.000615572996656
-0.5327636795499573,-2.8978342483921358
-1.9355106779821662,-2.792128397486095
-3.0525972832178527,-1.3445934152439658
-0.9809000090654982,1.3658216822699363
-1.1430707688796475,-1.4215763628349587
2.5186249452304534,1.3696935294390133
-1.1878315276785685,1.1185334559029838
-0.3392884990092842,2.705812034401406
0.45557682473041794,-2.939052680944782
3.0219746860497807,1.0148655588247388
-1.787170888587425,-1.2657363577459013
-2.5027303718243212,1.2238069944643302
-1.2291522168541626,-3.3752039717443307
-3.1458842782532748,0.5885473551855892
3.053281623824242,-0.2222224576449056
-0.3777325964597603,2.4922202185040723
3.2002717199443445,-2.744362451895871
2.6306795260064653,-0.9870988991963587
-2.881735659223859,1.3037965980708002
-2.678308314464285,2.8080727798945975
2.830535159234048,-2.683421261959791
2.257414526177744,-2.728535531418674
1.3382350283576065,2.5074671802508077
0.733103229577444,-2.4834874804704805
3.2836872507025854,2.5303919199429776
3.2537262384584564,-3.1832053517273624
-2.369474434897865,-2.9321983636000652
-2.7154815628604916,-0.4685671748305637
0.889741178714112,0.33382699755268125
0.5316374375754775,2.6075321369303235
2.921873514368159,2.9298039257169344
3.372492571116735,-1.0729282867807444
2.9878431191989967,0.7200680007225632
-0.6880589550471506,2.8976636833563068
-2.244303972491478,-0.03652923592467772
0.8609797854165431,-1.2267873961626252
-2.8785147814315644,2.8341924211404974
0.9384459422555028,0.5520399683538083
-2.84023586117774,1.5067672700938377
-3.0600641172761263,-2.7635555130280216
3.1617841969292413,-1.4099387277454076
-1.224672558887947,1.01814492002455
-2.4982219111255417,3.069578709448385
0.8769124609610337,2.244556469131153
0.8325779780378536,0.6504082924368271
2.859474175687679,0.7222010006774093
-2.212094141070538,-2.6189880746535503
-2.022904966328339,-1.2148011282480111
-1.0924931403774358,-2.7054527251983473
0.919791345676143,0.8709131562398323
2.909259682374562,1.0761713196604048
-1.6896766147850886,-0.5740070666963387
1.1274888054515302,-1.6490161205752099
0.8943483295388212,3.2620369683317074
-2.532851662825396,2.9406570963602894
0.3510721230260657,2.472687987640111
-0.2276109291316585,-2.9035878296740476
2.1280799431980704,-0.9283132333966391
1.4731319868559412,-0.6647653344394364
2.871658256303278,-0.8095150094568497
3.101963963489431,0.9562819072669714
0.8449888021331006,0.7471533824555631
-0.4829863115653175,2.5948714956630288
3.0718842626316163,0.7856318528064584
0.6714983687085341,2.8093553728509058
0.428472451337026,-0.1656087064610378
-0.9508720412745741,2.516571667885775
-0.6542692756279133,-0.7192001731864069
0.887527880763804,0.819389498294085
0.9417412870486421,1.5543222518109678
0.9653159320886409,-0.6371641453661457
-2.3846418900516717,-2.7356103143537474
-2.537487458593552,0.5292616194776866
1.3088057424209125,1.5165112633762325
3.3999666967914712,-3.411702443292979
0.9378946910099728,-0.255569149738571
-1.8235104548670213,2.762728724307002
3.7995649335213355,-2.990664745813982
-2.251584230339712,0.9402081999871688
-2.320834702805318,-0.4052221981097751
-1.8043586131526201,2.480758313225282
0.8151793761595101,1.5586527128222578
-0.8675884484285005,0.784864763425583
-2.2507761678183655,-0.05322442407885305
-1.4635723452140263,2.388628266170751
-2.841333977665514,1.5095153221411715
-0.924546463518774,0.5765928352164066
-2.4304533699518442,-1.8679733274568808
2.7585805715023493,0.1219638496689109
-3.7864368182313255,3.845747736004423
1.586585239176269,-2.7891673968704693
0.9316548661966472,2.108506559711936
-1.2267254930453322,1.0720638223330352
0.5112928337479636,1.5670153527975148
-1.3279197543204424,-1.2702847898796923
0.8523421572751473,1.252762706159929
-1.1609614138006268,-0.645518962567821
0.8887571793295286,-1.1721272767366138
1.5857464571468483,0.7529360872042286
-1.0904035787362936,1.8594907293991574
3.0939662230947866,2.446750546230403
1.022336444227265,0.6465541911420355
1.165212526719644,-2.3152622902626763
-3.1944886764950122,-2.9325524586083254
1.0434175953465739,-0.7064985547537498
0.26705871851713014,3.1639829978793412
-3.0047167796700793,2.856015857352542
-2.4753194710332354,-1.3075052761000974
1.9284856042523673,2.6369591786321007
-2.541299880229206,-0.5046668531175851
-1.0807679050781767,-3.283555130806185
-3.260711126289616,1.3913767353645115
2.9635274540243155,-3.0678657119719337
-3.066659885308759,-0.13533907997867387
-2.7230020762790814,-0.9948764982041333
2.8255757823767187,-1.0401410838079743
1.2599497684282732,1.4374180021163063
2.7037128790469653,-2.329284491778255
3.1674362108371312,-2.631508045573305
-1.002977709481481,-0.8369998992888243
2.422083366099278,2.413249311821704
-1.4408223074123663,1.1214138253009642
-2.8853593706397453,1.2403881310518297
-1.821957405169125,-0.8969758125218131
-1.2118032304656488,2.497915480360897
-2.7097324926861615,2.5038998071011345
1.1617426608312889,1.2472886184478218
0.9230045525987404,0.5040696879371965
0.9065913544372152,-0.6863718552164985
-0.9801210850493426,-2.2708542141992716
2.7941484869242763,1.3962284255816497
2.5578519755623033,3.1717626007422286
2.97702781133723,-0.6376140913008782
-1.0980757330571485,-2.5973104521883474
1.5951214943606464,-2.939408177883771
-0.9722256243844251,2.678640527004699
1.0252314762953314,-0.5877357032706412
-0.9757464224549596,0.8264629965996316
2.5221779087011402,-0.8139539824406021
2.6970950743468083,2.42520244837455
1.4806497847493583,3.0585884633197167
-1.2842140071357053,-2.1159757272125725
1.1432711775926023,2.525908486651126
2.7104180926886583,-2.349997912188255
-2.97021904803377,1.059554826980427
-2.661262005669506,1.459892695757734
-1.1737524432598774,-1.2703768936500908
1.52681000484729,-0.26571104157892894
-1.0872314423837515,-2.599513719675276
-1.2860998394408358,-2.3768924174793735
-2.4488857306439913,2.6015350181783727
0.7372083884827585,2.7995020804497206
-0.3762127910083729,1.412096310809936
2.7256363848555654,-1.0779807024566455
3.1398431883873834,1.567807465440128
-1.0220820468496359,2.666610783063328
-2.346729378252388,2.600356419654076
1.235227624096023,0.827093477079929
2.705087102671176,-1.1993748167563614
2.900655097415308,-2.3675286213510205
1.1760495319047688,1.1015379349770158
-1.0560776035339778,-2.761985702977931
3.5107885151413467,-1.7866796000567853
-1.2041609738265997,2.5082101443297273
3.4009968509900648,-3.28390466930576
0.47992900562854385,-1.038946418032317
1.9783815300516219,2.5283481886368215
-1.2529843385822388,-2.323108824600037
-2.0605567116694714,0.9559578828002143
-0.7486632678757729,1.2007310115191114
2.9119069353021345,0.5258570452147032
-0.5139670886123103,-0.8162631236962311
3.1449271883468777,-4.132606263201295
1.07620597147773,3.4042837558289873
1.0667546989403427,-3.2187956207648494
2.573038760328098,2.3771876111194152
-2.945602758478443,1.4836503512135781
-0.7553570467853415,-0.44542154766544717
-1.860184472512207,1.8643039179559153
1.1217853993341451,-3.058796776208907
-0.4277829546955128,2.8290642581200176
2.884640077662997,3.0388055221687167
-1.4299934802849754,1.0227182926900793
0.9981679842897543,3.0950915397645016
3.0276353100302353,0.7511180248251405
-3.7157092492631403,-1.022082248342633
-2.10094684017639,-1.1768560687013254
2.2243690353743424,2.583321359092958
-2.1926648304853047,-0.5945974191449186
0.8779113566707565,-3.233765575650174
2.3413674190429963,-0.9954335784835209
0.9387635035809878,-3.374292363261909
2.5763975256114375,1.8831768553508828
0.4971097592162874,3.05687057354195
2.9123615079399237,-0.49031176367766705
2.9361051252305717,-0.885804500095679
3.2862528448200212,-0.9009649589538222
3.1303698908170516,-2.8126576377642722
2.822500187642654,-3.3517561174421506
2.9520623948896505,-0.8515261008062621
1.1714399049190853,-1.0402336044708755
-1.8573509828009724,2.800129192606363
-1.9834677386720014,-2.7538886667966564
2.5520510577398867,2.5132490506426524
-2.461186048562421,-1.844105519091764
0.950077909537246,0.2818075131616654
-2.6240528161264782,-0.25142554555113694
-1.1304100448845993,-2.617267364148722
-0.3040242203781157,-2.3611952886711958
-2.809588410153404,-0.8785291821467195
0.3746761075207569,2.603608433111059
2.176543311414163,2.459330896480369
2.63970425909705,-2.605558359730598
-0.10955467467283063,-3.1437917222613816
0.7718033847240249,-1.3222593250943995
1.3645934845057277,1.5464203201187057
2.931880024238787,-3.233033318034903
-1.3862797565172114,3.040152617317188
2.5221657031792755,-3.784073109191589
-2.847246196268471,-0.21134607928322735
3.169924265586043,-1.0715245718817052
-2.98902790119652,-3.040619651953072
1.4266545333997682,0.030830899931509552
2.7241092854678004,0.6945025490638287
-3.061388403092713,2.803575262303664
3.200936738187782,2.4959367586086416
2.923782742608702,-2.394503157642615
1.7777363442285852,-1.2349204875779984
0.06207605551565724,3.235642188742643
-2.649195925369348,-2.7203409750453234
-1.1160632800150054,-1.496913049768784
-1.4483461145710868,1.0452463409327242
-0.741757897383002,-0.6795069180736247
3.1560128538583805,-0.8669110607044433
2.8384351592403836,-1.3110958043386285
-2.9279693334988894,1.930931399695117
-0.36138620160289114,0.7516045287889874
2.686464374478115,2.4684977378012523
-0.8335748628099126,-2.8120492907145285
-1.037233547462523,-0.6034176422467719
3.025118928008921,-3.067272726953734
2.1137950004098673,0.4622652371833818
2.2541575326857104,2.532906160070216
3.3286357219858442,2.7623091242106432
-0.9777544699077744,2.494286914994801
1.0978846745590436,-1.121384840894044
2.3553632636061193,2.3839351164497105
-2.516934765486894,-0.6778181618935804
3.4420185357575996,-2.769636590815482
2.3317154771284265,-1.2960753723436529
-1.14729275060028,-2.785626952694154
2.708464966240079,-2.705567703410484
3.3562827253777403,-2.722629818924371
2.9887088060802736,2.5925859570389354
-0.6448940115444988,-2.5415541478316714
-0.6735810114219443,-1.4651547885326905
3.3066049827457746,-0.25213115191299745
-2.1603546124386077,-1.2493095829221967
-2.492400846378653,-3.238853922907589
2.6901221994232922,0.5839690788450231
-3.2961696707185864,-0.8993292633361376
3.008465648684675,0.8246614920665456
-0.9525893660684212,-0.47097213090279577
-0.5765890373787143,0.5210394200943472
0.7653222185213405,2.5190378834701574
1.3002738151543205,0.4886343306233749
1.5619993727587524,-2.626900835287661
1.0460971796407188,1.1154657068337201
0.5171738593163565,-2.7711278021215553
3.3284287877920966,2.8875516679509627
3.657560357713222,-2.2430912004154617
-0.568588758414289,2.6504273475389724
-1.07949774741254,-0.7965369164722874
1.0701803725176788,-0.8444029934449794
-0.7296852850102232,2.7341764210765733
-2.4609825194865267,1.3218568080564552
0.6198652707698946,0.6810478300470084
1.4162799408806497,2.813740997753899
0.98079509699834,2.447684345736802
-2.8424758078882313,2.560274692460363
-2.6468923887163758,1.2115431543609008
2.463361862614883,1.457568141718195
-0.9959156795169182,0.923402644472771
-2.6411956316768177,-1.1494988778078232
2.5529229921717964,0.8432498341365415
-1.2073955250662058,-1.5377765581886442
-3.1362976511114966,1.4470842954827652
1.536397168817793,-2.1829835458941425
-0.7512331518979608,-2.3184940311529987
-0.7928435607550541,-1.0389681661460786
3.2243164047144823,0.8454260091888026
0.49378244690644124,-0.922678524317596
-3.027334126058551,2.9944286252983883
2.5238124146737904,-3.021468329797741
-1.3132854031486694,-2.8740264193835086
-3.280437823917271,-2.586221717583687
-2.998045064875902,2.4854578679107626
-2.1998289819419306,0.8854985357466001
2.344483362239037,-0.9477670993290939
-0.6740794616765057,1.4599765466195689
2.5560115782256667,2.9406143995645055
-2.6502997183444346,-2.5367728409624757
2.6883699626461652,0.709995449526949
3.0092845353788893,-3.1063024466371343
1.2615990398056014,-1.3102031566623373
0.8105731578901807,3.2211679787780763
0.64323945426169,-1.3336780523640062
-2.789029042539462,-2.738252573960529
-1.026630416162668,-0.8474936607066351
2.662417340956051,3.2825154506402767
2.6521702487702683,1.0115867032294439
-1.2788273097517582,0.9275879736549517
-2.9104980481753064,-0.00775826436361798
1.454117902957214,2.845469240210219
0.9172983162442537,-2.958418357339187
-2.6677588687267706,-1.052923385425365
2.5016787943930923,2.657188456468928
0.5310086653573758,-1.2987517700956512
-2.569816760967952,1.9253334488921992
0.9491268905807084,2.380534115938026
2.6576416234665934,1.1056761195406972
-3.085061323504465,0.5462936342026369
2.239065221954938,2.642412836430558
-0.5883082104612988,-3.028848616645317
-1.3387052573454419,1.0725285479679034
0.662722192961202,2.787274896180464
2.647005970818874,0.9781486737679206
-3.018788581233383,-0.9192698937947384
3.422139168232104,-2.946960471464197
0.7403337586810183,-1.3134390997658623
-1.0781117162318983,-0.6042971800126226
-0.978957869445747,-2.8178955939538324
-0.947582040196515,-2.7686940170725443
-0.5438055020422927,-2.7915916531138265
-2.1610577378851583,2.913381999623887
2.873294671659583,1.8060951479205583
0.48793855546702397,2.217872280118776
2.7281298444115576,2.81438838855432
2.990263796189067,-1.26978945779135
2.8063778819960223,1.798057373360792
-2.4512714410594545,3.290397418989832
-1.16004416270947,2.746272496538709
-2.529723155673285,1.4284476492515903
-3.0218308725448892,-2.8751456410452314
-1.1758344647514816,3.6665656635667765
2.613342793852836,-2.866214057121748
2.930395253608969,-2.096397188146953
2.9340832756331308,0.9541072611816458
3.0954058605284707,-1.6323036409791987
-0.751038566475211,0.03889470589701825
-1.2856997274973867,-1.4302036015655284
-2.465864283766321,1.57678613972121
0.44377918540457656,0.34218626136419095
-2.9015359976741206,3.4044200345991764
-2.381897776178847,1.1935083652144483
1.2375766665048242,-2.7374379076304454
0.7361790380938781,2.808526779160448
-0.8319720903575795,-0.2801662959228676
-3.575936949940155,2.2359212129877566
2.7738275445577196,2.4718066267693826
-1.582116939341276,3.0208587880399294
1.8198696802910233,-2.9055080788853758
-2.828458792073638,3.1973536614718907
-2.1681972124749893,0.6927005476963533
-3.3036374717169172,1.1960167560392019
-1.3676378400415299,3.058209231709107
2.7212408469228135,-1.3931618988310124
-1.121950240710403,0.7128031237077216
-3.6288231840680676,3.28260569739852
2.748768803512958,-3.019597310081664
-0.7941681451360334,1.1560824525110185
1.1411500692961059,0.9381997839944439
-1.4290766775093744,-2.4802134191484604
-2.6736855936411374,-2.095588783659722
-1.2545194967872226,-0.4243859274963721
-2.146316923819592,2.839468679950039
-2.495164508110247,2.3218821103831084
2.4506527105715654,2.4279490618491457
-1.4010112561808639,1.4863451660884435
-2.9147904804019173,-0.7776127246033944
-2.9434996613932696,-2.017825017666414
-2.5063321399840612,2.6240276297474647
0.6368755140110319,-0.5775322433655186
3.4197192765490763,-3.0774910864376763
0.5827804904999435,2.851142041403266
2.605953137020314,2.620360960354339
2.4857352599530222,2.5171321854475175
-0.9329013082851767,2.107799258236941
1.4437294290124125,-1.963000898824678
2.3971166940823423,2.338276291575351
2.7321326473930347,1.5122910916109384
2.6404706874214594,2.0262798195169958
-0.8429255686892068,-2.6574528718079065
-1.3722616295885224,3.0816543287912155
2.953095136951589,2.995093290604338
0.15975331705315737,2.8992737915314315
2.9556950554546475,-0.6617151037007042
-1.3060491156123113,0.9347761431205269
-0.9392482519242772,3.2091654828366956
-2.503995688687941,2.7033225361748587
1.1727765686893632,0.62989944300419
2.6543389217146207,1.3759298059542897
-2.3018653248720717,-2.6947368811874224
3.0967016235818794,2.684641440223632
3.221175284356531,-0.29068678148744975
2.847658456431587,2.26453737946589
2.8222423806773125,2.540768281226732
1.0297633595456428,-1.4027933471285177
0.8797386868547847,0.9068961989788163
-2.213556611091229,-1.1730518360915205
-2.9921376540709774,-0.6451164970139033
-1.1390937850523304,2.636151072259686
3.2538472458231067,-3.156284753676239
2.9865955009657443,-1.5186960722114295
-1.3261614202387182,2.1024125008967802
0.7423161639808773,2.4040350423611834
3.2246089031627174,2.931129325995206
2.595183061584285,-0.9225666090858786
3.0980793697378872,1.0721923573664043
2.416651205952571,0.6511490257384611
-1.3275993188099293,2.489693253302956
-0.8982605455809343,-0.869512016850393
-0.9984339705978815,-0.2012864684143483
-1.1489360051878448,2.7095100468717233
-1.1750154178785577,2.8207926435115565
-0.8976995912097426,-2.8698089343310844
-0.3944117372518172,1.1761302495587882
-2.416727060671578,-0.4856013349877314
-0.47331238264702363,-1.3435688520929707
3.4105568541854843,-0.8245298502990084
1.1746831002930658,2.531481132617637
-3.132860057722191,2.7753896359151597
0.9252610723393662,2.172109513446729
3.5029218331895895,1.2127531326455385
0.9505454857241253,1.3258522414968927
3.2103335080915953,1.4912358038146332
2.629825473392402,-0.6891660049440258
1.0953416471606308,-1.034113665389279
2.8255968872674484,2.6862408059493887
-0.7687238643574651,-0.6645542800398843
2.778255865549234,-2.730219891352363
-0.8791912017692346,-0.5704236693058073
1.0766308346292541,-0.8939325754982628
-2.4956568724450605,-2.79562039219608
-3.0987700511060967,2.7622670413583323
-1.2869483591326196,1.4295529765121198
-1.0327069066610497,3.2124376040980325
2.8316042028990718,3.5752366536588935
-0.49027135837263675,-2.7948152520863636
-1.1217165770244064,-1.0589222014312087
-2.6140106346302976,-0.9162960899022838
-0.7400324855685291,-2.726985271769923
-2.2094997209917873,-2.5613813874201155
0.4570050680040913,-1.3063997760921424
-2.594254051491984,1.544499314917494
-1.2687231608368588,1.377394738205726
-2.3356903827411952,1.2811294995550775
-2.2087097082769245,-2.9315199496140956
0.2894845728600003,-1.740606448220673
-0.638645602906056,-0.3097305815996265
3.173058018270904,-2.526822479658833
-2.771435838463291,1.1328856223994692
1.0170764211724153,-1.0670607255178326
0.9204407640754539,1.2242393415425106
-2.365095681603054,-0.36224392656968596
-2.7524308627215883,-0.085772375871391
0.9639366217197403,2.4968884667094264
2.9405036015254242,2.1822726933408654
-1.5285784975181778,2.8933145021125832
-3.332062821203013,-0.24694749186383713
-2.7972359271280123,-0.06078351445961675
-0.8514406235117707,1.5267046736973524
2.252122374013524,1.7629963251776872
-1.3626985305486308,1.3210880004508758
-1.2976854072517394,-1.1265791119166173
-2.4669430572715667,-0.529093986359179
3.0137302936437256,-1.528499956238102
-0.7907071352761512,-2.3744785793796894
1.259996166314878,-3.0391827789151136
2.68996147857615,2.162883277899835
2.589653042695914,-2.40756683990765
-2.7290161044993986,-2.309463712943655
-2.8991942305609775,-3.014651826256318
3.176711708205028,0.17720848604451897
0.175566046698923,0.8344242591934521
2.011341266259387,0.4725862232927714
-3.0519819309183425,3.103538797873561
-0.6684540688446282,-2.9529751827969135
0.906620654139075,-3.134000243631621
-1.0535564089016758,1.4388779527090205
2.9892759241490805,-3.316356589614022
-1.0471119125820696,-1.3503397619192772
-2.7130436653688856,2.1314075983406577
1.7094474071773658,-0.7940184067875501
-0.9095483264513695,-0.9902284472317179
-2.4043960656956105,2.729078921352352
2.380049074496379,-1.7681695822703405
-1.8232835387147523,2.4109906986131633
-3.373398994311658,3.1798729453314625
-2.72114767806382,-1.2183872929085626
-0.6357845377135342,0.5865259935639775
0.6518842248957788,2.6248462511748336
-1.2164954799985332,-2.559231154632859
-0.5372960686632985,-0.7520962605071829
-2.835235290735995,-2.4404575533758015
-2.8002832337022574,2.994162181305105
-2.041509812705134,-2.3517820442219253
1.1530376740767954,-3.2858436399986646
2.6403535778289537,3.6032984054101536
0.8259250680938331,0.4062959735815675
-0.5295500249829364,-2.4491305014832965
1.4921115634625377,-0.9761098710125549
2.5413400228979484,0.8427276731912988
-2.9015899314114884,2.5559731119775053
0.7899938470718412,3.1398732343326206
0.5449636428542272,1.920788505645842
-3.208287719006273,2.9994337505129542
-2.306145796238429,1.105591724158414
-1.0516964601431107,1.2758553542671938
-0.32185422324214125,0.9712023480841351
0.8700685011194751,3.207693919625916
0.9871465874009452,-3.1026276105574504
3.1185186126176405,1.2539480703261903
-1.6049934032521747,-0.6819663335873309
3.162416335436076,2.2939851627651047
-2.3868668291919555,-2.4188591036979417
2.6976900036452784,0.9646809112766369
-3.3180996641029177,1.1065446418738019
-0.7282027595571582,-2.8368591366167157
2.969806382733411,3.020739982963821
0.8828634608183421,1.1146856763643396
2.8197275256013383,0.32496553235929565
2.965890784433005,-2.5088195573339886
-2.8847711494796147,1.1105178786745507
0.7903847162999775,3.227451276563368
3.055888335960647,-2.6469111830759733
1.207332843098125,-2.742207809037226
-1.2206539624992043,-2.9046679645569653
-1.1813152609511874,-0.48133310042463306
3.0044827529176574,-1.0385675241694188
0.5317442950793572,-0.7611904575303887
1.4841781616430016,2.7126965530245024
-1.0470133251559532,-0.6233772005989734
-2.100627627768763,1.3409444084644866
-0.9375806273833487,-2.7311694113432696
-2.906279365209454,-0.31771692790075334
-1.0295504697357245,-3.005036130012395
1.4871041860321614,2.4252557007634294
-0.9306002934072201,-2.561322730720364
3.00838053559438,0.31013355733170445
3.2122951612696204,-2.7073806720581306
-2.6601247046867766,-1.3535912118701663
-2.7643920442758936,2.5964236822721345
0.9941717773910258,1.595267024304326
-1.2697792236350445,1.1639465076281337
2.5404520856916113,0.4697989352791666
2.783908382871995,-2.840580401036099
-0.4858544753101313,2.0224982267091054
1.1966203258210057,2.5884246282469707
1.0451270350085904,0.8716537436323983
2.713355568971839,2.934224534811605
0.9681188068007401,-1.097679387512433
2.3806475350112097,0.6054703598114134
3.146975477896852,2.845100544163025
1.0994207088112478,-2.6170081620582444
-0.5243640281889332,2.469093565596813
2.9697605225558092,0.9137275891460002
-2.3737833160684665,2.867206636067286
1.056768884422593,-0.758430757591075
-1.2419970396297988,-0.8955137355583713
2.98985983148398,-0.5120857667206239
-2.947666115296436,-3.0977989113689928
3.020567840650258,-3.0252234784578143
1.24534900588787,-0.6127622372190166
2.9453345199836303,-0.9521173305881031
3.0307343981067563,-1.1717708394289261
-2.7429312919862525,1.2736307972864676
1.0816711068883742,0.7894901873448863
2.72289504179299,-0.3107645303210917
0.7687650965568867,-0.45671257093014433
0.7773762907554113,0.9887206235113073
1.4263931636518004,0.9398619345117953
0.19005643760540966,2.9116377842593684
-0.552666486656698,-3.0369535577889266
3.117405113017123,1.2230438259307148
1.4357280090107372,-2.7419627375281537
-1.3751203039878381,0.5385411591772189
1.0899854227372707,-0.039547198467606993
2.7965121414648966,0.6949538487032186
-2.255625212139485,-3.429400659487636
-1.03548465095364,-0.8404966540526664
-2.55734494433508,1.1721940236527657
2.550086854742094,2.7843888195047333
2.5456394846903803,2.8053925190297635
2.7307561396051017,-0.9918558699571788
1.2753669512217491,3.116175094222149
-1.4237472686130563,-2.7902239083558484
-0.5410786348224557,2.370767496086479
-2.5560779944863055,3.118965878951755
-2.450925983624884,-2.9389966077136207
-2.346568823037287,3.1740568575916277
-2.5210572883055473,1.2406830444417203
-0.5433350345151947,-0.33903802069888334
-2.841317352824183,2.6469906632773568
-1.4483563525158498,3.0633671615278666
2.725722147212894,0.9077998149943529
0.7843934309194864,0.4890469698052603
-2.3896191152417607,1.2227496139648075
2.82410984135162,-3.4340514230980284
-2.6353866007841655,2.855745697306319
2.2722066155551186,2.4362576483127536
2.410195874463233,2.516093767442324
0.8810112789953215,-2.1203008931171974
0.8852126705308118,2.344367545161459
1.0083005605252449,-0.41300760429212285
2.5106974523596577,0.6329406690382526
0.44330771740417896,0.7274038020775907
2.600597930846372,1.3981599775165814
2.6482678240736672,-3.4604870085971315
-0.4182505382957162,0.7810969824576611
-1.0201801667743922,-2.7913925463063167
1.5259845344481526,-2.9134520386269904
-1.288859064254788,0.7354398189396775
-1.1765926861548315,3.8659974175222853
-1.03721683056736,-3.039564117934285
2.990345486756516,0.6593416737492462
0.8694841084419263,1.2587117582813285
0.8888025720759964,-1.098034867004262
-1.2089188031894569,2.844733464553251
-3.053301725996011,1.2843581238889188
-2.6351747758950173,0.7363979932462129
-2.5940519493378327,-2.6103670831819925
2.658832053331702,0.40246509596211527
0.8203400578648495,-0.7901358071470754
2.5518337521771914,2.3285698022342705
-3.1015408249885126,-2.029830637597619
-1.2868505943799646,0.8553674171962192
3.40061481676906,-2.6122526208818173
2.787166664372975,0.8793370906363085
-1.4127797320770483,2.4723772322109685
3.3221202880048013,-1.180016127907631
-1.2271443607120707,1.399213190661884
1.073699101691839,-2.498799362909847
3.7461538128534073,-2.463712623828068
-3.2708674878054147,-1.287634743877376
-3.272662057599339,-0.42701391178706744
-1.2576805290221955,2.588923508960559
-2.409900324940216,-2.4922598141959376
-3.3705778461641436,2.5025597931363883
3.2833624726821617,1.375309788380316
1.2167559888080535,-3.570760008199763
-2.293175846234369,3.018324837122028
-0.8655159581877154,-1.0801198225597448
2.755156349246164,-0.3127075426759049
-2.5967643165016194,2.2125085715750497
-2.9677510642154954,0.5926257840584593
-1.9003574446225129,1.171486437010521
2.5963846091219884,2.6782012816386054
2.6925299937459246,2.31324637356627
2.8774464844520913,2.51546051185734
-2.997537390406138,0.8852856198193572
1.0005756521536928,-0.8482240189166328
-2.040099078208608,2.749151906944697
-1.4591905766784712,-0.4558611185177999
0.5447588102900456,2.3902760755141026
-0.6962489930716926,3.136863874450756
-2.9165817878681226,1.9316696713719799
3.050659916233931,0.9846885310814907
-2.805155230189583,0.5954943287042838
2.7462928711018453,2.571540052655149
0.7317219353023223,-0.9645024170599282
1.2878927506424902,0.7050090996368327
-0.9692172658010861,-0.8615305075020037
2.871083700662147,1.4382150641253597
2.639915927984844,-0.7106414927128907
-0.37407271540255177,-2.777066763225592
1.171300423170312,0.9719008735345084
-0.9232090999789172,-1.0697009283672785
0.3716208303173013,2.7068486866417336
-1.1210529117628076,2.847297517696609
-3.002872076243422,1.7028779683575772
-1.7092057485729084,0.569083788021887
2.843663646035258,2.635330868638038
-1.457409636309557,-0.7405785819749875
-2.027353932607539,0.9755813170327825
-3.0641016312399585,1.234363661977578
3.218323537006731,1.1447428077899346
0.8440910296348165,-1.0461355167332107
3.5104113231745164,-3.2387986843233065
-1.1061126930643963,-2.0953108523674073
-0.6782676057109785,1.9108812723558455
1.2443754698575242,-2.502363962810018
2.8141993701663517,-1.076553184778664
-3.019684771002353,-0.445967379063534
0.9365738480548336,-1.3175603249406296
2.279250896639693,2.8475987925660426
2.391570782022978,-0.7803387475731194
1.1868005244198971,-0.8313682330481196
-2.6474616918238745,-2.82515457921657
1.1455701784013292,-0.946738532563263
0.8064822794048028,-0.7386880933450123
-0.9304211142061914,2.835925715107292
-2.544441706499676,-0.7736729663139186
2.8168748099540095,3.2655288757699608
2.894363968243935,-1.7632487155011052
2.8656553132070584,-1.2700780015768094
-0.906523509907524,3.02568202905022
1.0132456437628747,1.4245479272956714
3.050561849028045,1.0523395450647979
-2.1110973480687876,-2.7622829915897764
-0.04654034185997927,-0.6190815364698874
2.506260543310306,1.6418563933950663
2.841034559535781,-1.2826565609737766
-2.45264622508735,-0.3351843200135961
1.4550762405788957,-3.06008416601414
0.7046422044620038,3.244270309649931
0.2864126984688264,1.2100267390665573
-1.51350280727574,2.68024233725195
2.4681959081719627,-1.7244126482030946
-2.8506997370815905,2.512931395962422
-0.9786743318729356,1.3727785955978808
-0.9015679184417055,-3.0147797610892164
0.4341674851098134,-3.113007650557419
1.3255504814208832,0.7818399139159133
-2.3537401131817393,-2.4199722436805797
3.1596385102352698,-3.102559308758434
2.7833308759597117,2.483853159522064
0.8336856904121627,0.9768806260462738
-2.730452072265964,3.3161820777308564
3.46754737999023,2.9120498745566574
2.5991160897212033,-0.9725168061503908
-2.3171509672686845,-0.8995002808218886
2.877525352663225,-1.906414749987496
-3.057416200493783,-0.6472710356552942
-0.9192797352715523,-2.895403996650225
3.160443288026513,-1.4690527850730344
1.2420501722349555,-1.3492787598602645
0.8363610202295494,-2.9309456907097244
1.120408635680364,0.6897177739684577
-0.6361396621690135,3.3740517371246885
-0.7008966538526976,1.66089757530975
-0.7021786621443118,-1.30415772046737
-1.1502945677165823,-2.986748817474262
-2.4007646155223163,-2.9658079957837318
2.0240918694495353,-3.192990844705523
-2.981280020629084,2.8999640496605292
1.0004488121771917,0.7315982758789576
1.1258951650533762,2.2627319988706835
3.028203236795106,-2.698755125910061
1.0859399466105373,-2.727610291431037
-2.785624261710412,-0.16860666659310852
-0.9927229509394098,-1.0887587096235343
-3.0487771320030084,3.2778459808427978
-2.306998051201647,-3.048333777518994
0.8392854175326023,2.290875348822849
0.6565296850320311,1.2970233338395556
2.6722719149267595,-1.3290605396658157
-0.13933056689007234,-3.0820464509683414
-2.7143140616581953,1.497375930245749
-2.3022134506906125,-0.5780440375947795
0.6706055322731636,-2.360412301153805
1.4164235326805727,-2.967974725880247
0.5917362379259988,3.3122273356064773
-0.5650849122185201,2.5278711758232646
2.283317140235799,2.7613377050310692
-2.4565375949495,-2.935132106012136
-1.2653977877947085,-0.41130183801210574
-2.83504331828029,-0.8671326239202928
3.518488805580504,0.7579029926972002
-0.7688587013426035,-2.954069362193518
0.7090335702615417,-1.2281398696767836
-0.977518791039256,-0.8813580726440229
2.077069764304014,3.0393544232656073
1.4466286912857111,0.6345124756248266
3.3289873597128823,-3.131977691980345
1.3280896825556727,-2.637073565946071
1.579153578150286,-3.030514556686796
0.42561325829121993,0.408701747081538
-1.1754727415861443,1.2674528965096135
1.0250054556742236,-1.3473511526242956
-2.209392190094192,-1.5336344814514613
-2.855657597270437,-0.6427128271504082
-1.1088642130884137,2.4482148147380194
-3.4191810825610705,2.771238785361298
-1.3839098239404646,1.3856878373495878
-3.808022744971772,2.624682741902575
-1.6799440057135033,2.652410657287554
-1.0903011899353592,2.553625181271327
-3.1816422692940383,2.6849660794130417
-2.8707380964084277,-2.4742828565134687
-2.7689543747181764,-0.528204282384031
1.3014576805378653,-2.5921609005301796
0.5690885528838003,2.3506175900458386
2.8695356056407433,2.480108103342312
1.178073622931654,-1.9112299043161844
-1.4781546642277943,0.9187996025356971
-1.3719066483003042,-2.7547383115635387
-2.720955162288536,2.959743804288537
0.8341932061430389,3.0804173482958443
1.1427439914282214,1.4272294052357812
0.5763325546215197,1.1619811430997689
0.8346113802539228,-0.8002608553723595
-1.0548291426646874,-2.238347536466426
-1.298086487975968,-0.9757413351630743
-2.857077800552465,-2.229228570033713
-2.654605018937603,-2.4786290085748455
-3.099182929348208,1.13270122333888
2.874703444347505,1.1307798946014977
-2.976329427308937,1.1999285613427881
1.280209449197716,-2.9664508264652256
-3.3433111226745567,-0.3672261672402747
1.720823553224494,-2.605651711146139
1.1010651400445552,2.6967278463783986
-3.4213581722814,-2.5854009850833988
2.623526122284028,-2.8194785530308235
0.6975731806406917,-0.43958189391947833
1.2197626178463143,-0.8967535025316814
2.62851137019734,-2.401789163821057
-1.3197778131837854,-3.141097902012668
-2.352856833384153,3.251972069504615
-2.1587150733532505,2.73398738047455
-2.783752301477822,-0.2464610190277356
0.7752148184613697,0.48965802314392387
-0.9729049779750433,-0.6322323394931719
3.2741003850991293,-2.7845749731132523
-3.2696921647958637,1.427954253590565
-0.5484408165291074,-3.6155816436039583
-3.765110294800811,0.4330355976777971
-2.265935430700402,-2.6182048475120157
2.2134353460061336,2.6783643060077216
0.6866793731232663,2.586495622781248
-0.8902371198704552,-0.9680412505777899
-2.669947013491301,1.0599096317396417
0.8419183430767581,2.2405660124800297
-3.437863446615548,-3.2266758802176225
2.6832434678178574,0.9915921001361567
-1.0867682286800338,-0.24466272645492984
-3.145003302605528,-0.7430912672606899
-1.34533688970102,-0.9278159980797689
-0.9223187989827657,-1.4042601075493122
-0.6889078345632894,-2.5900355097968037
-2.6753040230814435,-2.8393531795139126
3.179734040178377,-0.5218327828820372
2.5005736938380303,-2.4725330710787317
2.714033204469365,-0.5694512343359983
-1.486310392549191,0.8315058408853766
-2.3805636572927806,-3.122669104101987
2.675231770555691,2.7648618174054085
2.482522854029381,-1.8587175297113228
-0.41953192492326286,-3.405522675742557
2.9561934561136844,2.5144017107620455
-2.986489973785095,-2.8952386609782708
2.4158660311466247,2.5539501389713593
-0.7245845710761013,1.0580271341612393
0.43388129867007236,0.3021258945056361
-2.760280415351854,-0.8393403727146723
-1.4705445797115149,-1.5692587506083817
2.914515481974102,-2.94062407122717
-2.6707963215061863,-2.998008592756338
2.8748171321357554,-1.1596745708395408
2.910307483417973,2.8511582672050513
-0.5082755726415173,-1.1832043128735061
-0.9573737142531044,2.727886172242425
2.769587470443704,-1.2629488980096517
-1.5978880751365043,-2.7886205254837857
-2.5516587043411705,3.0564985401102
-2.473380539259345,2.899407770136554
2.5412465378616096,1.477617274772527
-0.6103332426357428,2.295887556420776
-1.0511376355072717,2.484186066186875
-1.3124675124466487,-3.143097993479705
-3.1163159779164817,1.1004049531497766
2.5640735784575472,2.720289923887585
-0.13650842855807738,-3.0783016534817103
3.2918975896786398,0.15942195881453813
-3.2021096482118208,3.377492923716941
-2.6167756479060182,1.0476797855966202
-0.613825297916287,-2.81170629516934
-2.6100950264745584,-3.2269907956253587
0.7788595306671913,3.590879008301626
-2.7119323573898164,-2.3415438728428954
-2.7274111595285677,-3.42783426506691
1.3455419250462388,-3.5307612426585564
-0.8401012923428809,0.8715688440627879
2.66600193003938,2.905288559901422
-3.1472183830218845,1.849759263047517
2.9587376865145347,-1.7813610301586054
3.0689957107801673,-1.4337508400699412
2.831227051994446,2.114415714552896
-2.7026396305731546,1.7010517491289905
-2.6457875190730333,-0.7169640124559169
2.3019981349386893,3.5826273779427282
0.834278625314053,-0.9712788612795974
-1.0860331492992692,-2.5956586460819286
-0.7659293075375868,-0.8406043398682693
2.5121697112383017,2.258172703668612
0.9612330771922378,2.824661136401226
2.3983793636133552,-2.8970994552985734
3.7359334669936106,-3.2298808911203567
-0.7436536612115963,-2.886487560564163
2.44743773590134,2.8187628442141484
-2.90946593020664,1.4100540078908257
-2.2472165475963535,-1.4989199460031548
3.473338758240324,-0.5810644604365033
-2.980983283814716,0.6353035829849217
2.991811501722403,0.8914631432197132
0.47574592952086714,2.3431139771135094
-2.409450279623147,-2.471271370761611
-0.5556982639003446,-2.5344214682934436
2.0395012512084993,2.2594109954805925
-1.142024220144695,-0.6986775056426002
2.8064020528934717,2.422552612852293
-0.6564073017839244,-0.5599754577533886
-3.2220420204967177,1.0721369583801867
-2.109222468963424,1.8937925953269343
3.615483549977575,-3.7461583407531056
-2.5627102514813105,2.6842482990282246
-3.517421174604146,2.8001482745660744
-0.8122735723322937,-2.8903383124671445
3.1053079902664353,-3.2362464037719314
-1.6361829782430595,0.8805475712963328
1.140612491637499,0.6987487832520889
-0.8169411093380926,3.1000693502050867
-2.8085278865894474,-0.3497646432491633
2.940713171550538,2.1394299471402953
-1.2804126358555419,3.1184590093351123
-3.121795260197566,2.668180276507775
0.5878535022241026,1.4253911837133504
1.1416751772293425,2.683095834663859
1.512802068983844,2.345111836677504
-0.9423680245052588,-1.0743893269058702
-1.1967034455065342,3.4681671776936516
-0.7135829341346834,-2.8145159083440063
-2.624139310601044,-0.3571211887423927
3.0399862080404687,1.8451009108918979
-2.781293671886174,1.307862662810545
2.682819435878351,-2.842540873058329
-3.3848977014766946,-0.9743846715572799
2.507366041058718,-3.143131179844281
1.3227039375661045,-2.348515795802551
2.8282123575080376,-2.845060756090558
0.7899757389630587,-2.2123572920864407
-2.8261137195934793,-0.4892436963228108
-3.0378996162537186,2.701923992060474
1.1893319638366044,1.29824347215584
3.411933070246219,0.867447578320949
-3.303851978923456,1.160200625996954
1.288828041586887,-3.0566077433261154
-0.2744060603984485,-2.7157424578015044
1.7268030945317465,0.9421087821894719
-1.2009644718099488,-2.9518081888981675
3.216133324316263,0.5541543772317672
0.6182097432870121,-0.8100329717092394
-2.776605433152051,1.1124272680594007
3.02397907943673,-1.319615822440943
2.831944290639111,-3.1294591133653116
2.9372008153981124,-0.5795942185498119
-2.4493692699606995,3.1832356570794293
0.6000406384176811,2.9812306321745026
1.291651930629965,-2.4148942780859644
-0.8854049969313421,0.8403720603261758
0.28296910119347973,-0.5353133888034267
-1.0736131112391414,-3.270938547364609
-1.0072259054517192,3.4780271337032724
-3.513076452961286,2.3014634315580786
-0.9876803730498803,2.7660579042445073
0.9066990545111308,-0.41693751289818454
3.1544696481254446,-0.155168931123568
3.3325309879727736,1.3004195186115244
0.4779422111400933,0.5658577291634783
1.019947797288895,-2.2425699407111033
-2.407694348536615,-0.8657480998769859
2.542334221009257,2.804273594897791
-3.236049556951182,0.8361140617604598
-0.7137670948858068,-2.4408117600153045
0.47380151551082617,-2.3996244034257153
-0.6573635728027459,1.0689810699084414
-1.329200866527463,-0.3757362747515011
-0.05824568419361176,-1.4315202383727954
-1.317246609953416,1.336924431645584
-1.230848534417043,1.2383648559140898
2.3856129517134534,0.8077747036972567
-2.421311466462528,-0.5170275816899614
-2.503392778490593,2.375510984395149
-1.087218209184268,2.6056783345346957
-2.5400301009003363,1.0195716709544875
3.1195151844787348,2.1671497002444804
2.832086160106216,3.0319154836067614
-3.567858858016078,3.1142879567310664
-2.6581496656791255,2.6177824812309374
-2.8717609652571956,-2.506178477974283
-0.8901039352532708,0.650087342705917
-2.737649157682592,3.3831745527765404
-1.4555991479809995,-1.1410011331057088
0.5132269270706474,-3.150768285549293
1.2277095356724732,-2.9034460948409104
3.1221488714129184,2.35409941869133
2.3992523117965185,3.357836649111461
2.8798885189548513,-3.3125211438594566
2.749177757155492,-0.7785023150150994
0.858093467748449,-3.161262899971944
-2.442529403141571,3.1587422441575845
-1.2588925372156021,-2.352948989459731
-1.3471517430252014,0.6573977741636591
-1.009611120487432,3.3227159743830095
-1.0692907682588562,-2.6646147938720466
1.1583566052030037,-1.8797359737206432
-0.4394501294347111,-0.9422608573309227
-2.6819880127226354,-3.4655562155746185
-1.2834541481448267,0.8661897489907888
-1.1269203340950396,1.3212308828378994
-1.4663585063529978,1.8143363055953576
-3.4768063348501745,-3.236228645570857
-2.403179492801486,-2.341460433596661
2.5744746753868846,2.477393784126628
-0.9267802158401274,-0.4202074226021456
-0.307361076532796,-3.3351584958645226
2.6752325777193313,-2.715685018476212
-0.7415048448068919,-1.400057019268068
-2.805703702696473,-0.2563158040593105
-2.40950332423266,-3.190033605506038
-0.8978019752689584,-0.2988371628951353
-2.318463105351636,-0.6506106413040809
-0.5306435460416697,-3.1176718884626746
2.6217170872910605,2.653826918497757
2.8287055789494535,-1.0564990323030965
3.1845306564338225,0.3378930845922791
0.7662349824141041,-1.328225391874845
0.7890302310185409,-1.4538865098288083
-2.3764637538616724,-3.1730868655514897
3.086831939994873,0.3712436793484869
2.409497164674375,3.4012810682032266
-0.7847930157330495,-3.163594289047715
0.7207086729103889,-2.787150238114487
-0.46799912731787835,-3.304617506169243
2.9590722932393945,0.9299422154340035
2.7465421592204087,-1.353620529232408
0.544936958206807,0.9699466799756354
-2.32908179803231,-0.5867788423594132
0.6804641303823518,2.813427374322363
-0.8482721130173589,1.3474818046826693
-1.312271050938335,-1.0207069538238596
-3.3585307097279693,-2.89910532050618
2.7092201871888437,-0.06072862641055317
1.0127051163971483,2.4969313042736645
0.8044651853659215,2.617455513911485
3.2898277951915875,-1.4453143870049896
-1.3176622406569394,-3.35666743460315
2.8583477343702786,1.0344594879561946
0.542872808772294,0.1190584117234607
-3.0360789850014234,0.8211577273386902
0.26061516016451913,2.5787164855357965
-3.0336968709043726,3.736133244038163
0.8032439858888181,-1.17996862733924
-1.2986071485951536,-1.1832326306858538
-0.9179982018022986,0.6441092144190688
2.973057177961901,-1.0771514345364455
-0.6421669436536341,2.9642758319938327
2.554268786575308,-2.5086313731938756
-2.447224384005177,-2.5293255645133956
-1.0906121085085903,2.946578573369953
-0.8993115509058031,0.8381473677873319
2.5271514011928,0.8152421346944454
3.387071484298505,-0.9940647215415639
1.0618226105250634,-3.047556528843552
0.21547304396948969,0.3191838707160066
1.757862090375854,-2.543520598269187
1.0278072776606024,-2.662116418820902
2.758681005178768,0.00933374108556521
-1.341397418203421,2.825295760882529
-0.6635082922981241,-2.445596716067521
-1.4408215339353512,-0.8247999414236487
1.430000931045981,-0.9013154991042311
0.5912215836832374,0.6777563417157292
1.0937338181087581,0.6308001132013997
0.803572174337075,-2.5937901640913505
-2.7353459813250334,-2.4866137485664956
-2.710972409009672,1.3254870589210497
-2.357696199466257,2.787450576446911
2.829006649718345,-2.9345881344145393
-0.8467023029864627,2.3475581954763127
2.9119935584430725,2.711211248334738
2.747540460003712,2.494450774177434
2.9519174988743093,-0.5331768237161796
2.5010345318398755,2.348425372152721
-2.7573716261659813,1.7514752042693467
2.945986579832474,-2.9093958605155117
2.7174235523786243,-1.1236011018700671
-3.2220020587958387,-0.9307014426049613
-2.5697261279584014,1.1663914900699144
0.9870910147046712,-2.6493734566727385
3.1866577116517596,-0.47753254444765275
-2.995418810541959,-0.8102185790691697
0.9652255088320594,2.34170432786778
0.9052238775986929,1.4661034545887148
-3.4006260075927015,2.646423385356062
-3.019690159518114,1.010732245620483
-1.2266748523905497,0.41760535447013214
0.4500195409937488,2.5511205348970645
-2.983814075115282,2.469239291969658
-2.746155527480827,-1.1559524079641057
-0.7922483247285664,2.858243377290183
0.6197634311142531,-0.8368345419850575
-2.170437676971995,3.0278810943925385
-3.0849459820192324,0.8386204622617555
-1.1870762734638978,2.7514014049499407
1.0942340425573007,-0.7064277047435729
2.7673801156042392,1.103450418921481
2.445281428674284,-2.8398652203732113
-3.103129514110726,-3.015033150307052
1.6756040396851761,-0.8772092602196094
2.8662457058743986,-3.000478040339266
0.7858911730069498,-0.7243539097467302
0.5497831827947139,3.676150409137958
-1.4193848495691102,-0.5611163643004993
2.987010444924483,-1.588073745834084
0.8141391795844711,2.925839128511794
-0.8606174792001798,-1.6396571622428258
-3.205309470192375,-0.6948993186987887
-2.5571075767680416,3.1110954225945338
-0.7782424365937284,-2.4409605019979415
-0.8838391793361164,-2.572762986914929
-1.137126449707916,-3.0427597336564993
-0.7571119068155123,-3.066211934291961
-2.7996260709890843,2.3187496122982463
-0.999155389657391,3.542545649634609
-1.4679342258913366,-2.531102785447061
1.3387452180211092,0.709966704409708
-2.5288050104094566,-0.4056102775814664
0.9704237926592982,-3.2945957709731575
0.21139583598330386,1.4895479067141815
-0.9393142637889791,0.9597565345474153
-2.8503697151717495,-0.367658583352351
-2.4367918645745332,1.1625029889556984
-2.534546111508393,1.2884301252703845
-0.7640317461695351,-0.8434473068336853
0.5806044961728379,-0.7811976304708008
-1.2433136603998478,-0.385451042481382
-0.6155754006268319,-3.1846145319551846
-1.180013750857881,-2.5180047157551684
-1.4695192596847346,0.5237943174430436
0.8806749802475271,-1.125455039583309
1.0041128998723567,1.3616485602189254
2.443995107551546,0.6730706420112158
2.3022833342729876,-2.879950578505538
-2.663334751234445,-1.525494283967363
2.8713697915079117,-1.1315362046688107
-1.0028228473424166,-2.6200575058540143
0.16241611214197102,2.178588820153351
-2.9354910845455238,0.9694633717936657
0.4738799521019015,-3.0879204402235234
-2.28581354442542,-2.6414319746321615
2.8803799742229943,-1.0885380880667583
0.8121530228219397,0.5369219835283751
-2.8790464514490908,0.5555320560878311
-2.879863066703248,-1.1259634487139756
0.40427995855383086,2.1523657329352446
-3.5223982711884014,2.8060753703611128
-2.1840970232467716,-3.3092701227834875
2.483516964487674,0.6104522555510747
0.9152187873360295,2.5238288252861123
-2.0131624279137488,-2.901249202334768
3.4331486218045355,0.27208666631113454
2.408134273897756,2.245040374759858
-0.9653221870785695,-1.213011062221001
-3.380091940713576,2.836976516045039
2.7165223769794817,-2.9651060968925136
-2.2194913725296677,-3.379558376861451
-1.8484609190244978,-3.0768125071030017
-0.4548404953072787,-1.5034019482564918
-0.9930865071683557,-2.4345371436015943
2.675891002853971,-3.31851102624356
2.954184889064321,1.0983785514623974
-1.5409306495087336,-2.698125343158965
-1.3319132135308258,0.9849570302115607
-2.8960702136438483,-1.3093601583543393
-2.9840240495215196,1.1358331367025019
-3.289772899525992,3.009298162648624
1.1648588866752665,1.0641107304014306
1.5418324067835563,-0.7542336543389699
1.2377744535100244,-3.007005027299416
-2.689883717550479,-1.2296697678873931
-0.6408653725436118,0.7837378012974351
2.6453326631095684,-2.909143001951104
-2.38546624144926,2.5574201110311012
-0.9229898752985924,1.5237810062624488
2.7549204269675114,-1.0929902801898794
-3.079133858575149,0.1318866293635406
-0.771812216648468,0.3161347038751064
2.4553041538422957,2.6844570644794885
1.3485656072382997,-3.0440494644455494
0.7463286588240527,2.212988648928974
0.9431237290911998,-1.253250173417188
-0.5913658776362968,2.7401198958898885
-1.4486873972709806,2.3270092248594114
3.001979019804402,0.7244617048408387
-1.3090891192355136,2.5029517121990907
2.409306320640754,2.7965121118150345
0.8216087762183033,2.424500690790629
3.0439835880274106,2.5594812573781542
3.2479550368445085,1.2447532404932726
2.9111469727432913,2.3421768186802456
-0.5673541636188371,-2.311054894568252
-3.3498380940432115,0.761001159497779
3.6678922551206026,-2.9406277092729862
-1.462566521411675,-0.5630523942845561
-3.0065404631811945,2.7587627898930545
-1.6518216407723076,-0.6148988264013565
1.764354856880093,-1.3726834940527335
2.9104936677261324,-1.4322170996493164
3.4591614256945293,0.9776322568219671
2.9826662790762635,0.8618312232575226
-3.2496214033474358,3.034441239989708
-3.598374698738063,1.083601700532995
-3.5544477963323837,2.785708747317098
-2.800135900327047,1.3827865510535895
-1.1319583239811108,-0.5386498990689421
-0.9401239451736939,0.6737434738243548
-1.4809430327080866,0.7400482433226865
-3.178205303905453,-3.2076240445476842
-1.9333560810171198,-0.575276387113857
-3.0370910016105657,2.7899568530716525
-2.154945746874125,-2.518417642939863
-1.195559449026037,-2.3518645007346013
-0.9462184162470638,-0.4226518935643829
-1.2413655273794018,-3.3356854747936544
-2.374168954110889,-0.9407652849092867
3.3659625674697007,2.838940538519165
0.5529315283786542,-0.3370705206236428
-0.3664768613792146,0.5186051962896857
-2.1405289354079033,2.6279041150456797
-3.020438370329057,2.600841860932408
-3.250078573660778,1.3604158212553508
-2.6842704332813065,-0.7856005895708091
-3.251857706257459,-0.5219344502844371
-2.6597164817269947,-1.3591797408485293
0.4185115117828178,2.497372182577859
-2.268436343531419,1.4028791644688392
2.8486030535088323,2.515506736714498
-2.5548944640618494,3.208840478303613
-0.7844720151091464,2.606785594996924
0.019479497212213447,-2.7405587397095292
3.2014938291830677,-1.3104984385647895
3.027954517581115,-0.8227394430601409
-0.8667504905422102,-2.920034396888714
-1.0955723003196578,-2.631954294208046
-1.9103402423409594,-2.9783793593165906
1.3216919518867,0.978732973674647
2.4577066807107975,-2.850551502817977
-1.0378426101110398,-3.1075592961832363
-2.7884767152722656,3.4057691278036923
3.2113753982398143,2.218117614829146
-3.4444524727040124,3.19556822403885
3.5952855920267353,-2.7770868761223113
2.4239079940513286,2.1374191533564564
2.36048777951581,1.0095946017260475
-3.7185997945146236,2.558490912626108
-0.5581286549228411,0.7070273043501292
-1.3209354257965094,-0.730959084107732
1.451269846862352,-1.308384503473918
-2.8659205944946766,-1.0079171912800688
-0.3208206249749722,1.142483289403518
-1.3777307422909824,-2.260539314058959
2.7187668339533464,-2.9399286600417667
-2.404608177348086,0.7758147725907433
-0.7508176569687491,0.6322781620079748
2.552881217594369,-0.5074637200172428
-1.4938178247078893,-0.6727380649519906
0.6160667967589815,-0.03136471488557267
2.857369813363377,-1.2549887750538542
2.648907940422814,1.4910685128437653
-2.4267464251286603,1.3653814485925106
0.3565355460106943,2.8337829908326713
2.2116448074794715,1.2060030561019768
-2.778916231862021,0.9658714603013494
2.6666789228552163,-0.6658540112264535
-2.296842628689026,-3.6886676461972336
2.5854452174225195,2.835407033367771
2.408473224495594,3.1081653554446285
-3.09784028948127,1.4793881738886843
-0.7077271477607662,-2.780527568682028
2.763926869745922,-2.877698465230237
-0.8002536076552822,0.9811485428994531
1.1672559774951283,1.215525949598827
-3.4444394408891115,2.5539723732738433
1.1696032644759184,-0.5155083073765971
1.256577837367277,-2.82619720298146
3.340720325562177,-2.5085590919021454
-3.4393850784976823,2.196228074844203
-2.744109417104809,1.7735003982925788
-3.18225654952793,2.7624809309767318
-2.329719324063372,2.7452249218174525
2.044632655950695,2.083592286456241
2.92852459048455,0.8862796492709023
1.0343482765668492,-3.185303026132802
-2.6582526652073666,-0.8033786027377763
2.162758767191196,-1.076392472275726
0.7766635297720815,0.7826635322736241
0.9859434199298108,-0.7471954865394566
-2.726184019616978,-2.7613263584439918
-0.9200287631035827,0.856370971978125
-1.5125375506471246,-1.2356640958795875
3.1160657526488316,0.6163958280878402
0.7045110814088409,0.9309527030738977
-3.54478935909929,-0.889190778937665
3.483741435359913,-1.537110908618365
-1.0411795730548887,1.1475917373884972
-0.657333881442778,-1.2368826957798589
2.850662638311018,-1.4831540929850462
-1.3100243283354212,-1.322543903630127
-2.282857351668303,1.4315793563496766
2.595843587889088,-2.691078378368652
1.1955401042602845,-2.802326197223219
2.992981363152609,-1.5238542557433656
-0.8511739740293871,-2.8331970706119187
-2.7053653917469,-2.3062228943280627
-2.850506964876989,1.0637792245995707
-2.9803186675231492,2.4862202811766507
2.282422964202438,2.561907263991094
-2.9917400936529877,-1.1739914065408743
-2.3302342686308433,-2.73613224594268
1.296937192966781,-1.2842898992147453
-1.2201058353277565,-2.3888354271061574
-3.2778123086974325,-3.187871091008121
-3.0583805960139547,3.343223574220609
-0.5487905237816202,-1.174916735578888
-2.7621921301608667,3.486129456681272
-0.6688437193240827,-2.7307588342195666
-2.3332535770883283,2.807109541649584
1.2148457843587601,-2.7813747667097712
-0.7981947754459052,2.8301481233796757
-2.469320841347311,-2.426503414091322
2.8309205747794555,2.0594164384345035
1.0746161433433414,-0.6902589661428224
-2.3324634338923187,-2.798976438951581
0.4700914160480835,-2.7467777641054267
1.29615664789284,0.17674129281522882
1.0717573377614293,-2.0762258088831116
3.22191177606907,0.4374927090322038
-1.8586002664122478,2.879742880844741
-2.7226638934252274,-3.243022139821248
1.051667408430388,-3.1044532097131134
0.6655893692872565,-3.6437896465464457
0.5567852821297348,2.6601547924464644
-2.8167416854981036,-2.916480057952719
-2.8748106814766894,-1.2311967432438469
-2.8398910499235286,1.1456629679634132
-0.9545492487086851,-1.1333952317040625
0.8908195234576696,1.0636769708060652
-0.9716422681282713,-2.7656983963937267
-1.6687511080586093,0.5156261948897727
1.4979545176566342,2.734861822975615
-1.254535082942063,-3.0651673753174866
-2.5745445644168967,-2.652438521300589
3.0859928991742422,-2.923325970183647
3.014706410167092,-2.31534677749283
-2.6264877496715124,-2.523939957791506
-1.346832734573998,2.2709628513014115
-3.6042637394951114,0.5885677712438225
2.4292692901232886,0.9417337463881746
3.3235855836987085,-2.3322662205557565
-3.3107185708934677,1.8148640848396216
-1.1222970915824184,3.1815423619125394
1.10508625060218,-2.9721509738127723
2.537007351632217,-1.7421213496692043
3.0632821245935196,0.27104257243567437
2.6514252159109115,-1.8758519800818827
-0.8526449547244866,-2.7203012680029204
-3.1387929482505132,0.8428867854043692
3.1930059219583113,2.5852951871394394
0.6897412330040635,1.2566300745782317
-1.4491921615439458,1.8543591022584176
0.42717887647479597,0.9427254189323829
-1.4314544889034342,-2.652375589747962
-1.9317514007932446,2.8011851462990607
-1.2968328719774882,-0.7852004468798587
-1.3638067268573595,-2.726614950749191
-2.6212240867474996,2.6585290832439736
-1.2788884483304734,1.1148056440683152
1.1540368585382956,2.8810740414759444
0.7673341236797622,-2.4064850976957786
-0.5354277803837915,2.348747019688362
2.8584519945144815,2.7651610500069546
2.522510928239854,-0.45623143897740825
-0.9674988156456039,0.9397409556822727
-1.042556764887542,-2.8720585667217144
0.8219888521336617,-3.4949169457776565
-1.3183833856774898,2.636145110506521
2.206174948364151,-1.0587126906078002
3.4885791537817505,0.7828062488040259
-0.641237228036882,3.181490735227305
-2.628492221820306,-2.805877325723715
3.123868908575799,-2.8286694030438886
-2.4942398081591715,-2.0770277023658608
-2.384473068824516,-2.996808899645585
-2.260460687832575,-2.6947677214411394
-2.951669267159757,2.167463107412079
0.7422955560911837,2.6798740793005793
-0.9991205674640797,1.102213122510783
-2.763013274695781,0.5744536174805298
2.433296328559479,2.555818134865147
-0.5986439182212994,-0.7893139965120827
0.8927682991027531,-3.1597996861050484
-2.6435990699136647,-2.5068874713170604
-0.9763625703818457,2.7073812388086265
0.353645444014056,2.6558695265798096
-1.0773033522324804,0.7377412877570207
3.271336751880272,-3.144912901492203
0.6548458871912701,-0.8220429079799775
-0.7652110618301238,-2.8033838071995008
2.038669169194286,-2.6427208856903337
0.7703146181653237,-2.8552413582702023
-2.522754539997007,-1.097201195339619
2.525231629340199,-1.0292134743200634
2.6675100147955293,1.2184568448221285
-3.3355902235050903,2.0466003802255575
3.1882463362210034,-0.48210824701675276
-0.9144404674406339,2.267336588843553
-2.8539310604525103,1.3619193966035217
2.8345508617609827,1.0374767186368012
2.757266436980296,-1.5018564039869124
2.6759651244339806,-2.7524757138790092
2.667895841875081,-0.9760884841775967
-2.7686279906640925,2.630994260101992
3.0877594540107314,-0.6400174470829467
-2.8234180396531388,3.042264865169003
0.7072026353799523,-2.2272030981270907
0.9391948610841742,-1.711960567741302
0.7619092971344026,2.965982556750144
-3.1316783963180392,-3.173204888887826
2.801229850765473,0.8325912408021862
2.0336965657003168,-2.831276416066775
-2.5165006273252915,2.8325864497779394
2.2158046812324543,1.413977369822944
-3.047436451128294,2.779312555112224
-3.359979962896225,-0.4189313581483372
-0.7164146862779248,-2.98780739454057
-2.614472884873803,1.8299449981003622
-0.8140463506166365,-2.7883057899226733
-3.109880312272542,-3.3700280781648653
2.8241438571150406,-1.6006289347094786
2.8279757090285003,-2.90536365619929
2.130830653649591,-2.7472324400322337
0.545673098165745,1.3749346239896656
-2.819353876973352,0.9806831373748292
1.135759646810258,1.0437872567989395
-0.7047497028521735,-2.8095975597225333
0.027411743910755126,2.238842556261805
-3.1540444546639304,1.024933814444131
2.9262096315440176,-1.6598610677333947
2.925028472633712,-3.0077360008341794
1.245944441043326,-0.9462833876066514
2.1359482374815157,2.050531267717599
-2.551460116063176,1.4330885867338676
0.7674053966517459,3.0625801186593287
0.7300871255319702,0.802043337779527
2.290936397330533,-1.330039042604597
-0.9409519922961191,-0.7447486930091706
2.8971268649967454,0.8118901493026173
3.14491908370206,0.9972834468338966
-2.4364606957296564,-2.8415384880602015
-0.7713376038517005,0.8363847199383329
-3.121960857374375,1.1279409554236433
-2.258671379076927,-1.373701728837206
-2.9808256677809415,-2.506921547515639
-0.20261109083155823,-2.5255924968758174
2.706344855769489,-3.0728970183281246
-0.3844308055716686,-1.0652567352348492
-3.478260684292919,3.4867807741601666
-0.7861682454426349,-0.920065553854526
0.6300169333511478,1.1209487751417475
3.071563432234279,-0.7514542116499093
2.4869382053702274,-3.2161770875279285
-2.666479107536176,0.6045060412483497
3.3974278029695384,-2.61041525648904
-0.4074130586758138,-1.2195252155158012
-1.4097595802449474,0.833840043399475
-1.6119760841946669,-0.5989538764978676
2.8211826861691547,-1.1826343502561085
-3.0601704050938423,-0.35069265894429236
1.5888777065883886,-0.8353430003168845
2.588379573632798,2.8049992581146364
-0.26511077260067084,-3.045566828457451
-1.75722716897797,2.5907135829588577
1.4793569313293176,0.9308401029111952
2.977389844901732,-2.805324800866893
-1.332050094347823,0.6667147296496597
3.2368784628615797,2.490003921944261
-3.4900779279761815,1.1637700898349987
-0.7042912746619727,-2.6636143859917674
3.536043571223398,0.5585960181319544
-1.0443313351883097,2.2575656990546773
1.4198266523720808,0.9392480351740966
0.7281838356729003,-0.6027636243503596
-2.9064060953393667,2.959876643441418
-0.6563199919271832,2.7839274870889024
-0.799280173691177,2.639689428548081
2.4626737946406254,-2.9796829241394334
-0.5620064669996551,-1.3563690963739934
3.6073007969399624,1.128838282449548
3.0781601429183403,-0.8338328922318752
-2.969425375796486,3.3133688365248744
-1.6701247734355922,-0.9144616428531614
-2.3118981260868807,-2.2384484689283295
2.168311232893217,-1.5386616209261252
3.377930606793793,0.7718928257721202
0.3277921156328142,1.2156880606397986
-0.7762559709337645,0.8640384550575447
1.232097209380994,1.483930052615868
0.7201465596630492,0.5362657285553833
-1.3817507659414756,-2.5114818083013657
0.6819458351242292,2.6085839234630224
-2.3535598981457997,-2.485196608843533
-0.7663346201347822,-3.0276818128024328
-2.6277638169005497,-2.8142126826296083
-2.378138807983414,-2.358948636579053
3.8682033955235844,-2.911239147719419
0.9052345451519223,2.8402741784661503
-0.9222160016696366,2.5623710597384024
3.025405954555489,-0.6666676146965858
-0.9085390228445281,2.9357695135333604
-0.5095996891069312,-0.9438416441139261
2.7378445381429675,-1.2170973867214439
-3.26771162248901,-0.7574755860189515
1.0866339008850385,-0.7066127909741813
2.897915169174817,2.9656134190487995
0.7533023254053561,2.334307991377938
-2.8607064352581366,3.3143147411894565
-1.081096349449444,-2.5669585899800076
-1.0423922408893518,0.7697300274905124
3.1649100303029742,-0.5360970031167175
2.7229421295350615,2.7305915353552845
1.8668394814388982,2.7796222866713753
0.7557899866944776,-0.8683727934668769
0.9654241636186658,-0.0023750010522279167
2.9361092940305906,1.2941675369259447
1.2082271178601787,3.067881934193345
-3.354397233349356,2.894538716455557
-2.4613809838319978,-1.1559542156759284
0.7091429801639011,-1.6756760755390225
-2.0403801124505074,1.245844894014056
0.6126916493226089,-3.4391576514137734
-2.281359225764372,-0.5897079226974552
-2.5333230671712665,0.7454750524139055
-0.3280807762302382,-2.757227213955244
0.26475372037359474,2.660632461085509
-2.333783769343672,2.949653824322615
0.7800758309154321,0.5290742066415632
1.7212428089424376,-2.899101743655557
2.650085808566555,0.918420065953897
2.415965332870172,1.5021383086089566
2.1392671426931,1.6100364575171762
-2.7836299187028892,-0.9606804556172713
2.397428270474603,2.7567828982286118
3.3605477732678213,-2.52494863994683
0.6660283669879468,-3.434903290710748
-0.688576993105405,3.132968948182303
0.6985224772858394,-3.2528505436852053
-0.7054663844968596,-2.862683385437129
3.178991386191192,1.218256060169684
0.8511849388326048,-2.7137071540815816
2.7169312452763688,-3.6638509624238584
-1.2811118014248575,2.9309268781837448
-2.2533866023702585,2.72918563760078
-2.5174938208453383,-0.5677085645990831
-2.4595215001417543,-1.1552183999666499
2.602092294508848,3.0421068264123043
-0.8957492870785804,-0.2335417932760696
2.993640697222357,0.788585068512572
2.889336109936173,0.541433655278855
-2.9868505968745236,3.290795221554256
1.198483243050987,0.5857999835837044
-0.27888811085791915,-0.8769909460730781
0.6261923619551308,0.9350123592661027
0.4842616510808558,2.62957725916115
0.8653790042110732,-3.372102028665722
0.24874895812750555,-1.3137677144903515
-3.1988655841723443,2.930078702381994
0.5949209993596764,1.076681498245077
-1.7422125308930767,2.893370739430956
-3.1669944885292884,1.3462685184697019
-1.1035479192168203,3.165928884596359
3.4532880560662043,-2.8234283567519927
-0.57455036485723,-3.2478273641076907
1.299418831760749,-0.9417187108532739
2.2238179548352313,-1.8725795808582264
-2.9179553458746,-0.7065205750281655
2.9172082675737427,-0.9754215609203135
-1.142379190785321,-2.6704148040509033
3.4099429873866836,-3.790913478091976
-1.28290906881965,-0.2656303090490665
1.2861678568411348,2.709737730619315
-0.8461015115962819,-0.00941862365774952
-2.7533165111002527,0.6102494822499415
2.327323599747591,1.29948792886855
1.1121107388043874,0.8425782431223603
2.341497410509082,-1.0248298753929581
3.2440133770441326,0.7680743643442802
-1.354954507934835,3.1524552384002384
-1.2965994380715753,1.3850981619122813
-0.6933833060082306,1.065977620622963
-2.371066308196369,-0.36125333456919273
1.180603145338283,-0.913690402156901
-1.0291149886433464,-0.7334829895585397
3.4761466366084894,-2.948164481491097
-1.2253229545852637,-0.9155545753589995
-1.1866357838312878,1.3092616090443803
-2.9592333976136147,0.6223401026970072
-0.7163462730838729,3.083992768767618
-1.5671518575074863,-0.7501124757046188
-1.4277677239644326,3.0543588228480973
2.6101548443860163,2.114428471987039
0.7589935600084413,3.043469129673136
-1.5890080268296636,2.5156309774333256
0.9681227819166266,-0.5506170100767841
0.6376327931458269,-2.8836270131757082
-1.5960816595919134,2.804657015165598
1.6927175046179168,-2.8169517743735892
3.367016184841269,0.19587282633048
2.831821634895622,0.842948028182378
0.6200389158311889,-2.948623537079368
1.0029729200501678,2.739250050267792
3.0355381896232156,-0.9273889428300391
2.3317812717673267,-3.5650690663715072
-0.7337157708246332,-0.4381661616873555
-2.71888215134123,-2.689224514057099
2.902161420922513,-2.907781939806419
0.8860530981850435,-2.98894764074954
-1.7793871286068783,1.4376916746430872
3.628974662202998,-1.5443504845563314
0.8084401443474971,2.6314642524734393
1.336584487046138,-2.3315451899899586
2.6757477375676633,-0.4677067577280932
0.01424715297651909,-2.5030649933894873
-3.311601175216054,-1.4858047378148769
-2.5327704778367375,2.866055288719169
0.8879454073846557,-2.804853728747002
-0.9902888021148778,-2.5290444448278535
1.5664551818156092,-2.5814634765410798
-0.8593249686131379,-2.9093113082559654
3.157412487927126,0.7514429155987484
0.42359973544410234,-2.553227801124486
1.0173894707249533,2.7199082125430643
1.410507407220529,-0.5420541408486383
-3.1574348106940815,-2.576210264216566
-2.2693599973976606,-3.0851824807493227
3.1579970969731423,0.14283258817935782
-2.5206761267610833,1.5951218748032594
-2.4409888454270963,-3.002782090841094
2.841971429326946,1.2273672913712637
3.1694075218157693,1.2554302114413272
-1.4814216099255504,2.820112856154811
-1.1411330554278578,-3.027030961828194
-1.6978223864916133,0.39295415830424396
-2.515601375289837,0.898030133148612
0.6013117925255982,0.693941113817273
3.0488020469760087,0.80469885291667
0.4938086884860307,-1.5716069100616756
1.0190830791056689,2.9687763743401314
-0.8352601336712381,-1.5900280404046814
2.5407160188377826,1.5181511596079353
-0.5469433335880186,-2.8052491835882565
-2.9780160281193653,1.009673490487764
-1.6317500820283144,-2.9464972698950382
-1.132772991075845,2.7102628936519793
-0.6082398480015982,0.9895562106901626
-1.2862058296664949,2.7129897562025653
-2.152566887263826,-2.4254275033273633
-0.4345215252517183,-3.46982682390034
3.279557149988717,3.192445554315766
-1.2434415077963763,1.038008852720621
-0.6868062868476271,2.9077619652564524
0.4393364179858778,-2.660643533374623
-2.082695060593305,-3.0080175267819267
2.3833752062573557,0.6560729959481033
2.4872049255360165,2.4248488062345896
-0.9593495042427994,1.169638355796539
-3.0199585108260645,-1.5462211175011296
1.217164522285674,1.6948360486153624
-1.069101350349873,-0.5965211757456846
1.0709566029786637,0.6882883162299986
-0.8227481861035836,-0.585293366421151
0.7253354422915773,2.827214927801685
-3.1316639393276864,-0.37163592610724894
3.0663698677269107,-1.1274205920434717
-2.900667180591909,-2.4476388876558275
-3.320177172430999,0.8580834065930302
-3.12682301302599,-2.400476400860356
-2.9183812909190037,-1.046310188546522
2.488678470748305,3.069169980825776
2.265405749454408,2.5429233263007225
-3.3253289860430475,2.9204193583211224
0.6858168137399295,-0.8916837855802399
-1.2884981876381831,-0.6653429502926024
0.6866698847167297,2.7650458989311435
-3.0195283764878837,-3.4681122183512034
-0.7153727361575971,2.5438544494756528
2.5333287890549276,1.4842233399510394
1.1643325774246212,-3.713552372112474
-3.466469574787928,2.895884189131721
1.449142110680078,-1.850972342595554
2.055764512830582,-1.2503151586418453
-0.5295776644583775,-3.043348929503646
0.8582251395236362,-3.6176816377627175
-2.8172491592357276,-2.7792336438652376
-1.013870417847666,-2.904201974973621
-1.301475091753344,1.4464046703467124
0.39268313345297984,3.3842114007436352
-0.9530845266485477,-2.8568487518626666
2.723051623779879,0.8647734758232849
2.2290639392032476,-0.5804883896413102
2.802517031779622,3.1777359271869217
0.6945268620657988,-0.6001219332308606
2.7873639070798797,0.8530843236750006
2.855516875124002,-1.130184614551849
-2.6587383949130743,0.9668896353565803
-2.34199675749228,3.356438156634332
-2.67400298359543,1.426154413907255
-2.1032880347758804,-3.064519791628005
1.7445859564247495,2.486258539831506
-2.3616480458713003,0.8986702052572108
3.0824277817178394,2.3958260831367366
-1.17562695354545,-0.8020370371255202
-1.270771702142294,0.7744548344673963
-3.057499396143728,1.4875588416279766
-2.4799689001687493,-2.4420636545641305
0.8905860847131581,-2.583213995663692
1.3549743173585025,-2.875487086166922
2.66487866810175,2.185524011429741
2.98229667061032,-2.2361509510124526
-2.1687016236144316,0.7135223193971292
-1.4558603509414454,1.4901638526689296
-2.7925429320003503,2.9811455449254494
2.527802926202003,1.2211602450034753
2.932492976402624,2.5004643266444417
2.759500865546324,2.9209910916776436
-2.2088274606095677,-0.5020174495985605
0.3499844835378567,3.002738510450871
2.8596311471983547,1.1252418062026492
-2.4615114508190645,-2.4764751385806005
-2.937241308104662,2.9710391066696253
3.1205878743927555,2.7017150627068003
0.8460171555308527,-1.0058346406096
0.7788497408958159,-0.7753914909871097
-3.7704496128759173,-0.9066568088351461
0.9470907721188491,1.3749532540811489
-0.8190304521602465,-1.05103916532645
-2.8394441183043875,1.3882993856648822
0.1960618666867855,0.6714790726418713
3.271635314153124,-4.091756727370939
0.22739584059715554,2.548005615256606
-1.3308114539650844,2.5982768056424486
2.5558753362036546,2.850403798508291
-0.9456243575610316,-0.5121284213124624
2.8331354946243996,-3.2070543999408083
-0.9107839145317532,-2.861871239490609
-1.185288044635043,0.48789492762032394
-1.143629622313013,2.902551972465158
-3.133182120911863,-2.7603786663415586
-0.8105038852222242,-2.4480846592210903
-3.333743228695,-1.0056475290506586
1.4768907542191891,1.7849359045679234
0.9130149511639964,2.5330245207067303
-3.0594862002099545,2.69151814442177
1.0664236222301988,-0.19416940752557968
0.974157900262651,0.9820962630366499
-1.120820140247554,-0.9852708150103991
-3.4470449919395243,2.815024346581877
-1.2975379458427831,2.7976019002794614
0.4097886141903951,2.0993451779095604
3.3219256226219196,-2.4413417110967237
-1.6870592897528907,-2.3192926850768543
3.23958018294757,-1.0990286249178411
-3.390512434776711,3.2404039522082027
-2.5164872583895828,-1.9705171425224095
2.8795078373385867,-3.2646381676755367
-0.9605828630934542,-2.046354317531054
-2.294488893980433,2.7705390095333353
2.7019434454305546,-0.6136925289178167
-2.8606017099727743,-2.6362304457183647
0.7159802006779159,2.243226814168001
-0.6415885641019339,2.411827648123296
-3.256148162702219,-2.5590900978047473
-2.8450557445647227,3.23185684368143
0.9695817521682857,1.113644254772456
1.252991183851322,-0.2908676168967231
2.614296525622732,-2.796882186536447
2.9850557213491915,0.6911580277039656
3.029380730842721,-0.6131575827303956
-1.1351746169334187,0.75601452031016
3.355122945129518,-1.0066721837328851
-0.8393813413230242,0.8497013728146328
2.7850794859795016,1.3973014638525298
-1.2135302387181464,2.5345723483071354
0.770513552254869,2.425963667094055
-2.769955933159743,-2.3664376713137814
2.9094601218005582,-0.5761227703485994
-2.640593324766032,2.932986737126409
-0.8548139377799148,2.8296782838261985
-1.1900125264956949,-1.0197966448056077
-1.297410567018848,-0.8476723672092752
-2.8794236779394953,-2.5432299069905695
-2.1524490443573314,-1.3155562501563385
-3.222136478392726,3.1120205707470103
-2.460441112364421,1.0864269375002225
0.9509728380047874,-3.193804650235095
-1.1253945815647421,-2.7646429557474836
-2.820465038665405,2.676512422472626
0.24991106753096934,2.6196598943208547
-2.867642559328709,-2.5858360872026735
-0.5453719285400678,2.972258215823219
-2.7433677336833866,0.4996377656071929
-0.49903890288764285,2.362043552676864
-0.7781870641926085,-2.9432967335967186
-0.17603716905576877,1.7787252176840433
-1.1607909939749177,-0.3329374075365076
0.7953825048701308,2.5937363870987085
0.7889446595056651,-2.5305247092950856
-1.3719659254956844,-0.06270538454849782
3.176118053603093,2.5861604672061493
0.5548932411595605,3.1826740941674307
-2.6300796650568654,1.2495183351462817
-0.7531511474323701,-3.324398864194215
-2.341971367288672,3.2512407344670295
-2.77055015602074,-2.3525168835177035
-2.591971768282711,-2.1155720720561293
-2.665277245467631,3.188327732527964
-1.3081179662935092,-0.33561948415649917
-1.1859422592370785,-2.9796940872012487
2.773658758340999,2.7177365700995813
2.328702518106198,3.269091924951176
-0.7707726490876102,-0.38105261918033567
1.955681830879469,2.713829750066792
-2.5986923752438598,0.46760142626162676
-1.5718063948273102,-3.18773666491913
0.3638978783844578,1.3846674593839234
-0.11869025488123838,-1.5613836283119098
0.7062263874378376,0.8753774908507219
2.4986683529503284,2.52253051322752
-2.831340486824115,1.5558804559679298
-2.145097769618752,-1.3443062731854192
-1.1653997904896913,0.8043908096493334
-3.2531202167331585,1.3655992571657645
0.3194919711943763,3.828264043425725
-2.367245229775016,-0.7788209469068847
2.9851191933054806,0.8422086777857916
-1.282052778214148,2.903325450396159
-0.3163646812296912,1.6947536384334665
2.332915042242258,2.718635147240109
-3.06265850667203,1.5525970729441245
1.2847205138889732,2.2348029792217696
-3.072462048986987,1.096853444153001
2.1543310225743557,2.5099898112451346
2.0973069460040192,2.9951602666750934
-2.998942974117869,3.081123407380303
-1.45580809944199,-3.075522835262562
-2.8880188892616827,1.1187275564718444
-2.677177101801111,-0.9106376015950851
-3.0532784432014504,1.1404722638318303
2.191386898119705,-2.797523986805619
0.8429094258225176,-2.365340756934933
-1.630003658836428,2.921119529058894
2.5741551416330606,-0.95436484326711
-3.0399766344617065,-1.060858440041195
2.789055886611987,-0.6411379760055381
-3.75407888875043,1.4308807417109157
2.958295053576977,0.6873345128834526
-1.6279043210360031,-2.905180528779369
1.4152740774457908,-1.0775274260200953
0.27418139271686137,3.326480492544835
-0.8934626429909301,3.066823898152475
3.7635924100346623,-0.721195472399683
2.2321476988234923,2.6299536436807416
0.8358907947715963,2.188877072868106
-0.45085728516269113,3.2161926462283095
-0.824163930667939,-0.4569190397660068
-0.28615266023748376,-0.6656547979946141
-2.892863722423518,1.3954452758560505
-2.7854397737589256,-0.5692492729397226
0.6761521936468955,2.291445283651663
-2.725656811393324,0.05932371405094014
0.9758589154094189,3.3167258090384886
-3.0583756069083265,-1.3671778217708372
-0.5740601797526942,-2.7896965874396473
-1.1538701295633214,-0.5024815320352813
1.2405028157221265,-1.3143037602094112
-1.3218551365375433,2.975848960226401
-1.107173287521608,-2.88692256761762
-1.2501495252289885,3.417937433613284
-0.6487852416694112,0.8704169831409606
3.29016858774667,1.342782188525213
-0.9377467426745424,-0.8918725147613507
0.9591542408947672,0.8863503659219022
-0.9409422206798407,-0.7125483145550303
3.1020612605589104,0.7382756543834702
3.434134692051034,-0.9325132373799198
-1.1304067310267063,2.0439707461026018
2.845459043226935,-0.2016484857361954
3.0748687988177346,-3.108038296194023
3.2547000060178504,1.9986398640222829
2.286369927001375,2.637848652405442
-3.2193873182722563,-2.1502382758093996
-0.8738885154861257,-2.831946739222569
3.162190301582516,3.0272054308950196
-1.4765224863649515,0.8112648705557315
3.1689855779279092,2.999784677995273
1.2191305825440462,-1.224149302649137
-2.800637039260393,-2.6648620431381285
-0.46206125622228433,-0.6511483087806171
3.8400242664880158,2.880751658382849
3.697965415884543,-3.22495169630498
1.1180672034057657,0.7249023141088642
3.310329326301236,-0.8901381515692838
3.1382340004786142,0.35175239638570316
0.4548354185419239,2.631884817018477
-1.0238241291567647,-2.642755948270957
2.3678963036458094,2.373307238805034
3.0045841251800725,2.2492253155744217
3.0465273858137896,-2.7364641191217056
-3.145089833390918,-2.728858708103814
0.009291889468947167,1.1772861286873824
2.9988788168645755,-2.310554726288892
-2.5330336777003173,3.1478113273428687
0.9521296067874756,-0.6758458051174182
-1.0085517896675003,0.766623813843323
-2.81037254942827,-2.2982248039179587
-0.7685044992843949,-2.9889270604554077
3.202659288581552,1.0611150142766754
-2.5506591357538935,-2.8394211634096815
-2.3545233211640206,-2.867388213524105
1.2182056993425698,-2.6902785509684946
-2.4854383306126424,-1.3161399787940566
-2.4274653756842532,3.482450191672949
3.2933723015931418,-2.9751502999266983
0.7389392047051747,-0.4719572151919943
1.0700651046564473,1.132965262429155
-2.655107278831686,0.794404844580006
0.7879876397358552,2.733108398385647
-2.9746336846502066,-2.2454989234617844
-3.15273952308966,-3.4258201908835777
3.457459917071912,-1.1368773182649052
3.3051037548628566,0.6278400120119355
1.6250689480265699,1.3008162906661682
-1.0929400919507222,-2.5177379113646965
-0.8107360646533078,-2.9820287078160157
-1.1934533456550718,-2.5790757478627055
-2.5730730373063904,-0.9648635032891613
-2.6382293955472256,3.0263717097249665
-1.367217659728221,-2.2998142691245778
-2.9614372636333774,-0.9197257778942735
1.633920417931478,-0.6626318914043395
0.7107624896311091,-0.918724093032836
-0.7067956194440186,1.176161894277341
0.9425677803848339,-2.7517910237128196
-0.6978577866573304,-2.891280549772475
0.904541289022978,0.6432518049639199
3.0635725095847737,3.5473182685227003
-0.7707410695894176,2.401723498204308
2.538049778706014,2.6880601680313583
2.1732200858329613,0.34253619514059136
-0.8752404398613739,0.9768848237810556
-2.747060421479845,1.4068675781682185
-2.9129786299784537,1.2523028339858153
2.424976760117157,-0.9365644973714526
-0.9503466344176696,-2.7465488059793595
2.787604847753969,0.6760829494333606
-1.0303550849213237,3.1664349413875232
-0.6624227045722565,-1.03394801319692
1.5413096673313202,1.1544328604110126
2.7674336095677172,-3.5047134283531403
-1.0275946094365997,-1.3477009061459826
-3.0013013989899973,3.0805457585620277
3.0741171952156843,2.612934286545098
1.1309697463275994,-2.8439528250022303
-2.8965105401310223,-2.73383309337084
-1.1968928802425822,2.8550730728701237
-2.5396695119309496,1.2183158038905442
0.6028827147464446,-1.0873854175484414
-2.165892484703774,-3.2099469803614995
0.9892636704300316,-0.5541673583597978
-3.1926705680399734,2.9918259453395675
1.0145983754289838,1.1090117144200609
1.2186308717605965,0.9542194903883863
-2.9523511618648732,0.6167716430220352
-2.061934772288251,1.0458161194896367
0.48259514047303553,-2.420689780424742
-0.9501957778220568,0.6585196609626437
0.10665711439205613,3.0303635701221525
0.6907408761808868,-2.851098932865801
-3.4731795693010428,-0.4409400817695363
0.6720190932248117,3.1012405017722458
2.443638893293883,2.7736067884763984
0.8805559794314692,-0.9077730547655593
2.657287451891397,3.2778107759592436
3.2081403543021163,-2.8873870847387058
-3.259644509473117,2.7123791482249024
3.5829741224694254,-2.3802859985041973
-3.3238041832369047,2.554764829185076
-2.6444704636526617,-0.3491818639167777
2.558758352172935,0.5060577738460709
0.7264807223672768,-0.6312182905097394
-0.7730581654043456,-0.7023092565808121
1.344346325307956,1.2651943268782884
-1.2357270871742994,-3.2072780389840663
3.2956084758186357,-0.9374746209146122
-2.6677740226452333,-0.6763396776454311
-3.3998881509192103,1.8234220185137182
-1.220446770072203,2.733004385310625
-1.2485196447288003,3.127396720722271
0.8633709069184067,-0.4760253140835629
-2.9004577440867085,3.090138583215937
-0.31098953879681085,-0.5627888512799195
0.8963885225246847,-2.790316102256896
0.776962407292955,2.8033911428183793
-1.3148320736242574,-0.6835761124967429
3.252744286703954,0.4676990908363045
1.0498341280973793,-1.2509112450881428
-3.4697117854975397,2.727397662449489
3.0797758312649743,2.445463569213693
1.2601453155100513,-2.9814875951455684
-2.6684004796946095,-2.827764619837932
3.723131412180139,3.0403231306624363
-0.9935020877981975,-2.3496036564174982
-2.017572057502324,0.7270273576137279
-3.197336834331554,0.5388669545445343
2.551755548357287,0.26606922674332567
1.0030227893629637,2.878167868450128
1.118436664221792,-0.4883354573479388
-0.9611981810187682,3.3718642271848855
3.2934787616214427,-2.722275719554712
-0.9292674971823428,1.531774879326905
-0.8312368709753059,-0.42451654320306703
3.222516539020011,-3.231003814628965
1.1926495129580363,-2.924805199520437
0.8876159058268941,-3.0950971835081544
-2.987387481979058,3.520391345931665
2.9901630079070873,-0.866341908670372
2.998593626956981,-0.7805870152157396
-0.6563038325984127,-0.5445133156373091
-3.223572963761466,-0.316818255410065
-3.1770107798242417,-0.7016979961033355
-2.765203774405431,2.5425666382553236
-2.930206606548489,0.6799536204329131
0.5330849658743122,0.7816959547539507
3.035070402797918,-2.8989707325894494
3.3188488705812356,-1.2737664547183336
-1.0062179440298018,2.473673306346522
2.7331991737012413,2.9849064184450924
-2.996153285902783,2.4242116527736015
1.156192000412901,-0.7035166867691623
-1.0003298396921818,2.664497580167393
1.2752401549599608,-0.6067814045128437
0.8822561170583253,-3.296190461950929
3.653078363134826,0.8844741884886211
0.8352780345099499,3.0184859459568516
-2.9275316552089947,0.8072574993960341
-1.1423610583983845,2.6303884737250076
-0.8908974571287902,1.4159292164990112
-2.4983086310738916,-1.2133517103010332
1.1294008118920806,2.8893714890826963
0.20071511848013882,-3.1698200689141465
1.058221616808785,0.6046182757777474
-2.9097376645602573,0.8207950328828438
-2.525020207690451,-1.3056437159626464
1.1194980537631978,-0.8801976379818439
-2.3863336451151644,2.1956778347395427
-3.077285879942276,0.6717664344022874
3.397647377909497,-2.954276691189424
-3.0517793788481855,-0.4397830364028398
-0.6125500192132696,-1.3634528609765884
-1.036287307172295,0.7404389169774683
3.1005283108792026,0.8675945877542758
0.2493936317516926,0.5608826548467054
-1.0212940168315268,0.6606745388867981
1.1818339740125658,3.351729488858158
1.175502271209144,-2.7601672694504584
-1.1709270390389224,2.8921554974947736
-0.5383096970920305,-2.1661977573266094
3.2748449090830225,-3.686652292014571
-0.6533243348498158,1.40186109146179
-3.0494365281685227,-2.7342674908006135
-3.0372776242773587,1.4206512055344798
-0.23060675137165726,2.5522354804869893
1.1929083656435266,1.0623311134403297
-2.7362679952964526,-1.2919232037639232
2.7501707071901564,2.668262445561265
-1.2770581819428712,2.65550340626481
-2.638073846039089,-0.7185738404413807
-2.721909048658385,0.780357922432661
-1.3699843550709294,-0.7696052902222017
-2.9543315753156922,2.7972727438058143
-2.7501395471461874,-0.25878136541330415
0.635436699322222,2.421277932759221
1.6966578435770725,-1.1877141711456016
0.6780706933777992,-2.9271280074633146
2.890877184035841,-1.2312412577960439
0.8367513829161772,-1.0046465615189104
-1.8956984850593757,-2.574814212165486
0.7655563446989445,-3.474941874491659
2.2021129771018826,2.701861664198908
-1.547439004734531,0.9803214240014347
-2.6283495783906714,1.4285215606881545
-2.6133722247568176,-2.5574600776474754
2.7807936217856515,-2.8187995097823855
-3.2739867500468147,-1.0049393194960694
0.9647181828136437,0.9887136793642473
1.2001120381099337,0.37071824635989326
0.5246714891025113,2.706019306648937
0.3431331403975749,2.1197392064385276
-0.7002608671852885,0.6475066076612711
-2.923558942607285,2.809491286595316
2.89337134507483,1.3537086270221466
-0.9410830472797694,-0.4866598980245144
-2.740056489125824,1.099311411145448
-0.925152653793945,-1.1322733404451688
1.1609839924358303,-1.3381664751125493
-1.0400081011336566,1.1167268066007554
-2.356541657937809,-0.37088386528528855
-2.241611098815242,-2.867420197613283
1.7876534301762272,2.2963208498476892
-2.2280486592415034,-1.9158856564507736
2.667549283053952,2.7121278645631586
-2.2589673438237194,-2.6079215050052467
-1.4778127583301306,2.342948539922243
3.3747302331287283,-1.1937820476592294
0.49203225318394755,2.8110348661979425
1.0176451626755432,-2.7370794744364515
1.3734411669586657,-0.035194754497068007
0.4178372105872532,3.2350889620028163
-0.7550753330913773,-2.846164871792356
-1.3188414393912185,-1.8756850420726934
0.8794140682453441,0.012051253291754424
-1.1379777143572753,3.1048633848058365
-2.579543602400625,-0.586261784273779
-1.1953303695234292,2.6596582348164843
0.7727412523652236,-2.844175075071427
-0.9976568881852552,2.6714377156660833
-2.7100732423752683,-1.7341458089377861
-0.8145859482188007,-1.3956272060685655
0.6750531664091537,0.5063196562272388
-1.3068799495606236,2.5871596145862816
-0.6706384406103936,1.554217540724167
-0.806396012297035,0.4157197745222139
-0.4994678467515222,-0.7637638887514572
-0.9089261128896863,2.5227973697700707
-3.3899166058370183,3.8984882654108217
2.793434643012689,0.23246234243987607
-2.9698086715498193,1.4374151632157948
-0.9021054347061358,1.1351850050001022
-3.135026061604076,1.5461502072728421
-1.0732040907077007,-0.6521180272781252
1.3428586886827631,-0.9961969991766869
2.6420744820665227,-2.599222121569592
1.68924861319952,-3.603650717324819
-3.048351038555641,-0.7890465107181158
3.2162597513389617,-3.0347839372656664
-3.1178077199835434,1.6421535677490655
-3.0633351324218103,3.021769274757037
-1.50233593587688,-2.296203783643167
1.2116828299723497,-2.406527724472381
0.6799447073183258,0.9406655128290448
0.621322066544096,2.7111326180803363
1.0810802834271143,2.3346522686817615
-3.307404797134858,1.054606819866952
-0.9678641299577218,-1.11874546193374
0.29546532102648276,1.0547269597053217
-2.9796449843091377,2.634531178623164
1.1511013863254769,-2.667891324173005
-0.8796747666734808,-1.3832665899135324
2.231537721682548,2.596541014999447
-3.1277252244452165,2.628089307610316
-1.2169526857414468,0.5455668848419782
2.7119826936209113,0.37256371081555645
2.71649287765068,2.5718003315555404
-0.8769222021280663,-2.5881960314135197
0.976619249414587,-3.1957827971624173
-2.8421973113161063,-0.8400722723961326
2.955229832778547,-1.3210982430119083
-0.6999241147474725,-2.0839674955141687
-2.435959784444949,-0.9803521210603963
-0.9926502220600182,0.8024337772910037
3.261953203909545,2.5927243576758916
2.6840224716742704,-0.7643461905147989
-1.9440138542859358,-2.8331764255077663
1.3890405678947333,-2.9882633653961284
2.6863015789982976,1.0807819117517874
-0.27102753017054454,2.8179473022569343
-0.7333730272848358,-2.831818635897094
0.9707293337688196,-1.196037874239344
2.3585482380962435,1.2526408340125506
-0.6498776457885047,-1.2795098132916753
2.9503972559583125,2.753446165378366
-0.9174210143008239,0.7713634124520795
-2.757678369743531,-0.7913575659530737
-1.086983373113338,-2.655025988224299
-2.8856154959285893,2.4663812106975604
-1.6859195555391124,2.7121702941712775
-3.066141309809477,2.3955669506402617
1.1311264859620498,-0.24584897962085508
-0.7437665441606902,1.2881537183915623
-0.8696685055681178,-3.0454507849046486
3.2054338615671605,2.887645397259733
-0.7680279527237057,1.0024248269716174
-1.4913665396968,-0.6142485042295138
2.828729846188304,0.9618248720090933
0.35463340964821377,-2.699496560270217
-2.545142549352471,-2.7438153641965775
0.8958685505808527,-3.029563713689444
-1.0257606121541887,-1.7170908950949353
-1.063704516843809,-3.051489105923139
0.942147985679726,-1.1379752053338497
-0.34092134340753294,-0.48400288037198663
2.5320482959811437,-1.3718057106215598
-2.717149727777496,0.8668661209295985
-0.4797776269552093,2.7374499811497284
-1.1655954324046227,-1.784847006801767
-1.3295536974408804,-1.372791647007358
2.644495769705603,0.3416294898383286
-1.1047047242808632,0.7501270989253195
-2.4247441737146427,1.6175111630808419
-1.2665162892129707,-1.4072251596566374
-2.829034631889437,-1.132106279655027
-0.5323632408116195,2.9458855139972036
2.5880475904045683,-0.9073355982398212
-3.1455530838448036,3.661601419040626
-0.6695317549312763,-0.24252445269268674
-0.7314979312241299,-1.4708520027103784
-0.932000181333266,-3.5281656711216396
-1.1769939869085253,2.2108134939862136
-2.3071380841736624,-2.7773888834277565
2.241260776776942,1.0309127067649708
-2.5554289189069213,-0.8548893789041628
-2.31913501570781,0.5330799669318838
2.628964461249285,0.545952180528439
2.5230115278725864,2.947744562692143
-2.396410596469519,-0.988081377670699
2.5734415814555196,2.5667386470047577
-3.267580637250768,-0.666955995074068
1.0149696002212623,-1.4672995051351316
-2.9106933843663136,1.4667220099705118
3.4862299897175513,-3.6298864291685904
-2.648231515355099,-1.2450470151687854
1.0545285258716135,2.080163316521731
0.45616679909843494,3.023826828334378
-1.0134299369320976,-1.2594526356836557
-2.5286508837123454,-2.3855272603485664
2.935218116004959,0.6980559754158566
-2.824717562495287,-0.2150753630381584
2.656706651819713,-3.349712694281665
-0.9511918122412454,-3.060346457605151
1.584444161656157,-1.0922176952943605
-2.4059531749598397,-2.8950291419704914
1.1947971667111559,2.9832937243834334
2.5765097015657945,-1.4035879879302002
-2.4792560686123952,-1.094943230568832
-3.122590371354897,0.43751284516296146
-0.660431262496103,-2.6592002192285515
-2.4380457069154975,-2.4750525240116983
-2.566292735055266,3.1030100942109953
-0.8342192201920468,-2.438548720550255
2.426499660011119,-2.848007937784828
2.466429396972266,-1.367235724605876
-2.8852731378437926,-0.3704992147796829
2.914808457192463,-2.8225432634073417
1.1840294599460435,-1.283840239571121
3.205518774142056,-1.5863846072610444
0.2316932061114614,2.4904155431864545
2.5301626145470517,-0.47804952121986277
2.401327763747557,2.455380196283964
-3.3050913937077757,3.1037930363012705
0.20690797126289706,-2.6755829465492034
-0.8682046803173317,-0.7524453349969314
-0.9271571294842759,3.0714083406592088
3.47794639031483,-2.0519174798771767
0.6344932628361108,-1.2429970496518867
-2.5463709626812063,-2.358738845429529
3.2303506673344455,-3.276539380950992
-2.005525514195843,-2.480554028609499
-3.053805501475904,1.1479523046387339
-1.2718937237252765,2.943218988793495
-2.9442008407018534,0.5508874531516329
-1.3835399742284669,1.849596594652532
2.492519560902536,-0.4422526265194009
-3.215147215075293,-0.46788874456229784
3.683900186595059,0.819957729571992
2.91379214006892,2.375490617357619
1.8278250714821433,2.864371630743196
0.8667187728466931,-0.6668470285352718
-0.9020298110996856,2.6636239253814105
-0.961987866081799,2.6670060620226783
-1.024552282518708,2.8211701847152777
1.1538068803938142,-3.6022716936420114
-3.1541601207323504,2.267803934249408
-1.8437482149400075,2.895625118262443
1.3509258493953569,-2.664738844800577
-1.5170809344148377,1.2449814803704458
-3.066260942304866,-0.6703168847423879
1.194044323936477,-3.1481706179641717
-2.7007507244953506,-0.9939634988429136
3.152744567787426,0.9207251226407082
-0.7705005082670005,-2.9856918853187127
1.1151210463983217,-0.8102891183722549
-0.46004238024069244,1.2152747168329112
1.1550458726321073,-1.001551412493586
0.7736917000832964,-0.7118787741896183
1.0475024828438324,1.0496861976716472
-0.7633714749895503,2.9335664394611305
3.504519338423167,1.0405231588243946
-0.8765496126406541,-2.763010414308967
-0.8057902719415192,0.9600633536602252
3.51030333169042,-2.977451529041773
-2.641010791376632,-3.176370060806758
-0.7436585481622511,-2.4417841519219525
-1.5493409165713246,2.9396883724705143
2.632470368301071,0.25018930763373487
-1.3444779365767916,1.2916159204911686
-2.3919677090068046,2.4812918327526785
-3.6790476536160748,0.7472172008314305
-0.15067675230350835,2.530805177623182
-2.6342162926466286,2.816458629997788
-0.99358566645372,3.1585300205426874
2.6187531304241696,-0.682722108265098
0.792141730375258,-0.9140136294811786
-2.885124805649814,-2.274233606165792
-2.991905166506236,-0.3128003872679543
-2.8476043460776896,-0.7072673519610058
2.502431743374616,-2.855691993817396
-2.77383252151875,2.844436346607735
2.954708298022776,2.8277139817807906
-1.4574199851057625,-3.004459875745489
0.24845182599826351,1.010355082446503
-3.269858760423013,2.478675413764333
-1.1298180095376986,-2.5442560061118833
-0.9135468172654206,0.8146504268437351
-0.45991539806657356,3.1700509546356423
-0.48220126100385124,-3.394647986409729
-1.1835716140097823,2.996595088128694
-0.4095942474751864,2.6483605998842403
2.9555142876421785,-0.9653887906868827
2.6316187518321073,-0.3629834173952536
-3.2586809381725987,-3.0836269731123074
3.3089680622925903,-2.5159126838111576
-1.4813798439339567,1.338813418970736
-0.6334155180780693,-0.5392122667004707
1.2209329684256882,-1.2254461470566471
-3.144078719878463,-0.7517179265349111
-2.8261832301068464,-3.5856349707554833
-3.2842563692884124,-0.4691237722925528
1.3737826313182935,2.7123259986354067
3.008810275303387,1.2051327101289724
-2.798046115176142,-3.333095894814393
-1.1565423432195105,3.057270656062825
-2.70469286913052,0.9910233218863722
3.0562191725726464,2.243026783804942
0.941705142817538,2.5369755381707737
-2.8831713272216235,3.439631455887826
0.7458979171075446,-2.7783613350595395
-2.2002749111287687,-2.846505305351411
2.0019608072076225,-1.2024794645171037
-2.7346731767881463,-2.9680589070896652
0.6132921676397848,-0.792029334094929
2.693664729989964,3.055047176469477
-2.578425890496957,-2.950692001403026
-0.7283701879256086,0.5459798186296129
-1.2479289158453915,3.5570942553653944
-2.5250769450607073,2.0801133771449534
-2.7958570334615396,3.028129809525469
1.4019401251799501,-2.8709602402885865
0.30979632463631623,2.9217059990583114
0.9666382048312425,-1.017415424011527
-0.7070411768280997,2.807403635376358
3.4262861141898586,-0.8525853579021694
-1.2574957697329585,0.796380681449806
2.7548865529824567,-2.8626172306818742
-2.388960949115328,-1.3901360326274277
2.8993730754461144,3.704627024473646
3.194560166387956,-1.123614379390886
2.5044453132634743,2.841685678996064
-1.4174950734681757,0.9299980448804932
-0.6020025302129458,-2.3928653422584016
-2.705299074588088,1.0981460904661156
2.9663636143599703,1.1113640694710254
2.6740922303630525,-1.387901436675031
-1.5581869026013218,3.0140229916602412
-2.8819818142211733,1.466578841481732
-0.7157936316114765,3.2109014637142432
0.7888245622318867,2.7741063839492233
-2.663796345227443,-2.60908033274077
-2.725852516644752,-2.798296298281382
2.6072085259245847,-0.5909396062130188
2.5617810902580866,0.4214887671318768
-2.699311019332303,1.3646716048556051
2.3091548683454834,2.534875815052637
-3.147560646227464,2.7760155486735565
-1.2309769455529664,1.4654050912859296
2.301971185126186,0.8376486863584713
-2.8794931429919135,-0.20332217677245143
-2.796910871978888,-2.1655003350806665
-2.4554281725895124,1.1436837185148052
-2.851322767216308,3.032270366942065
0.5471543446282441,-2.681952245702547
-1.6113461352792584,1.3532230763073219
-2.6615894768641293,-2.396978362748419
-1.9230625223020767,3.1552899605267277
2.9753113879364324,-2.163442872376384
0.7085626966946542,2.1215201626339324
0.45713553050454664,3.1763293712383263
0.882438891344558,-1.0419003015079868
-2.773480540077312,-0.07334602696717267
-1.1725628987037815,1.2902568583331229
2.8908540931268956,-2.7956907565087823
-1.1289398719316086,-1.179320596097836
-2.794010951783795,-0.509338972136995
2.902010414152877,0.5886600067354508
0.7718526188296383,1.4970529887442037
3.309828753869674,-4.017160387102879
-2.6984227970859798,-3.3675140748992436
1.2635106682521753,2.473312105715896
-3.374661246849601,-0.5020303427410313
-1.0319205095285866,-0.09109491817050218
3.3954538731884774,-3.4369153688276026
0.8118147650959494,-2.7417975773029593
1.4280997784435212,-2.8714478534326373
3.0255818429107797,-0.7066660078070733
3.6312669287247084,-3.242848824989669
3.1883152774459047,2.593700503477195
-1.666480251757436,1.542243738592427
-2.288779322522911,1.0671655113418335
2.530890035040259,1.2534063048018076
2.868329401470402,-0.6910064934749759
-3.0729337929047493,2.369950279562152
0.7350499742002127,0.9637977652780205
-2.6508742058356853,-0.45104305860745325
-0.28009293693907295,-2.7863713509879946
-2.9982834994336884,1.110667552144316
-3.0047894395876216,1.0361825236174986
1.1827394403477651,-2.5250665262822087
3.5187261430810755,-3.0373755446202124
2.9472937098213303,2.5967668419380794
2.830249405644786,0.6194486547829077
-0.9676918076170241,-0.8032645572389642
-0.9201160902912126,-2.8954132077937067
2.9298428967379113,0.7385066694075394
-2.638534583030436,-2.710869242251637
-1.3083809047316584,0.5062673878505257
3.0394658404764456,-0.41682397179545544
3.2514907361760508,-3.658148972824596
3.058978823772731,-1.0929582825487543
3.716553930025787,-3.199654697732257
-2.7418716662264657,0.9084340267483163
-1.4111599791509417,-2.82419026498652
-0.7274458799742283,1.2671651476224473
-0.7882191826874332,0.3967400824537925
0.25461256689693224,0.662228842520376
-2.704821146021338,-1.1188276406960158
3.347832000612176,1.879763734681458
0.6453435666011357,-1.5366135237690919
-2.8468417734881157,-0.7033602039698231
1.0336965358234789,2.682432651926705
1.4027230414075567,-0.7776909967270709
-0.6251949162244563,-2.7440307741753465
-3.1544738032304833,0.44423897161422665
1.1114187145004284,3.0788365526086947
2.980225383519624,-1.256247339611106
3.281772610360739,-0.7340975811068835
0.7479654598479614,0.5069308321820877
-0.7389489354702159,0.8262208978742583
-1.2259276594045783,-2.2624999862527706
-0.6171607082252785,-2.8544615646185667
0.3182219700928067,1.2909371832981658
1.396187895594427,-1.4909729875814641
2.5618069708882527,-1.2513606438704454
-3.1132118573957324,2.4918433185193045
1.489056535451471,-0.7478286017825597
-1.0439077269760186,1.025805837678165
-2.475469946964944,-0.6302520294898464
0.12422811992675545,-1.4592993208373568
3.3475981911012553,0.8573537975704549
-3.7007670604264256,-0.7265414211562716
1.0816909709360074,-3.6041303120556862
1.758751026073783,-1.202524369671152
-2.4930567918104,2.255152801630172
-1.532181348729877,2.5244814823581954
-1.9535840272139784,-2.8628057463491325
-2.9003688975231596,2.2348534977141856
-3.1654867314344224,2.7128342915799846
-0.7114457701479785,0.7211601067179018
2.6438055537069265,3.059061432186755
1.077485984054708,0.827712757328296
2.3518279399617055,-2.924785421203864
-0.8845297780438934,1.391135317971608
0.693478967974993,-2.832714431267912
-1.1034418868138056,-3.2723085591131786
0.35816822196433473,-3.029935867360937
-1.7916593188518848,-3.0568292348755075
2.6682902315345935,0.9033667721773659
2.576591303898797,-1.023588500611464
-2.4597425467107996,-3.08436080330072
-0.6883930075411866,-2.422906759029474
-2.1696941175229894,1.3610147114873012
2.727196973409798,3.101610821885141
-1.8025000914803637,-2.753129415630299
0.17180523186705926,3.163019188103398
-3.89701622029265,2.710890628781093
-0.3684719274966165,2.3823238566975413
2.805800335933374,-0.7435390964695282
0.9345028293228563,2.617749502756172
-0.9119081045487777,-2.5199229691761342
-2.9531834408575772,2.3478519942782055
-0.7915761997909493,-0.5807493212305704
2.1095721234819007,0.7524827573449288
-2.7516415810561496,1.1488731188606194
-2.1258102497891156,3.395476436861212
2.6303498512886136,-2.5209321417596535
-1.0979357791011986,-0.6197426178797438
1.5114440661389532,3.248642127495781
0.764986886166814,-1.5825392569369725
0.7559271597470352,-2.730477620922384
-2.6392682923246715,2.9016995799519423
-0.6092745720005861,2.9610644317620114
2.3597194521702995,3.0905474411381957
2.3101522110336643,-3.3601631977991278
-2.5183755162908272,2.992108075681711
2.9157499496469628,1.1824599373475524
-0.8191034291135768,-2.472620673934342
-1.4237450587972593,-0.44448691789978345
-0.5864431719841088,-3.462788662616923
2.4243042278103646,2.3878373311448113
-0.9058530589198928,1.464979400527057
-2.7274363472762393,1.3549710951200444
0.849636954322557,2.3810635834055693
0.21294025962659496,-2.554966465911644
-1.931699266407033,0.24176296609743986
2.424544642057637,-3.0884757604804824
-2.725558430790135,3.0681107846451012
-1.7787247144166083,1.3286701394154525
-0.5439019486057856,-0.3099480593633259
2.135753513169717,1.8543822629932818
1.1469236190751853,1.5081645376085258
0.9431784406502638,1.3276713522166916
-0.8892211107274425,1.5112157759787983
3.257196164116303,0.5754436839088589
2.7395686044348593,2.3419181138938776
0.9449409777985323,-2.476195781690702
-3.1308855860861646,0.822547696500142
0.9583536695167005,2.2958062414683926
0.912221261786906,-3.3035787827799044
-1.7940023366460212,-0.8135608101376164
2.6067255665260474,1.1043593473562898
-2.8383467254288375,-2.2837674889149446
0.7260723077554877,-1.0573577528604445
3.4828717263846505,-0.9687366749662794
0.6517921121469549,-2.413612047076282
3.1497417085953012,-2.9499197621007736
2.611907094707982,2.7455294363104326
1.0613636995422888,2.544169190286537
-2.7248858882108165,2.6070215731864463
-2.641653454484805,-0.49780438459229487
0.6383231283788164,-0.7383821198800683
0.272796696764227,-1.0751241512615646
-2.6892572891611386,3.2323090000736046
-2.093602543559164,-2.7644425349841213
-2.930257243449403,0.8294884582850061
0.8817316442725456,0.9734826411757945
3.1682747755183183,-0.9813673946418587
2.564526455410225,-0.9632911871156307
1.7025110904944096,-2.4860888139807056
3.496345751290805,-2.5851753454629702
-2.830180088040062,2.2372143312192367
2.3641402189484357,2.676609265481871
1.4425951939269839,-3.0955498156999184
1.1254809697623205,2.630745496471894
2.690969171300441,1.176299311884561
-2.9538397695514615,2.4481107748804836
-0.921100372616777,-0.9198110719646269
-3.4038449746740214,2.8661616308093616
3.2267170619483334,-0.6974853958099361
-1.0385845152108424,0.8897485505610253
-1.2567158433618995,2.630381129152941
-0.759335035949062,-0.7820464671446278
-0.5849876279574169,3.3765535645103797
-2.619968654505436,-2.542753354866643
-2.985924380576898,1.1684001480215012
-2.6534828099804355,1.5442911837125144
-0.7386931689160057,-2.325141484871345
0.7578325604271768,-0.6140400764100866
-1.0607565173789972,0.7528744210794129
3.081848429955354,-3.0328153756516563
-2.0562739108471977,-0.5777599453688651
1.0603132507424782,2.5972629158065415
2.4875675555264016,2.383876517744885
1.3625123717675722,-2.548964248172949
3.2861977903539183,1.8964468890614505
-3.4509599857273217,1.575368198112857
1.0797791659851932,2.382188511946301
-2.690826488924289,0.9715978971745598
-0.8339339256276503,-1.4694934572457834
-3.346769887777091,0.9421656019074068
-1.5368015689905576,-0.6852060795230149
0.7945713288652034,1.4350694618732052
-2.9292053203179984,2.4083793810066236
2.2169947336249667,2.7849639851145125
-2.7919729562220734,1.0242956353653803
3.060855008660054,1.3292214075544688
1.6526757589671328,-0.44037758094830187
-0.9934926401442575,2.707232562495329
-2.5002736866961954,2.7569424403515015
2.389691768874652,0.8610945191212994
-2.868143825606338,2.988727949660908
2.8464836591733595,0.32476967754630687
-0.9507876924329085,-3.1303757396785503
-2.810957785291874,2.9269753126391613
-2.5041703476453163,-1.0182682844696727
2.572576740074552,2.5758988205565103
-2.7507392778167032,-2.3029338623295508
-2.800922979316247,-1.314165367451622
-2.9911572957495247,1.613464457286419
0.9951096429619342,2.7538735840907473
-1.2908974470420367,0.6743821033924042
2.921816129365266,-2.3630092267411205
2.969201395860189,-0.6013137655049275
-0.43266510360624943,-3.054581003826698
-3.574924901284648,-1.0575653515701744
1.451845136565958,3.304204467078271
0.7025442301913313,-0.8374032898554292
3.165290240071969,3.3023067076907258
0.8140102883927491,-2.2031819657645086
0.8011116217334064,-1.073555460390189
-0.8524203881865543,2.758872633612665
-0.6234038424570523,2.575686563252502
0.8163746395979116,-2.8934609448298874
-2.548259260472769,-2.60117255340663
-2.6389384750516824,-0.6602312192097703
2.2940863866677703,2.5227376150174874
-2.742703603216171,1.3644147798930764
-2.722754042319914,1.1734774139283612
-2.4158712087136056,-1.3175292665560614
2.5143025159316514,2.8450476041892663
2.9927988629671214,1.347589115694723
2.5124410855550963,-1.0936487774737422
-3.201665520063513,2.71491325124153
0.984691872546812,-2.919777821577238
-0.9575961797757979,-0.7255665231004256
-0.7764729510604799,3.15841246942781
0.49566454123020265,-3.1634133002554656
0.8475681456827935,-0.8672280256669347
0.8258830501080405,-3.440334690847994
3.0504863429118476,-1.441505039995565
-0.9806947106553807,-0.7046755547286878
1.251719593495109,0.8513397825507553
-3.0948455180012235,1.2024470367719289
-2.931411633702835,-0.6219454219035973
-2.9691132186110587,-3.1185404129466527
2.561384913059513,-1.476803701169519
-2.713104312975848,-1.6516336055506957
-0.9068093410071633,-3.279048067118201
-1.0802718642389821,0.8208862677232587
-0.8570345267840895,-2.5828016807151046
2.5942386240247757,0.6463357960219008
-1.2349384613528085,1.204724340479826
2.69290489008165,2.0027692487513153
-2.6974957774592987,-0.48838260131826017
-2.567820311107991,-2.754903084325095
-1.352268140213519,-2.079228480085115
-2.935537251776789,0.34156618869119076
-2.429376227427897,-0.3774338772718042
-2.858344396975851,2.724478220188451
-0.9399969957415113,-0.9577284475192128
-1.3691107043744073,2.4371459746847095
1.4399354063145844,1.4114549316420042
3.3925472864662245,-3.859243105836178
2.9675445189984004,-1.0210075365570046
-1.0103976444655567,0.45678151448720866
-0.5747159363098344,-2.2027614958790513
-1.7082130007281844,2.5299252604824876
0.715807966751129,3.2904412189914507
-1.1457947068046794,2.544647300385525
-2.9862379235112955,1.370398891698239
-1.2293326525997388,3.6773433988160025
3.234844201300549,-3.0211675489495713
-2.95157303805872,-0.23178556756509078
-2.2508224497324902,-3.4036282427086886
0.9638671282429551,-1.7452736952763626
0.5809925141306123,2.591072878295082
0.8557652445810933,-3.0654638011762203
-2.4915512376406506,-0.9504405795355761
-0.6519709636024579,2.386723087131578
2.89438448447177,-0.9211677362973197
-1.2065031488111642,1.1796270006543037
2.8881315711709425,-1.1848086811407543
-1.1541298123211614,1.4494771251454854
-0.7783508019596668,0.3776617643547135
-2.9191581306207537,2.467958525833536
-0.9999661637351901,3.0274455089566334
-1.198242527467347,2.3824696188875936
-1.316580047731533,-0.5394489792835164
-1.0372712726279172,2.5971490250901943
2.680801449480885,0.6135771359888977
-2.515905758104941,-2.630129203916846
-3.2068407499085994,1.1061095666674665
3.0799240700189734,-2.578432344049174
0.3598557582441587,-0.0760233597568703
3.1417432762185857,0.9987323814082265
-3.3117155989259577,-2.4290192385845653
3.7201200595279387,-1.1540855443725062
-1.2741415343855875,-3.083002615696518
3.0729227238374324,-2.8349300961595865
0.7520391064436348,-0.7016173594851002
1.3648431919366921,-0.8134958857471106
0.8392455668230241,-2.3598177485749305
1.2343375879402374,2.1278415517016525
0.8740680982856778,0.23487528935436383
3.0012527371319457,0.8214848718256605
0.3062156480731255,-0.4977147168997799
2.82106510331884,-0.741868345624124
1.2652480580802237,0.3492455385661184
3.1372135031662642,-2.138670302606324
-3.05503934310528,-0.6144887726978503
2.9299773389976034,2.4157383846575313
0.3184045275023144,2.121679776101389
-1.9926082796442737,1.323481344509589
-1.458007948955372,2.405437918180119
-2.730136317062762,2.6941925222093563
-2.6866394804384495,1.0997994814082035
-3.0140170480085,1.3761806561598509
-2.7841497848359156,0.7691623423804029
-1.2332921513678787,2.508980747981416
3.2456640275221735,0.9842213489234771
-1.1682539038112045,0.6463031287251979
-0.7517739951909549,0.9054252676437183
0.9540816854775754,-2.8211743702937415
3.19389855089144,2.7142639982891144
-0.9034836287099652,2.7986502086057885
3.633118902407042,-0.7890135290608663
2.9344744823194278,1.1275648255288362
3.1887682169792515,1.5895888648709422
-1.3768748308224534,2.178516559448486
3.1720868730591096,0.190874449155555
0.8674844668041153,-0.29463412293630836
-2.6497854598321045,-0.8923925668907415
2.670370728185085,-1.0207596670797938
-1.2138940128203317,-2.794346944111307
-1.212472213955468,-2.9894864859885177
-0.7381048290783918,0.6242557029643082
3.467609480798845,3.4330922143514395
0.8464774755338852,-3.0394168545686195
3.2410355958053785,-0.4181456617128863
-3.07272155346803,-0.9812229736603947
3.53303824689376,1.1651781968328312
2.782484787502411,-3.0223045928211536
3.1604713226905514,2.5428221851656416
-0.83907734955939,-2.84906187016422
2.540449862317374,2.64645598691174
-2.5201710450170607,2.5639086485134723
1.6366033751143323,-0.5732231932641632
-2.2878097271158953,1.5253618355191987
-0.8320216066182683,-2.81402239655112
0.7063504203283302,2.369672048987621
3.2721176403822763,-0.9599039404181394
-3.366205843201377,-1.105924996468204
1.5239487365128581,-0.6032502978385579
0.6651411321266444,-3.428585933166829
-0.9133154312966418,2.4879313991527248
1.204848307045396,-2.2871924909155545
-3.0501172349629835,-0.7778759247586021
-1.9588642362144553,2.7026323537130983
-2.5430967194430445,-0.9395754717788838
2.9027372365786235,-0.5201432093684011
-3.238833432998949,1.032403107640069
2.484959320972305,2.651228876753298
0.9595554968758365,3.1918072705642624
1.5012285851170037,0.8543642037145049
-0.9661944762004503,2.8250277632362004
1.2839419986650433,0.6772772203176138
2.9091034139665486,-1.2437530182653311
0.27829158421714995,-1.4355017094177078
-0.6232875753052675,-1.256986887296555
-2.503782462772363,-2.6903497245750967
-2.371531287606632,1.04347606958915
-2.111899565734007,4.191963425068168
2.896221259400951,-2.232617682635656
0.8471781987492542,1.2144151449116674
0.6990555638891276,2.6818017691684144
-2.238815520289886,-2.9423710973933415
-2.513176356319976,3.4924015667200146
-2.273804854226677,-3.344918839348075
0.7752012847401742,2.6898332875094004
-3.2223836924533673,-0.8982666355362783
-0.8436565558744058,-0.8605315750879682
-1.1173647516442797,2.432089195379244
0.5478288321549587,2.8465322734311176
0.8785000460001691,-2.4067689564063732
-2.522890066753628,-0.7591948999310218
-0.9484326853569637,0.675283049480604
-2.8225238257505656,-0.9075239884941851
-2.676117229825726,-0.5794473338612437
-1.2768956961106688,2.595647374194665
2.0414632117590994,2.446653416575448
-3.0699874014540804,3.31218882380337
0.5109192172834932,2.855309812328967
2.5581612951603785,-1.3957441933765693
0.3161900469257214,0.6822193186515076
-1.1899901232728338,-1.2351473536207718
-0.44785943991531924,0.29221265098154514
-2.6708160149566575,3.2429137096778833
0.9021064556461973,-0.19122093170948404
3.133913996302987,-2.815125962079222
1.9147870035419983,2.6555770957501843
-3.068563452478356,1.7336426050445375
2.884492209407985,0.6258232959150117
-1.6846140407764796,3.1450459451732686
-0.5892546233790323,-1.0930761171352543
-2.477218279627403,-0.5469692917115143
2.6818416141082713,-1.4636776786074417
-2.1633988266630544,-2.3276402674346235
-1.8225156915682337,-1.1892190686652881
-1.6849674854011156,3.2774592607098882
-0.2741483316612227,0.8922992246350521
3.2520422397233886,-1.3954708309068318
-2.7426628268382163,-2.482784432951363
3.0840904148200563,-1.0104932633253934
2.2153795948881494,0.9862777373231097
2.3177777811227935,0.30130843429505855
1.5874790581447842,-2.7251717440591072
3.0068854888586602,-1.3144404288812006
2.1014591506656775,3.3274062621258262
-2.5613128034079544,2.8257189592414624
0.6357495021398921,0.8960129308059318
-3.3034768214411225,1.6916801935670762
2.536205410326474,0.7413667769413559
2.606463318280347,1.2792013138008869
2.9455996743298782,-0.5363312466068783
-0.6626855029015895,0.8455324979201961
-2.8284069893752766,-1.1397664851262488
-2.7616953014868124,2.659541505329014
-3.1673692930504598,3.346544239142655
-1.1424661981877835,2.959747603451543
0.4087811042961306,2.6120429786457153
-2.1279265240460137,1.4294055298340833
-1.8395663148217427,3.0473383253562214
-2.397604916568237,1.6136833808305926
-1.0949820580063954,-1.07025616712156
-2.8046069463066794,-1.9909236410562487
-2.9149223389682297,-2.549569682293653
3.1541209831404906,0.3092840167317622
2.604772455504729,0.2734441101630343
3.0706799736134727,-2.695056120457703
1.27540360133673,0.5649186367146007
2.5249662061942506,2.5680294647579536
-2.9154135909983627,1.3425103185032534
0.15668765604321938,-3.0974070769952884
-3.2539142300994817,0.7832848434491043
3.315677656922435,-3.294323400709764
-0.5597405560613404,0.5929210822292507
-2.687394743250223,-1.7627737962696859
3.5820060745345814,2.8370944889158967
-1.3477597966204735,-0.30105609286447105
-0.9398210224030709,2.822396348932636
2.1912857735211113,-1.4858631169931982
-0.7503604945314074,-0.5204310951859221
2.697796346956977,0.811674307654556
1.529764737213771,-2.758458832733926
3.2486745328485194,-0.828900765774656
-3.44100736259703,1.7214573413324399
-0.6361815529437107,-2.870669819478536
3.0019617393391744,-2.9895003347797675
1.4430657350695728,-2.320867107311623
-3.1378793884707745,-0.8842454862155398
-2.9810801900490085,2.773403642854514
0.9267544465861164,2.749255297034053
3.128244242149899,1.0310493794539284
1.6677890548297032,-0.8712696674393854
2.6883194813360047,-2.428671788289835
2.863992803266516,-0.8932703625953399
3.057640043462317,1.319178936571548
-1.0898076876610927,2.371314445971253
0.6878923146079381,2.9991116408772744
0.547735044279253,0.6647024565621354
3.4066340500790053,0.7357806479948795
-2.8949458009538938,-2.6553615760722282
1.1857183094470694,3.3300456338332958
-1.1930356930829444,2.4924507066058883
-2.2447854384585195,2.3256298534074147
2.930637809397117,-3.0291540195722093
-3.251247449861478,1.1678925410286465
-2.7103049241675534,-2.290441129871782
-0.9535702725583632,-1.1756636275973689
-2.1479354074747086,-2.6147057133876572
1.0733227635358429,2.311706905230662
2.909684396814467,1.6367335840587511
-3.1270422210043103,0.1388645935131451
3.1377002713938786,2.6727123873291614
3.4081574158599683,-3.4694837565520014
3.1402889648082914,-3.2020013103978604
-2.1322105304552177,-1.6434099445260806
3.3399501107967953,-2.827601305490421
-3.2670451025225202,-3.2100122065927703
1.3410172165784966,2.7826247835474915
2.6715335836973564,-0.6156926717803755
3.293856333643017,-3.65854413632588
3.0412326264932434,2.782801013376115
-3.2966379320757593,1.3627553431852906
2.9134689061110772,-2.8339700809607082
2.612670820490137,0.3468504487209164
-2.553989048555843,1.7024919786138215
1.6250565662706384,0.7784743489606752
0.9851300685392326,3.484650196409815
0.9790175435034593,-0.8151331653211584
2.7602689113715715,-1.0792296558926981
-0.5242314933270019,-1.2139177104915184
-1.4511172710061495,-0.615403412047871
1.9169562808214469,2.469108268033931
3.447136544245925,2.044556391502098
3.210465461182719,-2.5214761873155536
3.1412531620341553,1.17293433352527
2.8137952711789556,-1.3336055497932324
2.7493760222335375,0.8332425172833107
2.9900851930587087,1.593424758269715
-0.5502273118563026,1.5801799990891858
-2.4045949966731395,-2.93011365369213
-2.2540719101341384,0.8029136705991198
0.9903721169164378,3.057639294430042
-0.7073987199056501,-2.583371787255022
3.14757407314982,-1.082506551215944
-0.8483905138960407,-0.6197058692029788
-2.759827101104002,-1.1329939824518176
-0.7768106493206632,2.7068367136090825
1.2564010572425415,0.8181855675938094
1.0173465888617654,-0.5653577746354519
1.25882743744894,1.1193408780187357
3.1773854479664214,2.78439255058592
2.2594151954884745,-0.6260655942963311
-3.249320461762774,0.9994809158765199
-2.0757722358356228,-1.137631263344782
-1.1382771485545706,-0.7948335123030297
3.302514417884993,0.8831968411470713
0.7567375280699935,-0.9585481738548147
-0.844754819721648,-3.2390880688977135
2.7738406426128233,-2.777399929968166
-2.9588071104180727,1.4356468833461264
2.454858491010841,2.80399639959756
1.2013651159878063,1.0252610942291283
1.2080061828296382,0.7402898857771177
2.864816455798159,-1.9754623389472368
-2.826462911052029,2.91523269008513
-2.5677773064807816,1.181796078129134
-2.382879598456086,-2.8090580611094125
0.7543431368074083,1.1105043653819677
2.827212439674888,0.6318970503943807
-1.2173864273318853,-0.5438998982872026
-2.3424156083143104,-2.851462884650284
-0.7754376062813739,-1.0882397268204111
-2.3725091061218104,-2.3870473897328184
0.9400120522629696,1.1671851925755443
0.4908607745314186,1.51911079249851
-1.1002571834345933,-2.6192365389744676
-0.542939694295031,0.7447122488714495
-2.2222996907344794,-3.2395388488846666
-1.4161462780426226,0.6281448885128192
-3.05478749993009,-2.5012897465284456
0.5270823012538763,2.335341347039987
0.23114364524379427,3.0298550931665162
-2.369368694162867,-2.5665969488855365
-2.754315784680726,-0.04449957658362446
-0.8578449760131323,0.664853236267817
1.2887887266793479,-1.8326086676066924
0.45920338656946935,0.7459354441999162
-2.5599970885901784,2.99380505744031
1.1341193020574958,-1.4108123374472399
2.9594157559411283,0.8085758179568784
2.065528859276254,2.963966805489729
2.8523049577023696,-1.235153070595424
-2.8484746527871248,2.5826146147439175
2.579042843884229,2.9747836926007603
0.8209520058865984,-1.3475413076829406
1.4523961997046284,-0.8774044481765781
3.413360562563992,-2.993360141411713
2.565346229156179,-2.8467899975954567
2.8068827357916795,-3.4599454489597194
2.204414042439692,-1.0612879497999057
0.7009546870396377,-0.30051019264690665
1.0428363836445087,2.383609353551313
3.060470231340205,2.6343647138791164
-3.0425896703420716,-0.444462520835558
-2.418577127075812,2.533494119864252
0.4410688577217354,2.715458868705718
-2.499966777533273,-0.861226829376077
0.627310796064662,2.776834954930355
-0.5874535310784094,-1.1011172954048545
-2.3176187799788193,2.979711498379224
-2.6567997659343425,-0.8582675029335403
1.0160594745041562,-2.9242808660234756
1.0087085203764374,-0.5563503567790923
2.976089193883445,-2.3193362327374625
-3.164055766306132,-2.502037240290701
1.2252191651467599,-2.8563965312069257
3.3146805983352174,2.2648265615836247
-3.4255797037677076,-0.33083949517884187
2.7318895776010277,2.637659688052124
2.6695231337260514,-0.9875753952936757
3.351739562394593,-1.4012906097427782
0.9434609546232122,-2.697526411792987
-2.9650089257653147,2.8829979700110218
0.6753470903262229,-2.5026138538679126
-2.6240803971753848,-1.5287392917521458
2.5611397024975067,3.047504078305607
-0.9318700029468108,-2.3855234823212546
-2.9050654202601156,2.7592783192439616
-0.8234930184216636,-2.541700866038498
-0.9135995691979194,-0.4738334702113877
-2.6086592642292783,-2.7700336382242106
-2.703662427775609,-0.8352680248332308
-1.992302773222623,-3.1160932398560015
3.0197713678036515,2.6724443863158203
-1.0257262838887913,-0.16705332137246695
-0.4475779869793505,-1.1769136330849523
0.16395570476730523,1.1988823250398313
-2.7794816388103167,-2.8672738512741067
2.877542493187351,1.0746221824021738
-3.163916009684425,-0.4304471961092412
0.9111734992262818,0.44137861454605964
0.11000862613658528,3.1364774450659145
-0.6079595658629464,-0.9944299174111711
0.7214099160925675,1.0610735728763152
-0.8351810225591217,-2.8630352306684532
3.2548549035159637,1.2851950710323765
0.6106935892991736,0.8728850628320878
3.253273162055059,-1.3032990618835634
-1.337230612986308,-2.726422491501504
2.7596446667685495,-3.004439226820898
0.8353129606308932,-3.241718911959012
0.963386816978585,0.6897083728938362
-1.1016559493536913,-2.585595595849704
1.1380978854015742,-1.328366522956375
1.2814804286251724,-1.0819696533724923
3.021705245385299,2.847603388874354
2.8453585387676545,-1.1408497657570376
-2.6853726077312783,0.9648604767871926
2.8904202068899116,2.7452522574044607
-1.2019646808267825,1.355105401972983
0.605250885174812,-0.9318018665172317
-2.720302927784265,-2.715072678365447
-0.8663141376104517,2.675171284082852
-1.3181813403705434,-0.954993219042259
2.7679496047896937,0.6419164159717665
1.0474970377110604,2.4376236556253903
-0.598591635080436,-2.821236010510015
3.5720171768163436,0.8929818920313246
1.7762536106623181,-2.7711708386035565
-2.6776148326707134,-1.0754189361357074
3.1582990180697936,-3.500340218977152
3.236991972030817,2.707537072759159
-2.575360840971541,1.3538658299735085
0.854078518181848,0.979844544638185
-0.7754754434912076,-3.1041838084391307
-1.3898527274566193,3.0961959671168526
-2.4543325179378774,-0.5079439480394
-0.7330724996393719,-3.1981015524358796
-0.5880690527256301,-3.5467404999593084
3.1062758158466615,0.8540517486471776
-1.023949303103347,0.9797763105133643
0.6043246799303209,1.1044502144815613
3.365454027918323,-1.386410193603552
2.7136983484396233,-1.0526563636898174
-0.3962952620825445,-2.9291997745217135
-1.0908248696142733,2.3719694543838212
2.7868553497586213,1.0115607362800476
2.645271896564902,2.141660568571855
3.1429282071053146,-0.3500331430367891
2.2958124322444022,-3.6175666584231743
-1.1595564591495024,0.6650440292548534
3.0709074922511017,-0.10023678739444943
2.7493840380375403,0.2430259049991007
1.749964153054303,-0.7663489864998178
0.514131011919141,2.165870776411775
1.0145499451022495,2.9367962096424844
2.7073573812078906,1.0937821845814388
2.9613998665541317,1.1783783125290153
0.2718066343636633,2.5384244349615335
-2.7956992342076896,2.7597496172336973
1.1035596154722493,2.2916030710349755
-2.656792239779703,1.1499272589347147
-2.97669282679341,-0.632825770006297
-2.558334492187358,-1.1574252963183462
-1.0912254007748754,-2.7620973824536454
-2.4613890615378056,-2.916616960722876
2.469440378038233,3.182131566516921
-2.6443125019566196,-0.6446960667596398
-0.5298932827621603,1.174525387284585
3.179205804188505,-1.5325391351431954
1.2547185795854752,2.1864804368526034
1.520246019732927,-0.18704925507076245
-1.190116342986723,2.974851386837395
0.9561591364118507,2.6343953537881086
-1.0149036228059731,2.894067540199712
-2.876018126573072,3.6315148309270335
-0.7275986733529681,-0.5635437266038924
3.099968907372768,-1.3103795805702487
-2.2918179662820317,-2.5241010691304884
1.2581367655511349,0.6542208952508864
-3.043911160648769,3.5212204817493555
-2.361063404419535,2.7742140488706952
-2.8209559586820587,-1.7230953059333411
0.7695517422826269,1.1513144026914155
0.7857891088395056,3.36646948910613
-2.8804144908049203,-0.8898533333925035
-2.5493099076467858,-2.7632245306166365
0.7735992022130268,-2.6656303742674288
-0.4228536592126099,-2.6120985375080616
2.8468773540652044,2.9640673550539463
2.7631763002381993,1.4785875022594697
2.5597203286129075,2.0159669402663027
-3.2887526307463717,2.5857580271658853
0.8127709995627633,-2.772593427916461
3.136470675169455,-2.773862342803566
-1.3973261763875875,2.2333733585268796
2.4138748944947768,2.846585933383342
2.967878405097858,1.1952464947408057
-2.9886784586687782,1.896918174639866
-1.2963721297616762,0.9986827546873978
-2.483828716031294,1.6667586323266628
-1.7626817123641967,-2.1616586228661294
2.9276104799694944,-3.076508826604998
-2.4720785979723017,-2.3389276033593736
-3.003472495105238,2.914973134224216
-2.7565040593107666,-0.740049752803105
-2.817403436886129,-2.5516018739773343
-1.1159588137536731,1.4833409854451678
3.4281476299636235,-2.9254501283602163
-3.2011456777880274,1.5860711492052457
-1.575620757951925,0.46985879237863365
1.617715902575266,-2.86527909591062
-3.1249515535868717,1.027274680607846
0.9863989167256478,0.42199649158162594
-1.4818360883739916,-2.996216428473656
0.6500601697687893,2.645162665556539
-3.400967905152885,0.735616329833582
-0.5645767736998486,2.7057305618966505
-2.8565473849911847,1.2685812079129533
-0.6825939879855855,1.8865363360143028
-3.0526388853475117,0.8676884600514052
-0.8321122387923165,-1.075783600619095
1.0459902779524113,-1.172287735720761
-3.3853292488005793,1.9695646175888954
2.354483795359875,2.319649415803133
1.1399816744938636,2.6287750485803114
3.196315687740473,0.7702989983288752
-1.4955729523407466,-0.6336493172589932
3.2317632681261514,-1.006234275697786
1.2929289410275357,-0.2668732030335026
-3.3094641210756843,-2.959311781942003
-0.6819370231061814,-2.752324675986972
2.052461984080021,-0.9471625815480493
0.8838785309906444,2.712268776318174
2.8988874151168718,-3.1094080442760177
-0.3646906283150615,-2.5663049277786842
2.857889801482261,-3.2568998534538287
1.0395137685287485,2.7527992555708174
-0.6755506984463163,1.556696398775035
2.4666194634791316,0.6254975924497439
-0.9902758429916853,0.9678661587086353
2.7887929050794664,-1.3932968378493171
2.5987053226897316,0.9436098795845413
-0.893265743132467,0.7421902560937955
-0.6875111990679131,-1.4167955398682566
-0.8789211502212866,-0.5428391306294945
-3.0955958006375472,2.4894686922341345
3.3306354899465123,-2.071809952867268
1.7233660103491886,0.5497375593175151
-1.3262161009493498,2.8448867005031526
-2.9788171945433737,1.897686763745893
2.8469469953981954,3.0302903706601705
-2.8490689233178963,2.843937143106734
-0.8044792569269913,3.1804628746239736
0.9891065791649067,-3.574796592771712
0.465688760734065,2.75423482455646
-2.824146226278965,0.9665258140771328
-0.44990607175080766,-2.9054665293306643
-1.4161060598144162,-2.5599612684745727
1.0251802831671877,-1.4119529223238694
1.2825890623227336,2.6041907858976776
3.4232828627234526,1.2542406133850075
-2.6457876682157004,3.7833471336771978
-3.231826695567593,1.3632645034295032
-2.427082513915542,-0.9003975972721546
-2.4486012184428576,0.9290062126403915
0.7743490944782081,-2.653219022706969
1.5641456644223277,-2.7680409712315313
-0.4555130947170338,-2.8357086351394103
-0.7940764773592783,-1.2484226083004026
2.646931218344996,1.5133213722734864
-2.598355681330872,-2.365957972320004
1.536214698243905,-1.6881676788153352
-1.4877077870853193,1.6964521080706854
1.1146538587481778,-1.5849942050536014
1.1547872136681452,-2.8324571258372764
-1.1790934083677937,-3.3875935778242448
-1.3150364791307374,-2.7409765649277884
3.100528607815555,-3.29539670954841
-3.1145895855376398,1.310515096834003
1.4801453505739914,-2.257693371498615
2.4875675957979246,2.724375471600555
2.6395062786826817,1.5619455871867103
-3.0356045513491083,-1.2683512340214924
0.7269503670024804,-2.1167861521604885
-1.0507127653780413,-1.3008822568549434
3.347293524784012,2.5069721802909597
-0.9161381475503731,1.063895821029644
-1.780851259583673,2.9490736997779528
-3.4806686981802275,3.045374779717469
1.4028987423664716,1.0650148952044771
2.681734706007875,-4.028279481677459
1.2408102299852628,1.2101739846231105
1.1935388362841586,0.5875438967634701
-2.8776834847662642,0.85884114661081
-1.0799748568575893,-1.1555632665868694
-2.907326574333382,-2.687636139979757
1.5355999270465042,-0.8116388651602408
-1.3517579764509937,-2.755090340150359
-2.850568821559014,3.4458409875080136
-0.9337489433899449,-2.7800106413688686
1.1095450120201373,0.49280527995648304
2.8839617548631957,-3.1352990265345153
2.6213036784612425,-3.7600133164926093
-0.9910544349544588,-2.6388361627545223
-3.0997750343781596,-2.642450468367036
1.4803371882782146,0.6337717959215573
1.0396177804276237,0.9350922835995612
1.0443247047496953,2.732117327494823
-1.5668356940907384,2.832785994554795
-2.7460382024076573,0.7300306427026364
0.7795050784092442,-3.506548474734146
-2.6665920387510194,-2.8413214978510326
-1.0255474205926838,-0.8449629347415245
-3.016208026394333,2.637207830453751
-0.40255029966045147,3.394510900809717
2.425403840285734,-2.293250103135158
-2.5944955281608433,3.3239336920938336
-1.1007350825875521,2.441678907117859
-1.054727927509954,1.3345733612996635
-2.2794780137710635,-1.2026480977215441
3.484732826757385,-1.4431428140567684
3.100468247606852,-1.5581493072739099
-3.3910860983995956,3.204971446542779
0.8418132852747784,-1.2503941810823374
2.1796902353138075,2.5546016847181754
-2.907423031847831,2.6579608427850725
-2.184204605725675,-0.06046829306419653
-2.3427452357274685,0.9516294835931876
2.470385681171143,0.8165347176578865
1.008975622516371,-0.8664787179596011
1.2025160554125676,-3.1715953994282726
-3.1522928920251156,2.815968731871503
2.7655221430766397,-1.1956696518705465
3.34069867111158,-1.0425101561725445
3.6768063834774023,-2.675512715293493
3.6649605275907144,-3.1483202597959328
-1.0748662112314502,2.02073604508382
-1.1563640164571838,-1.2202990624496088
-2.5186274437791707,2.5740804869016514
-0.9937573383798706,-0.29387444906781013
0.6252218648518583,2.064063110322838
0.7120816813460957,3.1454508065898974
-3.0633989262092527,0.6440276570896751
-3.1250730534596394,-2.443286580748183
-3.0813872085260874,-0.23119160336511718
3.6113735530094764,-2.132282139618528
3.1565515526448467,0.8578095747986278
-2.9222524593260877,-1.1118162176635378
-1.5715421611648923,2.173645982204019
2.724804937855724,0.9296256161153725
2.3319799487606603,2.2986165774826337
-1.531552908764771,2.854143462219818
2.689057339292649,0.8865339496216731
1.2251265863058218,-2.9698139580577076
2.9308087833675005,-2.844156098606924
1.603313502028857,-0.23001008802918824
1.1545651767738392,-2.5665906493079635
1.2381058127425455,0.6443830365341503
-1.1623663335906658,-0.1910411050890322
-2.658783839447419,1.250724788803803
0.9425315244786248,-2.8311151012649267
3.1124782533578546,2.428058398862465
-3.3122416370286873,-1.904444571857067
1.1608358294220285,0.3783525284075492
2.796072320844238,-2.5255119311299534
-1.0999571045551402,-0.41657843517454796
-2.3815746116360437,-0.707816958062536
-2.1868885660348445,-0.37298407006639583
-0.8341843390583639,-2.690863966610441
3.1662341778894834,-3.0300766693868737
2.5081392073664777,-3.133046672758024
-0.8386678134805297,2.966205401402093
0.7448781663209885,2.450781661123923
1.2069197934609621,3.0828742950730232
1.3352061597317129,-2.0242514689986355
0.6676454642345244,0.08860730016776992
0.9817455484912571,3.092968543834821
-2.8925782735978998,-3.132926476405704
-0.6963384136022747,2.422639403663019
3.4338555996754354,2.6685397250771583
-1.2230973475633864,3.0915738951650447
-3.2241651086419427,-0.5901864470825775
1.415600721334811,2.665920717314803
2.714698569828022,-2.8294051452155036
-1.4335026750807909,2.459391090220048
1.5446324928010393,0.8903240596904692
2.5495868229424588,0.4878714516792232
-0.5319221008767019,2.3151604584917194
-3.1440647101523935,-2.910502710167004
0.6108535268012818,-1.1300896405287033
3.0039039340067166,-1.085055390435836
-2.9820601358226155,0.4871827943757442
-0.5764554883657848,-2.9382509150018796
0.5364441567996254,-2.636719329012241
1.3656295216104242,2.8444373419055604
-2.4157123308593262,-2.421048366009147
-2.1606894370009986,0.4185509198253891
2.4158345831048087,1.3895210848948274
2.7868307680579156,-1.329313147292575
2.940326544133489,1.3767729646590903
2.7960045185466567,-1.372255180264523
2.689382599462741,0.9348129050578624
-0.9912632067130436,-0.9977082097120433
1.2259632780256116,-1.4973231934294826
0.7628162118001807,1.123802366941507
2.3787727160223504,0.8907402698463045
-3.0766095375349725,-3.093328638832397
3.0986899204399525,-2.833627531933165
-2.9181102459814086,-3.7092617979878817
0.9183402943246884,2.8471320151902564
3.111278631978914,0.7621830965577253
-0.7821869526104513,-2.9939231982943326
-0.607058646441532,-3.062383379424909
2.577470774352047,0.8966050695989682
0.6326677667299931,-0.7747960516283884
-2.635940381164314,2.0230118582755825
0.704645726582565,3.3616121674236936
-3.2981052855157436,-1.081364317763125
1.1736092386605381,-2.4931610597587803
-2.677145477928567,0.720868766642843
-1.1126179777268146,1.3332887065675691
0.9115247314993814,-1.586826134547448
-2.793242533071644,2.598269941714901
-0.2502702804272277,-0.9516785923894605
-2.894886814957367,0.6868704754869243
-2.721992258322796,-0.5533613424477299
-1.119612584314917,3.300611516684807
-2.7906727242431546,-2.293426002628627
1.0726616167696563,1.3548755353377189
0.5108255335351328,3.372780708442149
-1.1072825052106754,-3.10055951187014
-2.9357080086906566,-2.831977117097003
-0.5763418611950695,-3.1546570956483277
-0.8197729794818407,-1.1190065744670976
-1.083958882395607,-0.5756655981299115
1.0340725281619856,0.6381481785969871
0.33932595726711673,-0.4826618941575586
0.8007806143212743,2.2752997765494376
-0.767563693094352,3.190546986731375
3.2504826855152142,0.7627639235740536
3.1005910278139033,-1.3747653015134185
2.977367991298358,-0.9789882819067176
-3.3758867135667683,3.099180677428387
1.4096289572601035,1.0036224824531088
2.2823522658728224,0.1798180626589989
-2.810294721190599,2.7378433255590156
1.0921679672924556,-0.997342964003327
0.9019692832106381,1.4778245891234298
2.7268555928164324,-2.9585845268900055
-2.758590727158141,3.1155350868963443
2.248879657373126,-1.4141729113834551
-1.0417339203446299,0.9252852998859336
-1.1873868455119108,-0.9983951062278346
0.5503700809013838,2.4133526443213924
2.3652296729329745,0.6631272637828269
-3.063458196339801,3.2470131474962796
2.748084839295673,-0.7967592014325721
-2.3919512714780753,-3.353497304960372
-0.9301480326066927,2.965950095135113
-2.4255065641109725,1.0483723967789669
-3.4211815830978165,1.4011740734556186
2.9174280222457893,-1.812329178807066
-1.9441220940368047,-2.648688543726738
2.6265930315855646,-2.897744871433018
-3.282370744900286,-0.6207695738566494
1.3156807436167097,-1.36021312024643
2.6658328315926574,0.9454590761782895
1.0312071143145174,2.711188715731068
2.7637537507574677,3.0677017554982586
-2.9366766312003785,-2.9062063715758453
2.277412454187783,2.588023172057578
-0.9000335719260459,-0.13436589021888018
2.0361681616925984,1.2129575371487964
-2.524970598568312,-2.4419219184868814
3.0183909121301458,-0.7256627201931801
2.663239718470512,3.0196450770975436
-3.162928050287642,0.8858363585202191
-2.5209380107491564,-1.0768067201067208
2.747322864885364,1.0684180589053618
0.7443207717138903,2.744372177507482
-3.2395218339718506,-0.7812960725355097
0.6182057066779335,2.88217374032103
1.3154555771171028,-0.983286689622477
-2.9643130032256306,2.3818751617581704
3.362252523318423,-0.6927327029578971
1.9529497751103324,-2.652642210714338
-1.6394449673364822,2.9302693352225115
1.2605174462517363,-0.923097630815821
0.9515137256207368,-0.40374008320115023
3.0417566460115375,-0.08854051491931107
3.4743319787984883,2.280449347294543
-1.03941035956767,3.3023421076951447
1.077238454259125,1.0673832619022707
-2.8352768930145302,-2.9780544773467774
-0.23522705392918736,1.0070318592543928
2.8037108641834045,-0.8872748636459536
1.3932725130718993,-0.6904020971122746
0.7196276722428542,1.0165304302112343
3.070378039978144,-2.5051072806771826
-3.1036548472239587,-3.129097305086559
1.4073545538485928,1.1808993487545958
-3.015874897139462,-0.2963631894415178
-0.8117507969043809,-3.0509143070658165
-2.4497404908760907,-0.6471621075087877
-2.53720165182612,-0.7299845707836182
2.672024591349987,0.4253562120850504
3.3906280749243654,2.8567582539826164
-1.628857062319099,-0.7942814926548224
3.1677147154163454,2.3879364934078584
2.5328951294721014,1.0100347776751084
1.747653327428866,-3.0090163717727103
1.0855953696570917,-0.9383656936950098
1.458431929976013,1.1746152616823518
0.2926033329273886,2.2338779405258427
-2.6328719129940352,-0.24129279606415802
2.2474945865049203,-0.9712992422206059
-3.0318576679948617,0.8541969670816002
2.8044866652120675,0.7106632368945103
-3.328933787720813,2.926094067908504
3.220335567915067,2.9091645946594316
1.160112319609911,1.2093827524393246
1.623609993091207,-0.6907133085458897
3.134454980932212,-2.9104219338082475
2.6078026282668407,0.5810519487978022
-2.5339931809496803,2.4860529336552726
-3.142440795971899,2.9600671569361676
-2.7331162686234785,-3.212641065272624
-2.5121902866304144,-3.1458151689987335
1.0527047732329664,-3.032422336693462
0.42292794200640577,1.3634633902232427
-2.333051605203543,1.4495958463169027
2.9558495314103754,-2.313117367020525
-1.6269719217983702,-3.1120656846468515
-0.7072285051916395,2.8236956217021443
-1.2391980243534781,-0.6599698453657943
-1.3175117826708127,-1.3173694182167677
-1.181483420595566,1.3583623980174686
0.9171159645475326,2.6441388150165093
-2.520471889071285,3.0094426443192215
0.778498893841671,-2.666566444936494
-0.943866132022727,-3.1004731793092692
-1.1885178953684628,0.8136555597484101
1.084060212643841,1.208291418869309
2.84531913683039,-1.0874744741422622
-0.8493256857093813,0.7708316233103777
0.25593782855930625,2.9633896290466177
2.7721662092717265,-0.9911763905822396
-2.372274597706756,-3.0169747981821273
1.552698783741207,-2.877380268438006
-0.6729627342154593,0.7055527553545847
0.27604568145890124,0.3337830117073884
1.0660285039748594,-0.6584163261939754
-2.2208254519810446,-2.938505539224053
1.0967586312077617,1.166159706517503
2.1465177385227823,0.9943503062448964
1.3614667204285777,2.405762917814488
0.484507795350834,-0.6103928386593473
-0.35415912236411706,1.240479094595237
2.7188433585539897,-1.061295346103455
-2.1987948756283533,-3.213003532166183
-1.2107625020118071,1.2177894790571007
1.3133573600000792,-1.0881579749733492
-1.0437629107442408,-0.6162178753485457
-2.055502598180299,1.1071304210490673
2.256025065879612,-1.3287692106687357
-0.8915631977452949,-2.43916124867723
-0.730984682082023,-3.194396111953266
-0.7204504043372097,2.857940851159913
-2.851989401281704,1.692420171880277
2.61063079260032,0.7615937410703737
2.7491781244705975,-2.614201852235987
2.672084328772542,2.6198606707085537
2.607418087643881,-3.466249368837055
1.19884565280243,-1.0554321060600698
-1.0848451466034181,-2.684193355331186
-2.8229414301666167,0.839250277948398
-3.515956861149309,1.7165941917217256
3.335714406169928,-1.1615483359074827
0.9536579667686669,0.9349635487074972
-0.6514394034970947,2.4852590831513224
0.509143042658131,3.2544287930205886
-2.7752943113164847,-2.968130978270617
1.0330049597927868,0.5497228695467472
-0.8360268056771006,-2.7695327351337156
2.6191743266490115,2.8544523966654602
-2.5713335194698796,-2.060105203127214
-1.6480732626839274,-1.1904739974604963
-2.673527216509322,-0.7400913241232924
2.599608627411222,2.054513956852137
2.830512209237235,1.113140694760207
3.222977085663347,-2.9786468587972155
3.0534825186996524,-3.598223776547061
-0.7390549693730443,-3.029691137918059
-1.2337591088337931,-2.5451125557819894
-3.142920000974797,2.82945301195404
0.5053257043802107,2.755666669249235
0.7312511195360548,1.1904476015908378
-1.0438157322534116,-2.5018403437832926
1.056933865692429,0.8560814325879504
-1.1581997008437523,2.955868402929693
3.4663131944769563,-2.84288367776681
3.0573413675205963,-1.2988534443803623
1.0075586886324337,2.926736033617816
1.319042274827483,-2.9152977534278812
-2.7042760768323624,-2.874503308914921
2.309924377394739,2.2297834949627098
2.278505780552873,2.9621516472671745
0.8665205928989151,0.9641601093532776
1.2844362324454772,-1.599445346154597
2.810310065385285,0.48196231594329025
1.070210967375715,-2.154225461644552
-1.1211929977605222,-1.1495137427894235
1.693377395930868,-1.068229579665843
-0.8695115225299083,-1.993568185533117
1.1393078908764074,0.9341918314841278
1.8341543098482282,-2.87927691531137
-2.6953737369351445,0.8369176919100669
2.7462915335644054,-0.76173431431475
-0.7904808879781161,2.831797499418694
0.7222538691296311,-3.0780260871131233
1.1335779735979379,-0.5024449746762711
-0.9768374813413315,3.2466060237324905
-1.646705456307126,3.204240902135689
-0.8068073158839485,1.057042979652354
3.480636777817906,2.6014415539991482
-2.8959490607682876,-2.278199354160139
-2.412268765282414,3.003674880512459
2.81646892935042,0.45510478190050846
0.5237576441922168,-3.140060615999719
0.5786199491196496,-1.2290931086693995
2.786015968687944,-2.7203719480859294
1.3476304213023589,-1.0615225515959155
1.482385319242369,-1.1606788406236255
-2.2475214468295315,1.2744297959321673
0.6902260760115101,1.127931417070209
0.4039574602010654,0.8667186050321561
0.7237451690549167,-1.9409834873449545
-1.2032722488610332,1.1668590565960242
3.1333872711729636,1.097470587373679
-3.003624548613568,0.8812900605489805
1.0215616693163485,3.0295204202558326
2.7550100359780325,-1.1009982805890597
-2.7617273101175233,-0.5066802387736321
-1.4452897040784138,3.3078877924015004
0.704251413995487,-0.5421858115436933
-2.871332608502217,1.4988656320853597
3.030795587351923,0.7264707823552393
0.7670568677967784,2.060643851240885
1.1844615809586085,2.992459009476673
3.2707795830578505,-2.6303876231698635
0.8790196474828909,2.399939241515315
-2.356344536671341,2.2690624893657234
0.939997937504385,3.149952363307882
2.830709872721133,2.9583335723823665
3.334133625875061,-1.989838898923643
-1.3206135303717925,2.6702672531195524
-0.6802086734410223,-0.6943336803391947
-0.6616000196536324,-0.7201941382264953
-2.8859759537132046,-1.1157782969342631
-3.242821578709671,-2.753450778559294
-2.619497491458866,-2.7078106854340747
0.7813876874525917,0.8726531392551043
-1.1129404247683983,-2.262905289008852
-1.1240835598742331,-1.8039845620167552
-2.3363993118529636,3.0500682131164187
-2.6102639298983195,-2.3163497118687113
-2.387933887517264,-1.2160017505859857
-1.0435086008227281,-0.642125862060556
2.6487347950049096,1.2754919463114167
-3.2286016330404066,2.64548460454902
3.333565818114393,-2.9673381756638206
0.5886561086863661,0.6269040385511438
2.206428105965151,0.9457813915464253
-2.5143221668291353,-1.3622973341981157
-2.7551061961483345,-0.6256571257051929
0.21866949168563807,3.208430318699868
1.035141972614162,-2.284541326852704
-1.2612190522380515,2.2607697679371075
-2.362710987317836,1.518067683004644
1.5314018827963252,-1.4801449786892575
1.0473432988796838,-3.1179186173819344
2.8695203631226947,-3.4811300751731826
-2.5798210893270004,3.4495474699710464
-0.4953953356213695,1.2577372033992917
-0.8539638170830504,-0.02126008526992734
0.49761926850483584,-2.478729185060688
-3.3573213895292864,-2.4594841365055076
-2.4185320735571807,-0.9621003617218822
-0.8380281046947409,1.2192440553528459
-0.5621714199840436,-1.0025689998060139
-0.8789360924673341,0.9521359287110763
-2.9791254285296733,2.5986812869938034
2.5156846644980373,2.6791823153757415
2.762893567758153,-2.9859539407797127
-2.943659031436545,1.4596689803543124
0.7243662999219198,-2.658234280461471
-1.7996397343372073,-1.7389186195251238
-0.8296195749121373,-1.0351506504456014
3.2480502005079503,-2.9009962234286273
3.022132036810833,3.0707200887659902
-3.3429343827276417,2.7587643410865224
-2.5370248973609955,-0.0366446718965217
2.782093585407097,-1.6219571078989343
0.9015359408335197,2.3803810712294244
0.5733213851263944,1.3746343810329933
-2.85846409422297,-2.9934276095601686
-3.116222596301584,2.459495983359797
2.6955494995831204,-1.1708351519045925
-2.6603377461718076,1.5722989302359591
-0.9260066736066264,2.9977988208815907
-4.241078047196787,2.957750077800836
1.9776442100474882,-1.169552615113095
2.954682699105473,0.8463657672433392
-0.6703578090205555,-2.996230612209832
-1.232557795708037,0.7164581420913115
-3.11317752539806,-3.011830370338505
1.3198985302906012,-3.0566484940764167
0.9069743227142861,-0.9564295177832767
0.614396211307607,1.4355544711919201
-0.8009769648775797,-1.2642281260792738
2.3365867883064246,2.9152372832728455
-3.0754013876538115,0.7406101347688828
-2.2668163680267113,-2.186109301628758
3.1990288035563537,-3.099611799272641
2.587757829056877,0.14958414195183442
-1.6577180264746392,3.068982813278247
-3.4153474339105365,2.7413273511506344
2.5094796931449,2.775672656231223
-1.3608897172769305,0.5428112834753799
-2.8236160876385483,2.859877789729941
0.855100488102168,-1.1267714810368805
1.2362982195204582,2.436099872009048
-3.0454528744145755,-0.48526949776790496
2.2112550794568757,2.258364006921859
3.091437975382849,-2.641190581768441
2.840865817639574,-0.9391086256256581
0.49126509178239436,0.916579511028163
-3.11818912045297,3.234593113010958
0.6331404492504438,1.009130560095336
1.4548227426975882,-1.361278764696251
3.2390166079920064,3.3707397124616185
0.8288895849939851,-0.7809179996286039
-1.8437328548695244,1.2185466789046453
-2.6837563854467836,1.4855778784527582
2.639645388211536,2.432151830562089
-0.888062066358476,-2.6820089399025564
3.2064753401544106,-3.031208501446225
2.883341233260721,-1.2283423066853363
-0.8287485125705363,0.6956054545575129
1.262670142352766,-0.5953279758514036
-0.9084842943588326,0.8014103587831107
2.9006086873653882,-0.021862289835469808
-1.4615544816487058,3.0440441693728286
3.049161362831636,-1.4248159714990525
2.755764894180562,-3.3629460080595552
2.9533938384079126,-3.5021914161009513
-2.5896081982211325,3.272631439431614
-3.1886327902580325,-0.3327779833287641
-2.520059905768947,-2.1623968976468713
-2.6882215154110334,1.4099831773677824
-1.0196682679415785,-2.5468714866924853
-1.4233024745505194,-0.5269577745156254
3.6305330164452014,2.0553233171171756
-1.252473082183581,0.6998307254556111
-2.7511367410847924,2.965311208255746
0.9022043878870735,-0.661117536684955
-0.9667807658845529,2.796029476276699
-0.7859364070725944,1.684720617914295
-1.2512536930578455,0.6863552418778631
-1.3728626881741068,2.665141349211381
0.7315210262721111,2.7751230138078116
0.8503547528517252,-1.3745184973045603
3.611281212134915,-0.5300341034294204
-1.478772810410576,3.2441260993774295
-0.8487420993510914,0.03385905557393209
3.5777821125455604,0.7956923160675193
2.5452853324732914,1.1583732511579594
-2.8412742258575316,-2.7643112802965106
-2.1135164830439868,1.0695516996209538
-2.4249140197185906,-0.754435318256607
2.7675228223730515,2.712582551741092
-3.034892392254605,-1.142216609415673
0.6361025750035013,-3.022738357179895
-2.6519222216881717,0.2951109619035483
1.1304639831992904,2.6331780320486304
0.4475818863975399,2.842390617823022
0.9509946580491486,-2.669820499095348
0.9942671209034216,-2.7163633953382806
-0.881008536854346,2.980377965559841
-0.3548952468700779,2.7574126533948835
0.6560242262709481,2.592991928402657
3.149822625522827,-2.3588986126235367
0.3113337392998029,0.5869911247046687
-2.510091929826951,3.047031353349602
-1.3705200261890045,-2.863487068514545
0.7929780552879726,2.852231966566877
2.831218863488037,1.6597097772666989
1.441114953925581,-2.9891763400083335
0.831924093390909,1.811826184140237
0.6997835173052174,-0.8315274799841951
-0.7573649044666204,2.4436649997483637
-0.4310523946444178,-0.6106856265698832
2.662001514914983,-2.3782561382978042
-3.7194391503771373,2.6815640889068124
-0.9207899240025156,1.0275607013883916
-2.7217604980594214,1.0997348496797654
-1.3499282560038592,2.819139102634788
-2.7780740050026056,2.376490835633567
-2.1697638623420548,2.4454384853831446
-2.598883826234987,-2.734605963069704
-1.5003853603907518,0.714749054042582
-2.8736295702526866,-2.202714423962787
-2.3223309156361647,-2.875354614450488
3.2039212645112563,-3.0309937292908664
2.500774753998919,-1.448543725649293
0.5692890288562685,-0.7294457566197601
-3.564525718903879,-3.1288099133876908
-0.773154966506884,1.068355400134494
2.4442625323036786,2.8628172214316803
-1.3935141280733163,-1.3584219011633498
-0.7504221713308976,0.9543600908332507
0.769090935050125,0.8416119997632995
-0.964399528041721,3.1448625196973863
-1.1208564133799328,-2.650157190309797
-2.720458380755328,3.068498817784152
-2.42390082685547,1.1405241838276154
-2.793930659340886,1.2609468869107139
-3.0231116541191434,-2.654239434444803
3.2234340586668906,-3.2644171635452985
2.466015585524773,2.4721095060143594
-2.486275917554994,3.280112935287565
0.32466200557858316,-0.4668604564652293
-0.6935675197224483,0.36515798336404376
3.0445325071494915,-1.2114423208862575
0.7514517891379927,3.0138446917621335
-2.929009297447574,-0.6930329120113944
-2.748802289658789,3.2804925405733028
-2.5524373072767848,-0.15625279929514185
-2.7814692379216512,1.2948945491075363
1.2946823734912667,-0.6124012964944496
0.06199302120314023,2.7455926188326485
-0.1740572472682164,-0.5036804220329402
2.684123237468536,0.7502767896620726
1.2450985618512251,-2.908698641819009
0.5158555556625634,-3.3779627146003333
-2.335763340590671,3.092372328019921
2.352209090735423,-0.8771535675533431
-2.0327427825871545,-3.1828499434699853
-2.763304370893209,3.3839696981648437
2.412603726059254,1.3659380923704263
-2.7454976723506577,-2.3838843655855757
-0.7918701703109894,-3.18563066207925
0.7587776437831589,0.5163179469108369
-2.492896150907887,-1.168173293964323
0.10698592113970105,1.2469702258018607
-2.731796571783324,1.7040123676475014
0.6713015001138751,-0.9279170283490283
-0.11055594747871007,-2.632317910714851
2.1300412746420054,2.823300530529641
-1.332218877475451,1.5060098783216567
-2.953851220575408,-1.0746409691072694
1.421314076639362,-2.983683472547501
-0.9191971169421376,2.613392072173408
2.9281362918316267,-1.0868194449572686
-2.7574089390379295,-3.102218445032143
1.3715602903663273,-2.7737844351775114
-0.5748776251428191,-2.5049881663289484
-2.7691544352585984,-2.8315571567969102
2.5752950398899057,0.8422433745463709
2.656872245027467,-2.2673704662966614
-3.078226960757762,0.6613129005145073
-1.2022403220640585,-2.954327492394786
0.8574680840706764,2.8732721269838137
2.9165215311998107,-0.44815025435897393
-0.9079627865372832,1.0236033944038725
0.16666274091165223,0.9056026275333867
-2.474206240648321,2.2386630338515743
-3.069327505563382,2.8327986915180956
-2.3446742421760947,-2.4300287923571573
3.1844704310726626,-3.3858628978383813
-0.7325863037695989,-2.8432040004468857
-3.1206537724768313,-2.6800139492306365
2.652590054046822,0.12356387958184896
0.25239824657886667,-0.6225838265538579
-2.781436247303284,3.172901181740429
1.0924005423840644,-0.5855759287136226
-0.5742910679181266,-2.9271129062012546
2.3208769363063917,0.7017144665057939
-2.8993517059107274,3.133608092509569
1.2506216825558503,0.8781176640490993
0.36916110283547715,0.8052367118202047
-2.602501639805426,-0.746626946566801
2.8182238287657193,2.545154194800323
0.6637996600563678,1.2991599963859357
-3.2947635888018243,-2.1738085374552694
-0.8830969786643892,-0.20907466643696226
-3.0005448739683676,-2.777799777566203
-2.2613562076520592,0.564300400457932
2.778406740152187,0.8256316946793677
-2.634562401488513,-0.903154355721993
-2.973371775916745,2.257562444287231
-0.7392318229701715,-2.1711803322384204
2.9776810134449563,-3.216082214193647
0.707302974268888,2.5590907264646803
-3.0876004066498663,2.8493393134810234
-0.3074343854376505,0.9474530240698674
3.6179315365108895,-1.1875339233521651
1.4812893894500327,-2.9783265108046275
2.691563742020913,2.52489768989958
3.127235671975508,-0.6384746923858413
2.6275690117163175,1.1647421229792425
-2.9298413425967764,2.314158103692419
0.995429783638404,3.013763048203059
-0.6620434771379695,-2.3049455818893203
-0.32220604628790733,-0.2535739039882263
-1.0883677149055102,-2.8513259977109806
2.9631393310977825,2.3450584097018283
-1.2837300023538596,2.4842904056854294
2.960828653930056,-2.8181171081659335
-0.9381353218740869,-1.2259162530908776
-2.7599854080328172,-3.0525982460318972
-0.7881228352087288,3.040509954887356
3.1751815619863493,3.2796361692884237
2.963663013661872,2.8081264982985386
-3.4180631791546405,-0.7276378781223689
-0.9568076207545155,-0.9750946446971807
1.1329324771218998,1.2669059845294184
0.7588279222018529,0.9592925234877773
0.5935526515621549,-0.5224986536353439
-1.3269317699997512,2.2892118212641903
-1.0877024102932717,1.0746047405359114
-2.736615407134816,-2.742186784977876
2.1980527440724575,2.7219685502951374
-3.042787317491735,0.7261770179715512
-0.6737673603551709,-1.2714647558496759
2.3594096074268527,-3.509127568452407
-2.4945804757869103,-1.0039539973740963
-0.9058442579403455,-2.6956052932995833
0.33981614296949036,-1.3052357076183432
0.6914223772167707,-2.274184477626699
-0.8336651675513632,-0.5936020518578818
2.948788261560077,-2.6008246279358422
0.8826331925907731,-1.1062619517110395
0.8883135271255456,2.4079352615362426
-0.739963658983023,1.4124681108365542
-3.0859949786082503,-3.4870295484258995
1.2110647771401617,1.365978124157378
-3.4198373458227107,-0.4835765264196501
-0.591249259018682,2.6079191497530436
2.6910215267259843,0.3921650357681523
-2.787797342894623,-2.587957380650368
-0.9246168670078905,-2.6341151362025816
3.070947926218705,-0.8611525806512313
-0.9923876435866953,0.45438885211247076
-1.0059081498690268,3.010027124265119
-2.641067674046031,-0.666867056735787
1.8471778283926314,2.5262053107593814
-1.5310317193519165,2.29339247503972
3.2913054995279794,0.900200161541559
2.5335805739074595,3.298492923111
-2.407413599531048,-2.859311790436597
-0.8664912881791309,-0.794067959103932
2.6363812780555755,0.8199378964773218
-1.653899871635684,2.8018819800860686
-2.1245060443510324,-0.6680404338165569
1.0553001731664402,3.1738946222513005
-1.5527747196161483,2.4834255560397587
-2.450965534839734,3.340926401439225
-1.6674052543805589,-3.1053867576377336
0.6115241692885016,0.9920624936969376
-3.1008958170375713,2.822108223696496
-0.49170469566551545,2.989864096599977
1.097468263838596,2.348615974972291
0.8164716285373768,-0.9774009024649135
-3.1077972659841517,-0.47828291919687893
1.7948615267574475,1.8683896362067216
2.511225843930485,-2.86634972804118
-2.824214977696693,3.575853067718246
0.8900096273073058,3.079318744338771
0.8211518202667045,1.4461194987444113
-1.4973794764153652,-0.9017010901991762
-1.6511702056084268,3.0080669989146327
-2.750338366716541,2.9462453808887124
2.5345884692454894,1.4266152518649884
3.0625984905022627,-3.551218757277321
-2.601323043068142,-1.0225015304175236
-1.3535174068677394,1.0791344380485623
1.8021874655185073,-2.6932241932231267
2.5887453388918766,2.1764741719346374
1.0476280175522175,3.4536541165315082
-1.2434436474853179,-2.756109537737131
-1.017604348917624,2.9583253079593863
2.699253432882603,0.8994459101314181
-3.3326413265469848,2.7552194838263033
0.7224431643796854,-2.567781832508804
-2.6530818284216373,-3.2115291908984296
1.403379590684351,-2.6056083932560345
0.7954136630229048,0.4579653832736797
-2.9050636810998407,2.876456177057871
3.524748224397317,-3.3982863743735074
0.7615959904057092,1.324194366729471
-3.1418738929464314,-1.1184078504757724
-2.6396507973687235,3.835797862010592
-3.305183580295045,1.212156513162896
-1.7494091764799449,-0.02789948169949339
2.3917893678476303,-3.4671440620334972
-2.743871949387306,1.2014572196292819
0.33342345826009157,0.7869329304867353
-2.124137129228624,1.167793371586745
0.8577224172619886,-2.9588971197027316
-2.678342471038446,-2.6927097302941565
0.6715537109476033,-0.7845510682755811
-0.7672363359491842,-0.7769686135963553
-2.873714327502548,-0.45865750822028156
-1.242895058219843,-0.8166032882437639
-2.961163601008957,-2.8964839591324982
-2.64690631771835,-0.7254868971185034
1.0557818205031368,0.9492960031876754
1.1021793875741015,-3.1534648667412934
2.476360380764904,-0.053687134296280754
-1.048394076728269,1.1039977750331857
-2.8353754664605892,-0.5164408563542697
-2.9508256796660155,0.9041209523394641
-0.8465437185505148,-0.7277236709015719
-0.7987900369884364,-1.0773896445282776
2.8119735103949104,0.4105139492152816
-1.268049405992193,0.9840900427631383
0.1970154420157166,2.5647051377670067
1.2950996241865564,-1.433979314518671
3.1652131747609387,-0.8717850094383824
-0.8530435789949404,2.4444811868079364
-1.8973855409739708,2.5861570457483443
0.7684378578496639,2.6367985073312523
-3.4709597275302126,1.3921874563215182
1.20517735630919,2.070102179634681
0.6383021855233859,0.782901358023375
3.5106261496657742,0.5196754702532784
0.3147253811677081,2.3192259365033405
-1.4945534116866397,2.9984791208914214
3.047828483575227,0.5638987633286794
-1.6436842186087284,2.6529435204864162
3.09451734515286,-0.7052170582581506
-1.2474629328965583,2.121755862641438
2.9640369655098846,-2.841594738293779
-2.919047408654686,2.7528913935337087
-2.8319635142022452,2.2116983186314827
0.9462935276122827,2.6434716096302453
0.43110260017404245,2.242563247529906
1.1659276423382623,-0.8046101420023705
0.9248587830520602,2.308976797759163
-0.76438262885591,0.773746577263899
-0.9271380527583423,-2.4085732846874075
-1.2832214263799064,-3.202265706354394
-2.158629914024006,-0.6222765337877334
-2.489521907846521,3.0297213023972103
-1.1638023662316048,-2.311007593185514
-2.9124597337137526,-2.6050417209581123
3.63737773498833,-2.917271860169952
-1.0352953007723524,0.5538114355263949
3.4615984788380847,-0.5891020371461657
1.1169883045608167,0.6547517063458761
-2.682092465914335,-0.8414282035207192
-1.7788814891253342,0.5577623449836527
-2.7297685395393185,2.468552850500399
-2.438003712689272,-2.7973461063284852
1.9178787283286258,0.5249034439742977
-0.9774788235701175,1.1286452096168385
2.829150735727648,1.9108776726710246
1.4311834409028976,2.4759839529670606
-0.9386139586064393,1.4395393512182288
-2.9682555746414025,1.0843822332534365
0.5748930801993171,1.1414152249116534
-0.9942272016987349,-0.44439074618154745
-0.8513333023526386,1.0311394931195685
2.9043548878089362,-2.4150609659209583
2.9818382959041854,-1.319457551832976
-0.5062627957618112,-0.36677506240649976
-2.597339077371517,2.8127549747386795
3.644426941749493,1.2541362926106816
2.9583305893965313,3.001346147413838
2.675125675910269,1.2231570402322118
-2.8583593727825387,-0.5000714370999741
-1.2627538771509725,-3.1563773734132154
2.4657664068746277,-1.2090252439943794
-1.603815324115842,1.308134024414174
-2.6657342135485824,-2.964423470009199
-2.771384699630935,1.5330346038662683
-2.4755369539572647,3.108897690618171
-2.547802615372834,2.4823038310699532
0.8855542116892993,1.457315010053789
0.7035492049630931,0.8455252178015348
-1.7512988819164943,1.2630799941830133
-3.118291530746666,2.4914120743631627
-2.9458729879860495,1.3224949675887254
-2.342752631804296,-1.540759777424367
-2.6328253398181567,1.5830680161017734
2.4361617540332823,0.9532700007537617
0.6265714016300719,1.3538290388125416
-3.174824020208972,1.1380765952583443
-1.8910332397874592,-0.6606097052598389
0.5611737236707985,2.597812590706008
0.6248904909081301,1.0914390328418473
-3.4793305623813877,2.1462154315288062
2.283878130829757,3.132000612519891
-1.246926670231168,1.1308745396395665
3.3438244289644525,-2.6338716146567682
-1.3083794694039756,1.290120162332858
-1.9755985568599153,1.509233806814275
3.1096034334637928,-2.8690073312920013
-3.1091594015046793,3.3884893830473066
0.8729258806579692,-0.16448587143149995
2.069252255097633,2.7033402345723085
0.7969364797890367,3.1482022496205273
2.535774350811013,-2.5833033231679465
-1.21530149948439,-0.6878706701401427
-3.409852327261874,3.142663788103889
1.026152597217688,1.955826803500784
1.491197113373357,-3.443951865797786
1.2886612480886794,-0.8031209880891585
2.1056227601076025,2.1018481402296576
0.8745276472515116,2.279482789498657
1.8170226227965398,2.5763730482238456
-2.6029855946533114,1.487555288308757
-2.6105608962796825,-2.5663915243205944
-2.9580585528062704,-0.5196973280636605
-1.1111527106846455,2.363318486486822
-2.7544337055472012,-0.6711307505021072
0.6575962235606936,1.2751284357208361
-2.547474323892554,-2.3960410440906
2.15214993887223,2.3444999358215943
-1.0064705413622281,-2.2158848221014376
3.2965122499809505,0.22910142434889563
-1.2373364969929046,3.456395050006695
-1.186617354197667,-0.9981970092510393
-1.7564168773161393,-0.957426244193439
2.68900569780773,2.877432759689034
-0.6892309162174431,3.2669984931284897
-1.3415456360165032,2.9959889990541284
-1.419297710940475,1.2990447214513943
0.7350962991799365,0.7538824010661079
-2.778128404847974,1.7228290635917411
2.7956780312527227,2.989889650449354
-1.3426586836555037,-2.110524807285014
1.0392786406705454,0.08111987115523062
2.491302654771898,3.0478295658894883
2.9788858100823092,-3.2148939693273078
-1.151868764712214,3.2620168007904393
-3.1633043690111418,1.4419093608855913
-1.1958037639561157,-1.06167686480891
-2.9465720428309385,1.6767894841861182
-3.302244125316218,2.910240003622127
-1.4378425319067323,2.338152225241552
1.2338440100809958,1.0580561897575318
-3.3070184513356637,1.9875482039950276
1.9927090371050868,-3.294567963764272
0.19123242375514435,2.328466773833146
-1.4671101769695172,3.029302244535723
1.1498413513215444,1.3469754168271046
2.509174942543779,-0.4838012241022062
1.2009415277020041,-2.783323055036096
2.445958557315158,2.939062408405228
1.2217741341493291,1.0126246587270347
-3.2974895976516034,2.8858599538748426
-2.4719553906756895,-0.8725398208794535
3.0538177137706897,-3.221784323883321
-1.3222079337785175,-3.2365856469916294
1.0794807834085542,-3.1023431023298573
3.419983498754098,1.2852366422650214
-0.7897543309220716,-2.637762780071279
2.187420867714517,-3.1901285176255105
2.8459210954115353,1.062658425503363
-2.9077692230856633,-2.5132562644722434
0.7656615853690732,-2.7433787717367735
1.4397785264778908,-1.1274927124371024
-3.0641878333908052,-2.7286630955681392
1.3525819860151314,-0.9475967011880764
2.863249226167296,-3.053756091358195
-3.431542451676517,0.9684800175763237
-0.6019321738852035,0.9577913275927671
-1.1262186181948617,2.119803290557049
1.7881624053313228,-0.8539516604023139
0.9032245475393658,-1.1343534244810407
-3.634529869711327,1.2757293076699927
3.380162763834602,-1.0296604347629137
0.5419408584766565,0.8611214070277456
-2.892854457753315,-1.2883251334678423
0.6643840911344415,1.9789100353694915
-1.1866327487556911,2.827152309227209
0.5781068284355674,1.2150930204961419
-3.383345893990733,1.139971877861485
2.99425440290631,-2.8866385326807587
0.48220716146219256,1.3501959180273313
1.1840077519585466,0.7526015752250053
3.658185291522604,0.5433037568148029
-1.1427558839447796,0.7340348767482778
1.0917629687130874,0.7511056139295202
3.0438856588327394,0.8550038489017181
-0.9712630761413075,-0.19959042147785705
0.8782526970862553,2.958154944367299
-0.8437575692951073,-0.9930961768118177
1.220048126383412,-3.2758945239745807
1.1393677661739108,0.7230737218678909
-1.2670932531449546,-2.89412355709606
-2.7678392352454275,2.6538826570989653
-2.8344128420413215,-0.7850114716201144
0.8328397306410267,-1.0284470325107422
1.385389000809929,0.7055338583877934
2.5483775771984267,-1.4869929822536117
3.1486049888938035,2.625640543028169
-2.638333730682967,-0.5375899885890427
0.9440589664339151,2.212023326369585
-2.8742275016910885,-0.7711150587976506
3.459635572774156,2.9546477349072826
-3.056058571966292,-2.639925277040635
-0.02656451763545612,1.0142688391199988
2.204702122528144,-0.4763433415893086
-2.8183046761646744,-2.6925987810707586
1.3527252628160262,2.53940210961231
0.29012642781538844,2.7239904411183824
1.0642560346630852,2.3167892986973797
-0.7436965221928151,1.164515754417743
0.8909431593790833,1.1613369520160728
-3.2188986887762705,1.4606355274432559
1.3959987133878058,1.0802554442018752
-2.9076427279063353,2.380928265290073
-0.2151274139436567,2.630201928857162
-2.9552636193455033,1.0649003594820563
-2.2524288923031124,-0.622108705121633
2.967167384838208,-1.1847954691691744
-1.3604668664382968,0.5128417699644219
0.7738793896923468,2.550044658562964
-0.9510391149916919,1.4512650973868169
0.8962918897022855,0.7239764289191136
-2.9919537784583317,2.6607035862344612
-0.4171089533399963,3.0241109310658185
0.6524699516577239,1.2857561279102265
-0.7707698629188536,-2.753564132496395
-2.6086559961646896,-1.300837948728827
2.5860614310042664,2.981306997279516
-3.1710360459528375,3.2029011041723314
0.7071437693254699,3.0124275308135835
1.3529435007284774,-2.7866959962781865
0.9779855787803969,1.3461833228515894
2.7351202218739488,3.053692110661912
-2.869583394892883,-0.919161705063344
1.0802897686551385,-0.33371062125952144
0.8339353059522598,-2.5280236027948706
-2.82739409712862,0.4121570383056266
-0.8447426171973914,3.126220841427945
-1.6637184436024843,0.4114116546420456
2.837728575814604,-2.5179576658855174
-3.0273879898008373,2.877112937939265
-2.231919081306492,-0.028964059466433562
0.2227710511796377,2.7884349527223002
-2.163161667143822,-1.4611588353659932
-2.682827769910687,0.9900163158358654
3.074772585194149,-2.2949054772937587
-1.2203190282789704,-3.0620377445783475
1.9254562733926628,-3.1329732938097963
-0.8976723808501443,1.3256978848679315
0.6460912583222675,1.0084908860510928
2.834865523350538,0.1820905972974722
0.752887709771418,1.1285158872640397
3.1668860890328796,-3.118042799082786
-0.5907843090161254,3.2008805733707026
-2.430644675048226,-2.5503940244058474
-2.270792677333489,-0.7669317465070682
2.864535268161692,1.8692085646576446
-3.191447728733565,2.2314935506469387
0.8654738973140493,-2.9939177065360725
0.8228652899769685,2.8385056758817946
-2.7582410335561396,1.1551445503586528
-0.7423970674929057,1.0020233744748233
0.384187010403868,2.595222656870421
-2.7384739777323324,3.172412362470779
0.5300952581331383,-0.5965628800582403
1.4559002168443202,-1.1154587674868799
-3.4117673226829885,3.051959990246571
-1.7226726807032753,1.853001368972805
-2.9622549357343733,2.9691931799648503
-2.086352824821204,-0.3605740977273539
0.6816216346604063,-3.3485516631937253
-0.8731434444323475,1.2050387520514332
-0.8263982834383321,-2.398308974382095
-0.7073078975952777,3.000414205087364
2.909955200947434,-2.991805069069405
0.5170835797131117,-1.2070762210735564
2.229783714657422,2.3071714499365075
-2.767134958224071,-1.1261173460014384
2.1508629507638886,-2.678000933968932
2.404404256744516,-3.3713503272177205
0.7628673640141174,0.483358890385732
-0.9865615087128616,-2.6377770670655205
-2.8980352693130103,-0.4745230386719236
2.345977983236151,1.2481168882711178
-3.4328875713454514,-0.6485612335190831
-0.573360126933834,-2.876133441031986
-3.0202883560955778,1.0575138411520655
-2.025750166292949,2.663026678594054
2.652614083107845,-0.8430099357987912
-3.0904970572379082,2.3118830524535583
1.1052466056807349,-2.907940157808662
-1.4103045398413563,1.0683534465035514
0.9240928589389461,0.23957256416111083
-1.2270033795686253,0.3982744423949073
2.6851622355473586,-0.712539169372902
3.223917764091555,0.7026624015510793
1.086048955901693,0.05222385591597311
-0.5052897286589946,-0.7320324862379434
-0.5857138844707369,-2.9368426773035043
-1.3893154694143992,-2.490690008112521
-1.1807507272604487,0.864319015422875
1.338170442000914,-2.450710000243937
2.938175781456463,0.7303018036834473
-3.1603767441791595,1.2936848088803143
2.8470270035179226,2.956665795991499
1.2838627915783871,-0.41630402728669996
1.68684695459314,-3.211472215786608
0.6365537315995534,-2.817119606399215
-2.8892086941573245,2.251228234332978
-2.428287891506589,-1.8783533936360743
0.8054906175338092,-1.429637805293945
0.9600466653062717,-2.948761117464514
-0.9199284397444752,-0.9342391345341294
-0.841362637144551,3.032968780771048
1.0743361201737278,-1.0660230789561236
1.211635947141449,-3.5454686861994777
2.863353605326155,2.4575042441700385
-3.1055507396027973,-2.1163480452654015
0.5204998895942714,-2.989254316196327
-3.1968706040959347,0.2725053799575047
3.2453969819850452,2.5888296142641973
-1.0996019681354232,2.493477931753111
0.8851762825582091,0.8205263348789124
3.273454132151064,-1.3184474957596117
3.056489907413741,-2.6736567568616696
1.0416391321316238,2.0485751875969225
2.728321757176683,-2.322946685729553
2.8383740135650704,-2.12462999504953
-3.279616619161293,-2.7136011460807543
-2.877273062596311,-3.128130314453672
1.2531379973001828,1.228040958625795
-3.322441688301011,1.2793548019365912
-0.7352396443233042,0.7058415391017291
3.519287220849413,3.1988507546892317
-2.374100167665035,-0.43109810006015475
-2.9830569750256384,0.9435393344572595
2.763729157165613,-1.2392890571028052
2.795349575065865,2.40692850990097
-1.0188523307072168,-3.3088503933435613
-2.768169975451534,-2.7039912549421827
0.9892456110925654,-1.042636399217455
-2.8145040352871873,-2.329969681223653
3.3288490458885147,1.2473481873454226
0.793722340473368,-1.091933050981235
2.6774484245395627,-3.8299521815007886
2.9971188987389867,0.8305453250077326
-0.8324470862558374,-2.3067748673231465
1.6690111344663197,-2.7415215246725695
-1.4571998489316564,-0.9457505409964206
3.490734810158131,-2.7905260214528105
2.5881330931826874,-2.989795950091003
-0.6137855249470328,0.7885806016707507
0.9704796144161348,3.017037146638454
1.2229730599369357,-2.8397639288220256
3.5777608243682626,-3.2531363576409698
-3.105280476765977,-0.7701880638799709
2.4877524298722262,-3.194279991172907
1.2754665724295293,-1.1854666644027065
3.431680744772582,-2.482826832922614
2.957070057065768,-2.7364389669888607
-2.4096795311531065,-3.2864140916083353
0.8893213437814701,3.0380926713176275
-2.268228116235464,-0.786802730236668
3.0421661972328407,0.5191404818043382
1.0192709167996896,-2.2945328816886037
3.1060510769136487,2.931412299844617
-0.8538758486580798,0.6206463769780012
2.2972905162362607,3.214140016414596
-1.4764494480304884,0.9484061847052272
-2.3877200003581347,0.7954247940945973
1.0754617361206804,-0.9389840610331615
2.9697234797180685,-3.2647555679739355
2.8623525636094453,1.2439680043054933
0.9240987728344512,1.4186829219408168
0.814205525665738,2.705761629953834
-3.3394747391657202,2.526061709236718
-3.040745910693604,3.1385416821849987
0.8285954214669998,-3.3105044599857534
0.595518393089895,-3.0290481717092907
1.521446308034932,-1.1713660010311846
3.2346398791340607,-3.368742060484837
0.7861304919239062,-3.073775603046789
3.0726450986325906,-1.1304338453217473
-2.6428766874586502,-2.498712958362067
3.285871985188588,0.42830506818367703
0.6623295170409182,-1.1869167420787112
3.0116614162487023,-3.486141316470398
-0.43574627323282883,-1.1618022005581823
3.1677021297328634,-3.085697106725099
2.7568726983469207,-1.02338086614806
1.0801183892143047,0.7753031402338253
2.559241128163267,0.5356379407605988
0.9088940265433265,-1.2745121995743829
-2.709125013231141,-1.0140291754679347
1.0963014585751718,0.8343359200093331
1.030124380347637,2.7573024857435575
-1.681752365289984,-0.5252305203070317
-2.538253598756242,2.3700262529853284
0.8829301435180799,3.0784671094780487
-2.218920852666013,-1.8951485298180581
0.3279397310520366,-2.7827426697643984
-2.1672078438247007,1.9970367670371267
-2.628737457702918,0.8381486533838411
-1.135072178163128,-0.6347006927804533
-2.565508950908775,1.3160138580965821
3.3535291053404217,-0.9222107655607149
0.6956555608296437,-2.4488286924401104
-2.1876735480064156,-0.11990606467195171
-0.924983786766745,-1.0623629932943144
-1.6688654383058918,2.7419210505974405
-0.9324738082470367,-0.9945360489587752
-2.2961076404729424,2.8767556308710414
-0.7739488622235432,3.025116109198044
2.6465363753722184,2.2814544548125757
3.0668342142095515,-1.114601472062083
0.8804432631289899,-0.5910946183610786
-0.5298882574087455,-2.792432586267636
0.9386711015554046,-2.4300377614069837
-3.1684290904544694,-1.16251356559383
0.9234112927792305,0.5657674639805104
-1.796413402908277,3.2818409237827644
2.6860384037634697,0.8584185024751261
3.186825710501716,-0.9916345407401613
0.6269489138794444,-1.0373949815985013
3.0046420317851963,-0.4265794160240716
0.6604640434018764,-0.9095880573170091
0.7521899267770046,-2.9343938426825478
-2.3080304607291575,-2.633343472217972
-2.8324001582269793,-2.6093744135190065
2.9656003448490473,-2.6367822328763277
3.2420392010026573,-0.6248401525080595
2.720741173456927,2.6828959545343243
1.3078676289329558,-2.5933239441462645
-2.8649883777980945,0.8823333494861302
-0.9048433184624285,-2.5036570062402017
0.5905212279681947,2.6350469642302863
3.1177323838711364,-0.3397982766785347
0.6024298217142253,2.0845976123338295
0.8011847693368279,-0.7635948237077561
0.2698121952482161,2.4858836096018524
1.8591624536528155,1.151421194590472
2.805908351697932,2.2589065304030487
0.9523531107468179,1.0083365886188445
2.2127335538564434,0.3474208635357506
3.269946202559187,0.8588552597880639
-1.1081555389919842,2.1610826027331553
3.914710176789199,2.6082798304806496
3.3957074788958046,-2.9124743264029163
3.0827038402942257,-1.0707782127231005
0.7760121023257688,0.8715947825264946
-3.0905621326573547,0.8815239473824582
2.3410282262318223,0.6492617187402457
2.968309829170922,-0.831408548973976
3.2154421237586646,2.607718221877856
2.8238973234172313,1.1600224627519233
-3.114284510072816,1.3099731859054813
3.1365994651615536,2.930779319159505
3.138256133753931,2.217770812003461
-3.0460771467560503,-0.5571918210744948
-3.2915613172580325,-1.2744376098513133
1.2704243020206811,-0.7863597735731651
3.5467957207774834,-1.0468469936831792
-0.704171593369065,1.5705453779732974
-1.1921974851235804,0.9617377042517063
-0.7384232204029437,0.7616727983687944
3.4565391739911924,-1.0095767422960022
2.804751858736633,-0.967098158790339
1.0636900865390693,3.0427471987879082
-0.901134192487371,-2.333852532777363
-2.564520116763165,-2.857330562193819
-2.953110878934524,-2.4267371748799347
-2.0632129091681692,-1.2540103215495784
-0.6441941872411494,1.346686978917637
3.5048735972416227,2.858830430889833
0.4049222245643309,2.4746235958756495
-1.1435741283077137,1.8593602569822607
-2.4362135775546245,-3.031259640167009
1.0328406475122618,-0.36209948727735997
-2.6819114431090743,-0.8702561023428579
-2.4354458904820437,1.3617499788007905
-1.9410512393560013,-0.6390131198327825
3.2963779815363345,-0.9649735921874846
1.2400405471938267,-2.757202338605193
0.5882498870092214,2.3798823589451636
2.510450677357046,1.5557823114048799
-2.996647744100886,0.5549705329903849
2.786637338323164,1.1743547753451598
-2.6913288592908313,-3.4039918639729336
1.87919210042639,-0.5154644417174126
-1.7247252213684345,-0.27819772986766744
-2.1533955067909694,-1.18947226045827
-0.6186680385671424,-2.4768754042517234
-0.7957510592060675,-1.1439759017548659
0.976060095491835,-2.511022801802314
2.7554361481571763,1.383280661261074
2.8317134067703678,3.292921666445149
0.560553499608055,-0.9943948295594486
3.1337899677333914,-0.23038047249895607
2.9015951063935472,-3.4160895820584685
-2.961542713135797,2.6202140437686263
0.5208973008474793,-1.1125188600746567
0.7484029046461074,2.865405768314758
-1.3505149913647696,-1.0593280910965976
-2.6674933109562327,-1.0067493769630635
-1.3538656929275907,-2.9992063666653634
0.959419579478355,0.6249177934878285
0.8796853646611614,1.5012826342560335
-1.221147865277788,0.7285884597586286
-1.0755906141131075,1.6210060271408573
-1.061398908934113,-2.8940995935166773
3.040053364286826,-3.239051979198959
-2.8015727133840063,2.938973761418516
0.7538242290807498,1.0067698247270989
-1.2086064734758752,-3.251185421651263
2.8734611153176073,2.899668187953399
2.663477773100205,-3.0170675289493616
3.024598053814395,-1.0504002039920626
-0.5456826870746897,-2.937034400112177
0.9603462667625133,-1.5566794182473875
-2.362593003804897,1.1223616780147172
-1.1370948797072358,2.53368719429761
-2.6200100335604564,3.6871762050794668
-1.3344500405936033,-3.5656619154738043
1.2416677424698306,-2.974249897629858
-0.8922519740742761,-3.105021291342438
-0.46137230850303457,-1.228332151519475
-2.7816107954108276,0.9409221813968479
1.417488562897885,-2.647289537924313
0.7713877873727771,-1.8401112212522015
-0.6869367389367665,-2.5817910001550946
2.762920928401897,2.124109559391632
2.0659092481856023,2.8283625735791853
-2.656611414999476,-3.0140191441108652
1.3928985343696838,-3.001303309252353
2.4177738845146437,-1.4524061339415604
-3.2545721268935845,2.7463745097689967
-2.548450296789851,-2.602710310434264
1.0898649408768917,-3.094687387094659
3.0554655946488545,-1.044410188541826
1.0586686345443586,-0.9384206926773547
-1.3356419725462443,0.7893266067700662
2.3396755946809886,2.3754923714344085
-1.2353385801316532,2.500857820234079
-1.5187910546402053,2.010619933711467
-1.6243619736277928,1.0833479355781472
1.383843778204975,0.8366964037288771
1.837544387156483,2.5456846421999813
1.1525970997015231,2.213340963288685
-0.19747833112730048,2.6653702788066123
2.6857252854468077,1.974828429004384
-2.018678150378946,-2.7312893996923386
-1.0434860933692631,0.4097053722902958
-2.3145920158013684,-0.5918615066459658
-1.2904423581312852,1.8518779761537572
-2.753555616513753,-2.2462214401972647
1.049094030310133,0.6400919710387614
-3.0369000713560026,1.3317872017726475
-0.9932063751764176,-3.134391653895326
-0.465702881733997,-1.135308201999091
-1.1686682545627656,-3.112277329521832
-0.30078194007426723,-2.6451626279858615
-2.9455156569625367,-2.636770647786201
-0.9262984129432442,0.5746947049702781
2.109655548913255,3.165123573813246
1.0714090445495126,-2.69100272962961
1.356782567707505,-2.7829001030519347
-1.515364942609007,-1.151897383551937
-1.3363824733837388,0.7766980967758039
-2.598209738057629,-0.4699651812546529
-0.8986870326915828,-1.053046876439185
1.2808800638336333,2.9821600886612427
0.8599216626673265,-1.038637976762655
-0.8210810605074232,-0.26422966297700384
1.0753142753402418,0.7479288030166547
0.7281848015973427,2.5479167091891175
0.7471836803192747,0.6324559634845045
3.4108569190346927,1.0598399624311747
0.7541600204361757,1.9414536612657407
-0.8873798913251445,-1.007426726040858
2.880886739291077,0.8837508991276505
1.1844349876213451,2.689359237044014
-3.6499178573584006,2.6375201614251385
-0.36925040172963797,1.0592890230220662
3.078416323175063,-2.812985232030991
3.548368627813166,-0.6460513146098497
2.3635037455269967,-1.053549652171726
3.35025428570231,2.5223805946500018
0.9766537518997592,3.264520540538255
2.135003101371899,1.312388442473038
2.7397808167245103,2.948453891313916
-0.8438758440225199,0.7014556652656467
2.2493018790188537,-2.2097230246651898
-3.1377748038013222,3.066151931808968
2.838657045947256,0.984601511629687
-2.929567355538048,0.9527530054041763
3.9377825595614473,-0.8130991828794459
3.1591704814738026,-1.0865697122354183
-1.3113008069164476,-2.504884260845481
-3.0364656290312624,3.139916664317582
-2.0474190297691526,-2.8372854538630445
2.809977656039049,0.9391910979482819
-1.092418186283921,-2.0849671704537687
-0.6058040713350773,-2.7659760167874916
2.645805200502694,2.414735998930051
-3.082565700569445,1.1590285552411477
-1.3414083188680124,-2.719596385406646
-2.796565537389943,1.0592134534892126
1.4284026295500416,-2.2545637805086716
0.564319381923017,-1.4969032323700957
3.1137551773136107,3.2906884939062686
1.2396545563229102,-1.314035092880456
-1.1472639471904733,0.4589588938141259
2.6857585775490858,3.004358789461945
1.1584380286426572,-0.9498426525140085
-1.6491354198811048,-2.930587575979341
-0.7727633574061283,1.002346902866169
-3.069781606945196,-1.3936410247527906
2.8351853589384666,2.623879914031438
0.9975071268518066,-0.33535829012350243
3.142837670074968,3.2399059760308266
3.406885909396476,-2.57390162796448
1.7497802468480708,-0.7483344633514547
2.4148560761440154,-2.990937554462171
1.600813230388722,-1.12446649300364
2.9239644239971874,-2.544203919334316
2.8783203374950115,1.4263829444189124
-1.9060757269745698,-2.498689627867009
-1.1742267436266032,0.7653799511874737
-2.5561148170294374,-0.08768512371918322
3.1659648694937443,1.0673867686836844
-0.917111632817883,3.0102059045664733
3.067040706130465,-1.3403570375577907
2.7104676518685955,-0.7033520863110746
1.2121863146998848,2.4463133980223315
-1.784009484897159,-0.3576755401828839
1.6034213376070305,0.18166039138537332
2.6047745129325652,2.738770620139815
-0.22490114851623597,2.5719805319861586
2.8081506894653603,-2.3574770047638847
3.3040613372863756,2.3721918853005004
0.7240825937342087,2.675692021274547
-2.9254878312209915,1.603422235308924
-3.2560083793552144,3.1418669881455865
-2.6107809219554654,-2.901312913960202
2.8417827642899156,-2.5793011501074465
-0.6740522697078111,2.6429682236469554
-2.770438079908448,3.449420083674942
1.1222315473785753,-2.603018281707874
1.0348467321140897,-2.861486500897953
-0.7052357385267521,-2.661832667620966
3.278950365207072,-1.1992075029392193
2.687812989364227,0.8467126074899153
-3.0785355944755035,3.1767926946490976
3.1970636450220833,-3.13501727960151
-2.825658494089403,3.6819876320604252
-1.872793542382115,-2.0426019524260615
2.3334278337580625,1.7516447608137269
0.9338108509121031,2.9648358543213966
-1.3145963010269377,-1.2319777374305505
0.9581197129885332,3.0809518767314126
-1.5944501852546564,-0.8728005713912349
-0.405978352903859,1.1935775652119567
2.783172659162527,1.228390030732484
0.38650118665382216,-1.0763088912249106
0.6751620930214007,2.708992106940171
0.7857069808849133,-2.6615560845443658
-0.5247208649033605,-0.7192833872577722
0.8576424339067491,2.7543799492324172
-2.526706495774899,-3.1683601647821167
-1.1719607491888313,-3.255282323834388
1.114032651736529,-2.7188936606240866
2.609147381137627,-0.8337624572545963
1.253353465718842,-2.904125405564223
0.5626547048262566,0.8062078176965727
-2.0022875692808446,-2.134921404163068
-2.3308055263580716,-2.9382092102997954
1.0790633302566652,-2.73156777037338
0.45330342174955274,2.3492359429308833
1.0739961862498972,-0.7211251015115328
1.4606583042372012,-2.7285352045852127
-2.850508807442835,1.4696102545157705
2.651785921298065,0.9823038248108447
1.2128820157262359,2.134897731879289
0.2683139105515918,3.016944334015485
-0.3780092311686506,-0.5621531013384918
3.016884463668054,-1.1603755575034709
-1.0078558615707205,-0.6881022330158431
0.6205088909491241,-0.7758834780887612
-0.9865354987161591,-3.0778341515639758
3.4335844293948283,-2.9767222858734366
-0.9979729750886455,-1.1341881900248754
-2.2673680923786663,-2.7331718694409877
3.355920501473539,-2.8446763695963244
-0.7937942050475243,-0.8312391285882897
3.4257116396482026,-1.5003310216525414
-1.0738720629668896,-2.366141814355535
-3.2017268266475174,3.155470420437839
-2.3921185924908803,-0.2663480762104493
0.9031444632930108,-3.33125833013088
3.494392042505902,-2.745475916421911
-1.2865867311215278,-1.1841168828375122
1.4475031648098953,2.5077148706654193
1.0566223390370912,2.5311192668132056
-2.9661335195551017,0.9399439552915806
3.119001726140494,-3.3289204215387955
2.9730420470089367,2.06899228274254
-2.592746919915513,2.874079532766666
-1.2198426199857124,1.0620297163206605
-2.213628610245722,-2.739928127658829
2.661370823019918,0.39960614947525097
0.20332081221076576,0.5698459367474474
0.8968211754287165,2.163783892998591
-2.878463615818308,-0.7868777447640989
3.049080717188508,1.7738380765272728
2.701358155402584,0.351160789477239
-1.090320158924328,-0.5470503155457842
2.935420533517781,-1.6615805331666897
3.026343007947229,-1.4202449806452802
1.1950446786941211,-0.798241990123643
-1.1532892886806811,0.5534564420370973
0.5443886860156896,2.828418879707838
0.4428260625542001,2.3323110507628213
-1.1502515197700525,-1.0828086218304205
-3.3665137845349906,3.0794819698600526
2.8127433173800784,-2.67136407455153
-3.150694914192182,-4.134372031493159
-0.7629209705549624,1.0143817639769064
-2.8274973547551214,-1.029135409386581
1.4576402458144693,-2.4859841428354
-1.0137853850869152,-2.477724324596772
-0.9686974156018612,-3.1747221430802735
2.8762926801726723,-0.9886064330802057
-2.3816176221472154,0.7228065777516549
2.8029236336361145,-0.7857313497419199
-2.5996479042863805,1.3816676068529696
-2.7315397800442964,-0.3787842649447722
-2.2429835098043043,-1.1634043427836391
1.4671584398247415,-0.45163777200961214
2.7237053280613264,-1.3276167852940242
0.8406104269674518,3.1424591098129846
-2.9939581937339375,2.467900997623484
-0.9778108498793141,2.5070838201721273
-1.264648722026799,-1.1722418631174223
1.8850438976915347,3.225434647657755
-2.8240945108394055,-1.0129924796505487
-0.5247379149475654,0.8174882562879014
2.9721274950888374,2.712980203321855
3.209791526145362,-0.11438119119398915
-0.9086734836257143,-3.092448534027231
3.2370363552956065,3.000648147837667
-2.7908435659215907,-2.914200303338338
-1.4269333539405638,-1.3893336908539544
-1.077100540246126,-2.324585606823927
-3.227563640435191,-0.5116581459019941
-1.7477169889725368,0.5216836064929901
2.6555198726678477,1.4400674751772329
2.8151486628911893,-1.2819637619714896
3.172590982750448,-2.909756390292018
-3.3393955007497653,-3.2506265749896133
0.7499913828793405,-1.1170404097225288
-1.5260750494277373,-2.6343729565832352
-3.2356516664457082,-0.9368868295012679
1.6320922964441276,3.280172843904149
2.433460457471735,-2.329262351139524
-2.472211543146256,3.16628634960642
1.546012610302197,1.8440750334378346
2.263695007910342,2.343952550617985
-0.8111863363436996,-3.040656554516375
-0.7295503874469312,-2.2666263556797115
2.4059634056907635,-0.7334259749198482
-3.077830163967787,3.012400796346388
-0.9716124953433789,1.13544342989563
0.6129407757797146,-2.747603139028673
0.9231813115596945,-3.3573235238019334
-2.8583175010176083,2.9369010072596233
3.7474562085012755,1.0646986644538692
-0.883717150585781,-2.1297597044127743
0.8172228523311049,1.3022168287388476
2.859404380773088,-0.9798657147016473
0.44653439216560586,-2.970167552408455
-0.6988867289938462,2.2946924520973826
0.8142079769277968,-1.1404147166924865
-3.3249631677967186,3.093295708210318
1.5657952218195883,-1.0586088008449124
-1.345428539183877,-1.298414899854393
-2.9655444887680713,3.0561512062681686
0.41955977772225195,2.817840908104322
-1.2824259519854213,-0.9753706580788262
3.1025953177525496,0.7334394821842867
-2.838521373484554,1.080530403153045
-2.268219121756373,0.6922320736865955
-1.2185589386502216,3.494072837495747
-2.150139129314359,-2.9106370820038774
-1.0565100235770022,0.7695406666205448
-0.7654403793785296,3.022727199853575
2.450393808960736,0.615401833655566
-2.613539027118004,1.0949491851183617
-0.5784894332962046,-0.6306053400347452
-1.6548331264632408,2.556792607735325
2.460862483666678,0.8049322070651324
-3.038597130889753,2.823275255137477
1.3558405464824557,-1.0106869355460566
-3.110938815841738,-0.3774383629145631
-0.21788754796399834,-2.1924880077633504
1.0811475574437102,-2.6624530535797115
-0.5567417794791685,-2.216929364021727
1.1550696036350796,-1.5377962413877555
0.9164632713312885,-2.3701422167973067
0.9743539295655872,-1.499991735724721
0.6863868858595704,2.9160432495387596
0.7304523254756152,-2.860035106837643
-1.1260586001014108,3.137129695716218
2.8923993385810505,-3.104549820171334
-2.545549387419822,2.4387873692451785
-2.6332508156763557,2.266768013663553
-0.5094561596822246,-3.1709061365555646
-1.0594866884768195,-0.6017815457131875
2.9892869037906515,-3.516200539127611
-1.4855823767563283,2.4717684677753384
2.7967352892151633,2.229300797126327
1.16894265207332,-0.5617236075372751
2.6102964701075333,0.46361724621327877
-1.46626049592777,2.9587721905409543
2.78834834767135,0.21447948242339399
-1.477454968149111,-3.1370161689900407
-0.9862580096768332,1.250329814365042
-2.6813978515845966,-0.3539178155239381
2.6958553211949994,0.9992245111341467
-2.7883319449166253,-0.36124462938533825
2.6469871898695696,-2.691633242515764
-0.5519048415869636,0.7217364704178566
-0.9185832330436948,-2.572674290476077
3.621934161571679,-1.60173499588835
-1.045145127423134,1.1246491741598341
3.109337255796417,-1.1810600196746774
0.8601136099472935,1.2216706304696174
0.956627053422236,-0.500067420494762
2.434132856874858,-1.3731088612520277
-0.4098926750950249,-2.9834782557294766
2.7808975391881843,2.19926777650169
-1.230131603287089,-2.700261568543522
0.9556768847383774,-1.5029164775303667
-1.2802725722819548,0.29154651423172595
2.7399621318902856,1.46202832894105
-0.8966437452035358,1.2629109316887148
-2.6088911306180087,2.981294331202099
0.5147037733656712,2.8331926229476267
2.686371703539614,2.204689227464805
-2.904794354154168,0.68402280484
2.5485384482506,1.0784753366547273
3.3149620514858555,0.7898996632013034
-1.1146464955316664,-3.2446322645262287
0.7135508242064437,2.181675030067182
-2.571029933551485,-2.4146737031933982
-3.063339876916598,2.241173950778247
-1.9244549704394358,-2.1772827319510033
2.416302582033723,1.2051656171610359
-2.8692355222914414,-2.4902357796140815
3.0877729839432098,-1.1009032643462837
-1.5629862764787243,2.8957845784613436
1.078824310194387,2.8235090981204536
-2.7387229887969147,-2.16706050267044
1.005981706018624,-3.1094624796611123
-1.0204270887404847,-2.86955055857511
3.256851338431299,-1.007707609147243
1.4807399753058779,2.7322818193654608
1.138403930621715,-2.739509965450749
3.553764951404268,-3.1931514127608476
-1.0760440476740036,-1.2797392111395307
0.915131061490374,1.1145833118488058
-3.437217635043764,2.7437695692403454
-0.7334890572720808,-2.355192886411127
-2.4261589006859037,0.16904653732542863
-0.8093711912239983,0.448095227534592
1.0534402031509615,2.622523278059058
-3.2633682979676806,2.740527319440743
1.3708198020526448,2.060753809915061
2.7633836469634785,-2.0100230370013943
-2.7416010995862785,-1.3849422091126715
2.7533790958504265,2.9591103284980944
2.78486593682019,1.1195293106060107
-2.53857137489474,1.2846188442178093
1.8126456246524354,-2.794739956585047
-3.378883990170172,2.4704648769472075
-1.2652166531568545,2.760016194193618
-0.6649383312503121,-0.685903707054076
1.0083142559005716,-1.191249069963306
1.116854875121043,-0.8853106190738893
-2.2211778598516614,-2.729797081470812
2.8953711594316327,2.7313838402319472
-0.8932167598848004,-2.8025890784290572
2.389606325465438,-2.9973660175074914
-1.0767487753779383,-2.4717576916467374
2.720583962944879,-3.1592486048553243
-2.8682887197590587,3.602431661796938
0.9865430337635408,-0.46484883604129734
-2.6072141126586326,1.0815424435419883
2.67980692563551,0.7777449155150522
1.0580202604311535,1.0386498443835401
-0.6700599504077253,-1.0007611794195264
2.9666569640249616,1.0015950256048651
-2.331717923866386,-2.5088687162278207
-2.3198820790501133,1.401589636817471
2.6298548926469767,-1.213682337559833
2.441699124964472,2.3911108711374838
2.8790329403281256,0.5277918546989614
0.8008487344957872,0.5598326031048778
2.195255783857771,1.2680469020920793
-2.0848138208131135,0.9072769195349162
-0.456505354934262,1.0341910582061868
0.8785707792087573,2.3373598084770246
0.3152134771590235,1.7123443048814906
0.5828631962185488,-2.7258749893109826
2.7651590830148676,-3.5091436511603433
-0.7094275337851139,-2.696616694057893
2.76454726585151,-1.4869377956784096
-1.203619573299561,-2.9711918891639173
-1.1468689841930584,-3.183096247626996
-2.950641453089891,3.748532286364494
-0.7569120538559596,-0.754369481428648
-0.8665578727585034,-2.346807785478532
-2.510721388791965,-2.787488688635589
2.547898735013441,0.8481528660564815
-0.6860824964148404,-0.8067079823807224
-2.796686607128453,1.3273616068645409
-2.532004792771425,3.1948713046739923
2.7221215762329107,3.7453908681083066
-1.486851534418939,-2.705702844834774
3.100515659416967,-3.0066828853689915
-2.757895789688911,-2.866450575452815
-0.2729681056589368,-3.01158233286574
-3.1195869082233645,2.72232602869724
1.0529930926752369,1.0239410544690957
3.3424236205452895,1.2290954221461536
-3.34431536907942,0.7716668877161228
-0.8102308234961249,1.8220379045720692
-0.7371328253314348,-2.6569523404592834
-0.9274983637384038,0.6507217641409614
2.03821300351126,1.110433327853474
3.1982838143201486,-3.3506765209587432
2.877057162103144,2.7231510158402865
-0.7291161509107442,-0.655036748290874
-0.19174267905108422,-2.9921716142144974
-2.44524406009571,-2.6918348833086783
2.0100543623867466,2.569653500503094
0.5738795822714793,1.537769457341232
-2.8344484785360127,2.6018115245880016
0.6223821555308102,-1.292266534293163
-0.7156824390156745,0.49281971736977154
2.4282835920866286,3.491090038225463
1.2354239445740798,-0.8622844429536429
-2.6202085403702706,-2.5437590488942754
-1.3477706977029345,0.295002620745889
-3.0568682375172362,1.298235243790564
1.7545835061325634,0.004009528034467103
-1.5134709606774968,3.567335524782156
1.5228851619836916,-1.2750142411008234
-1.1792024578551943,1.3748214610267342
3.5462221452661393,-3.5532438839754215
0.6165489289047819,-1.0296391962075602
-0.6331185545518548,1.4857960729626438
-1.410735209315096,-2.5572267237522444
1.0824141765253976,-0.8961354068480574
-0.3015590334555536,2.783143103861401
-2.361680490873878,1.1956447859294663
2.888507152988764,0.6116796759243666
-0.6736803477244275,-2.5108475723148587
-0.9024870174479387,-2.7753268388350016
-0.9741165225743248,2.9790074143689185
-0.00635964976610585,0.7165584780568471
3.098855056657546,-1.731976969981025
0.8153752228651677,-0.8744997211410888
3.5278148128376534,1.0073101176436177
0.4873592832814994,0.6270618123513689
-0.7828484406933713,-0.6099078074988205
0.8825736728886998,-3.0292659874222023
1.6608502039855693,0.7433251974088024
-3.092309856511506,1.529911246238003
-2.7468712553492978,1.0312444589505603
1.4428960463441716,0.7279746726985366
-1.0401948773753509,-3.1416728142562262
-2.9291223893866802,1.8652193428122565
0.7762749783220094,-0.7688953825631478
-0.7921661876785101,1.6523810726282606
-0.7510792970000016,-0.6962512413701122
2.6014767952172133,3.1081188258882766
-3.091116867754473,0.7755390932344414
-1.168794503252614,2.496552254016
-2.4529245958106247,-2.0204283911742476
0.5207673490869255,0.4738177899608263
-2.5609282815670795,1.1266593200352362
-0.9020698936491964,1.2516091318995266
1.011181324069365,-2.7091134178223895
-2.469943187373513,-0.9575876772138663
2.9583539504744647,2.7426636113098493
1.4859578572337613,-1.1185778820470824
2.891361301147582,0.7373128978592266
-2.791707338372746,-2.568401994436728
2.4507460385878805,-1.253132142758447
2.945041897178967,-2.2847449557838577
2.7624140844116836,0.9140641892112054
3.512834745633593,-0.7301440252440083
-2.866752886238281,-2.73199432607975
0.6433857385858589,2.4765328626547696
-3.1442497803271063,-0.9125407109795806
1.1795748702632944,-2.9842542322107626
0.5839854127128415,0.6744443449892833
3.56960986924635,-2.711884835527513
-1.3020900857828905,1.4419635405306326
-1.158319012314358,-2.8587432184896784
-3.5194442276098026,0.8302274912902115
-0.36357921401975773,-2.945861682759938
-3.134415549194647,0.8004698866790498
3.8515240852760266,-2.2027431259956365
1.004797122905161,-3.2646335098660155
2.8665241944482367,-2.0659413942761065
2.1672048291843415,2.471844710793219
-2.371889322806167,-0.16398253020356213
2.8420639001897325,-3.5337000202441593
-1.263184484048004,-0.7104695877607435
2.630785399750121,-1.3365943218809133
-1.1394974572409446,-2.447907095682007
-0.17827857168917247,-3.235173420170321
-1.1818916907796984,-0.9381706872738325
3.034755242148382,0.9653377132656857
1.8788928038808825,1.0985865933206165
-3.366074286934436,-2.8890585679625853
2.651995903870302,-3.119771054597528
2.406094445119686,-0.9586226141085349
1.189859976258493,-2.406383767927393
2.4889324930249908,0.514505256245435
2.592998609513715,-2.5954988729762056
0.8758559526985151,2.854387258430873
-2.1443555067100575,-2.553458161413345
0.5476397732096099,-3.2929949080992076
-0.9750875770474884,2.433528288669576
0.7879210610680939,-2.95298397251032
-2.8486249067617964,-2.659958267715929
1.25345966975369,-1.6850033270778375
2.743207761348965,-3.1596094841239317
3.4501895346378397,0.44667637296704904
-2.4350648425138637,0.9694234076844626
0.4585765616747267,2.3797229088487946
-2.7241664153771428,2.64274065437575
-2.291310892559313,-1.017822548745643
-0.3319389312145141,-2.726749413111668
-1.2286532595153659,1.4245729122088726
-0.756963603821149,0.38945870229965834
1.2357625960880478,-1.0441419106244174
-2.5966443490783506,0.3643218839262709
0.9342229331811294,-0.944312415905342
-0.7682023714494473,-0.7960410828522818
2.6140108499223773,-2.803819553089348
-0.8130633657023388,0.33549481529068403
2.5302122588365292,2.916551540221831
-1.7251664626020635,2.3941991047058155
-0.9932982814316058,-3.262505397373886
0.709473890490941,1.9230866779588283
-1.419963712734479,2.7901920514654446
1.383795341877429,-1.0184627289924406
3.012122421558299,0.5228926947667513
2.864992786003057,0.6335613462440411
3.0679825823868714,-3.0835456243040356
2.8271572123335997,2.852789042884058
0.6428302278453614,2.6454645361173137
-2.503069796055652,2.3239018642497955
2.716227864551226,-0.9915972166942191
-1.0827697264211058,-0.8714081871238728
0.6981862993568463,0.7045551291960342
1.1115868246691953,0.35273032090532164
-0.6785836172321835,-3.2811540928082366
-2.26807049662065,0.34815594681992346
-2.3738124039126904,-0.7542933908017992
3.1466834830798094,-1.127665533747825
-0.4255573100307373,-2.5993608304545077
-2.2487185826263536,-0.8496779427554333
-1.1899580982442357,0.9456215158531055
-2.792851887711127,1.4748500440427268
-2.8452414225421228,-0.4540805532587093
-2.7954879491132663,-2.929421132440147
-1.4645884592209795,-1.3959259776421475
0.6853612083956271,-2.52924665990117
0.7808049694123722,-1.1149602599620043
2.6042988809869096,2.755378015202431
3.013641612817189,-1.1660360999128203
-1.2982462572352818,3.7016783295598814
-0.6762990772573628,-3.0036348919714357
0.43278188923095967,2.203301431265989
2.805189601833732,-1.246077659961555
-3.3497289765418654,-0.7214316703037853
1.4928163833157646,3.0409924544260325
0.7045197850011259,-3.0366017594584203
-1.2830447308698307,-2.108303845404547
-2.572322970068199,0.7055875614380254
-2.917596747546891,1.223877146204833
3.1389776780735845,2.033415157023486
-3.023042944457651,-0.15244615810338052
-0.7414514825633456,1.4452463452613442
2.3684297270597368,2.8122729344460544
-0.5455106584813627,1.2154959799640002
0.9028608973535334,-0.7617256968553141
1.7022208404628587,-2.5199208066924923
-3.195693707029068,-0.9101750338220514
-1.935335447498882,-2.365821013643252
-2.4887092933622723,-1.3105334449137116
-2.784003294725884,1.3789407823427062
2.5620396423177265,2.550912606277363
3.1877987569356323,-1.1250091299032967
-0.08336341064484942,0.9301939449483285
-2.2622872713994147,-0.3509929357167924
-3.0529117569515187,2.7091331792230644
-2.6455719953555135,2.9918138388115914
-3.3336813883662533,2.6031512092194027
-2.295429093100518,-0.8672523919298358
1.1989217237307292,0.7703976441073136
1.234122990955145,0.9191920611704271
1.2632510718070333,-3.014996454551302
1.0476951141223005,-0.5333856999394031
-1.1390426024486167,2.457251190758599
2.58809628266319,1.0562787360307178
-3.5091215762765673,-0.9211023635119178
-2.388423501237779,-0.46635200282045364
1.5620219596601237,-2.555428587022366
1.427415292738842,-3.098892977669941
3.228360128796189,-2.9732775305326005
-0.3566001045376056,-2.3278163016775197
0.058820583755182655,1.9271337892750109
-2.4742141854997475,-2.4665040665934224
-1.598312957353395,2.415116203799456
-3.4487158724951317,2.756637365476226
-0.741407820827558,-2.992263364279566
-0.9878317196775411,0.7971963331148377
3.1744144865439585,-0.65654207681684
2.5887815132238083,0.4927194768591215
3.2251324347939705,-1.0059540842099075
3.1765511309423964,1.1118357192346815
-2.644397697807337,1.1870947263548215
-0.9498484035030822,-0.9479514887813345
-1.3407725985031262,-3.1180502708906013
1.2368381846417138,2.809169504518825
-2.9026440777459994,-2.3859703425796446
-2.6056369521930707,0.37737760525878145
-1.2557908571174312,2.890870437486198
2.837853909772574,1.853392029241625
-2.5700077778024024,-0.5393521368049432
2.6273892579069353,-1.0891883275184793
1.1030407997670069,-0.42732822071932075
-0.5216379206612678,-1.282455098011373
0.8744678040075091,-2.4005649859268203
2.5844508078003785,-3.389905597586995
-2.553222507634652,3.195294739066442
-0.47633611765725375,2.6441284295132075
-0.6707237981097312,0.4535274848043884
-2.8225384308777848,0.6865904788052261
-0.886088061521854,2.1634817465812617
-0.46208015663102375,-0.5769042444484856
1.6534535964180153,2.431129676164384
3.0373941034714553,-1.4337662901039996
0.8529545215305828,1.7298680732861882
3.089860798047423,2.8945906192632918
3.166528161581926,-1.0282102604342993
1.189129248036991,1.1774366478056395
-2.898794421661955,0.3146211598513287
-0.9598930610221544,-0.3807209292266716
-2.7072016021896275,1.0220698090037763
2.8504242967905555,-1.0015128930101813
2.4847957441592516,-1.5642099677882895
-1.158407989017036,-0.8067030191796888
-0.5196700899021617,-2.1317441616802637
0.9206508832391971,-0.9745899583387746
-1.1446713761795253,-3.235290147340433
0.7906587868024046,0.8358672687689915
1.013357469798334,2.9521019113965847
-0.5375636339206658,-3.001266306918176
2.40555890415748,-3.180430395584482
-1.300609553235951,3.026638905157237
1.2822333635174084,3.070571300281238
0.533732056544276,2.2106314561696006
0.5585239587957737,2.7135809565472773
-2.8622932880663665,-1.6484510326118098
-2.9958102778575526,3.293420997232548
1.0078860471773836,-2.573776294584934
-2.552739346258931,-1.28031407515986
-0.5850002799224416,1.2344510877831087
1.0380563753025562,-2.798679554176775
-2.2035481931888055,1.219020480622784
-2.388180105031239,-2.994610502615774
2.5210545883098225,2.431662435641229
-0.7057681714914767,-2.516319115569779
2.602839407534804,1.8780945421678448
-0.7407572121072672,-2.7094537107001404
-1.0406485544170465,2.438020911115205
-2.6266495463169384,3.5802769054894923
-2.517814810961294,-1.2387580640820683
2.254324479427733,3.164984770835424
-0.8528506011244246,-1.2982644963955285
2.938704134233986,3.362348485001348
-0.9582786230546776,2.789697121651189
2.9048857350124626,0.4985978095867357
2.240897495458234,2.8736626568968204
-2.756487312312275,1.6838779911444703
-1.0191030333873465,1.6988913139916628
2.5807394245268815,0.9561761190405532
-1.0321534446054588,2.93207556786947
0.964251197159614,1.1841435797534505
-2.9037686389532387,3.413891411807529
0.7928376197544639,-2.7276715101320224
-1.3664374050098524,-3.172883255527073
-0.7413036580927574,3.1281235140041206
-0.7870182344953047,-0.2109125052020056
1.088104799885665,-1.3194187309723941
-2.7679151770059507,0.3509700168869563
-2.337410385580168,0.909204847103654
-2.3691233689788787,1.148874699156249
2.588659421901067,2.6564247427281407
-2.565296252436394,-0.1644404628395801
-1.3880167664495886,2.650490063272414
-3.05126660028617,-2.8913413592683885
-0.7442193248355511,-2.621762746271087
2.896672062761521,-3.3553226584526805
-0.6989682607958033,0.9641790429178005
-2.4020987749231795,-2.6191109323794897
2.8242618994046294,-1.4892950617834686
0.7522043218276261,1.0405157976033474
2.640203564798802,2.081654720188738
-3.5200022203406345,0.9533681602212557
2.934750395962209,-3.218204570061672
0.32997426814328085,3.222463391199051
3.5573594245044897,-1.3628031929107693
-3.5438553580895777,-2.4214997087041943
0.6429415561917093,2.5406319725839133
1.1258446538602278,1.1680867986056451
2.825813720583349,0.4426406754075988
0.5342781144389612,-0.20287220328087321
1.2805653119659888,0.5634651551678086
2.683091503177594,-2.733640068825907
-0.7835843626554088,-2.905814935314737
-0.7046424128177908,-2.500029604771993
-0.8672607197825948,-0.23566727439572793
3.4927433888133774,2.5477710671982274
0.41453532683203825,1.0137094706455556
-1.6376952308790556,2.5704185854273036
-3.0508433605205165,2.707199191022571
2.427577972070515,1.093560386557118
-3.015742367405951,2.362032297003843
1.580281388717444,-1.0522050246992312
-1.2004714053057044,2.5976746995369036
-1.3181009014905243,1.1371599587450059
-1.170414482736683,1.0501384297637768
3.070935556993481,-0.800732574011804
0.636335371737275,2.0629856027100053
-0.6896456929683173,-0.4741636529966926
1.376949702079311,-1.2221218381980916
-0.7045925698278103,-0.5055214111897883
0.3221914015286026,1.2534787465975432
2.885103125624559,-1.7028442833339676
-0.9139304352859123,1.147752438588996
0.7444744488066486,-2.417487920777214
3.131058914604601,-2.867170894658946
-3.0210073360387026,-0.5167994714496676
1.6680960854782085,-1.1374047252015742
-2.291888353814096,-2.8620149881464845
1.1268462782636466,-1.4307557983780284
-3.5471302105758116,2.207768017389054
2.6750311682608032,-2.759248718396358
2.65654293849039,-0.8595347651186083
-0.37947293063867565,1.1223353066296091
0.8489705654046278,-2.6512848713092496
-1.5332774870010315,2.7222334765518847
-0.23191422292820613,-1.146259044323778
3.194282267480014,-3.62987187617591
3.177774429069958,-1.2823446234839617
-3.598788233552399,2.8756160568597817
-3.223118778040477,2.413625975764644
0.8252712904194285,-2.796344790168933
2.8080782365404047,-1.3347756709875345
3.0438699906631768,-3.053988815293151
0.9440318029789587,2.437026000675413
0.9858547823521759,1.0836066807738476
3.602020744917295,-1.4954435601613243
-1.2569183213505186,2.6281646216838044
1.1546006380404972,0.9592294386547583
-1.3684228858268501,-0.9492419580810025
-0.5185575266986416,1.1376884276607429
0.40512819812929307,0.9660881673739209
-0.3743817196859907,0.8688111296473058
3.2474631595880337,2.2482546658056424
3.5829458750606897,-2.3560566194460484
3.354141286872822,-2.927185451184533
-2.9449954715074704,-2.411685809673664
-1.0177061718128442,1.2932515377413456
-3.550994948398516,2.4944180339132385
1.0167868624961802,2.9893187446517198
-2.8468806892144953,1.4604441745884793
-2.995771820080416,-2.5242842036635555
0.6171566620587655,-0.5879706237609689
-3.272406110092242,-1.0022659614490588
-0.3980172964879397,-2.4379098105061665
2.806703879156428,-3.464663777761786
-0.6458555628446421,-1.3756271784734484
2.7238663523781295,-2.4288731799008083
-3.2829363467311237,0.8470061772401436
2.7178010692893455,-1.1052869148089925
-3.2414204231616917,1.4604420765740576
3.3117990684333907,-3.545009855263993
0.737846171975567,-0.9260809284336621
-2.55510933949728,2.3566109044433126
-0.7842490320290463,1.0666475866052632
-2.9870612729746044,1.3063724110901709
-1.005216309098146,2.8537943746797594
2.881201819278147,-0.9860173328224495
0.08889229014429269,2.2850493086245023
1.0619922371671735,3.183166021964604
-0.9780529567207523,-1.1646847127273627
2.53018255313821,2.3727402848865555
-1.44630392682068,-1.2258208551281895
3.251548688515089,0.7832945173306182
-1.1776325271364974,-2.065588018368058
-1.0818158857287694,-1.7170241849526946
0.4976115583489959,-0.8238637471243929
0.8932688345648124,0.5854861970892712
-1.21244306901551,3.475932986510155
0.6634461136747848,2.280610833713886
-0.9244043477940763,2.874520817391713
0.9610906793753041,0.3767556959802251
2.409844095872265,3.322085695697924
-0.6994935318064714,2.3305101002202244
-2.899301314453125,1.3867371412717189
-2.7975196852049327,-1.5065718487290196
0.5052402890546585,3.408252490884583
0.7860004495004488,-2.938849101295695
-2.952809374238848,-1.0021926574260527
-2.7220998334629862,-0.7933178258479826
2.6361548358060998,2.4533015095641804
-0.8782079033583793,3.0267540736747334
-2.428662143596986,-2.9595105226799823
1.0047308719456214,0.45532787450596296
3.1611359340349594,0.2449759917286681
-2.5693315797638943,1.3985298014715752
2.2517137836581758,-2.792076647439317
2.4166042651564834,-2.929091484378595
0.738717155844908,-0.7311464821670896
2.7194195071039196,0.6272038186983661
-2.4804482380819164,-0.25574655374661526
-2.999223009779969,-2.6291768894326935
0.2994109256123834,2.8516153218542377
2.777660375070774,1.041916813854327
0.950366297717448,-3.1735240250274908
-0.684972528863445,-1.2638958535674256
2.554174216656728,-0.9248965851263402
1.0923632714627454,-2.7953460374277515
-2.8235672166826813,-0.6686439872182034
-1.3038931488204704,-1.056805717567811
2.9152895874947213,-3.3617839501753095
-0.5024362236552863,-1.1724373296612165
0.7205751062462525,-0.9663800281525755
-3.0874012617061113,2.712876827704726
0.7416879165327348,-0.9353884154429376
-0.47706981778209934,2.951435040382832
1.2777360658773724,2.6680098187830676
1.1125820613871642,-0.7859061145906903
0.34845385040848575,2.85061894026966
3.328169278940566,-3.1515428407057433
2.750962786936868,-1.435030634285951
-0.8855417883055823,-3.6275247434424296
-3.1384088354192623,2.994487488140244
1.0528982996693281,1.0860547653817485
-2.6897302739224545,-0.9353172956865392
-2.6761260683318437,-0.2738912565908644
-2.5373128132164755,0.7128315788050733
-0.2776661856988274,-1.1453634272727942
-1.1449041676136233,1.392491177293647
0.0095544130986134,2.8238878062293686
1.0904991790035083,0.8252597226318281
-1.0329416103336475,-0.48037644881140046
3.1287922612754255,2.3928310596468525
-1.3564077583681244,2.923688596055775
3.656733306098892,-1.444659348224209
0.6773736765340949,0.8933010917040768
1.3573328821809254,1.1431890963871907
-1.0937822267573971,-1.2538054902787699
-2.352136768145421,1.2770681108942212
1.1541847557097047,-2.5870634311579246
-0.9123959010293845,-2.587443299500129
-2.2487367519124226,-2.5968811343173277
2.622745375132152,-2.7183793298463645
-0.0761955680249408,-3.2512445774588032
3.3392140401320103,-2.174133646507107
-0.32348757079749035,-0.06158049898624
0.5219460954533715,2.4537321153735805
-1.432509459063739,2.661232739323923
1.0478099361896556,0.5589728749006664
-1.149545309563285,2.503666359680865
-1.3163516411055767,1.2056889262456558
0.601039025838574,2.6277667188589904
-2.6058478558394786,-1.2571430339303034
1.6253183297178087,-2.8467161464865627
2.942170121322365,0.9741768449973368
0.8186657172645864,0.6936314182391806
1.0069263666931867,-3.233894998991962
-2.289142462442115,-2.3236450474010586
-1.462108162642966,-2.9342608813174933
0.8608291250078766,2.5306250750928436
2.8353842828683704,-2.999292039424188
-2.909606038124933,3.6919760833015753
1.1384995473825712,-2.4784970561208537
-3.00031201623224,-2.605887353711268
1.1561376467716635,-0.5445909020135701
2.951071753143718,2.6872971016942846
3.1071855926130545,-3.6499853497048558
-3.064197388187672,1.0644728927371185
-0.9373892622135623,3.200415240700129
1.1754709741526723,1.2166653879524392
-0.4998041103061072,-0.8076192477976395
3.0036160735041926,2.644673900002474
-1.075480821529439,-0.4945687590799245
2.6151645951055844,1.7440704483743619
0.7032653476120245,-2.6828943175220785
-0.812592696834946,2.3478558533378373
-2.6519495974949767,-2.9700413083056056
-0.9080862867555548,-1.0334999104586673
-2.949666359242383,-2.9044890548899205
1.086817794301004,-1.040929633888005
-2.4757064977610512,-0.8181493864466667
2.5885774506772172,0.7575401110338128
-2.6453137002282276,0.8285411099775123
-1.889815878138367,2.5888021807716286
2.7774582834869626,-3.146792997401484
1.3227555820761803,3.302836820499332
0.9796073247360352,-1.111971883536841
0.6894986412418328,1.8853151996116748
-2.006509147580215,-1.0049724429281852
0.7265166986041097,1.1417439591726282
-3.0184815572733403,-2.4243641307297668
0.44157486805139273,-3.314323627257634
0.6756678350522604,2.6745066266329176
-0.799404104700072,-2.629695966160693
3.1109364035790237,-0.1678159384623424
-2.7978257916552534,3.3003166170052434
-1.0656999519198145,-3.3411484324788496
-2.7053510007711337,2.953762321615182
-0.961325041678924,2.1001686643663717
-0.8856192818248313,3.108932837649094
-2.3248462250477453,-1.1256327880289358
-1.0670111438947005,-3.073048457140069
-0.48340564098596484,-2.995922107150756
-2.9396362168950585,-2.229505886243678
-1.9313616330890415,-3.546882973339074
2.8416552046487613,-0.9120117735179768
1.2017822155892368,2.9281758418830504
3.329475795070523,-2.5462308215095812
2.9379416454166365,-3.434073008265972
2.9954926771568027,1.723747936937096
3.025249227782321,-2.36717836234673
-0.48923579585842414,-1.102872442055833
-2.9186236916508945,3.382220689085179
2.914320988317611,-3.218191926037821
1.2031113610407465,-0.8863562944186918
0.7218696246414135,-2.6293945124672
0.8451361741322986,2.355450452050344
1.3886808856916428,-0.7947896900587041
-1.0533034258975784,0.6922245025624294
4.010566838572984,2.6272096143359427
0.9524421081140378,0.5117571457155418
2.7255317518121016,0.5756529635719418
-3.0904859855260667,-3.081950138714888
0.6460586035244059,-1.1292341790585163
2.727062805214676,2.9070065521979704
-0.11084775133006093,-0.6794076105253825
2.74548341167381,-1.7070734354931378
-2.856540606410379,3.138586128699387
-0.7113966004597214,-0.5682374586410776
1.2958664003814808,0.8782085960896058
-1.216146469731828,2.8200450122948046
0.5376797989907984,0.6343772893782755
0.6976629695337949,-3.357152302169009
-1.259728743989156,2.8225375199702403
1.7487039079550957,0.6600775450847319
2.9983868506947013,1.1568721743167765
1.6984872001286564,-1.234053645559508
-3.105520616106118,3.0337914198315383
2.4359466938779692,0.5059924987342109
-2.513437601778538,3.342970829305839
-2.5892571665491833,-2.5696700610396617
-0.9320449493929758,-3.1475509153092585
-0.9759322302821299,-0.7762668592877597
-2.6186581829414606,0.5921205476027203
-3.247442703570052,2.6657980879223
-0.2837172907048868,1.0597944554738086
3.3065775514426856,-3.588994747106725
-2.6300269459907253,1.1462315494914104
2.075287780788153,0.831103548237141
-2.8114987256875366,2.4893932459607937
0.25531600325126913,-2.6036288154424327
-2.327686348455134,-0.9384525854202287
1.0197630056153748,3.0891978288592044
1.2707692730070117,2.71982363212751
1.0517618844625192,-3.063192673234613
-0.7080719694067722,-1.0240527514900482
-2.82809062218127,-0.6144532892779856
0.9096311340117834,0.5328068886370543
0.6986536194577665,2.7501275028497227
-1.2416829996542553,2.9784006978892386
-1.500839307171378,3.1118698083680285
2.8113772507001302,1.157548248797331
-3.16021294091929,-2.4427526569142017
-1.4108468803144123,-0.9019749344495009
-3.16077171710763,1.8939890688408134
-1.4144882004406814,2.525345436077614
3.3358744524799198,-3.5288464289390453
-3.1392150143180837,2.9311466791481284
0.3837392251480571,-0.22584198626201074
2.5469614727090946,2.705598478146804
2.720435740268919,-0.5107602293313315
2.3988118168601216,2.43684544208182
-1.1084457282925426,-2.067293978251676
3.319219169337074,-2.4328948784919295
-0.9003261415632808,-1.3945686643573392
3.072061993511768,-2.6166480600128224
-3.9762453413164747,2.993217261008163
0.7815276329577975,-0.46927676757474107
-1.0957001328725098,0.6632845416257789
-1.1776044569930957,1.4108951076000749
-1.6717562544035252,3.2791904451149327
2.9516665999693914,-2.041180956407376
3.2488352108148724,2.9747747710517563
-1.9989807464949703,-2.4098054989547637
-0.8245247265007604,3.001879132415789
-1.255051160592782,-0.3649789300030839
2.9942851593400976,-0.14947850216505926
-1.3273866790570998,1.8061046321727694
-0.7747116720847423,2.8276805946322288
2.5779093992468467,-2.477026347647397
-0.44973513401548243,2.4515757947043397
-0.8858653605542927,2.854992210876621
3.8367711211366173,-1.632675545342632
0.08383132999861106,-1.0666278177791868
1.1625800017325667,2.5395363326589093
-0.9504644043355243,-0.4588410236329841
3.283127996375568,-1.0954705930626576
2.193737337215646,2.474074398559769
-2.8586060668372704,3.3874356690483
-1.16349227499994,-2.1372598218657566
3.038308017858279,0.6066133805011878
-2.8291248481651197,2.980890756659338
3.5039975138102717,-0.9039484138264758
-1.0571025610621552,-3.321663435841958
1.2684189715747376,-2.7014020939447048
-1.1893634925246708,-1.1283555390748148
-0.3544435384164951,3.1961750930107833
3.4128773901761433,1.2075648542187363
1.6297089810549665,2.492386777360282
2.4926336187336307,-2.976826286955377
2.5582616492947476,-0.5048289927643184
1.6299811175396501,3.461427136461468
-1.0689207294840815,2.714754906705825
-2.907306205238741,2.338025858631305
0.40737135320159595,2.3132362357356357
2.6249622143988653,-0.45207607131889055
2.939809372943958,3.0555424343581574
-2.9231739375434698,-0.831058607060058
-2.603161740011894,-3.1249694600595253
1.3222652066265486,-2.570424863433337
2.8856497391251037,-2.7733537461290543
-1.6573986440542225,-1.6953168502457279
1.0872876058200112,-0.7053284165941559
-0.8697201700682168,-2.8052688178638117
-0.6111090051639984,2.8842349614558094
-2.9987254832355767,0.6748344773082456
1.3468228126257622,-2.5544658752278253
-1.1237862381033188,-2.672278847299813
-2.5145552878101856,2.7049908710045156
3.0014455687156487,-0.5658218401947853
3.107747769152559,-2.8653680598684312
2.7300194293042463,-2.705939230516503
-0.5009122458452363,0.45519524519491283
-0.6305653981489339,-0.9258449385013684
-1.157601937368629,-1.2279644174106956
-0.9976871299254487,-2.650008493854272
-3.253998083961355,-1.3588775824620003
-2.5805750734773762,0.9631537280013333
-3.1599137397797077,-1.298392348027395
-1.259070418723227,-1.444118526511144
-0.8771715707182571,-3.236675972006747
2.742305107394959,-3.1711838347322368
-2.9157956288659808,-0.8046256096889614
-1.0860204589158082,-1.0785285620923482
-3.1119253455592233,2.7086863857479018
0.5408972079851297,-0.7336002816864372
0.9544258143725791,1.5849473667290692
-0.8712456168886362,1.1827426927033309
2.7829561579333695,-3.13523064574929
2.7576775239863704,-3.187938035257899
2.1708741647224725,2.0912312640820123
-2.975551892978711,3.181514783242318
-3.334525408716155,-3.1444192947641665
0.9859082832162994,2.9974630938954974
3.3588769212436795,-1.227609381010711
1.1014182876579246,-0.9626329496111652
-2.933812586231332,-1.072606816207174
2.918808540315248,-1.1906921803529276
-2.7337404141813564,-2.615499266821779
0.70431506921391,-2.4752113757773437
-2.8721884569975917,-2.5482073073062836
0.7202839914271716,0.6676978522008614
2.5188842553439375,3.0199672249563085
2.50602836915434,2.4048819203539136
-2.3564539711400867,1.3258527834560476
-1.127582607222546,0.36357280935631864
-1.130517200283951,1.375833608461021
-0.8324678608400398,-2.788679841186097
0.8718023919111187,-3.3707093425479937
-1.0295856638304681,-1.6102319291567302
2.692869457271232,0.3915961548907752
0.33789407123156384,2.663475791265051
-0.7421327154352112,-1.2064089999969483
-2.985243312138039,2.961315804813593
-2.7843288054999022,1.0916273013455822
1.2586178732946314,-2.8778604882343197
-2.692253150666965,1.1703804070088948
-0.23833635397274522,2.974569795085956
-1.257326658413747,1.9156080448187514
2.854479418004785,1.181710627664653
-1.058462449512585,2.380361669432954
2.8519376389572018,2.2521272077762675
-0.7597828905180948,-0.9252331979265441
-0.9612830104713194,-0.4379020549900228
4.027343426268936,-3.6797204782692763
0.9459231383009736,-2.3395208421331337
1.7973640616711462,-3.1056566136220165
-3.272484384071755,2.982540232172169
-2.348680605647461,-0.8764243211887903
-2.8489275449404396,2.221792965363488
1.0205420600532107,2.567198540351528
-2.0231824227628206,-2.460642981189868
-2.758847361615047,3.1381761916866417
1.3131002235636766,-2.74143798022268
2.785349021782496,0.2314831743971101
-3.228076931320673,1.4492868501621468
-3.1452176038048028,2.6125122117260298
0.5393413606211626,2.7266100285708017
0.73234222649394,-0.9699794330271448
-1.6362987876635333,2.7501704241992866
3.2901328710462816,1.0072262353671884
2.463349040872773,2.7638893643590534
1.8997201315819758,2.166493183782679
3.003954381492559,1.2401519054947667
2.2648591788194143,0.5886764718278756
3.3572233077785145,-2.513220417254634
-3.017510585121758,-1.0803836210192823
2.8053245467413395,-1.0439221193327612
0.6121401864022556,1.1949734246414485
2.569113016471978,0.8219901318552247
1.2805810483558173,-3.046934976271467
2.885812895310845,-0.8237174412471676
2.764460489901056,-2.869830253126059
-2.7092689143494257,2.9069870186338873
-1.2027373219024207,0.8015021275710282
1.3085813998219344,-2.2619010079388535
0.34234050341624883,-2.6836172850788937
1.371252359415903,-2.436753727329438
0.8874831301333418,2.0360500779281594
1.2849462011611696,2.4484234395094697
-3.5874948603323,2.785164365785321
-0.9809203913576349,2.899487206256257
0.7197679042776524,-2.8662488184358876
-0.7557098251400035,0.8974733858267577
-1.0509063814202761,-0.39041202777860473
2.83178939543682,0.7933486684897453
-0.7315638300205022,2.154001713402735
-2.8319684582367834,-0.019200324998446327
1.1488109047501267,-0.41133431779081897
-2.0607803145909593,2.8090337343030245
-1.5835520804297258,-0.878866559870345
1.6597018207505299,-2.692073086998739
0.31005843674076994,2.534275858763585
-0.8720572608277488,-0.9468548284227071
1.1375407297087194,1.140574382147328
-1.0514723035611344,-2.05397830738321
-1.3212688861753954,2.7765945660757647
1.1527473860182649,2.8811080463762333
3.019894001467725,-2.843575536426721
1.2032015036082266,1.237317874234886
-3.2996343970280924,-0.7002168070028362
-0.8513680630448756,2.4175506264323348
0.6919697413026106,-0.8319388372793667
1.1692469619593155,1.068577679243746
-3.444567645895635,0.4671652354931297
-0.9306397821851513,3.214383298455677
-1.3231898201222874,0.6973346136830458
0.9525702508315748,-3.058753794043686
-0.7339119712039814,1.0405325327111254
3.144885556242825,3.333440567059386
-2.7281478565580923,-3.2641546001519983
2.7719046144710395,-3.0049857667840976
0.9918532240121564,2.8981002472862976
-2.9820607587943835,3.3015144154473863
-2.9775874852552016,2.593471656221783
-2.8694595971472205,1.190020173224757
-2.4873854558286785,-2.375496953493263
1.1796334365049617,-2.776492822196496
1.4321231369367236,3.0257516331688667
0.5671102251964067,-3.2774217149195675
0.7096001235108034,2.546907982755272
3.451012868601304,0.10986312877862153
-3.225736906369016,2.3269278528819677
0.8524640924387745,-2.228756657033444
-1.3352877536247993,-2.9285228057317
0.9745852046548065,2.501726832334552
0.2395041111482763,2.3750427547356523
2.5893966855881168,3.183005455186105
-1.4400032399104659,-3.207506187167929
-3.2064663810825587,2.2914760650603676
0.6840572068324348,2.5716064681495157
-2.9211365738196844,0.5599608952160721
-0.37256726276033275,-2.8501835045202633
-0.25763276351149333,3.09245990125436
-0.9732995718852436,0.7302874759301238
0.9954512726688804,2.33270422082835
2.367032346759433,-2.954033407463667
-2.833790699287577,-2.9059850937949676
-0.9675662504373755,0.8386689222937942
2.5917529571121563,2.936842177121732
-0.9127851522327087,-3.032427291729863
2.8082511803947954,-2.615984001218178
2.7088019791713647,-0.5757117894977805
2.849157207158411,-1.2576033765995394
3.1950491903176954,3.0688500541507326
1.0740265455806715,2.2565138916814624
-2.275734297229952,2.915215859509296
-2.9878473278577444,-2.843235924935567
-0.6801018025861694,2.5222846475447596
-0.6781351159300383,-0.4401235480119434
-1.3069330180546244,1.2809344410581576
-2.634083921705563,1.2003507792259225
2.8533442548310757,0.3795306487246221
-0.9471008526248643,1.1344612996405583
2.605373468531591,-3.375046253166007
3.3921372379257626,-0.8673507071312525
2.662570530199229,0.5091360591430062
-0.9599070157778228,-2.7775627487022545
-2.7971463393965976,-3.0005212446483633
-1.5766448235883455,-2.906732930768897
-2.767977442526512,-2.3290963727683796
1.1170534333329702,-3.0814552957819474
0.9702490672445278,1.0176942714060844
-3.046497216594809,0.8889977308484792
2.6375295740621936,-3.1998725895416498
2.7597666104432363,-0.8230815630445726
-0.6470056134093494,0.5675158208173932
-0.41723301486312375,-2.9318089555716726
3.0480665607133055,0.5060231029940678
0.9264344770162303,0.9216570216503401
2.6797309537150458,-1.5359888149651468
0.17118302998879073,1.3853143447630498
-2.906615855176036,0.9702195067873037
-2.284608468164385,-3.01677274874041
2.522965365135691,1.7645487579422818
2.013704434519273,-0.1551158640062361
-2.907206400571665,0.3914949676484321
2.7304445244914817,1.1894214770938967
-0.9551146254876111,2.3038206762640985
0.47212446728791485,2.856638379040997
0.630694832618123,2.4883096387614656
-0.8058281258266591,-2.5185747276393373
-1.0347923322608594,-1.023262734186493
-2.639061073365108,1.3269511774432978
0.6226937918565537,2.7397999420992485
-1.4155814273913576,1.077014177976135
2.7490731734633944,2.2324732498527817
-1.1703929764496483,-2.4319399069129464
0.21818196569289897,2.4656013998885538
1.0708170689975103,-2.4216364815246814
-0.5061238849877635,0.12576132245033525
3.4433326406641824,1.2815550291899747
3.0147376567535082,-1.420945559696737
-3.2505848733505656,1.3835483768712102
-2.1231206349780045,-3.10159168651733
2.3936836597925533,1.353624469154055
-1.2868785780284302,2.6761864082102087
0.20662218198491122,-0.9120024458021603
-2.4194343063841957,-1.2781571150730369
0.6482193689731025,-1.1247325796340102
1.0390757423541055,-3.2794699369863247
-1.0062630805079225,0.5759595342746091
2.5900694989361233,-1.394405161704589
2.556277463698947,0.24322596633584162
0.9701246589566753,-0.7932465412656164
0.9346639888137508,-3.1538159794077254
3.188012479764406,1.2358362874769464
-0.9366437833383893,-2.7844346251499767
1.0164085154175597,-1.1569379880911879
3.31597774937363,-0.0892555421909598
-3.3835244040922037,-0.27686850853452755
-0.7796583829392774,0.9892787322117309
0.9526567645170742,1.9435495539914303
-2.6622121651491635,-0.7706036659422124
-2.666883344330443,3.4025718225780803
-2.6129584668288537,1.2123661741408112
-1.7942172307299027,2.6973272194041322
-0.601096470426252,-0.6983582718585125
-0.4076948280152985,2.2539643159246148
0.9887231119584926,-2.6998908969798703
2.9416864354965098,-3.2536529651305233
-1.070985867279728,-0.3520195037154083
-2.3758163120006337,-3.108334884721381
0.9173520349834484,-1.1119243395296377
3.2857074220369515,-0.8865092648460559
-2.6781238296264744,3.4013188094475084
1.512846110801141,0.6127890468283842
3.4956157223450437,2.5384171893125567
-0.7691386996912295,2.45816626930559
-3.0763215385992617,2.5585065442722743
2.913341478691299,-0.5383293184482916
0.3490938880175255,2.6276573937734686
-2.6708356441736067,-3.137158364820308
1.0305308556839468,0.5834000585056474
1.406802039931495,0.8957857266416501
-1.0549841468755279,-0.5779384817442605
3.390893636689819,2.4260564530595814
2.4683964872294135,1.3399464647679145
1.221562998529146,-0.8550032160644288
-0.7921874901244433,0.8051691669448873
2.540277604362398,2.5634709004898384
-3.142709713231891,2.51225832575124
2.7184007651444606,2.7583736605991382
-3.1011840578941734,1.0472104788742966
-2.6254701249998167,-0.6704468316580248
-3.1586721837821283,-0.516256433399631
-1.8214429090976578,-2.3916112862083643
0.2712348533603314,1.7191514824004908
-2.8188342702559077,2.5024807706302226
-2.806851712450182,2.7494965298662875
2.8598304759806275,-1.003657600872887
2.829614744550597,-2.626276683037535
1.5215789249005105,-1.276286745855549
1.0783363785951858,0.6479355443617199
0.6799662509981241,-1.067868196007243
0.776632209766512,3.1132206596611622
-0.7653284495675882,2.8241199078615185
2.6668600671837517,-0.0637721055366856
0.7894011781094075,-2.956208463843079
2.86032278619001,-2.460881756785473
2.340911557447501,-0.9937440261410807
-3.011291393025751,-3.2644496552573843
0.9764045184403506,-0.379482866423312
3.44399123182317,0.7560170740897557
1.0289640512436093,1.2166348267122424
0.6961757362596422,-3.1955910924474495
-0.5347108156781106,2.2351959226223035
3.2676556654329336,2.907825725340923
-1.5621217497753064,-0.6093417790605352
3.5595002666940303,2.411298956488264
0.8714332983689129,-0.33901365080877527
-1.5394426461932706,-1.2575388923161326
2.9199222818227315,1.5070322810966919
3.046533114894472,2.254623348594961
-0.4254496774917672,3.20444027021538
1.076304527231643,0.6010586164035394
2.723767662173925,1.083960069490589
-0.6402087757000151,3.21645453395585
1.4040833067887621,-0.652091368967562
-2.527470702889154,3.261612129646031
2.736644803572627,-3.3248523992911534
0.6573584796784028,-3.2311179221562245
1.2177666046648992,-2.2955608487049277
3.09041174522446,-1.3831355791611064
-2.5879081694300616,1.2204243842052134
-1.1689770952729805,-3.229461555940822
-2.4001089110421128,-1.18813991311234
-2.2278482953325613,2.944569222567494
-1.738501768385754,1.6378190133136525
-1.107653849115977,3.488478608814904
2.676482417228487,-2.30370405935676
-2.3509678684271105,-3.3350802668994497
-2.397233612716694,3.018489488845558
-1.9405393275449287,-3.193468291837061
-0.8186322380563316,1.7397527236716637
2.549359227179667,2.889196931745285
2.7948687080057133,-2.940252400035729
0.9845399599185728,0.9274808450207401
2.4429323199160957,1.1113122309328751
-0.30638018670289346,-0.991551438663495
2.841429444169468,0.5123025368250472
0.4638796814367231,3.626636677161968
0.3792378686107965,2.217187912409964
2.8109274543498355,1.4086529225732933
0.5365818685122796,2.504447710302887
1.2690914932898052,-0.6545575268813218
0.9886835946576242,-1.134184695079599
3.597100815089856,-2.6670531092737684
-2.9363101200343893,2.2422265903325154
-0.7564282021896972,-0.7006999355230455
-2.1843485700256946,-3.04424082191198
1.159452563459764,-2.5631613177508057
1.026025859405267,1.089470862879126
-3.012317522247287,-2.900808774172518
-2.202860302099384,-1.2085734086357967
2.90249905479138,-0.4186500969915672
0.6896082091121111,0.40685099713527356
-0.8347188844911578,-0.5468255806839452
2.96909980616884,0.6652170000999067
1.7781931948303722,2.6254803652079164
-1.5225455610800143,3.260054157940354
-3.43164088755897,-0.8345667261481882
-2.699900590142869,0.4826761675075882
1.8297830033744735,-2.288864805508751
-0.9877192066005408,-2.976548523598921
-2.479749250477898,-2.626534158878737
-0.8454542578776245,1.0813240739938184
2.6637813321261237,-2.0309075150342193
-1.2683535847822596,1.2954944214941306
2.6203526896398217,2.592743276930187
0.7610051485528956,-1.3042822602824267
-0.9945811172743314,-2.4048708566278956
0.8709928010336329,-0.3965985465240823
-1.3197008014015796,1.341058688366789
-1.5024049500604473,1.0711835978507982
-2.7217142956769904,-2.788593953724575
-2.68760525486394,2.731412978079956
0.7921502115206112,-3.505219869875372
-3.0849728001706707,0.8181485846947479
2.773073019634074,2.6788397773976
-3.14079889546051,1.238962260642126
-1.1187352176935743,-2.3811680198144303
-1.23127105004183,3.0961296606869637
1.1984229722464195,-2.4797073068641557
2.3422055705293503,-1.0206008947814549
-0.9668007370070466,-0.2730141824914692
-3.0499772534828646,-1.3748982649268264
2.827999759518144,0.8474314236334236
-1.539198088110041,-2.8832755930149925
-2.396056056112667,0.8703781400515428
2.599249475610371,0.7059690337354174
-3.3216585999056423,3.3637475998081574
-1.4533026715089512,1.240234486384811
0.21616967923541186,2.986457216725982
1.0148090861299193,0.7530844481253816
-1.3367441884476292,1.0992174390241514
-0.5646475245774014,-1.0614601933550376
-2.835727410225467,-2.4022659444715457
1.1555575990543987,-3.062340884596469
2.836254600412003,-2.6786045454224934
-2.944321010191818,0.8242963123984527
-0.9914376477152169,2.603892249048943
0.8857073374986904,-1.2486745253435585
2.806498499823369,-3.308257171077401
2.99562563209036,2.649252617440278
-0.9919116439980156,-2.531651597744326
3.143259779281018,2.418063260975288
-2.6810400924694755,-2.6118803352267133
1.0882263349478705,-3.044872367339943
-0.5606193796623111,-2.6283120803662907
2.9118210238558717,-2.654410697713891
0.6259650894083552,-2.9672700865430066
1.181349923282603,-1.3266943431489915
3.6430389627738977,1.1073981230172847
-1.3975423416249888,0.055866481876688766
-3.647376608851236,-0.8568648402340988
0.6329099357862467,-0.6690352423808613
2.7201159667679575,-3.0093440954012336
0.9068862517848881,-3.1695110654051524
-3.152443997499349,-1.162375134803154
-0.3697356917626746,-2.5771318570565853
-2.9476820455280635,0.9580874499911058
3.001050450211082,1.1893687074400623
-0.7541937608944466,-3.1657825379923548
2.811365695206349,0.6441390356414888
1.2323808166070502,1.2338573215824584
3.176142033215517,-3.8112456415335476
1.2878502886852514,-2.610056440245024
-2.5881747919415714,-3.0436555345691234
-2.571937388233218,0.8276928530600622
-0.906969973143026,-3.050457071441828
2.2143813642305834,-3.178301534519184
-2.941479946366302,1.099803316310366
-1.1737787157255721,-3.1415467928283016
2.8755366491297196,-1.2758884029674051
3.2711880102920645,-3.1718831670844634
-2.540769005125228,0.4660582057892947
-0.8380432816326453,-0.4320480468529493
-0.16526823346962513,-1.1041662472137126
2.7364292851854897,-1.419245601747844
-0.8870999263742805,2.378988276764402
0.9463247914137831,-0.6716267170607249
-0.6166788224854753,0.40464278676871207
1.2919981002073602,2.6421880431916405
-2.463261995224879,2.1309287741481033
3.329063687760987,-2.6887667182919714
0.14879713419794158,0.9841992103398842
-2.0464658899680974,-2.9177115542560834
-1.3647728292029482,0.3104102111599462
-1.2115085603965186,-2.1332143631334946
1.0685664350012387,-3.3019547866711587
2.5393726738529825,1.1277859428407775
1.0228235613134882,1.0065254085259268
0.5085730404851344,-2.8251984947618056
-0.9751931058451733,2.6306047123548986
2.732790862491717,0.13097535159740076
-2.4545535397888347,-0.37110939089915485
0.705547466936068,-0.7998327934307511
-2.902457576925512,-0.7404806829802947
2.739604159727422,-3.230465966872431
0.6752016576957688,0.7757198453044561
-0.8713529980851233,-2.859719869299394
0.9702022663830877,-0.691539733812414
0.9771933892572009,-0.9357797409492357
-2.6609247146571273,1.863171560561495
-0.35477338424734806,-2.8099375109734424
-2.6654932507210356,-1.160277368277226
3.042212491165326,-3.1912166921497844
2.847500009461994,1.254632970113427
-1.0280823295735737,-2.9660652046811045
-0.6139610488274889,-2.768404052680323
-2.899132640782719,-0.9618600479422963
-0.9364185510505988,3.1048709109592654
0.7815959028361564,3.0759252770676504
-0.8710610049395915,0.4909487164400263
3.019119307572413,3.059876840095589
0.3716789293399497,-0.7736423968321245
0.8744379704338952,0.4235519814841171
-0.6989629553885978,3.1305067647699474
1.5626431674293948,-3.2624882002638853
0.3576650612305636,-1.1805835094980235
-2.549129202887207,3.084461292444716
-1.679642751731653,3.046160665909236
-1.4059416212441123,0.766221845982547
-2.986306457642256,2.633166056625605
-0.26555637705748125,-2.4862536362300123
-2.4696110585794533,1.2397573847424472
2.753828914942322,3.231397832258668
3.1969500635364407,-1.3267463441342224
-1.2026983193704637,1.5337015067818436
-2.887989374310269,1.228067231462271
1.2833229419090282,-3.0147154279013404
0.9164330452395651,3.1645165953393937
-2.568146477489122,-0.8587051443731634
3.714767188035697,-0.7310780195735483
2.678553668152817,2.5271416289339297
3.180170508566642,2.337174565419433
3.0076916725781424,-2.81067800281069
-2.88350215821553,-0.7003073088356054
-1.0592193352480033,1.1945361331526134
-1.3479026009591741,1.244827211261893
-2.6358678373361855,-2.605482878041578
-0.5503436283095228,-0.8089470493557233
-0.984419203624872,3.773889056854635
-0.645179820718102,-0.5616201032894933
-2.19027753154373,3.0929508847853033
3.319751245089291,0.9804336682290308
2.5977699394668505,-1.2335152138829293
-3.058963245337059,2.9375789117408266
0.47344583959449715,-3.5298510700083856
-2.493185631998221,1.256186627858302
-0.4317271695060351,1.4698139878358052
3.107180183547052,0.5645314509084921
2.7441829094022094,2.424266559403465
-0.634733959244377,-3.0880071984187634
2.925774048980849,-0.47408046340074383
3.0990342865181892,-1.972542661610525
-3.449433124151913,3.1558360860170116
-1.3615388500327972,-0.9108949431800869
-2.9110679785552716,3.2208965473106956
-0.9928454676210389,2.863674384984146
-3.0195843013304713,-1.629778525029187
2.9618833034497802,-0.49790625435670705
-3.3352660086335386,2.894820818470667
-2.6850415701095045,1.0592649350599959
-2.7186617644728446,-2.7441258512634947
2.8138672526523605,1.0978207559772777
2.8545618826760006,-2.554589299340289
2.753166451414873,-2.9572849909539336
1.1719532848174168,-0.3485480834795024
-1.5336831956277288,1.147235268126378
3.50119909313221,0.8305462399313923
-2.9144467453313507,2.506080438335899
-0.4828055043642291,1.091072379061288
2.6877453535587743,-0.9852924082705656
-1.475628396550579,2.7139558586719033
-1.3422832126682833,2.4316439443491813
-1.3137793657534305,-2.7623932677216816
1.4359392339672048,-0.9226555367499842
1.0168519302624293,-2.6643037829617473
-1.131671671458605,-0.7610626107807279
-1.0697504205022492,-2.893344624260264
0.8997973688148948,0.24195357564175243
-3.5995441934019268,3.415061258813466
-2.1233685829480926,-0.49244526063592065
3.2914568140829656,-0.5267923823877321
3.5956436447256093,3.2320874848017564
-1.0557682793420222,-0.9712852569106449
-1.0425114178723982,-2.416362185772212
-1.2523336030208077,2.3903457831121555
-1.5415965931351991,0.9188595259725258
1.197639810601721,-1.5186848716083465
1.3766773715879281,1.6584260245451519
2.649927707622088,0.8995041946935849
1.2347655729175655,3.1456114542549427
2.886672986261402,2.4543285946579494
-1.2514767840818148,-1.0500544515883827
1.001068577643801,2.7624180841154704
-0.7790554174873541,-0.9341618252178585
0.8059231471339842,2.6287879976527684
-1.5419794553871773,-2.811298036166835
1.0315512091339878,2.6328426938354927
0.8392581858967687,-2.763659806125541
2.8499303269682286,0.35690295876441175
-3.0829132118536107,1.1705116636155395
0.7807218327569467,1.1914775293455928
-3.2548232935347565,-0.38024905029240835
0.4085255261470872,2.1734019678989105
-1.2440989208896647,3.4586745765968225
-2.2462601316302218,-0.6970193770670486
2.6881893528839806,0.8687796698021513
-2.9113143646220307,2.7990941426090066
-0.8310247005502874,-2.841078681324153
2.5701045274865773,0.8142724479326857
-2.652463929365189,3.071134903421577
-2.7410654746158394,2.6377082863208754
-1.269361584734442,1.1627887402869312
-0.5010739607368925,0.9626386165531848
2.8063575406152275,2.96993508933254
-0.7735115205204234,0.853497722608862
-0.9627780243650794,-1.3427410330031793
2.9459356081677033,-0.35604957085336697
0.701688361611168,2.8624105358451035
2.584735736571844,1.182839818570333
2.5575100870398173,-3.2259204366489853
-2.4828683786839973,-2.7100336583500395
0.8191701725809641,0.9699047444844505
-0.7031455862477317,1.407566455946481
-1.3741290039966223,1.0842756031349035
-1.0780185593092146,1.1845232528856435
0.7349255756412633,0.709688562348363
0.8727814450770026,-0.5495541108579465
0.6069843876820203,-3.2814112951208125
2.7055257748184065,-0.9752960575753291
1.266082209494667,-0.9349186065991033
-2.6297611304115396,-2.3287067647436963
1.2199958364535677,-3.1455546506742347
0.7554334878392505,3.1996675688695615
-2.940615196465826,-2.295608648456047
-1.2298096340137052,-2.4110984944180704
-2.1939592160762484,-1.2050788761296294
2.378097130755608,2.5423061944641785
1.134123488493739,-2.5415214347745363
-2.7954032482096665,0.49536952720386834
-0.822387268328367,-0.8355728267739607
0.03207042188525124,2.8666574072021915
-2.865509078992954,-0.5841490112264991
1.1491416584380987,-1.728793295186929
-2.650969641187348,-1.5395433525280136
-3.040346910429524,1.081390907431679
-3.306580602291267,-0.8572429868174315
-0.4676633855962931,-2.7368508932431137
0.5903238927574097,-2.61656698218856
-2.173878901880522,-1.1204844865067636
-2.9595174620359184,2.5930716193312766
-2.8697393469193733,-0.298863465753705
-1.3800752674300931,-1.052369977664975
0.7477168790039331,-3.2308917227446683
2.403489998097166,0.7262643613882871
-2.6782154027407756,0.9380895916773642
-1.082275933172012,-0.9855193285139239
1.2762208366727537,1.5795558704245605
2.4089329465185814,1.0492646028827455
-1.1709993666081566,-0.5768087986136774
3.138879893285139,0.9740972053609159
-0.8959342809873444,-2.952994622153834
0.8884918536736202,0.9671730784043802
0.502535581798627,-2.9481643618195736
-0.9481280678832704,2.3342569342196287
-1.0137335330512247,-0.040928562140836344
2.713139581967445,2.098357142818907
-2.9695652324077564,-0.3668532484317724
3.0252796783517915,2.0388480076584856
2.8626404008233313,0.5343808998003571
-2.8311397483419496,-1.1764415116607727
-3.0848003171916805,2.8592216976832705
1.181527030280648,2.3677520050744802
-3.2019497374507253,2.756978002956029
0.9229461620231852,-1.8042261256636383
-2.3264107875023354,-0.968442166022213
-2.8915102819707648,-0.5975838498611142
0.5674439291564093,1.2657122462775816
2.9528634645489924,-3.409118854258083
-1.9243466003356897,-3.188836026636634
2.3817094031924784,1.0352752942026908
2.4070206868367796,1.0577604715700195
2.859952461681012,-3.488289973022821
-0.6031111111569796,-2.556478417155243
2.2521996959224744,1.2967123250852386
3.0877972808791245,0.8986286380163199
-2.7270011976899085,-0.306688741835853
-2.2816713636067893,-0.36749502481824176
2.231675736831274,-1.989250236667401
2.6495562356552314,0.4818694930173515
2.722602945612992,0.3559391709574684
0.6690006168071588,0.7168492593863847
-3.015561586170827,2.598439428824086
3.0460001634751226,-2.3639090771608395
-0.9919566038082475,-3.2052840668613576
2.8372942784374158,2.581072241250806
3.4418836246157176,-3.0063724617951304
2.7014737167126017,0.6685632617880218
-2.791762683267276,-3.063969549480292
3.049472533275787,-0.8271891751067453
2.953296844268443,-2.120054209352082
-2.777384248459365,-1.263911689045479
0.8127484093724678,3.1945675985892086
-2.786623568729518,2.6419234515051726
1.3828326884319988,1.2174714689701096
-2.1559992655310554,-0.6107165033791826
-2.4836465484955395,1.914981432651472
2.198342542118037,2.056415740153025
-1.1304440747952043,1.4381464224430422
-1.2500295118231315,2.0870083601702887
0.6789928950880074,0.5648594320109593
2.6806277426616325,-0.9849464369127879
-0.8796749989475603,1.2121108605216564
2.6767019327347423,-0.4064718671267975
0.8322347778427026,2.0983255220380466
1.1423998972387037,2.591397916352587
0.6069531483504126,0.5455430231664046
3.1235559839137617,1.327255725319681
1.146020153830385,-1.3270562044775767
2.639301829666052,2.925328590023503
1.478246573029284,-2.7581018768997843
-1.238778075760828,0.7455930978429982
2.354354907641242,2.9818118826179503
2.958596029418474,0.7676779248894939
-2.003826767576256,2.6842928515208277
-0.9265173634951992,-0.5832562138154085
-3.2308178144511275,-0.825361753019989
-3.0037426645160092,2.8604452151220694
1.3170109890851434,-1.1397863596154592
0.5874371035645877,-3.0641247869073496
1.217652839205447,-2.2973825762411386
0.8659754389666636,-1.1873218434054253
0.5376638778990144,-0.18829195492078038
-2.59374845328695,1.5227924597094546
-1.3258729587109674,-0.9603165900476263
-2.7298576028705623,-0.7248553027657995
1.0380514164005037,2.432185763939669
1.291642190246002,-1.0728858352230597
2.8877032047877593,-0.825723396773728
1.3224321251233002,-2.589280132584114
-0.9291272559679765,2.902805881150202
-1.2278717287965943,-1.6202557872775027
1.2867707599617828,0.9233708424816733
2.5132586067771006,-0.5351781895206155
-1.4246762477475166,2.5501426758255117
-1.0320815208372447,3.0829783052682
0.8347781608919412,0.6815984903876847
3.902086460309169,1.0610135782476215
-3.1589893058653495,2.123368383680448
-1.276344052510943,-2.669869323966375
0.5391549286966357,1.0770577831688548
3.7303639491174927,1.0250898420516414
-0.8911674741070262,0.6603530508886006
2.66833733204704,2.6109721215836066
-2.753849246810759,1.9099488186408224
-0.43859395138214974,-2.7658902845883264
2.3850158021100745,1.3895914905261435
3.109348558078274,0.6896324232080214
2.74999992042714,-0.4372808160160045
0.8626527984804064,-1.019168786653277
-0.4530826769690223,2.836401636590361
-0.44175093398979304,-2.379873425150525
-1.4301410498796712,0.8803505937055607
-2.4917558894321594,3.330612730817796
-3.0040227528979746,-2.6208207236395613
2.4949099945684843,0.9534619337828463
2.423865464102555,1.365264271349322
-2.565295461945236,-0.5257357003706824
0.8111501774270076,-0.8707273018926588
-1.1034143842473114,-2.2525658351374163
-1.1123851382899668,-2.913100123885424
3.4626686509969153,-1.6349946637518131
0.3714756196041214,3.223971450794553
-2.935819891115921,-1.1685581800883393
-1.2339191468530697,-1.380126912903816
-0.8025484107021873,1.3060738209736513
2.826895921094617,0.8738261484329725
-2.923004387504588,-1.0411349779530508
-2.330535527892509,2.783809071022938
-0.9686337110888505,-2.326692503380191
-2.0951637842953574,-3.4608862981855544
0.8994568739699618,-2.6621347242852527
0.8768596333760317,-2.6805479609186618
-3.0852229238318944,-1.1615741279829481
3.0067303661126616,-3.2845712105045064
2.2936824971109524,2.979795405109121
-2.5450467631420586,1.3903198936464276
-2.8115418200444013,-0.25616515824145325
-2.9649891429182915,-0.4690332622294403
-2.510456305977599,3.1031509254636496
1.0334388563961452,3.0153546843245302
-3.0105439464450927,-1.216951319799855
-0.9089952731704998,-2.553793741691438
-0.5949890114969868,2.0317225929511222
-1.4447713328813139,1.6996265552248686
-1.1468975276537094,-1.6422189093146453
-0.42874475765813447,1.2829616084442366
3.0257170146608985,0.3208176647464873
1.1147891839870332,-2.652523489435581
-1.3429375292417007,-1.4440221381673386
0.7729167216960995,1.296999770560819
3.4765274694514905,-2.962140724898573
1.3504898701540289,0.9030041732027034
1.1100964160920956,-3.882312435343623
2.339037764141205,0.8441756293102572
0.5074061786406789,2.6085210454161056
-2.6811660063908564,-0.5485689062203507
0.8378964539515091,3.1138387323924386
-2.6528205352053758,-2.402845081676352
-3.0544172602653754,-2.684008902863984
-3.09885770786257,1.0376748499128827
-2.692290615156524,2.89634324380365
-1.443147705842843,-2.734353171571191
0.9575753681485393,-3.6146626900308583
3.3090706993194465,-1.6161632469729466
0.9770131066375027,0.7053368078065743
2.710683376411503,-0.077930736267836
0.7264974520808529,-2.5689017270393433
3.217419793066376,-1.2544565462581245
-1.4734363025814863,1.6316788287176947
-1.23833014780491,2.6666566986876195
0.6958117187409741,2.483771310946976
2.5011814504466203,2.4599780931611246
2.7274168559831167,2.390473792611425
-1.434652925552016,2.3716335725316458
2.8442229947735633,0.711918124980796
-1.2223136416431317,-2.334798824893429
-2.1574941225406015,-0.8097634437080105
2.427405441230751,-3.0301811231754487
-2.74103405649197,-2.7493804530056822
-3.1550727314025404,2.5075194234553315
-0.25024759332648333,-2.1419566705283284
1.5208830308233336,-1.4401500216159928
-3.3875415731053224,2.5500506154440665
-0.7620320668036779,-0.5533933196946084
-0.9747766963917142,1.9356016279031063
3.177964055120543,1.0124252313051578
2.9412729735920875,-3.874832119667882
-2.151441329974622,-2.936588863691748
1.29809375849246,-3.193165698509426
-2.064144006287462,-0.5494293451555391
-3.3111303182044813,2.413842146690928
-1.0838056701398715,-1.9715162951497172
-2.758190091277424,-3.1271595185069985
-2.820687920954268,0.7706415298732819
-1.017032213677429,0.659632614700251
-2.360261969439798,-2.7289638125969984
1.2630827301991703,-1.6899135756106383
-1.4452923080068167,-0.12328428899006466
-3.446721654401612,2.2812927975275796
-0.6495739901421432,-3.0258788257615397
-1.757388709102385,-1.5025179414765832
2.062126866916693,-2.7713894204128082
0.6335680694368268,2.6920595263134453
-2.7709811808987697,-1.361473703013347
1.1236256932631299,-3.5912585354282545
3.184396181497509,0.9634307159938321
-3.0122367353083175,-3.02892548931646
-2.389458226096688,3.505444444154997
2.7139359777413614,-1.3896501077172372
-2.92825341610075,-0.6482258848937824
-2.6658369788316447,2.9165115666271606
-0.5954870943175383,-2.152855918397656
-1.2173916521678931,2.5950589223079983
3.1017630023535743,0.6589208773832859
-2.6401501388050863,-2.3327744114066333
1.1254247306037586,3.025848154317128
3.1605077026578723,-1.0082590791010255
-3.4995059383239893,1.0771128314478515
-2.217497775699346,1.88300310883863
-0.3474984074687829,0.8553526732418492
0.583315207166863,1.0138280053559132
-1.459025716995775,0.7459082568247214
3.1784200194462584,0.8710092309247857
0.4889484300598721,-1.3225977684678665
2.992180847931445,1.2741895687003373
-1.3178417149394321,-2.828965803340912
-0.2137538337710198,2.4869988671630665
1.2230349037238812,-2.4909969705301696
-0.9727625171433139,2.3462975110141757
0.7099820199883587,1.2677286424312224
0.7931059348121136,3.1429392045887177
-2.6251322873743645,-0.6673386194727617
0.9080731982828791,-4.127734458887254
-0.9751096628121834,3.3738075640705034
-3.0728218058563663,-1.3416133766860294
2.6090943258823556,1.1041119547480123
-1.6458608448270962,-1.335152336180661
3.182886332791873,2.661661630387342
2.220070023361754,2.368403272778935
-2.5817226776142075,-2.8985742219104416
-2.728716468757652,0.5758828647675992
2.5577566594689682,1.9821021595707968
2.8827683060144604,-0.3391911091622144
-1.36698108394396,2.086357407849349
2.7013899907667627,0.20416679439331675
-2.4131275625586195,2.1709579262670906
2.790373374480737,-2.8523196620557054
-3.2523526602481767,2.948470681494957
-2.1762745674394783,1.0248697970236094
-2.850269946892903,2.496055368809874
3.166231115335549,3.1057388435388424
2.8586748168473353,-1.1463591307733902
-0.21321217511360205,-2.2578549399452137
0.21758612896221657,0.9018834852550361
-0.39872487216227537,-2.9654952176569074
0.5839385508316935,-0.8419678265303897
-0.6813090705564856,-2.063141725019893
-1.1402496962536608,-2.9013429871266987
0.7084145065645042,-0.353081728345383
-2.2374904935175137,-2.9674316281841913
1.203078077258661,-2.140230684978607
-2.6973968602367755,-3.033270840313659
0.9167111847946794,1.6223759996221885
3.186447936251531,-2.2340397695255514
2.7683584156267558,2.708527703235349
2.6090076928323187,1.0966863851647428
-2.8801922786307093,-2.2875162810525373
-2.761799556917663,0.8674246283881141
-1.5190638325668118,0.9452140576706903
1.112561899505575,1.4746768839676705
0.685687509734226,-3.2376580871710647
-0.8865104491185883,2.974012182353219
2.6425400459776633,-3.0048158956277566
3.2230192930804584,2.688909903840318
-0.4822841575684635,3.2082869460092596
-1.2585205353960236,2.6260565605701713
-2.2152485605440795,-0.9134816303998758
-1.2959013584558867,-1.0190736499047865
-0.9884036689728545,-0.39969598029434067
-0.9864441734439752,-3.0165168461811707
-0.35361974340361807,-2.6204252699404185
-3.5620529454758496,-1.5902439525993264
1.5582437550753863,-1.1482048822963327
1.0312335046233505,2.5594170373929472
-2.881950665622344,3.584749549587014
-2.3822863061337474,-3.1439405819617963
2.6523314072486266,2.812500073447587
2.3923991516054426,0.6743744307118853
-2.8566680981470145,-2.027517674121547
-2.666939062950434,-2.9891490422571416
-1.0261838265074499,3.110866479952612
2.555705498741375,-1.3619534791010894
0.6466378613689829,1.9010063994383357
-0.22292270534010453,-0.8257203817681993
0.4956535445883106,-0.7019648259326209
-0.8501877075951499,-0.8208744888374306
1.3566660599922515,-0.8232487273906155
-1.2698038634072768,-1.1399479774266938
-3.193540004505581,1.089113152274823
3.156300393958613,-1.1665067003310132
0.42055230800790055,1.404231224695816
-2.872281162732976,-2.3751678583333145
2.4924820469192417,-1.3708286532387488
-2.9474460967173695,1.1325511599137181
1.6246377060848025,-2.807906666386284
0.4669791811065003,-3.0076896545651537
-0.4397826125670456,-3.200861964075437
2.6575878529831845,-3.219457768871935
-1.1140244130663202,2.8896542149406725
-2.844845751942463,-2.4841059296051444
1.3605952434923991,0.7742230641826064
0.750708507398633,2.3710084251382435
2.4814176602517124,2.261674592357043
3.4574440481182007,-3.457131709952132
2.812469343506875,-3.1149614590617376
-0.8235022807647201,-1.5106124439667215
-2.1369019066312016,-3.4064960280302423
1.2767183180771051,-2.3820853872756875
-3.0855126988757497,3.044374712066436
-0.4536023044117335,-2.882977752833826
2.766306565353391,-1.3183592728353841
-0.9653498740995623,2.9157997557850917
-2.874199606139894,0.8827622309067197
2.9284869720839257,0.9585281046007933
3.3970908127843082,-2.8962994296035127
2.8746513844659995,2.551519385096183
0.6303587496556657,2.4382935812016413
3.0193393984945263,2.753825785056159
-1.4857943410298389,1.2472230195173248
-3.2720301324434033,2.801956898359086
1.117709236192278,-1.0126379871476565
-1.3341937358461262,-0.5648435296237505
3.2592776298149753,0.36830749434269333
2.8070528667785792,2.484654708508456
-0.14924537622536077,2.7806504091279267
-2.6338073025286755,-2.8283460869130694
-2.5669089475664038,1.7451071822408317
-2.372362159352448,-0.47223455056076447
1.1198789419723867,0.8086405582008354
1.5502418771674782,-0.8175461647717915
-2.149332794371963,-2.8404521237816844
-0.8754503028010342,1.0217479489611738
0.9204181104994553,2.598044935593684
-2.423851565861146,2.419106506822681
3.0493022183357725,-2.261166577700143
-0.8927756920611865,0.9496416634782018
1.0878873775204096,0.6805228084713548
0.8294142207528085,-2.7437723137091696
-2.4086408023031174,2.530547426239772
2.8063316501196174,0.5196357128837368
3.3278955869059788,0.5041184448566987
0.9979116548723962,0.798619375121298
3.1803345390355506,-2.9108038767683175
0.8573254155264156,0.15303524093163623
-1.1395135975255712,-0.6643757452181732
2.800391268473693,-3.2628830560788873
-2.568284935052133,0.9768960722554878
-0.7136485184320778,-3.2618436048042265
3.110554707610221,2.8917307185622696
-1.0276752912201097,-0.5574753084704184
-2.555150506595259,2.8008211407867214
-2.307912074486311,-0.7669308271720434
-1.0311042004266229,-2.6720133661714893
3.325310772335827,-2.5967122991417106
3.153108248698806,-2.828591118575015
-0.5903003003909063,1.2685953989227405
-2.358014396585901,1.23347927726242
-2.2566811123670325,-2.6305012197058466
-1.3332028947258379,0.8780484655433629
-2.771946664601029,1.5016266656809243
-2.4980182873951207,-3.412697374577086
-0.912706343900888,-1.9636976554303411
-1.2633610846667642,2.758480253399454
-0.6766687841121146,2.6425451755725486
-2.4274231879884214,-0.30686552504731984
-2.5141316587848954,-2.636980756651578
3.0076016731456856,-2.7172065177312996
-1.2675133576647437,2.2958976389250547
-1.0173355053227202,2.617784115172454
2.4993160149569973,1.2685963862035672
0.9737308108906845,0.5392811289136719
2.48801644215519,2.3971836265183084
2.736882395304832,-2.3077021093516126
-3.0802197278980454,0.7866349977391996
1.5184280107448187,-3.499791499087433
-2.7102998101306506,-0.9612556159175619
2.3046152868222345,0.8640374585325177
2.189070961119743,2.570155487845793
0.9545989678438305,3.0082306812052915
-1.1593209478283124,-2.928918842636683
-0.1607563647594892,-0.663089788725761
2.4390157977659954,2.8463907574248215
1.3970455666779868,-0.8827538259453356
0.41286887742638456,-2.9108843999853455
-2.8735282171154415,1.5300704947732955
-1.4216659518869554,2.121211514490127
-2.6260660912945135,3.2090801169159477
-2.539428725945325,-1.0833571196750122
2.465447170225691,2.431525986822448
-3.134189737677392,1.1493630580029355
1.0335901901981086,-2.6251060379181994
-0.22313725781343371,1.2095914040909153
2.9704055917190493,2.637603760188736
-0.7204712576761624,2.9088361986575686
-2.8074437571345077,-2.8773518876190587
-1.1428022076263655,-1.6547418811477443
2.6743820784045598,0.8277485676241507
-0.9145036499997103,-3.463434105021393
-2.724743006450678,0.9552520009777614
-2.9839927128048087,-1.0519677471850677
2.6657957133524675,-1.0120476890445587
-2.928330658846035,2.4793487283881412
0.8763481271055463,1.620796896738845
0.8015149529477701,0.4066356650641715
2.789391147628409,2.597320361298296
-1.2761478585684232,1.4995955013208326
1.3335753788009548,-2.941208971125152
-0.9284544383207984,-2.749787873820634
1.0856519818300292,-3.6776065498510917
3.0888396577525907,-1.0758709993757964
2.525720733026211,-1.4356868734045156
3.166337155204261,-3.0767541613461957
3.5877803025828316,-3.3464402258544377
2.604258416103597,-1.351569399730096
1.605705278228849,0.7863832084943722
2.9996213979052007,1.1483323239994974
0.7557319877093407,-0.9616008550721881
-1.0111917445273495,-2.6898054061499996
3.3061699214903904,0.9194841316162198
2.260363228249772,0.860158316820509
1.9697141207449076,-3.245918334897652
2.9311780275950765,-1.1020524026935865
-2.293479050718753,0.43605986942966435
3.0897744877679667,-3.0689212028669024
3.330348502328723,-2.9016294373727014
-1.1866981727495767,-0.4945474378793701
-1.1644111125855685,1.2037943581486585
-0.2742761242996076,-0.7994215138421867
-1.3758015897212674,2.94868230473819
-0.9724143216877292,1.5309125729001518
0.5893541103482013,3.098535131525547
-3.2600858765053675,2.5838131702304548
1.0410138200913324,1.231383333938423
3.0321598332520794,-1.0723945938615695
-2.7993883637271555,0.8872768337048126
-3.398903704660485,1.4963908639707513
0.7889547075541303,2.5526785252809976
3.476443649051809,-2.9861693799136866
-0.7478907432853331,0.8804821274395644
-2.913626717273548,-2.1123802037714494
-0.07796812810958562,1.124810775946791
-3.6198237749929203,1.9415197574242635
1.018563832263242,1.4509848525913789
1.3839578762548752,-3.045694726411461
3.626886847296563,-2.817148765139136
1.7322516828109267,-3.4128375771913935
2.7864163217906754,-2.9699848690096076
-1.299025655606988,-0.7676484763239799
-1.1631489381634474,2.7656496153730536
2.774794382710369,0.19150242174941678
3.2680553105343155,-3.2259066456611705
-1.7658972015866532,1.298675493046404
1.3012435965282239,-2.8976942609497782
2.2524447218225565,2.4282784390891163
3.3158271981289116,-3.089491345620709
1.777791344659139,-1.0718755652129153
0.869012080688687,2.5063040268846652
-3.1884439293512603,-0.1090279371237732
3.115765567771828,0.7478508684744335
2.768037380166973,1.9088100436602389
-1.0462549123464469,-1.4094531596496178
1.1341546908895597,-2.605290228604818
0.856175357432688,-2.8280413411537855
-1.72724544574598,-2.1656091658578958
-1.6697334550097693,-2.886447549014934
-0.9806846723298382,2.7985530486543224
0.8231817881972581,2.461812420482237
2.828674012699112,2.6105239687373643
-3.052650420174962,3.009723551848116
0.6404188826481253,2.736006310245631
-3.029907776688238,-2.823981960973603
-1.2076573598033153,2.6227231371731903
0.3083159236108475,-1.7865101698168884
2.975186111823117,1.0900983359000858
-2.483570651145528,-2.3359407399122696
-2.8256517157801144,-2.2936287319435693
0.756209072261494,1.0008066417728265
2.6359630839862307,0.5908276457013866
-2.344405538335973,-0.3409655369257212
-3.4926042778497886,0.9452765403809889
3.0481726600488885,-1.1713482164310645
-1.2509751492517638,-0.6874124904979892
3.466737236631325,3.5704261117318934
-1.228094283579911,-2.579416304856179
0.7751796273738143,0.8462439494655688
-2.799859729963431,-2.8253053717550434
-1.266366140239126,2.675612010431793
-2.5786225883327396,-0.6204371025774733
-1.5558288698043738,2.4141622320442946
0.23009298536000378,0.5810502604999066
-0.5706747010601599,-2.641590230098286
-1.7265532810719513,-1.0390253283240585
0.8769510732586606,0.8242108670939697
1.1586589559812095,2.3351736418277254
-3.1607141115415875,-0.817548834677346
0.370150941922711,2.5269837807375373
-0.9372699462199132,-0.5295248659289974
1.2216172127990141,0.5110307702278307
2.2056427804523997,0.7542128592999338
-2.819072780273298,-2.6708167038372985
3.07572811694286,2.8671677853290354
1.9209371321427768,1.2324243416017988
-0.8096781130013904,-1.0134896596968535
-1.1894368641920405,1.2039478767746634
-1.2945974231528221,2.247501394818142
3.0181758118295368,-2.0245834903950533
-1.0342987431864599,-1.8412273913438477
0.17575126127812465,3.4011634446839016
-3.419925807286409,-2.981454141605137
2.8812943056914038,-3.0854709438573824
-1.0169905990656716,-0.8926703893480707
-0.2882014905942257,2.8306029788971703
2.469981433024679,-3.207233794830086
-1.6851360947826084,-2.8077514351257933
2.749893349224836,-0.7135789842134154
-2.813733437081629,-0.5364709960162367
-0.6893628491088915,-0.04196510498972756
-1.2320929446805,-1.0856842492124064
-0.5979037547498326,0.9620877579940388
2.588177775376543,0.9358876877376481
-1.5699885730855883,-2.308137100609738
-0.879338257195882,-3.075107847815486
-1.1708010719439066,3.0504667639828527
0.7864726299006721,1.1079342331212076
-1.5292916851447764,-0.9126522859693346
-2.5851171453962993,-0.42947251200649467
-2.348956043178863,-2.46606621412738
2.9479291565085783,3.161794185851536
-1.349234798469096,1.3651475739742456
-1.043445156490364,2.670322906432893
-2.7497581840134346,1.3397093709454821
-2.7719880802824424,-1.2045687614976246
-0.8606818081467236,-1.075941763128442
3.036179062886023,0.9744483839001007
0.8923189364847849,-3.068564201880468
-2.5948762860217522,3.0205939761305607
0.6302084099061953,-1.1484631239800525
-1.2405310634058269,-1.1587506438998827
-1.290562208986302,1.482348567550927
-2.044683694685199,-1.3926154992400304
2.723589598755714,0.8206956936520623
2.5897224957433735,0.5330111821436669
0.7430899929920224,2.254473547878229
0.5282340815974956,2.9655697005726607
-0.9464277713829701,-1.0372393664841095
-2.4636888049644337,-2.8705323876488538
0.24556916338228565,2.640130991861324
-2.513597120356753,-0.7472018988889781
0.7794686759827448,2.5315724574214844
0.45554821193378037,1.9095198076618298
2.6782515659972037,-4.202853933852128
-0.8801441799649288,1.1663206439178027
2.6644313395275834,-1.1462854883412796
-2.766601758305666,1.2053312213311944
0.9490238927663063,-2.784647726423707
-0.6417721887479773,-2.0081839884774895
1.0158782206077106,-0.7591350361426654
0.26879376640329,-1.4440725579860638
-2.804273821424065,-0.43305242974018465
-2.0844331644447998,-3.2960348741039875
-1.2319642840383154,2.803599630987815
-3.493877473432803,2.7715117502813924
1.0712960228345627,-2.915854831882351
0.9934628732931212,1.2115642353445468
-0.7694102754683978,-0.9841502724629463
-2.869272506491445,3.1742831608121884
3.2869187818912162,-2.8779097344876448
0.7518760275888184,2.7154692236799045
-1.6173589384589955,1.64047338072655
1.3871109955793033,0.5633075619895027
-1.910817649852123,2.7316269871123557
-2.6988165696382094,2.793634136420696
-1.8497878002522135,2.5725510765442756
1.0001932995747291,-1.1283057633888065
2.774958725745955,-1.5654735075202098
-0.48720180742881,-3.180120370874296
-0.9571678628113752,-2.783784552800601
3.401690166135952,2.1542371007599965
-0.7123721121972104,-0.9880405298693405
-2.9130581825508455,2.945567214261645
-3.3872181425108834,1.766139820677508
-0.9364775253607924,1.3351443449102285
0.616503750856916,-0.4902778350315516
-2.6734168735865933,2.556682462467362
-3.1404663827518813,1.2243904104094685
-0.7017637697869317,2.664105087659789
2.5755438285100194,2.234285418203392
1.4889896427468023,-2.702259895637097
-0.46631226583567764,-0.42051748596889693
0.6005466710299888,-0.9871110748386062
2.8436547730473034,-3.266442838983258
-2.9671811173062532,2.931317199267751
-3.192964472319714,1.5444963994096936
0.8783699231993013,2.326693329401885
0.7843034764826337,-0.6501586715810416
-3.196501439081204,0.9479135370931723
-0.8343033464428626,2.8076871223440167
-2.289142263814872,-0.8518355997687702
0.7683499937110695,-2.783810284495388
-3.183084833840785,1.1291064325392157
0.9560767158311585,-1.269717303405337
-1.702194375249925,2.5874628831352964
-0.8812683165448856,2.7175605576096142
0.9738594346067291,2.1620349475685625
-1.0286343546323662,-2.106140372776017
3.1328471448702935,2.472663787140801
-0.970815993334963,-2.1133825011392524
2.251353542926813,2.998102504956513
0.7138379558383683,-3.138394393469304
1.3006778095562408,1.0773751475065485
1.0393987945102456,-0.8032149166417242
2.8377837447550287,-0.5755816359634085
-0.8832405888432758,1.1417654404983237
3.0521103928230553,-3.2706994429583696
4.098797129556161,0.03780337792580218
-1.280687257479695,-1.6436117028584676
-0.8660799576509491,-0.28257735520836175
0.9630198499731332,-0.9741223228075324
-2.745076694539371,0.775856994143629
-1.1453489570836037,2.539440680639266
0.77365377040755,2.3020620167847885
-2.6143407298525725,-2.6184894787487156
-2.273322759009737,-0.5512019299268769
2.0486679115788644,2.4285146058146587
2.9441634754197854,2.5023248348866227
2.7046437518723154,2.3554015572305107
-1.4880796044032292,2.4639635805094944
1.1999782649778856,-0.0497467665305838
-3.3759322022713945,2.445464547847233
-0.18363462679376302,-2.710856597937765
0.7278957240489324,-1.2882702712501761
-0.4374190932536406,-2.5157934780452407
-2.9255792817881003,-1.1366457695970957
-0.8406117978169891,2.9149585404075617
-2.9485436652630708,2.3502451395401214
-2.856964661785482,0.8311735678095029
-0.47552328257968574,-2.060230270506374
-2.56537307461768,-2.816842928984872
-2.625121280780186,2.8725487594479375
1.075812954485242,-0.8323684353885086
1.2707823658253858,0.674766433390671
2.561712017457787,-3.220740965957249
3.5663879080415164,0.37654615347242515
3.051254241290012,-2.703169071728426
2.7539654806225213,-2.768928163255391
-1.1683728469624737,-2.8394680588072805
2.750761578586192,-3.207787490218822
0.5982956486125094,-0.5134514741159595
3.170009011719484,0.6435367161842998
0.17332161426944082,-2.0405678030017484
-0.8213610602066788,-3.6131820901115246
3.0306239749555024,-0.7573791743340125
-0.840657106381343,-1.2066186207539926
3.115363033348855,0.8930387103994627
-1.1551439237168826,2.8887661909611047
1.3167041736829768,-1.1494750461472159
3.0831170589566415,1.4222596814145667
-2.80899713732041,-0.8727410211514509
1.1045850148387386,3.1188833877450466
-1.3767469890726582,-0.7233478418580706
-0.6686491163833297,2.98956123326031
-0.9058636641122557,0.8219809910274848
-1.455830286520003,-0.9146872450346899
2.753003758823871,-0.9009732169153569
-0.917182399798034,0.7351113423244324
-0.8706466465441853,-1.1545645434794944
-0.7365757044159827,3.2644015581010324
3.24563591064735,2.665792684699309
0.25780905367301116,0.9568845873481915
2.673284753594643,-2.853838731115419
2.794378792250528,0.6145325459945752
-2.1866344893409884,-2.519603265822226
-3.1255074676279158,2.2978712811607376
-1.627007587238087,2.9570972551626684
0.9556329174294427,-2.903269108152734
-1.018237900588921,-0.6816237937464662
-2.6668519193657283,-3.0985684530542357
-2.668350775441056,1.3333577742935856
2.8010662604755843,2.931279298645008
-2.80721227280713,-2.9587608268137475
-0.7803076603952701,-1.522954507312148
-1.0674218010446226,-0.7507375538092443
-2.1487917029198593,-2.9867252441213554
0.7605694775890613,2.8119139012821535
-1.4749185942117153,-1.2242659940965357
-1.0034939900373354,-2.682393194746656
2.4540140047378394,2.5151094014037074
-0.8715771657645536,1.3852824641255017
-2.558804566476987,1.332685806142702
0.172592667206128,2.204817338499688
-2.792268988232789,1.83248513559851
3.0271378329444953,-0.7764870625370505
-3.014031238192311,2.656817712633983
0.3527852958763918,2.761970081907606
-0.8452171353384725,-1.134184292360201
-0.3036107559736613,-3.5291944236236494
0.6579225375897073,1.4234383424881207
0.04050019986586471,-0.22209227156626676
-2.679504831704378,1.3856139254701616
0.8537673506674665,-1.4336920354104001
0.6476670611798983,3.0799749689581666
-2.747084058316098,0.9199777812721772
-2.376992798321065,3.6771260663806875
-1.2339694111453068,1.2617409310027365
-0.9209993947716457,-2.443192930459883
2.8674733814508397,2.3513344979086113
0.8213158409594286,2.70044382136714
-3.2049305689429626,-2.4730319100550435
1.0549722243038706,-3.074685466040258
-1.3323219973361144,-0.5636283673158602
-0.4741238827273858,1.3318689167526012
-1.3483730675310361,-3.2017953181472025
-0.8528718474963788,-2.3844389493820355
2.9732807239219836,-1.3432030453124824
-2.294300953665389,-1.1738839496588644
-2.734973385942636,1.7257856020305142
2.5128930435075905,0.4590956945043636
-1.2213673094325257,-0.785644912697749
-3.0896016291809247,1.3462645975846026
0.4044029993336982,0.951237369966952
1.1517878113691036,2.4840311277965395
-1.3780124429416378,3.1083071871276995
0.8926799216842138,3.2329858490678176
0.7737398670662837,-0.8697385225534736
1.145481647156435,-1.3622338692355804
0.09812490976628926,2.9855631777231464
0.6322581688652765,3.162813947570559
0.7304239278660657,2.948068653010578
0.8218076694770223,-0.8946422617572143
-1.3535816143006454,0.795798998130036
-2.9067945100682917,3.2031802546981916
0.7538376010765018,1.01454372581243
-1.4174154823139486,-2.5318639282467723
2.269586618933763,2.9353989009853474
-1.7640099404828948,1.1256507725873377
0.6530007639929671,1.8926348278261735
-1.2929508439800284,2.5761172235302214
-2.7317131518035387,2.52637275506939
0.4503229435116504,1.8751486605908392
-2.218948183644588,-1.931038181077194
-1.0090485088996333,-2.425818710849131
-1.3546341340016286,-0.6253238487235661
-1.1625923605148583,2.753371957277041
-2.458866355836637,-2.4904154101991307
2.4234341262462107,0.7526964820350122
0.4199572346451447,0.48076016222847684
1.1248170673319229,-0.4885536852536744
-1.0592649661052211,0.9489090046568127
2.7780862715247596,-2.843701068746433
0.7315013371891985,-0.7487701948518708
3.7659929387641475,-2.4423194977438962
-0.5361019289699662,-1.2206755087174057
-0.7480049811099426,-2.9456661490766676
3.10404633985644,1.0681072477819264
-2.9528490269485252,-2.397558492164859
0.9842006660261409,0.7353885388783249
-0.48714741631866565,-2.4405712880899646
1.5107044135898375,-0.6409459480405242
2.8749930028928983,-0.6613124518888714
-3.532366760988523,-3.3971086464156444
3.8605258607967317,3.040853346707658
-2.4492960763315246,-2.4002056862869288
2.8224414476354727,-2.765921683502821
-2.4400803011566228,-0.5289280938653438
-2.570013217829843,-2.4997441493381696
0.47200810117554637,-0.8058856153289514
3.064601211302265,2.8753946599549614
2.814347063198449,2.5558197490780237
-0.45376512551895865,-0.5817183076623006
1.4757611446634602,1.9216328809547025
-2.8461346684528137,-0.7631643034452359
1.0283883521305215,2.7728329551258746
0.7873530383478324,-2.591125292319383
-1.4854021302543416,-2.9590757838962998
2.9026758899565404,-2.803998215368655
0.9201182549734488,-1.264214259628289
-0.5996889384284355,0.6859112925303407
2.5797471001618346,0.9907620487064922
-0.9996848187218785,2.49015522585763
3.267134641812796,1.3205578053133993
-0.8106821208206462,2.9059206265853237
-2.7958557092637726,0.5767151295290605
-3.3100561464492384,-1.2563956922212673
-0.3812930124808402,-2.737422023009704
3.2027307730497188,3.0536152494398072
2.9295408803136525,0.9204512650337918
-3.2518543381016505,1.0937782022381841
-0.3832106309165193,-2.8911623208085
0.8187932158317771,0.8309131253950909
0.7354387288178873,-1.3533350012137126
2.746053583862309,-1.1922043509778568
-1.1727664604605015,-3.276476381857501
-0.5433288662256585,2.8537416179122808
0.6929593804600216,-1.2570447560412497
-2.3015106776462373,1.0375999056244436
0.9506008076116059,-3.2439224199552337
2.6353251305503345,3.2083781327991434
2.9817531907816157,-0.5911018757401977
-1.5038533681624522,0.7495032285886696
2.9489889464527397,-1.8631157877756346
-1.6095447672874366,-3.4779043680921258
-0.520637173709603,2.030203200835666
3.314418322646399,-2.843761896919098
-0.2809717278053425,-2.394200859735555
-1.4471651156075847,2.480136500343914
1.71478800395136,-0.5366917505186728
-2.4721847290654746,-2.97215145479982
2.6165695189492872,-1.1491969104481718
1.3805178684171746,-3.637566898958004
2.469688873238347,0.2878152332954247
-1.3187771773141954,3.432895550844702
3.154430263870688,1.5535270310271614
-2.702200040002847,2.3372234524344635
-2.216437660443896,1.490940288059975
1.772147395597837,2.6920995662762217
-0.3006463000918763,-2.87431628802365
2.660783436162398,-0.07482684942257771
0.7339089982501041,0.7657942398410899
-2.422183331649224,1.1252148123966912
-2.5011167745909124,-2.3401039283921747
-2.236884293009253,3.2903141267970812
0.5752913929976678,0.9628633173338247
-1.038756259331678,-0.9627676409458927
-0.09371645571091078,-0.42060283166808976
2.855042191300145,-1.2914369408271038
3.1613595507845837,-2.9125741661222166
2.9132070803673247,-2.430470126720208
-0.8906458190627662,1.2119965373644623
1.0431272854621838,-2.6878600510806416
1.1715457635939888,-1.129687895022237
-2.686660849613617,1.1794599967573456
-0.6059098787206003,-2.6586962432405294
2.581895520056347,0.20793809682607384
-2.6781208788475617,-2.7398068008294882
-0.6657770884620188,2.6950003893465255
0.5426037042661207,1.1846407302468525
-0.8981766452993906,-3.1126524571392307
3.0543742885706853,2.5888523324521655
-2.838087958784499,0.8895002258447536
-0.7584107045176484,0.8628109908297843
-0.7808063705710033,-1.02073936012638
3.001512905818567,-1.0063290275970798
2.8536713335097907,2.6588411029117416
0.5580968529839141,2.6529723870534876
-3.289916286210557,-2.723430652060453
-1.0809103277833432,-1.1749292000222968
3.113931806235111,1.0180334857573339
3.0301747268175925,0.15902072929135574
1.5539947100730236,0.8606942001576076
-1.2677642500752018,-2.3512194964745197
-2.6680750071048642,-2.704624584591948
3.281013932228169,-3.246700139762541
3.277290410875303,-2.6749295954639973
2.7289212424359843,2.002813477096964
-0.898983609562973,-0.7805159015528497
0.7001856012553503,-0.6454470102247432
-1.6197345479146017,1.4969031694616137
3.0285700890262848,2.2321164420402586
-1.302093265125347,3.181876428378701
-2.899094589294486,1.3878197444968314
-0.3381893013601496,-0.6928455253703782
0.8936687430815035,2.16939947644783
-1.0285038655779477,2.0771225923053804
-2.2665215099809584,-0.5914459425629159
-3.3507886743426263,2.4335098652815756
2.6206750380422092,1.0066480404941243
-0.49267295512990306,0.6183636328832494
3.6584270939903427,-0.7232231548253566
0.8230770990100792,2.103198724783294
-1.2266729729896177,-0.6613225438264803
1.443757633670543,2.1976589552592873
-3.386139164377107,1.391721058300077
-1.3920515910122697,2.2980452517472445
2.01481135156425,2.8952078084825783
3.5318358428862724,-1.6698537248404017
2.570053696568639,-2.7016072344508557
2.953358086117987,-1.2055141604542727
-2.8831608390774672,-0.5555641484631209
1.4316423101321434,-0.7645398231710984
2.2547174381801383,2.250506251353113
-3.462114380060408,2.5373389316412367
-3.3555153506132993,-0.6262892474589701
-0.8102362687898004,2.4372990378713233
2.728621383438327,2.392164721251126
-1.0329479777279211,2.652150018714557
3.3778587355003125,-2.2892694271429073
-0.9336218797828532,-3.0028887583593216
3.109704508855932,1.6111229476899085
-1.082913642496483,-0.5392065741087142
-2.981706202887454,-2.520047108973173
0.11513658749569947,-0.9980878764292342
-0.8092957780061725,1.5040293919216556
-1.8232325010121624,2.680963690048346
-3.375471607667357,2.9730337420646715
0.9425564897789026,-0.8025938014439636
1.39173974752864,2.92011947916382
1.191089878308134,2.661570534086358
3.300431697117902,-1.2110440739436543
-3.2976305441292744,-1.1509098259640604
0.611244644202227,2.477778601502309
0.577974411775998,0.9840976591902649
3.238111303278276,0.5040431019209867
0.9785726573120825,-2.442244885687428
-3.113963706575904,-0.30175982777553334
0.2758917106312308,-2.238036109921219
3.2727352178285205,0.6576589693890192
0.7274025447003056,-0.25548658173591865
-2.5162680335830654,-1.05363637302688
-1.3572439328462291,0.8643909136614016
-2.513845063552618,2.9881926864026433
2.6064481276307707,-3.124071533911923
-2.528683769509911,2.916362176615315
-1.3664146730528877,-0.6563068047594334
1.057034493054327,3.1980952116987234
-2.7882430870641843,2.52061069836172
3.213308805655011,1.3221254965966236
1.0194254941089136,-3.111027143438684
-0.924810701365315,-0.6960012746902948
-3.2747139315454383,3.815220981520148
1.3011839449795133,-3.012966243741389
2.8680502432536,-2.902448539888117
-2.589575502693594,2.5772031555281276
2.5345810115537044,3.1065394455388717
-0.8065010036476002,2.8542946404911684
0.8123846768128632,-0.7873293212342842
-2.744092694125038,1.087951996640716
1.4475232795128896,-2.722106904746254
-1.2440356815440365,-3.1652727199163073
-0.5844057124512227,2.8292658647753024
0.5900843311063727,-0.7571548724734564
-3.1435442570296837,-3.2298883059994066
2.763702770587174,0.6840743852367189
-2.6751562571639025,2.9151389120766744
0.37311808959173437,2.8261041075357856
1.362199770052459,0.8863490368585367
2.38929914911623,2.6342119522617744
-0.9248726613263037,-2.72544814773125
-1.4295423492713664,3.0103194208124333
-0.917901645546985,-2.2856284273593253
1.1116938360489543,-2.988850373790248
1.2039824598895186,1.4026133386398536
2.973576232785221,-0.898424337744342
2.7210316655811226,1.0196182276487153
2.39020146624146,-0.8262481175221292
2.946940589707033,-0.8009582680300623
3.0208032784385064,-2.75892841107145
-3.3095583383299716,2.792136800294251
-2.8228987981405558,2.746426917653054
0.7875174222066522,2.869044831703815
0.7157406522682662,-2.5573302727362153
-0.4194481646681827,2.9783233080797302
2.82319492037933,3.4295889804735302
2.588256359798906,0.82040434476316
-1.4269750885995167,1.38610253459466
-2.632099665382444,2.7570021216809915
-1.3287211343216156,2.7099369244491105
-2.7499119971336867,2.3966750465874926
-0.6832794391118341,0.6073401364185621
1.504490447046855,-1.1540040512649623
-1.459754012750789,-2.759223120054577
-1.3060081375093044,1.6905462881621227
1.0423789406625668,-0.7809587425700271
0.6751314952946283,-3.181652419424001
-0.9069482559424202,2.5770775740846736
-2.6506439894853173,-0.8861526739685022
-1.319831844972199,2.688148290575035
1.6230688252064922,-1.6447550075226012
-3.5300508406661626,-0.5016208394199018
-0.3334661158411846,2.5367844791410312
2.3562174736902435,0.6365549601127258
2.804911580591918,-0.9024097520316684
3.186299166246216,-3.7756078334792536
-3.379698137783759,3.792898295834441
0.8970298053137337,-3.0702181240791258
-0.7272930650621878,2.516925002760283
-2.5084276878818486,0.07808425743877474
-2.757400415904121,3.050689740854495
-2.3566322687707615,-0.4443161390072157
-0.9936864857087161,0.7888477435075885
2.920967007639369,2.5805866580366437
-1.0641365606920645,2.4041787379619484
2.2033510822439086,2.3879474062373207
1.015881124202552,-0.3851325592309072
-0.8433462541725059,0.9761907703198495
-1.9662092219987275,-0.8654532398226732
1.0095842757712377,0.5239115300281634
-1.358956476393072,0.8433023310959316
-1.4464549996296776,0.9358076605153134
-2.670196172125319,-0.4376361409133693
-0.9317880246425242,1.559302028978937
0.01834281945359495,-2.330015704710787
-1.0995836196900157,2.1901184596707783
-3.722178141377811,3.398415338520187
1.0391364795933642,-0.7352728230970792
-1.4875463018184527,-1.5742563416583841
3.262471346725404,-0.9190510881829603
-0.8881180459805293,1.0520578237683063
0.437767602875855,-3.163465131866325
-2.644577424018851,-1.000956198679982
-1.3293301486904552,2.943824914247761
2.94421690886947,-2.683094915587294
1.9191106659421049,0.486816605558167
-0.9171165974430737,0.937888921014646
0.6393819098678661,2.186342613138079
2.8047794013452925,0.7313738800712726
-2.5989625270566785,-1.1595020142642416
-3.1453291911895445,1.2398038462839003
-1.215485582231666,-0.592716742960185
-2.9911722379550194,2.8826695292882456
-1.2756526004476043,2.6536715988440673
-2.581792875342278,-2.87912529630588
1.102688963397061,-2.7764281300505598
-3.1503893361720836,0.9281763759790741
2.6188053023793003,0.7447851050936818
-2.8073663085109346,-2.094586208205246
1.037518129732448,2.9043874992170777
-3.3966437092593456,1.1083180387279419
-3.1523359293322017,2.7679497560572974
-1.5764541869881368,0.8960910738562179
-3.2296910908262713,2.9635335990670697
0.6156835583038467,-0.14396419127395338
-3.477331180625718,2.238403028287117
2.132776812528174,-0.6983844372032296
-3.1821100370188593,2.9528801635602675
-2.3164881385111906,1.550996121868475
-1.34375702009093,0.9842723202985437
-2.2704014820405884,-2.4410901419281017
-3.1310519222562463,2.870107462454836
0.5630976286943005,-2.7377941282844165
-3.1774678472094506,-2.529033531796765
-2.988844733375381,2.471502946921346
-2.891944189793559,2.6498651762984147
2.785476624329032,-0.5263199849576389
1.0691878184411778,3.186861807114682
0.45767146783861523,1.1800639661003045
0.6809410252880717,2.648092384685043
0.8171064806130395,-1.5661699674551957
-2.4536981480027333,-0.6782626130691384
-2.891540400603638,1.218873852246284
1.0803750206487652,1.3120883846468556
2.1523492421683277,-3.5012895684660568
-2.7464281120165293,-0.45766668544804484
-2.4251298505420715,-3.1583027029747384
2.932187914034237,-2.8591939318192705
-0.9192423214119347,1.3772857986832774
2.573209194309974,1.4199700566826923
-0.9269652097291862,0.6783603578012727
0.3110882462841698,2.4680483128559594
1.2021006229225797,-0.6977739863713193
-2.892434487554959,-0.9763420922911561
-1.642123898816792,-0.8266571047123913
0.9308266988046981,-0.3812818270838138
1.0696772429951724,-0.7113121781973903
-1.3325933672876256,-1.0908808438346458
-2.6418697130225604,-2.793618615699365
2.77786605787209,-2.428367272741529
-3.2953745644092565,-3.338535291937337
2.700569537544121,-0.9366244672387078
0.957705491510484,-3.0024109049086416
0.6328909165593889,-3.1465650404395347
-2.8338295932204605,2.8661772196251527
3.1473195245024668,-2.218428449756083
2.082988530081846,-3.234017002057922
1.1657767772215453,0.786855391631132
0.47865335550478777,-0.8797636786035217
-2.9774441711020554,-1.5200489850271475
-1.3014815507330662,-1.4019567829154704
-2.819303557860532,1.110918835685561
-2.8241895946971063,-0.13329888818903965
0.9480109868290847,-0.13320155176031576
0.8905578481078456,-3.3764292460903276
3.1043326574045724,-2.5821949386390006
1.2400712554361146,-1.4418990884917997
1.1922936952520968,-0.4507461424086979
0.9090741075558461,0.41152751162795426
0.7647625402690424,1.2822477439451312
-1.438087394690238,-2.780671861643488
-1.31264558496223,2.7230423506276336
-2.885245897466964,-2.884417653264597
2.9702505288697556,0.4343892822719998
2.451808409737189,-0.6224880581795864
2.5156754404185193,0.9353118416283197
-0.986750391841356,-0.3998087742756896
-0.6175949592521892,-1.2870069690782513
3.159713450073362,-0.9599217699330614
-2.944703898400938,-1.078236447825827
-0.4945982778833111,2.5637097151317096
2.4674832000524893,2.7807118522801058
-0.6459720802412555,0.8887537672977445
2.7026693897656857,0.5750918974517248
0.5570975376635883,2.8566195165184682
-2.553515661460498,-1.0807584065912694
2.976633285513207,-3.022847998480421
3.562954607839164,-1.5030197730673012
-2.966430940897242,-0.4796048961801598
-2.3276516831885754,-3.194106223728089
3.662355390336623,-1.4952085086438685
3.1266921072035756,0.756383828515019
1.0470111962992348,-1.4102087655243614
-2.610631236359945,-0.7781016509786165
-0.7614244438022527,-0.5025244558523632
-0.6217576539822137,3.1642480896300733
-2.5387628679083734,-0.3661315054508085
0.7205144057786109,-3.163814046564478
-2.823092595150502,1.2594330253313641
-0.395365263298507,-0.9770639541963966
3.4839609734547103,0.9131548608359901
2.833681068542266,-1.4028560156940446
-2.715816447986355,-1.3341929272045547
-0.8143745946736005,-2.448324052564053
3.1291190138670024,-3.568346686796501
-2.44145664479637,1.2126627989964827
-1.4354040568932764,-0.7967364774484809
-2.262534783647135,-1.396615446399365
-2.8429750942331835,-2.382664642719904
-2.4744131659616766,1.6308581142353824
2.876733488281499,1.1008563481710645
-0.5502406602587252,2.288475803857057
2.5282574553127484,2.780584760927965
0.7840253231821255,2.4277460036236365
2.197196857912181,2.6423079444825
2.809067875290428,-1.274323951608215
-0.9320197446382783,1.1711914469502285
-2.5985442402034917,-2.6868755569494684
-3.1107599712144522,2.7193302985395014
0.9539985282158128,1.3136226725368283
1.0288591430296739,2.1966824418720967
-1.72701215542272,1.6530420907965482
1.3152388420614547,-1.1893251749537563
2.8699742367826193,-2.9714316620332526
3.3666876558470467,-1.7552313152988126
-1.1582278954952143,3.6560682581782653
-1.15837120798774,-0.511734530882332
-0.34896347306039455,-2.47841060146224
-1.1702009159346702,0.9013191159717351
-1.6712293578168667,2.306179718337394
0.8585967576077326,2.97542837559698
-2.7279630311825476,2.6378086891180104
3.639333652638967,-2.730301329797214
-2.1945747661044748,2.4726240789303646
0.7872683887863475,1.7001958960587789
1.2597061503555136,-1.1125291992418092
1.1961378906499869,-0.8740154644624001
-2.5916672121374993,-3.056482615984954
-1.3824102510052747,-1.2451326248411676
2.4007544651492396,2.776804272339807
1.1179178857435828,-0.3489325971018156
0.8106072419873683,0.4649712104996499
0.82471715676143,-0.22706869066819366
3.117319652864524,-2.6860915577287274
0.7321143161983598,2.765066714041653
3.335296780594137,-2.669991015250494
3.0085389713744535,-3.356535587786867
2.1935128579074066,-2.76506912821622
2.6688260603254244,2.2052118555245053
1.1029120828936396,-1.1234123245807621
0.8956133414061151,1.094643777435251
0.8064375333279709,2.9493225972200037
-3.023427857648794,2.9335617282484865
0.5686429661663731,1.1261839832402663
-2.2412527099475414,2.2073182922531784
-2.6928859643864147,1.3159015712337567
1.7792375447387483,-1.1676192524030187
2.97512329961727,-3.172173709566587
-2.8225738046119884,-1.015879950989477
3.4931272820598864,-2.4256086485391277
1.3075086132924767,-0.4496476572315158
3.098085983233049,-2.9572459780115476
2.53692571099507,-0.9127977105205494
-2.9860912771642063,1.998207619530674
-3.4486577143811497,3.1433633288753065
-2.5359345950870376,1.2223796592685134
1.1569826677947996,3.0658775010312187
-2.9181182810624775,-2.382680970015088
-0.9700435589528852,-3.1439051705479026
0.5792508888964412,0.1863115062889932
-0.4455905169932326,-2.48285634108046
0.455900497648099,-2.700908893074933
-2.7712408695089334,3.341940780969797
-2.6632396112034074,-2.10401038634287
1.358223613205463,-2.5163383399018575
2.920796272951112,-2.33047413368217
3.269480074525037,-2.9391446734438964
0.9976304069435451,2.6175755808702035
2.973362521699838,1.4898303617701116
1.0150649855702487,-0.47240066693199084
-2.9376350098880537,-2.5092334869392476
1.1755642319033897,0.6107228309103975
0.6709451091789165,-0.6435449414592443
-2.8180533735837847,2.25612006273464
1.0807777084086145,0.7080552261112303
-2.5399163105947213,1.2091537873649778
-0.48578592031220613,-2.353215998257278
2.817843950154076,2.643013054273922
-0.7609506201507632,-2.431747318564254
2.2293133775464566,0.5657030032961432
-0.35796823435511327,0.9041056479174719
1.3975103894960148,-2.637532518052892
3.552595445531718,3.08609763790054
0.7284099577293583,-1.179447758831601
-2.387292023565705,2.5439683061776344
2.674754902653178,2.4562376409018793
1.012872022840758,-1.0299237113569992
0.2840901579653055,-2.6251508060449575
0.9055321711341301,1.2756632519856146
2.876298759019695,-2.555565060372183
-3.346259027344485,-1.5740827418631156
-0.42523410161852715,1.2074262865272922
0.8129179181402639,2.633175828711324
1.0891122898881755,1.5047719498772663
0.5297104125744472,-1.584816426352965
-1.2743870672914483,1.6466192720904373
2.672155307883954,0.593489409157076
0.6998941716444024,1.5560370798879037
-2.3890619497404866,-3.030419922591974
2.794620022996425,-1.1646052575380652
0.9596110540803128,1.517090072166416
2.827825343338391,2.4897269641597988
2.5734375311735405,-1.3166004341486155
2.405977480069694,2.6599275578067236
2.6899463163465476,-3.5439195614525487
1.8013770759012733,2.706841635362719
3.1403902810504922,0.6578621187613646
2.815428058666401,0.5283774361429526
3.2237467324062545,1.239256241136478
0.38000545088318816,-3.0079700348177436
-2.9900240131204745,3.0338851478404365
3.1804716807167126,-2.9405772633288136
2.878367896730791,-3.620622090161358
-2.9696768316266087,1.2295358788535062
-1.1697347883186355,-3.124986434652727
-0.6090773696936843,-3.2929631508218353
-3.009620146704882,0.9562124722146665
-2.7875629569512768,2.958913096881314
-1.1975725260199368,3.2506044649905323
-0.8368694604687545,-2.3364938257473598
0.9942414828717389,-3.176552588081096
-0.4502610017534108,-2.9035409895085587
-2.7699640679025217,0.8780907486213816
1.1206586606664384,3.0583763019028116
-2.756473191821959,1.2738028263281775
2.335428317305568,2.6158740624455428
-0.7463983192840369,3.0868425714626335
-1.805484133387942,1.1462785558972766
-1.6066429974294278,-0.2748184630295664
-0.8530333735469203,-0.343808985785194
3.0577178060144745,-2.8971633209120173
-0.8497617520076174,-3.000146900444636
2.7247776652153766,2.567256517030907
-1.4973558690368127,2.640127837748387
-2.6152857259899718,2.848048977709114
2.7218885153610928,1.3667662902789268
-0.9477771195927972,2.242812452077399
-1.2398766807073451,-2.4350284872139407
1.6512809887248947,0.5607928832745471
0.4333680870540463,1.1218305228949044
3.9881000121605785,-3.680241228685066
0.5113910620090296,2.9287165229620786
-3.294284763695323,3.053656517749852
3.0014188642472823,-2.5028861685336627
0.6979153457665224,2.8745042591643992
-2.8395322134098326,-2.2353423698231807
-0.6645407172367888,-0.8050834063643526
3.3379161915453874,1.153384963174379
3.0221444081235798,-2.9376148282730528
1.4743027982532677,-2.6222141791814217
-0.49833038432450366,0.81677811393117
-1.6170912581640313,2.6854724547012876
1.2463748030302615,-3.3766314574884615
3.5391571868267806,0.7111234302610483
-1.3490020952613222,-0.3665018878223258
-2.1699989270674758,1.0765073430854353
2.274215523367791,1.1826895783387652
-0.6242475084068612,-3.3585979895998372
2.6996704396363,-1.3552491940712625
0.3523777332558597,2.766847924341784
-2.9349125238561395,1.6034234956633053
-3.17100762835883,0.577343071493675
3.3839454473642863,2.231717838210775
0.8484115119706079,1.2370767146825996
-1.6332792936564091,3.032608400618773
-0.8210553465169188,-0.5969414721259704
0.8640904735249556,-2.1074614153364646
2.8301929226564035,2.27055539848816
-0.4990362681983227,-2.3157228143759516
-0.9692111553694038,-0.6557523961866647
-0.7378449145794639,1.3434198848521526
-1.1469578088258803,-1.118775578036279
-1.3194487805249833,2.9501762086696437
0.4681731302911682,2.0043074972976074
0.780092220938865,-2.6568716296996024
2.830405643033685,-0.521111635473362
-1.1249243407547955,-0.4501823583649237
0.9178735609762989,-3.2006261131631364
2.8264324955432127,-2.7259720781632537
1.6958055708421171,-1.4917921272309786
1.3196095255166689,3.021293651394799
-2.8596956668877453,0.28391712669858
2.6717505507852604,1.1721530948924852
-1.2632967481710644,2.9661076559402635
3.1605513168764747,-2.207354259491918
-3.681704748144582,1.3411409652975401
-0.6485992708829795,2.8102684454404065
-1.3143183356510786,-2.3098331345804874
-3.023206774540454,-0.4491107394124133
2.9656555017693487,-3.099831796680354
-2.2187218296409537,1.2498083276267475
-0.7473600233578469,-2.933885077063817
-1.455052087203571,-2.530072953059596
1.1239188475573252,2.973661566224302
-1.5487361704100138,-0.02462708484690581
-3.045828597925659,-3.042886478278153
-3.149620116761138,1.0803059702069553
-0.8988879803599357,2.2887739103153373
1.0894792948206369,1.0202678235615414
-2.904490375439077,-2.5807211423254524
-0.8907528429437697,2.93320864184686
-1.0423534245166184,-0.703840049900574
0.943589962419425,-2.7657149921515076
1.2155067688509507,2.4293188817527
2.558648211719502,0.6137249896893767
1.1657653959569125,1.1688921976852635
2.4933029320491693,-2.8441136124865145
3.039160215512125,1.2539707496268677
-3.3822364109109686,1.4697881054194135
-2.9956669314945628,2.2723515734706985
-3.3460152835462886,2.9373142116730646
-2.4908160327026394,0.8388786762839158
0.9378636992824319,0.5963359226854339
-2.707843642378718,-2.9323010835562417
-0.8008892341403595,1.0930772159339022
1.356271392318386,0.7956099072599655
2.8169477126732,2.226903381674666
-1.0819794975517156,1.9289835533666697
-1.1101920565849983,2.326112031253502
-0.7490324241862051,-0.5955670751871319
-3.1814748220849016,2.1732729488392026
-2.4871351180279895,-2.6867157031965228
3.0298508604788648,0.29305136814795457
2.4436765354666385,3.3399594271241146
-2.314626265429502,-2.908422554849858
3.061218613045305,-0.7442309527641059
-1.0654800130888806,1.04191635399444
-0.5128640917704128,-1.2013100037519262
2.6856142731264425,-3.005114373765523
-1.1639636322309568,2.5222953747439174
-2.5415888364347157,2.721237519997934
1.0572916290006404,-3.184320041580978
0.8887818535342519,-3.19457071115031
0.6527666506221707,1.041378874213562
-2.570684742237623,3.1963195199371524
2.4104058027308533,-2.8206047096530305
-1.034284763400664,-1.295783233597207
0.783783068668389,2.6680957963270413
3.045533812949511,2.9806102641004615
3.0025876220153545,0.8484763628038151
0.8242303151225029,1.5917509338251203
0.7486654102215669,-3.1715021290988616
2.5091575594886124,2.932034148798383
2.747404124703831,-2.9172143017542878
1.197450609731291,0.45258222746555965
-1.1595051081260657,1.3470909880826951
-2.3310418043013024,1.7932473121262849
-0.6019270036666451,-1.0196821401287695
0.9849692401322044,0.7044703237804482
1.1549436450512154,-0.934428846778554
-1.5606481930220535,2.5995336636548556
1.3201560522006648,-2.7923505490554232
0.328834335649112,0.5052706809319732
-2.4959871080489693,-1.0718564525489016
-0.5215709141526009,1.4244562261474294
-3.1093063886200265,3.1359818355782774
1.1415814303093386,1.5330050017841756
0.7318045309542219,1.6428584884880026
-0.438804746118322,-3.478821846118204
2.459283340121103,-0.7476991493279267
0.9216477207416831,0.5079167440683865
2.509648276586777,1.410043947308416
2.6988282082708177,-3.255277826246656
-0.8023344857016252,1.1213009814959052
-2.9226760792574034,1.1645337030369844
-0.3450909196413372,-0.6169321980220379
2.2158105827823493,0.6354230901377408
1.0480849420811553,2.6858037205293366
-2.5988206078267213,0.9858536982839707
0.8872336775080829,-2.8780625488310276
-1.2036550223373361,-3.391325154756719
2.8634559556322925,0.903882135879999
-2.870874699181858,-0.7230094029406416
2.7514017152695507,-1.046911752636288
-2.503825966744467,1.4435025331832938
-2.587981502952825,1.2764241927879576
-1.0459272448641566,-0.6048846662096039
-0.610090088935881,-2.987475271387689
0.7959526778100989,-1.4117078489236536
1.0762969033117973,-0.7548660524187634
1.4906546757850252,-1.356393336623655
-1.6843349979540037,2.458284501023167
-2.3913104608276923,-0.7073189432863973
2.593625458256762,2.1858618821313818
0.8854576705482885,-0.6984470427702655
-0.5096812078521408,-1.1728768924978128
3.122671950717046,1.4453125771681672
0.9627375291122962,2.266152089436237
2.1898981123838395,-2.2495540638603226
1.2640037028114377,-2.3126792484547716
-2.7539972768444887,3.3053538243038227
-2.707731641469589,-1.6663759268281328
-1.9513967955708726,2.5278186114751544
3.047311542652552,0.7758071224274213
-1.0830367821230134,-0.9246239779867618
0.5566322283862672,-3.6830230311416408
-2.6099627510635894,-2.3058163764169968
-0.9825822490440448,-3.0284221377826643
-3.474899749423494,-0.5049409627687154
-0.7413311435914627,2.998764348154883
0.888838619662678,-3.002611207691011
-0.8142007865678429,2.540705578603381
3.11644045802627,0.6746178021930225
2.1764321690774966,1.8715013757273127
3.1514318070839513,0.4593592771050648
-3.0617101428838738,-1.6934549113426542
0.7983277177321012,-3.1619537892810943
0.9657561055073551,2.827368252058772
0.8104766036086769,-2.6540862164046093
-1.6317903645660614,2.2052806156443685
-2.2508442853794937,1.4056013275532486
-0.9541477499737179,-2.6180420972152456
-2.660070124672476,1.138120945859196
1.0681287922183917,-0.9889555806332155
3.214443904108571,-1.8932810179912885
-1.2771971057258258,2.7985154352176953
3.370561774066551,-2.201234838674996
0.3425845985161065,2.199321681198711
-2.556888428668495,1.2704576625330046
2.6131653925761897,-2.958123700453311
-1.8745736141476288,1.1223457434654387
-3.0316722981339286,0.6627900023728592
-2.4185401943645104,1.1680820407802153
-0.9837486416937159,-0.4733100591713048
-2.5970909361366044,1.1755524003887041
-1.7892655607405579,2.37701953071473
-0.8241230147971352,2.312026294325287
-1.3705777691437664,0.907872832921808
-3.3990118868829002,0.9390635121010972
1.5808795570316099,0.6143212960671433
0.9749525609703708,-2.9593736233885535
-3.0658467190370193,2.0899168751388886
0.8592012760895859,-0.6354568642725144
3.082323617781983,-1.6169769094301654
-1.0134110050123302,2.846569383181934
2.69339195140409,1.0990554133784343
-3.010674255505133,0.03684966481379284
0.9085925738170981,-0.022929904313300914
2.884726957124816,3.317444606436893
3.4744786113656407,-2.9647418478007332
2.869825744186389,2.569080448122027
-3.2703546598005047,2.9537337284411174
-3.16101338800249,-0.8954807716805638
1.3985854349226507,-0.16222641550626873
-0.9455049428279008,-1.1912156096055098
-2.240159448952241,3.414175538822487
2.07975335963287,-0.09139503635641187
-0.6826604740658314,0.8552383522074346
3.0877978854461183,-0.8373369402934481
-2.9991080575766675,-2.9687137946287128
-3.298105406970686,-2.6299408697604187
-2.8743068842353416,-3.3695382101338356
-0.8625440009611495,2.86150125856974
3.4141769585281985,0.7026358441374903
0.8735409293367451,-0.9805171612869811
1.054301020852016,3.1863865074357216
-1.2189769998980005,-0.4259150392357076
-2.3805533671591284,2.4012424246664756
-0.6920839998165328,-0.6297174069266581
-0.9884637393253844,-3.151471068673316
-3.1024114428717815,-2.6886275199347676
0.604484157989221,-1.212326293105777
0.4563626745572799,2.779604558587229
-2.2952423216516653,-0.5983676791221574
2.7526678487517366,-1.122955186332552
1.142135910144603,-0.7725517178295949
-0.9878237769302901,-0.5577978805551396
-2.71159878219073,-2.873785632485197
3.2315735345890646,-0.9956725452000658
-1.239671347626243,0.8381204220688281
-2.2423175005523395,2.6675011679560177
1.3189821535843544,-1.337021115236498
-2.9729376181716574,-2.5298931955037633
1.165747746941672,1.1752035325787833
-3.1254620990956297,3.26266478920983
-2.6599449951582974,-0.7805820042742029
0.2772691317051308,2.5981563592703396
-3.0376324811105473,0.9606703620466596
3.217696342802324,1.2774696552967764
3.1069371400702357,-0.9996018417477078
-3.1486636991723844,-0.9713280127191836
-2.412081050949277,-3.0578829279541924
-0.8707391549588469,2.949367867965382
-2.646638216135416,-0.35948942141382095
2.720528423463568,-3.7536034341171924
-2.6743172949231226,3.058082215534989
1.4394232890090628,1.5070489603669184
2.8189089858591316,0.4644681509091832
3.328121801018025,1.3414896255098492
2.7471454799908517,-3.226416043317553
0.9613788737922797,3.2393990089571405
-1.0722053729474141,2.918386971246997
-1.0322431639979635,-2.9911500549313557
0.46806378357925443,0.895733297666791
-0.7879221949628884,-0.6794614954396448
-2.454679150318782,0.8556154709039943
2.6057893510165275,1.1147851903319985
0.176073416974073,3.005200105095766
1.0664555923175763,-1.1752318989394526
-1.1453160619109566,2.157985610210787
0.43390748211278185,0.7540178954527481
-0.8031898557469833,-0.6978864972656096
-3.10158192348039,3.2807881612042213
-2.802551689386603,2.80750812627571
-3.2670030077896617,3.176383943657159
-0.9299848940619487,-0.48129879670434816
-0.8915880674645615,-0.9432335671871753
-1.1931420028590922,1.0315372936624858
3.029288724248176,-2.5783155315115494
-2.8778622880843914,-2.3159810889422325
3.14022479997072,-1.1047239195351166
0.7531267414344028,2.8498798025970715
-2.833288765101999,-0.8485293460762194
2.9602004476619705,-1.6037930246627763
-1.474882634959497,2.965649525457013
2.903720439888102,1.9868123426888582
-3.586312649922981,2.79454928062867
-0.22433157119733083,-1.9484631084328115
-1.1801196502984268,-1.5248567158458133
-2.583247785015568,-2.0491559228724316
-2.7409575177195102,-2.4415517982310537
-0.22688704941806215,-3.0410819013853096
0.5921901104243532,-0.9849733356512169
-0.5867226527486086,-2.845729410392145
3.6166205238053624,2.095106356377856
-0.8927880491926946,-2.815923229268587
-2.722687105982541,0.8125717291268543
-1.1171336822577982,-0.8024822635570327
-3.0297933723989954,2.995146927360492
0.7869060427757328,1.440317577075584
2.7424709934484826,2.685094665894878
3.4396154982528966,0.8960230636422681
2.7040405663993377,-0.07880920319891588
2.5510456391078846,3.1762635479197026
3.091444402527812,-3.004066931982796
-0.7308746922187019,2.697388466529057
1.2317493882165154,1.0210464267004917
0.8020080380225816,-2.57556282794994
3.0291053896105793,2.785483777840051
-2.6113318713565317,-2.3062758521185773
-2.93133909968801,2.9124370266244477
0.8846805324000304,-1.3905647233544245
-0.8361003967744383,-1.1638096424725008
1.1880978614531277,0.9396235086872327
1.0063843020136312,2.1733813275627747
-1.2760141393655249,2.9546021207585813
3.5631441684096092,-2.904811021257926
-2.800102201415384,1.1301758796900094
2.8523822565959644,2.794493525371122
-2.850081138446779,-0.2905726092145047
1.1167659878234275,1.1085451396723174
0.6582022339927172,2.643411459702313
-1.5252048156076805,2.102405052543282
1.1848232310746076,0.5280158184714965
-0.9117300990375298,-3.2007856897834204
0.6159013818020533,2.149943367852515
2.8605707129918145,2.5249448525505973
0.6143258145765575,1.5605154138011856
-0.7784096850800268,3.458302754658521
3.1300663048782895,-2.727829151267024
2.8742364294666403,-2.665496274166236
-0.981805944820477,2.191412584280427
-3.1504653808809873,-0.4216820824390609
-0.919199565551601,2.5486963932664954
-3.1622914859209383,0.8641164241988729
2.939169966307961,0.6695707080275778
-2.934987624790479,2.9256610433993666
-1.4542500118772803,-1.3767726617875453
2.8604961311962156,1.2083922584807563
-1.2283652298392411,2.5007304652666864
-3.1248767909372646,-0.9597607975832617
-0.8706019313256462,-2.667606149235181
2.911973961935006,-0.39221886036514697
0.6413103468158856,-1.111410121462568
-1.0085147287473295,-0.8325263902803557
0.791956137972577,0.953943797711211
3.6701623466575497,-2.566872398956632
2.9516279288870453,0.671555975709288
-1.0070819527550414,2.7244437293779242
3.3948652439917164,0.7616054859461312
2.7313055148257424,-0.6330112172653307
2.3894974843901626,0.6954860756010819
3.041261467785387,2.7998883153897203
2.712780235229895,-1.0446674726627965
-0.5399673347058489,1.5935871343102248
2.826722201291999,-3.242785067799864
3.425714545805496,0.8731398561318917
0.5921549416328081,-2.4135684689905084
-1.4263054531456745,-3.1449237018081657
-1.0028714799558383,-2.8528429027417594
0.8885019069224017,0.5892921657160768
-2.4500927295935475,2.780405258656931
0.8695564943279276,-3.670778495780437
0.8722057448705066,0.3663416255908145
3.2155325746527614,1.1284695072370767
0.9407920509290792,2.6589170809401383
3.478423674018888,0.9510214268810881
0.7929167511336191,2.887352539850421
-1.15493300608145,1.254420802577565
3.049062009079341,0.5410532138217043
2.691774346149607,-2.830565574778413
1.176075184903925,-2.9554269382622467
-2.8026248056022793,-2.663202804947237
1.5246381248219167,-2.9123636464668374
0.6552609589535286,0.6801895129627769
-0.4717199365032223,-2.302933876272978
-1.3258836449922187,-2.9693242528653987
1.6943546862874832,-1.201822933002883
1.0034776693799614,1.2273171860524554
3.5764522261792955,0.4790765506656174
2.7524791895032075,1.191604644685881
-0.8756535731621404,-1.3152955120713998
3.1042076569629,0.718371037771939
0.8870480103708895,1.340519385672206
-0.2850348980448205,-3.518281308007926
-3.033116205979874,2.947690277208908
-0.48485537873567025,-3.288323886203825
1.0584245963253847,0.7439661955758916
0.7221428249037626,0.8225721008519545
-2.6781449017056107,1.5255977605393176
1.005865300170952,2.7593951118458686
-1.0946636934264917,1.4018178732314193
1.3116537217658815,-0.5349984020471342
1.0489169381213002,-1.057636995335967
-1.1354545462703625,2.956045467688869
2.8677343453649047,-2.613552350104964
3.0978980071745035,-2.932407714351033
-2.2137195926734092,1.1388568677284328
2.6573728888024646,-0.9426374636203692
-0.5687828952625064,1.4761492851533167
-1.2417110798458584,2.6302553497109677
1.2889891093109922,-2.4077808070827524
0.7467271557410161,-1.2625677256468344
1.0243460364983004,3.6029131192245654
2.8481882830052037,-3.368894671132734
-2.411997119959342,2.922601928249342
-2.984246545874554,-0.4464213913931836
-1.495729561167333,1.066743896329674
2.5236843051283206,2.419461673010472
-1.6614163740354158,3.2507387759739106
-2.7662491094958432,-3.4598985584627955
-2.369822048213776,0.6043133522410316
-0.23084905839030362,-2.9459419419574284
2.377647343980755,3.0942373371634515
-2.360171952903394,-2.8867054926051936
-0.6730326548708273,0.8284101172877426
-2.4529617533627235,-2.1642080511160104
2.697736568227057,0.4625228049849288
-1.6801516408623605,-2.3086182152819243
0.7524536871499061,2.5275370187912527
-2.5590474668005943,-2.9275169343220613
-2.920265485834761,1.401126567007339
-2.8821242466523875,-0.5489276035859486
3.208930439459907,-0.7634127619934173
2.8989632076248317,-3.431541884781567
-2.9982761245199456,3.4237958425135173
-1.4490303525593768,-2.5265918121804236
2.467678673667694,2.0950024179103623
0.780393340370043,-2.090964200207977
3.41222340428785,-3.4949394698855065
-1.8592546162483163,2.2473735495675777
-2.2333178461125436,2.8084374238835044
2.6886233340517456,-3.0571657685523297
-2.5721560716668037,-0.9185395920911439
-1.5460931098346844,1.553337216286544
-1.366863548182164,0.8268634779828208
0.7257135524227466,-0.9727007110221543
-3.082373856061576,0.8917774902020483
-2.3350056372526837,-0.7773956893692755
3.10886639706328,0.8615452185375935
-3.0968009902448457,2.1853449330466446
-1.4939695994616262,1.4090252105359127
1.0993559827539032,-1.0421939224095538
0.7444639973864325,0.8997271953669294
-3.295216943495044,-0.6468291124487268
-2.726047110471596,-0.9992533819923893
-3.0161636733079633,3.1722533292486106
-2.383071008326958,-3.2290613684385527
-2.541476066819499,1.4191233698219188
0.8198470721798816,-1.1165353775300146
-2.7257744340391397,2.7335230165303384
2.239306511318258,-0.47209814602112626
3.018009471556759,1.0385531241303774
-1.2803358314971696,-1.3192649220378156
1.0878590534780594,-1.0749439812311632
0.8201896385814712,0.8881525655185517
-2.612444900071274,-0.5574893879816526
3.563414969015438,-2.5677124543575434
0.7662818051336484,0.700755788838553
-1.3616501676479678,0.6518803553728143
2.491295593050865,2.2171715167075567
-1.367216425270765,0.7330671070788667
0.14035727115014543,-2.5690154747997456
2.7478714802129307,-0.32077063860263316
-2.0298723359135886,-2.8382519027784787
-1.1137644393007684,-2.784586424375802
-1.4627933594679479,2.3276730454462133
2.7415680614157236,-2.9480721361751945
-0.13947190280169283,-0.7409020929011305
2.700196947775187,1.0982578009758635
0.3018304916802424,2.018958336701897
2.4310660545645013,2.5990132495098375
-0.6690127300622888,-2.2646108321471266
3.028281200207699,0.8116791522568539
1.6365666654085367,-0.6206848802985032
0.5752626853740339,-3.0180455460716953
-3.53904999732297,1.6168419401004066
2.7690094088988664,2.39971319527444
-1.5133264934337802,2.6889169496872376
-0.9811007889323352,2.9484795206979864
-1.2229953509557272,2.517412875789028
-2.58008741612856,2.52673204253133
-2.2160495530354427,2.4451374212210886
-1.102034578468194,3.082502972335869
1.198841393802587,-1.0006205298675777
-3.3712287937589758,-2.4308926154761177
2.9090903484125925,-2.81798517134312
3.421752422697693,2.4043679339947865
3.031682192803247,0.8284701812226182
-2.6972942808042712,0.6427736136793577
2.8831599409011415,-1.3645930292779365
0.3450194377132909,2.542444369168309
1.0642006625725018,2.5406425818329113
-2.365447635975061,2.823686330621376
-2.7210413484814064,2.2378718303495804
0.2862505330228081,-3.1567010824434476
-2.8347393773549605,0.8515580321742737
0.5874890289503951,0.6704317342242843
-3.4265506271463,0.42166380395195396
-2.5740583596418056,1.2628688429327721
-1.2278790825127661,2.525652375500974
-0.5687578529642888,1.4152785652893913
1.0990451651052398,1.0466018775623143
-0.7753685923864018,-0.4305094708903462
2.5647836484337057,-2.98957022313179
-2.442267338469877,1.0569526150892432
-2.9186043846385905,2.552967801145282
-3.0150138294739515,1.1384612806220908
1.9927583511225504,2.6301068916078716
-2.4812025116935383,2.6472097240320127
0.5694749339189836,-2.8346303968771025
0.8928695713986545,1.3012811165428453
2.4668519606750534,-2.507380031692129
0.8285920902318324,-0.9855184345002211
2.8170712250582777,2.761015645500106
0.6476853516717389,0.534657512107439
2.4522375496727116,2.871281392768522
2.441997208139803,0.8470719496579034
1.2362297978819599,2.521142621866368
-0.607521508793193,-3.1578084261092547
2.620824526809677,2.8151744195973682
0.6548553302887744,-2.702030537907259
-2.319650742252729,-2.5121580838005357
2.4312794788325736,1.2204302650920258
3.2883800703634436,-2.537589823650097
-2.2060422573411915,-3.139386277324522
1.203275538322544,-0.3467945963919752
-2.3803657180272717,-2.3932726409834664
3.0075168161165546,-2.622807171925767
2.6562886051099532,-2.8194638141209283
-2.1137604620722654,1.2756888103800108
-1.1598370624488494,1.8231902985751385
-1.272594186973735,-0.8863999262036972
1.2029476517833473,2.841505458071453
3.2760200404106037,1.0246116072176712
-1.327653410480722,-0.697572328273579
-2.351813841772224,-0.6957492076211218
-0.08960597241467792,3.0972691381162467
-2.2674622388142875,-3.2704952643688503
-0.6891078250546226,-1.2958325026822755
-2.553166673107365,-0.2022304963989018
-1.014654223239802,0.8885133906021749
-2.0257933302630184,-3.5563832505170536
-1.3208931325128415,2.9953004443034614
0.9060079986453685,2.7512392966082295
1.1950405144196596,2.841379244515374
0.9899187395193302,3.224067197475078
0.5322936245420412,1.334205217106336
-0.61372237622178,1.1177059452784233
2.7851206473723455,2.434288197727715
-0.7204481000415798,1.5958956199499734
1.8882076041823743,0.19521916497245193
-0.9668487221758333,-2.697373555662917
3.6579828232837404,-1.0770945432823869
0.9207634741511838,-0.8027272004270208
-2.6480023177887033,-0.6880719044459433
1.509319484588016,-3.015949881671118
3.1352886156074025,0.8801856653901269
2.9562391810709543,-2.7037604712673575
-2.4498803342462767,-2.8740912337037265
2.929927477518993,-0.7150627429393909
2.3886566966153375,2.6808271246813202
-2.670510046559695,1.7450711160479782
-2.921799699039752,-0.023938627951672283
-2.466231397486732,-2.349162354058011
2.94811962887415,2.9569981931329568
1.3004217231403041,-3.075658038964432
0.9733158225725149,-1.2700665768189237
0.6907473369056758,-1.1017634383677202
3.502749873571287,-3.309837088947766
-2.6481374757668825,3.296212993611898
-0.41827642819887534,1.2701615596040114
3.086120381934103,0.4115509817706765
1.2905341315659575,-2.5563064108918683
-0.9561302255613252,2.8757530667453155
0.6562163834636798,2.6077047697329423
0.38562312550182454,1.0827974581874191
-1.913731897416773,-0.02942419589513029
-2.755229913595485,2.3405949799485883
1.7222547000247868,-2.661216155548867
-1.1652963869049022,3.000416807589435
1.0083287924286803,-0.6116364014752624
0.8741953794623342,-2.7647831733654327
-1.0639627846182242,-0.43430662787457686
0.8865299593649834,-0.9215431146810941
-2.371413365308572,1.2501538728043278
-0.6641960377000085,-2.2654656178629917
-0.7533993570026044,1.13337078691269
0.5238092904132254,2.4394800114753337
-3.200570241182498,1.185116001883897
3.2059664465023716,-2.6036450518744285
-0.9018067629895983,-2.5557327789566617
-3.4880718980737364,2.8310423639986997
-0.779943995035305,-2.9234744612854136
3.2345976500111884,-2.7487031063582217
1.576707849111874,-2.4319334513896176
2.2900469643380927,0.8322246681174059
-1.3641488883822488,1.2098143493363482
1.1266373726060974,0.9487291389070052
0.5962718865290014,2.274219544294851
3.120920132674228,0.7625287508784105
0.5888026686754259,2.8576515820743507
-1.2599941565281039,-3.1408301095627142
0.7517988809646236,2.54007067046129
-2.6560538779449625,2.7898523373997044
-1.5662385560257472,-0.644045695162995
-3.1418137288361185,1.5275337902725765
-2.6381421206634332,1.084499887833023
2.5658326755058556,0.20532618757083534
-2.8883753326267616,3.3919752534124568
-0.5326336896043029,-1.150916316405429
1.5626787890567895,-0.9504644050555393
-2.8255835149744155,1.3174387347278782
-0.7362033931314386,1.7046030077644998
-3.0897400696893595,-3.20660951758936
2.425616790470724,-1.3873972916796518
-1.536143707733461,-2.5822833375293235
-0.7630818800262161,-0.8213808396818949
-1.1179399008393114,2.6137311389475633
1.0237740387797658,0.8669661512179693
-1.0340910436383357,-0.3150143869633756
-0.8748204581857465,-2.6222010852330078
-3.442947442028563,1.4270451462944242
0.8852802209523374,2.4775945594442086
-1.2686375833301715,-0.8287331025118316
3.2181752031044986,-2.2680585467805856
2.353892522584174,-3.3738265418419444
0.6837362320343507,-2.6817955495705545
1.0693490118172275,0.17510523169808315
3.2927323455231616,2.693202973357262
-2.903353952515137,-0.8947128875574514
1.8365571728761674,0.9153042450191801
-0.926451970041038,2.8877684720604337
-1.2793705668536064,-2.4044187084754074
0.9744694730788046,2.9972693645567565
3.176986820588059,-0.998309541252583
-1.3411302871491029,0.8504329841266081
3.4047774648613838,1.362920270690647
-2.9093486540114233,1.1339441825292733
1.0346858085435706,-1.2663468883138382
-1.9131140427630589,3.450836578361226
1.4110939828301932,1.318051187349529
-0.9231632837921738,-0.8499296337475246
-2.6771310343340486,-0.7368597130036635
-2.715414451964352,-2.9769994772289845
2.4908511293991533,-2.4290297587140537
-2.6198783271475667,0.8706457948169632
1.637756479431568,-2.4381255608596386
-0.8417152477608676,-0.9118094547770647
1.430325637552303,2.9113113832312
-2.7675578485383694,-0.47741212560487006
0.8293963200521861,-1.3200654515891657
0.9320204932320575,-2.4236134609790696
-3.603797818459534,1.295924585767197
-0.7702270452137656,3.361812975286387
-0.9797559463918004,-1.3521515065590444
-0.98618769895107,0.5675323980356914
0.4587649800700592,0.9987127618991922
-0.9402109989002815,-2.9995751393550325
-0.6284620826402961,0.5568803761503177
0.5604249269148761,2.7561716245489993
-0.6361672931080886,-3.2556370982131653
1.152845802765791,-3.2646894771936763
-2.6870913577296034,-2.8883741427071894
-2.1460035800734754,-1.5169996140348143
-1.582703660327213,2.5925268953350096
-0.7839056517350125,1.181663466192996
-0.7795627688771529,-1.1748244390925582
0.5150402425248597,2.621216293734933
2.695145601002171,-0.5232129594757878
-0.6255552123663255,-3.331518194265133
0.0854718115329116,2.863023697118616
-1.6253576040055118,-0.22803099340079547
1.1594618365810834,-3.082660359426456
2.287052930956942,0.3948255788927807
-2.9455128619785724,2.6485903208080095
2.5817427661676264,-3.0275905160575696
-0.6841185314433953,0.8672960769524968
2.6598192711948165,0.9726061251488295
-1.5602412251299589,-1.0171955073675405
-2.818955213977131,3.8150603181177947
0.9264121207101211,2.871573511068095
2.1221337819985178,1.5407929037440073
-1.2359228196963619,-0.7122277261931311
2.2038867423824637,0.8954219269540602
-2.7121428456863925,-2.4182931926121953
-0.8269733457249366,2.359220469869593
-1.851761781514252,2.7418135472880754
1.16543346717775,-2.546390145277363
2.5935464303715103,-3.579675227423503
-2.82674229313893,-2.5819263409046025
2.160187486795397,2.44703509267598
0.8918177617244178,-1.1337401904055266
-2.539007961406746,-0.446136472509723
1.4404958519505884,-1.5789102191494846
2.93433426524879,-3.7160501724992807
0.9893758855166399,0.9527728315081915
-1.0901323136382488,1.5899456707033675
0.4770086478898645,1.99222637419847
0.6649279662361601,3.1240719396934353
-2.5823310577809653,-2.7936445889284776
0.9384430053990034,-1.2776196806559545
1.2462256522723467,2.5677611054216327
0.47563119530785775,1.4331022988016708
-1.5662870817355181,1.1787960020240278
1.4136717234182294,-1.0596339163241055
-1.1007245042922695,2.563353589428351
1.0848788492023667,0.7106514719082206
-1.1939974304286418,-1.2199336497215423
-0.9997589079008383,2.6400912512389523
2.3195213739972536,2.0030639477288408
-0.7119962405828999,-0.3319805234601431
1.5071277580330031,0.3750470212999963
1.0917255119786757,-2.945448112138175
1.8198036550644323,-2.9285663189859856
-1.1438911062769253,2.948611018772749
-1.0205099400350122,-0.7702839716761161
-1.0917028355048046,0.6593954989891818
-2.631735348541079,1.501354162659501
-1.0877785505388737,1.1003932017929585
0.5833008788810977,2.8071911709741677
1.2919704725526573,-0.9031642858031228
1.2728956957310311,-2.668654533508359
1.429162863752151,-2.438658424884757
-1.1658862901685196,0.3625227703226406
0.9634498364338943,-3.1427103366540683
1.3897816784172865,-3.4080993918235234
1.325877637019822,-2.870320222060778
2.716481063375723,-1.1844245118244723
1.1246929439780184,-2.1759515573956816
2.775401311690642,-1.1023996869003752
-3.169587932305767,2.9588113610381774
-2.587953058706315,0.7496802044566919
0.9969121251172489,1.1099806669839358
-3.018876242445968,-0.6611504023836826
0.9182566330220445,-2.8162152878204507
1.3773004711451649,-2.4092835430099444
2.7520568161174728,0.6188761247731004
1.0971603609140108,-2.849100071334271
2.4201441013878306,1.8461032982671925
3.4599616246138405,-0.7861454949811262
-1.4442515037596964,-3.216318831919787
-3.0816179097445136,2.8433428944134733
-1.3240326564636509,-1.254091249110853
-3.137813452180442,-0.26762643885726617
-0.8097374224462457,-0.7691508196487246
-1.2723608395923467,2.7180292677275566
-0.9839575607138313,-1.087847072888524
1.196483433128264,1.0031840987289062
-2.6567775871362223,0.8261919488759737
2.1814296701553,-3.399816100739844
3.3179690360660774,2.3981469998441143
-3.0676932739779894,3.200860005471457
0.43023732487833927,2.3501077852125576
-3.1896578060966196,2.4137273642342643
-3.016001984211617,-1.8847779192361753
0.4892284322185009,-3.1890726428667078
1.3486870354146587,1.187196775333865
-1.133036940023675,-0.9855171575246136
-1.1602965393260802,-2.5690350619001707
1.2761167760652936,-2.2566928427211006
1.1247642524866182,-2.8814982790205406
-2.787905209907644,-2.898742020881037
-3.2191593232702584,-2.904521053318708
-1.5547387584637142,1.407997121147894
-1.0908896153395204,0.4574477938073803
2.4782457748603095,-0.8499072655483334
-0.7220108897644831,2.4863175939212576
-1.3826900868700118,-2.104153201765518
-1.0431093842160535,0.5720810645239879
-0.9666551239751611,2.4780392974429617
-3.234916395817719,-0.23972162556431412
-1.2649657882336465,-3.3239430142265474
2.8240762706865206,-3.176135752276949
-1.0836504674600842,0.9733249206655477
-0.5977236007721954,2.806045680421569
-0.9685092745467897,-0.4590798937275288
-2.533376826331923,3.192358980615983
-1.1814918345817307,-2.9919295628003257
0.24520756329180818,2.018998189588573
-2.648901776640666,1.1657573953068405
3.097229301757416,0.9429484908009281
3.0291945767857444,-2.577620422832863
-1.1654645650353375,1.4694530778066461
-2.4772484308483396,-0.9117342109127637
-0.9411040868375191,1.303454422417942
-3.241586385956723,-1.2981964383309992
1.251169168358618,2.7087155692630156
-1.2353466260848744,-2.6328476094307036
2.7881089493426945,-0.6799221838715458
0.4214760326197098,1.1935775512116131
-2.0461444434564355,1.1156436450702023
3.0084236332704988,3.3913065666027506
-2.468792016387352,-2.7908932297825237
0.5639252348256336,2.6870984992643088
-1.6065753747824707,2.753680828055497
-3.3027778250354323,3.002585507887057
-2.72197479233131,2.2090887168269915
0.4774430522532221,2.7965492823545115
0.67417132308575,-1.3077482809513825
0.49420999740352545,3.062716581619322
0.8793877070049145,-2.490109006765941
0.5559184205223963,-1.4674721838839666
-1.2356116036414428,-0.9249840781707523
-2.7248812157851163,-3.071728145932924
1.0626815948897381,1.1590884822132892
0.6657474485979739,3.139397893224298
-2.4726904153005593,-2.7005084232339884
2.3315322591652263,0.35022683103270624
-3.4569364867709496,0.06651209245977802
-2.2708157875398283,-2.2018853611338582
1.0122093956376572,2.284767638076206
-0.742648820449969,3.7006111811771847
-2.994898909146173,1.6530355890318198
-0.7191891261778732,-2.7127141549271285
2.6751280682210474,-3.5227503431436373
-0.38445289012649736,-2.7668074557469167
-0.84893262884077,3.3996829597440374
-2.712346398135447,-2.5021503503486833
2.8171519315365727,2.479606131536725
1.1067409457103075,-0.8724206769452048
-2.69831860783432,2.032767023006745
-0.9716881427610629,-2.67257420856796
3.2042604644447645,-0.0739198378933829
0.9586431470720577,-0.45810825108313824
2.9195320050813685,-0.9154978406151651
2.431199996283003,2.683696402486269
-0.9757523430684719,-2.787291379514702
2.5710112816678596,-1.112072704448848
-1.6184766938029973,3.4524332146435657
-2.5150721420682665,-0.744996779653158
-1.5784065347154823,2.502321650331909
0.5351452041526826,0.7180425859031264
0.5504822074074122,0.35999889920411626
3.358323294699538,-3.1351297841438073
1.4363504908443425,0.3687316602737249
-1.3034567112988058,3.3374425409109185
3.1402914761405953,-3.6710572082992257
-2.690805606408134,1.24993352141764
0.5634348092913746,2.597929081207414
-2.867281533337248,1.690046250090747
0.447121647413778,-2.152386761920166
-2.7796634227615518,-2.8009460356918576
-1.1553627704472433,1.041187344565373
-2.7910050212600073,-0.3109759852547849
-2.7661579825073184,2.369324856828119
-1.0195773308607348,3.1185756110875804
1.0610137165454852,0.9273529729561782
-1.0362668835716784,-2.6518588327155372
2.6403306574769796,-2.8434175205267063
-1.2380521859036357,3.293745115397346
-2.905555363463265,-2.015392708117268
-2.7148490880961686,-2.1870736333707623
-1.0997435554987574,1.603403069189085
3.445047348367315,-0.034831946769227455
2.370856338739924,2.9109513911183247
2.9020482014674287,-2.805704371912739
-2.3642098411607013,0.9954239567052534
2.4970041325894683,1.2269539020549145
3.1262522009826608,-3.2336278721636864
1.700046323549426,-1.0139404934975236
-2.6441484404938635,0.9918600367104158
1.1814791325675034,-2.91064706307624
1.0461322439426404,-0.8895500646694785
-3.150366401387741,-0.6632092734810371
0.5791443135826477,-3.5487324567066336
-2.7767653136045203,0.11961855542335287
-1.6090491261979316,-0.8662430482319149
-2.467008239441055,-2.7457378067205256
-2.4386853000708606,3.263041126000974
1.164811248769104,-2.2759443459456596
-2.520999017714196,2.496615713005721
-2.5750255854883797,0.9112889651158167
-2.9691374142372235,0.5462162261014266
-2.574738748873324,1.38867104976456
1.4027426923761706,-1.0487244833543212
3.828652820828532,2.197809934208846
3.1269838593558306,2.438358464605741
1.3732990264885474,-2.6180722096230613
-0.8696557540110248,-1.0047772587455706
-1.0512948938057916,3.096532704604901
1.0339327069338482,-1.3503568322629198
1.1526050353886301,0.5657656207409056
0.30784913899837985,-3.279442858751568
-3.0198091638502045,2.9599668250855244
0.9291847411647138,1.0034532143942982
0.7887787471373086,-3.2219345308820766
0.3846412939618467,-1.0143575489242547
-1.5260410332621315,2.208371700777445
-1.18565609282456,-2.466787453330724
-2.6127935676429153,0.3549629060279073
1.0089858755869765,0.9202550620028038
0.973080171932464,0.5106167838959889
2.404262361922764,2.691627558960596
3.258066661019674,0.4170121880409991
3.0590303309389144,0.6603497839027975
-1.9562303634943932,-1.1140397422039399
2.814223013326116,2.612124606170731
-1.184996271288909,-2.1957682806736027
-0.30380409545624626,-1.3310568347398524
3.4878349293864064,-1.1190210179578164
-1.3519363423460282,0.8651514082680338
-1.1305151410994616,3.0434920056155184
2.56588460483166,0.945476710358804
3.0004364405697506,2.6886423147151786
3.40111202498987,1.0408122855955275
2.92044469375826,2.585797331818566
-1.1465660061356524,2.4997584741730856
0.8744353143951888,-3.100100405912091
0.8264428941011241,-1.1467516355730536
-0.828068659546095,2.784703421927593
-3.1308129682728496,2.5724409088637397
-2.674157380816806,-2.37265020037903
-1.3061059020868993,2.8170450773659472
1.4185960096075143,1.463309639413888
3.1701012288706036,1.2496020223488815
-2.994940628035741,2.117508585132754
1.064244696806627,2.3388838225724764
-0.6788885364195043,1.3196514870506624
1.223114138374337,-0.865009920496979
0.5260766319089616,0.9576890960813963
-1.365127489082266,-1.2588392099836274
1.1661978167853437,-0.4460703461332933
-1.0080863436251695,0.9219033054725553
-0.17246036609759088,-3.4750309570908176
-3.393924996625276,2.3203463231346437
1.158754860411868,2.8944249702071967
2.5729727996276077,1.1436411168936285
-2.2761833954055675,2.957114763668072
-1.1278002720888425,3.1180567114423035
-0.5537892769643342,-2.361736861262483
0.6674223316361572,-0.9662742553477223
-0.8914023167624405,-0.07361901612292193
-2.7936409254373515,-2.9881888700469657
-1.641750966839844,4.282980027727
2.896679933455156,-3.0981456747500844
-2.4632333648018587,1.0206272471531048
2.6000141423106253,-2.866882058351924
-1.19567730389441,-0.8328518257035431
0.9685112663100867,-0.39661606728993476
-0.22270698774750614,2.717816825516647
2.2650202515479165,2.3804442391010383
-1.9306528425291254,2.0544352394811156
-2.1671698775172095,-0.13400711436034374
-1.0993705892442807,3.108733988593152
0.18698026291747072,1.0040286251817
-0.41445026690594033,-2.703916862655161
2.6968171306252917,3.124749514532847
2.073255777890355,-3.3676085183281
0.6767905840663853,-2.699671850183432
0.866554445369416,2.7862642308234364
-0.8197987169942795,-0.9677393244814217
0.7882507992889742,-2.927386786242651
2.54361540600783,1.126982165300325
-3.0456740830202027,3.1599749122460086
0.9748960087578792,2.7602418369047457
0.8012318169551251,1.2197759584187358
2.9550224859433407,2.7334102708226244
-1.160864866543452,1.3141644706672646
1.6513899193203134,-3.0776341022817264
2.284242320449828,0.9987711175949814
-2.9532647368271854,-2.958263543712363
1.035757481871339,-1.5062396338942827
2.833778827706956,1.042571953332274
2.5839089763347887,-1.1653109511912794
0.6879564382044066,0.23647682980610182
-2.6867946308969572,3.2353123239425337
-0.6338432850101222,-0.6120427114402812
1.0833510415935035,3.0894019949827163
-1.5936650168610582,1.479256826824686
2.4307906668426944,2.8479263434750797
-0.6386939504675202,-2.2453307280925667
3.5921566923658212,-1.5953739703491874
-2.849392805792079,2.588292671314574
2.338821999078953,0.24115034774638927
-0.867430464258445,2.0940844428015333
1.9319829888490527,1.5475456421923783
-2.1843266709108575,-2.95220807072237
2.6740216511279224,3.1521292014776714
-0.9607237625465677,-2.4974210343369503
2.9573827963614514,0.48529137766342123
-1.0865784898952011,2.5351364816849467
-2.7736286655986686,-0.6445286679830141
-2.31690229625401,-0.5527664519939528
2.4679325195429387,2.550708296285391
-2.8291228637211603,0.8350543663934247
2.5175962297996004,2.425263741228199
-0.7315112118946661,2.7557779118343135
-0.7844315491363769,1.0886274468267347
1.3090696478963988,2.794981744804721
-1.0179631366854514,0.661756030523956
1.0053029499772101,-2.3980351874228933
2.9577313935993295,-1.8678897319466043
0.8277683350482862,-0.979557046936202
-2.7768034658277823,1.140072145082482
-3.1443315586902485,-2.2106696630531624
-1.8633058244728846,-0.48707067042599894
-1.4556721859000132,-2.14185315000735
-2.707246879268252,-0.7201313261149856
3.6504344620397644,-1.2079238522237892
2.9426243617810357,-1.3763996322481316
-3.3883411601771924,-0.36741798726526836
1.4839697979987134,0.5474240362173464
0.859386979440743,0.9453143568228912
0.7630499257426473,-1.5063618746900367
3.332939082127457,-3.037564368823301
-2.943741995435513,2.6368131491525832
-0.5573547313898441,-0.9211042679820192
-1.4239002163216394,0.8140521436415855
3.205952216168877,2.216546750937054
2.688956121635984,2.1911501273494842
-0.8743941391614553,-2.355025055874008
1.2467228120205736,-1.0701761760784132
0.7658404700167538,-2.5537923876507276
0.2516949694849798,1.1696481220287882
-0.9176295938766154,0.8299223014619908
1.164984839796704,2.8117124165288523
0.5557801977034602,2.5169424547885315
-3.646665157856693,2.35916049861684
1.017191570491856,1.2380885431381559
1.1961853461119583,-2.478396014818166
3.1043539302165613,0.8145217904142104
-3.2560583869079744,-0.8775252448154738
1.6538485816727932,-0.9729159943324038
0.5664458871355688,-2.427813177281865
-2.0478845847177936,-1.7440276954027065
0.9053514019040947,1.0073153687111098
3.346112884160404,1.0973245969868062
2.4785023261985635,2.1022833194512978
0.8800096682128966,2.649317817380663
-2.7797883635811367,-2.6775184611608913
-2.724171067616876,0.7286890435319144
-3.3460587886247724,-2.957694708715659
-0.9688718247793255,-2.6691701805323342
-2.7263737723660246,-0.9769906860353569
-2.4016853633428092,2.7707617634889954
0.33236139524675273,2.2526793003687393
-2.666091190483064,2.7339696847285158
-0.6779128775959746,-1.4718246866317835
-0.9263074713800518,0.9003939841209379
2.598864439567446,3.3625024487028887
-2.533598975448127,-1.1314481905434794
-3.0220517680665346,2.0507645159293744
-1.3081579634543985,-0.2059135600899532
-1.847311018328111,-2.7525781166942926
-3.549877668775328,0.8417300423948784
-3.197406947553612,-1.7455779523646708
-2.3268659949992867,1.0727708770625846
3.272728230940277,1.6292836973635139
0.7861008269628946,1.089012749459983
0.7806136286506273,1.0417845185758077
-2.8639566256604945,3.195597792440197
0.7689213042971939,-0.8143795900992079
-3.306794504504039,2.9686688302053033
-2.768290423179895,2.0095939161123786
-0.8182969061788856,-0.8714700477207898
-0.8517965776497994,0.5794884691365391
2.605739555917163,2.893812540496074
-3.4925161053516427,1.0507281276705331
1.0181172256838964,-0.6212167503519401
-0.9275033189509926,2.8649376387734544
-0.6595654683529207,1.4525730908750576
1.0541864265308143,-0.9710091879984031
-3.11121112092126,3.110984094692751
0.9509405988023263,2.5745404081962344
-1.15403529565589,-2.546702985709051
0.48088679176539817,2.5322082632329317
-3.23411698902389,1.3107822238982487
-3.0982789148876995,-2.5172120190111253
-0.7218152045115794,-2.6742640583442228
-1.4517181762684521,-0.6723731885831243
-2.5131458350844933,-3.3630638526125782
2.7219781236958083,-1.3563730280582231
2.1770775000088802,1.7891308768732777
2.4747456682234477,-1.1380740327880754
1.6088928591712628,-0.9546809910140291
3.3217405934433737,0.8443640767726396
0.6824814987800207,0.6466340917110093
2.8587751383708553,-2.8098441801462966
-2.5807292169826925,3.2924589248401
0.591622405821296,2.725887209114675
-0.49681893228619006,-2.6021245678819174
-1.1778107494927923,3.0106797326795665
-2.6090742602647476,1.4242665870384639
-1.3332836841463904,-1.2294711887850576
-1.2439955544029424,1.5683604558425046
1.0677862062744552,-2.723897780351384
-2.80568513728043,3.0566890773579414
-3.060718883896168,1.5010882742581926
-1.7295001261416687,-0.9032754173380589
-1.424755190272905,2.822883703711992
3.1079016353501827,-3.0554732710606185
2.179549014536586,0.644878014333123
1.3136231281392803,-2.567649317149791
2.6094379704762947,1.0073034184642706
-2.7439001416299766,3.2466043536465414
2.728291384868846,-0.19877779191986217
-0.9690724702998379,-2.7948554667308234
-2.41925059172349,-2.184316399500279
-0.15263718204633048,-3.0884983574855855
-2.8382727140235153,2.9015938983523673
2.7647303379132135,2.9741190310720897
0.740271372961206,2.7729785924774273
-2.8611318202947444,-0.6443723993935654
0.8349593895499714,3.0539228767502564
1.4164316591495154,-0.43823528487532853
1.0936164197308764,-1.1825430900199916
3.046476232332017,-1.1079784322293393
2.7378286741174773,0.7566990133712707
-3.337857692551273,-2.082187435409594
-2.6826186027933536,-1.3009985480060962
-1.048911405564971,-3.0240084999190326
-0.5512330190019642,-2.736332160406328
-3.1868985836204464,-0.6461975633571808
1.2827895718128317,-2.7911582264188457
2.8988218593326462,-2.704601490429154
-2.6626794692015365,1.3111715089817304
-3.1580616934262444,3.015726058217789
-2.603464333842063,0.9031385894574862
-2.863158251882573,0.7188373529489206
0.8970951978638962,-2.6386652969091173
-2.4038844494767386,-1.1427026454656164
-0.7409696788266114,2.8108403473611023
0.9191484464829855,0.03731065183392496
-2.3549110764126344,3.4510994079981745
-1.0914411845524241,-2.727858124234915
-3.4538391028974536,3.0330718712766562
0.6990672440185463,-2.953969114357141
2.7934342473209353,-1.9427932787553068
-2.3199825252043715,1.6354388325770466
0.9064251470797933,-3.4032400627895507
-0.8448904163920529,3.1118984456029866
-1.0798964174207817,-2.9376445122765285
2.8462907875087398,-3.2106013413903907
1.2666553668578344,-2.6851452561288283
-3.0300428051454333,3.0581544328466927
-1.1083371787023104,-0.3597702238971416
3.119288100890489,1.6677809589061012
2.5007627792885208,1.0109117934926473
-2.8790684219061475,-1.3383080279158892
2.5212978428269843,-3.0227153582985244
2.516690985810595,2.447098564743526
1.1046620121512478,0.8347258105453031
-2.8869090031910614,-0.9920242130652825
-3.149073931873003,1.1356769114002443
-2.4090523020162693,-0.8282585357752656
2.5506078491757815,-1.0533897086213528
2.78026527804628,2.1024698986394
-2.7014540838599386,-0.4487860093832275
0.6907890239406301,0.09408501798869631
0.7377835914625254,2.7381903696393692
-2.7415969099016713,-2.111754228698894
0.3241158168283266,2.6691814623163985
2.9852315620088756,-2.045673255420215
-2.83543922874982,-2.9212278494867916
3.255005978067939,-2.8491028524273014
-1.75893005823335,2.385869244838809
2.57603131008297,2.643381894839044
0.48683943533103896,-2.8206358161614857
0.8912334850306631,0.8239655693989864
-1.316346741908214,1.0005482304038884
2.9448609299310613,-0.8307022331523044
-2.9165167598095976,-2.9200789580990176
0.6972453015692355,0.6668555315179103
-0.43229349661653144,-0.40734726161076223
-2.158153446070626,-2.358017847438318
1.0721647481072725,-0.4700701265506054
-1.2762633302457875,-1.0254144057954302
0.855051940208221,0.49143638034325415
1.1013137552972758,-0.6073161443830879
1.1626508350059401,2.726348597257878
-0.6142146170127023,-1.1176859359944415
-2.476236979822069,0.4371155658991851
2.507709278461843,2.562090023566951
-2.4874611383578302,-0.9660668014496689
2.8371855102628527,-2.8471551231312104
-1.1857608848620602,-1.3674877484184627
0.7909270573406925,0.5920803833999236
0.20188256287959028,0.951814967140098
-2.5666118612649735,2.542320606469959
-0.907396261500942,0.3626509917986946
0.8256279194958426,0.48452694416136166
3.2565318842470385,1.441287261150024
-2.8019975974934175,-1.39900825443278
1.6058598844196517,-1.081547420257002
0.48962187732344514,-1.1040465688387926
1.0445618942170944,-0.9075492733746936
0.6376063750723331,1.032792467399115
-2.0697208001455167,-1.0128515670577078
-2.2324082135995575,2.4440907666532694
-2.2600371201935316,1.0793513007101185
-1.1379505609706542,-1.0993828601153997
-2.135178796137947,1.5358151672053308
0.030502291217322383,-2.557754078738099
-0.9323394518720849,3.2422272239194925
3.002736492412191,2.6281987464051078
1.0245207394215174,-0.8529828888975343
2.277337739774656,-2.9237978609018898
-3.0145608407274023,1.3213037682935174
3.2893459900683037,-1.048411223234543
-2.8286786675585085,2.837594812834725
-2.1453999643128117,-2.830444857762109
0.42072332553984265,-0.9931972771754568
0.777727738455282,-0.6968414629256852
2.128447276383447,0.41213529361891044
-2.6971584726734745,2.835223988129381
-3.0626984762860676,2.4025669756678996
-2.5903077640718015,-0.8086728758541455
-2.5982457381596205,3.0514469244116724
-2.3061705781561375,-0.1880389937734752
1.046079586570115,1.1222780797454992
2.82717480610959,-0.6413285042570847
-3.0162384624057497,0.704227405492471
1.0831871484901028,1.025960229772985
3.0096086650060165,-1.4061815050221185
-1.3544817813597745,3.400786689912837
-2.4478626803802954,1.9236511690856712
-0.13793548042791176,1.0749694642237733
-3.063886432442166,2.9565767045614684
-2.442868903241226,-2.6468824898647
2.4827396233340098,-3.6117584242526832
0.4686640895414676,2.863571159576809
-1.3263198147586646,1.445684737815554
-2.862647097787284,-2.466304942266741
0.9961028500905198,0.9180489242362575
1.206746661754017,0.9791979235790422
2.1596721876710703,2.650670842496491
-3.6194332404159044,1.6670931535912836
-2.283642218643259,-1.0834715060370297
-0.7561460868133768,-1.08604870345359
2.7605215192393677,-1.1213635695817663
3.0202248992471574,-1.0741597803167133
-0.5467543933400327,1.5257813071190187
2.2153611142916834,-0.43061922213161224
0.8997755987108005,-0.6804708728104502
0.42132778640263335,-0.05482633380078013
-0.6805799714024146,-3.17513341966029
-2.7470915010153165,2.973579039635146
-0.6974241726854866,-3.007279402294988
2.291174085875568,2.8160538980305043
-1.22026177762063,-2.6491691963389905
-2.3768908582767545,-3.048000628576245
2.5072555427136565,1.1453567535666311
0.9881854314909935,-2.3680230331525305
-2.1238552905675987,-2.870469670853317
-1.006783393537375,1.6894010675599311
2.532391217740062,-0.13103641020941326
-2.708649757931823,-3.438442508369834
-0.7545319880935206,1.452706472866038
-1.5813756080951928,2.5197942651839744
0.5369756540155801,2.601546974098656
-1.2055668089827658,-0.6573349856107991
-0.4600651008570339,-0.6815946772304563
0.6768060117660258,-2.468823799625148
0.49165831280454464,0.541760255229019
-2.3015147692544606,-2.749480244221378
2.797246933595832,1.936232952639327
-3.2099269750916957,-1.0644158576742337
-0.7629135495320297,-2.803550102529157
0.8027558951177842,1.0654920160294792
-1.4040479454760668,2.512706926460448
2.5303802092234244,-0.9870339366042628
-0.8398222963709069,2.131388353855043
3.2038743425800065,-1.3343301334862152
-1.8258595157523783,-2.699447469924046
1.6027666475516034,-0.6258277504784019
-0.9731592302758658,-2.634837761231357
0.3961774580970335,3.036776148189679
-1.3293232663507728,-1.045687546300305
3.0113297934337844,-0.9837349951381286
-1.021948065494025,0.5324182717933255
0.7516515302579557,1.0259482325772213
-1.6493440054077813,0.9931554026089026
3.190337528360231,2.594303259734159
0.5118339247397009,2.581549562062112
-1.050128196311959,-2.758595730522389
-1.0965905283086763,0.13492296825826736
0.5287668296243081,-2.625096879168315
3.289904851975256,-3.0537036713440493
-2.618065008650819,-1.9835500740720604
-2.396507836147533,0.4415054665589422
-0.6560457616723985,1.4203672284214157
-2.772666106789761,-0.8987253767646283
2.9278398797386522,0.12135267498831097
3.7202117158848322,-0.9918578901693946
2.446870936853419,-2.9909419199268465
1.366212361111956,-1.492173079349774
2.5126300840349627,0.8564815433701694
-0.3534907808263812,1.2759239074319366
-2.891016005264474,-0.9289406268844965
-0.5391915515999263,1.1137027664843773
1.257932316412776,-0.8616856298001814
-2.185339824261727,-2.841611092947107
2.6615345142200497,2.090741414413379
-0.6762783629248427,0.5519530659479561
-3.276254726608891,-0.9252608893663986
-1.0760913624826693,-0.5284522919672809
0.41410493811255,-2.5410947942351587
-2.464959164511655,1.2732737436415555
2.363650292976887,0.5714828016237511
3.077471801508168,-0.8295386086259092
-0.7135488014200122,1.0527105962236079
-3.038658291410579,1.4053077288080258
0.951001299315261,0.6818855259171879
-3.2415199686656204,-3.1943687980538864
2.4043245819919052,2.7664166992606267
1.2292439900821615,-2.4724573961073486
-1.346762300683118,-2.919433101021937
3.268290158122301,-0.5021575060436292
1.0667377771886597,-2.53680987110966
-0.5952522814521223,0.7372392944377107
0.3013566494286623,-1.4139028122767563
-1.0610191582597228,1.019892314038389
2.94744201824452,-1.3840536912475543
1.3061863607548263,0.8706771583641061
1.5179739098146345,1.7862173059285404
3.0017291311342675,2.4066492993016655
1.1266769277638569,1.1714088305160246
-2.9415044365753644,0.650808287080458
-0.7087012675847351,1.3398293457302592
-0.3717273643101762,-1.3321596540408156
-2.1213061416351926,2.9517567898643886
-2.691263181352099,2.4763743200899246
2.941225558305655,2.403339846297899
-2.5704313907437046,-3.113207349687387
0.5038746201714773,-2.5094048907039026
-2.7550694244839002,-1.9843129787956384
-0.34505832055810504,-1.852619247847146
1.0629430070629875,-1.345498603333632
-3.0295099776916006,3.1747766805633675
-0.9302139248983455,-0.554699092205196
-1.3285530443207358,0.7134494380364677
3.256334023894184,-2.6138073337211605
0.6444605804458918,1.0684948793645093
-0.5683996847851192,1.2017788908018097
3.5124268112367703,0.9207394342224853
-0.6762072102485057,1.1361249395474011
2.919173332057509,0.17493736651334094
-3.621016692897187,2.698297766178123
-2.937018817073449,3.115434671536271
2.899842045969531,-1.154850419170251
0.9858199174509183,-1.3938267213514244
-2.990903613456967,-2.3771576515978396
2.6502307646522656,-3.001175431995043
2.394844350676241,-2.9115253784607007
1.4353395087732654,-3.569329984830411
-2.77286935922501,-0.3183128275001849
-0.5681130769297701,-2.9004510046302494
1.4485079882316199,-3.6154492905507696
0.7973572521449203,-2.237613599864133
0.768935725851093,-3.3614029478734917
-1.440255496452389,3.5801153037509863
-2.501686336372607,-0.5271752703412214
3.2320085163745333,-2.7929296962860977
-2.606651404392118,-2.890313923526863
1.2163357953963445,0.7715048922786586
0.4004386382651836,3.024707754972673
-2.725114126752721,2.961568382687584
-0.5748252618684001,0.7776366571688088
2.7286743899736776,1.4072229117376054
-0.9550099115087365,0.06308409399451974
3.24827122601567,-0.8388300146729427
3.1161115435526687,0.9831083573790208
-0.7745140250029385,3.507941227229243
-2.8574141974173135,-0.8207827965885969
2.725987886710229,1.2610727591221047
-3.1938206653687846,1.1007495617992482
3.3822038935897254,-3.276601936136345
-2.7627306135417475,3.0192673181577745
-0.566674659342458,-0.681394281611681
-1.4843640505601068,0.8870489574164566
-2.344490430455242,0.20786737956747253
2.3337703537122922,0.9767296297750923
-1.3798281877269671,3.0155199931207637
-0.891832291984734,1.0094094445357547
-1.0320902214384886,-2.630681599873358
2.9831498077436014,-1.465984982934672
-0.7467373519724685,1.5666291068804725
-2.6523868611306862,1.8015358345588954
-0.8379130332911873,-0.9923953745333151
-2.9482134753343754,-2.3318819659805983
1.6234250598178985,1.2708123127772544
3.4237384828677953,-3.2843383070457457
-1.164844671856656,2.782672736849521
3.530401814162364,-3.519294118360421
-2.770740927073876,-1.2200656351207666
-0.8959473206955602,2.655913416521155
-2.639264101644017,-1.0097907523448995
2.8781996253393056,-2.553298212582185
2.260093547400284,-3.3189596690355256
-2.374308910718509,1.5417081622736513
2.3878633855361597,-3.034929550668837
2.894958157229125,-2.810585604655395
-2.8505810440118364,2.6065201375562626
1.4797402358001854,1.242328501320143
0.9824408348675829,-1.564072909445211
-2.584654795003452,-0.6565647923684881
3.2145492388925914,2.7623036733819917
1.2091150365352301,-3.248056230427053
0.4750631073003157,2.696021652989204
-2.6238194739987932,-0.36203273607769443
-0.43115258619347097,-2.9789105849789705
1.2167586104038104,2.557375651663649
-0.9269578166191254,-0.54423632807382
1.4227254387017254,-1.2801187814695676
-0.9232255477143291,-0.4092757511085121
-3.328135188790079,-0.4942534298402192
1.2773368281424657,-0.9913910025465467
-2.3506206443671993,2.7899604173702905
-2.65773125785777,-2.7547065685702665
-2.6371253064116735,-1.4873816037837884
-3.6253486306843556,3.087221949727827
1.0406847470039784,0.8998891036021236
-0.8917165289679584,-2.9508310219321743
-2.834072433830822,-0.8061018926139132
1.1411435090027995,-2.5487573006090245
-1.3502266528640572,0.5594233139410962
0.8791925321869374,2.725064936598814
3.5250476218677287,-1.0534732160053395
0.9845445033603273,2.709557157061963
-0.7938572891570171,-2.068487192832268
0.28974865833710667,3.0538764259070446
-2.6366323650094006,-1.0533652469608115
0.8799778874985111,1.6887800783061409
-3.74852556050359,2.5684614465191675
-1.0921459483664322,-3.0940163773114975
3.4105901030476775,-2.707210184082704
-2.881224570641137,-3.555940333901558
-3.1360955990069748,0.8251088165338586
2.621207787330265,0.7835109831504885
-1.567974437654785,0.868334283002567
-2.9468568189637274,1.7996284988714732
-2.8054503321746695,0.7348597397302223
2.222154451484111,2.9576334165635982
-2.762133284830791,-2.494765500864767
1.6404975869132774,-2.913726109064437
3.23796037657935,-1.7775533498666032
3.181762599781425,3.2040538375103935
0.13813081438632577,2.153773192261464
-1.3362209755856629,2.695094256365338
0.0610513194675928,-1.0142913515743694
-2.661213583876543,2.2230516373275524
2.863937493945485,2.5009565886618073
2.5608582988220365,0.8815344692933469
-2.9249980050116906,-3.028899046283314
-1.0265978780054732,-0.5743523223917808
-0.9460646963656062,-0.8673185503440504
0.8713082643398123,-0.7829472808239748
-2.7974625916609765,2.291867112750595
-3.315061957938398,1.1614241509043355
3.3053773070392207,-1.3754020209087114
-1.3463693981698164,-1.0944966049517701
3.370886975038541,-0.9640471285386079
2.9752575268532966,1.0602625727789912
3.1117654150944327,2.196172700343436
-1.4157496878438183,-2.7016401418414873
1.447920558252048,1.3431283104228426
-2.837971540139788,-2.4843098021860928
1.023640775611988,2.30341855690494
0.09873971352486671,-2.714230693513106
-3.0421647507869456,-2.5782161035866786
2.996235614763159,2.149041251433082
-0.7278984804657126,1.0721426128801692
3.51573134381203,2.1947597599491657
-1.0740152122899524,2.663907079216634
0.7157687600550773,-2.6998243195393896
-1.6363675832842597,3.5128807947829164
-1.0899631071668021,0.9759149089045
-1.3110678823373363,2.6195797584006275
-1.1058199733874352,-3.177680128077977
0.07182233487262978,2.0607186845583154
2.891970596738843,2.948208720071192
2.654725981780598,-2.125362798546035
-0.8130295928563708,0.7032707620183746
2.3943200908215307,2.223637550628696
2.139352140045388,-0.7451501345281417
-0.5243787300319495,0.8343108906758873
2.524538027835461,3.0201317166006363
0.7008720291145969,0.8105387809553545
1.1573628522961703,-0.6352137053105299
3.344341345703186,-3.1614418731016354
0.9985386938163792,-2.67320813472071
1.1330409840894475,-1.057634150712485
0.8295786044902458,-2.6315598807571012
-2.386305570347102,-3.181703914110417
-0.9885910177237449,2.542302267941038
-3.3527327778247584,2.7085383433847707
-0.42010383205197627,-0.2732571449179312
0.755625116908516,1.396324545476607
0.7782209625919172,2.5739907918379856
-0.55535325698267,-0.6255090561596928
-2.977817889645362,2.427894214237935
1.110986544520945,2.7339015299964937
2.964861077041169,-0.47161918087122956
-3.0999030848436218,2.811528847478145
0.7297839360277432,1.5862189429045983
1.170426475900601,1.3383018914019222
-2.2405128793950255,-3.002218442521103
0.6881498299535219,2.35733536698641
-3.0986708907892564,1.462985806513404
-2.895802556010051,1.1082227566945848
3.0046113726535837,1.2696454516153426
0.8211321930440637,2.9499354763005616
-3.166077894211773,-2.5612138903446775
-0.5207805497517182,-3.450416207471208
0.6699392365301547,2.860507979234486
1.2774319114502903,2.5751494504519865
2.880406935756998,-0.9905926369489467
1.4152503714667866,2.193314297136552
3.011556639171885,0.9126411304907217
1.0787712117625592,-2.4611544947372654
-0.6034853994579538,-1.1010701228867918
3.2286819769389896,-1.343259013951989
-3.421927618326875,2.2021231038967604
2.2923158912202397,-3.1733627751901206
-0.680906718400371,-2.666016577973874
-2.856760620642335,-2.434724379554558
3.574149065139137,0.9096472463653067
1.1723254230819178,2.934628101152005
-2.662613547109957,3.437678992783577
-0.7897101115349309,-2.9395476425939377
2.778678320015333,2.5559388138049193
-3.1703564342109107,-0.46540123222540153
0.4907573421075603,1.9399674293361802
-2.5255463920192067,0.9081099841492334
-2.9007737704218433,-2.2271135753497133
-1.481104204504516,-2.0254561499754504
2.690733781821656,-3.444864670352169
1.341346090576834,1.0428270843341072
-3.0533772252674516,-2.641874733581425
0.6825194464756349,2.7775456041216176
3.0397985909850855,-0.6738577711831579
-0.6939046684600602,0.8528099549407329
3.2431655575376768,0.592197557691577
-2.9186049199170743,-0.3528704055114876
2.559157411770626,-3.2825434026695084
0.9404145112405582,-1.3710119485340935
-1.0488373724817428,-0.7923181978094042
-0.8607851833916914,2.4826764212821786
-3.361279394473898,2.9715789969175574
-2.9141944684594994,-0.9530429252500459
-3.372125117655622,2.3314705580606376
1.54343211859516,2.8888902158164274
0.45612617589261134,0.9661783293618672
-0.40195494912382784,-2.719672267482887
-1.1701289931926193,-2.626376812729199
-2.624376143938857,-2.467278538742479
1.213630609283323,1.0227324406442613
-2.886799413939149,0.6612270700565482
-2.397985973678105,-1.4890899723094102
0.6432812988950386,2.0820484866153492
-0.3893771249047246,-0.39526309130011167
1.4572131516683056,-2.537167195833374
3.215735014353411,-0.6696239779180461
3.0488728302708736,-3.1301412989893023
3.1711575784119828,-0.670353175747815
-2.762050627939065,0.8809880309117972
-1.274668365071804,-0.711124086309603
-1.2957498463702184,0.7997596013581563
-0.45967992177368155,2.524672574402905
3.1170752540378794,-0.8078762598496964
-3.255808083799802,-1.3070169044145643
0.30458269952181516,1.189730815583733
-1.1417845933983621,2.2772502126001037
3.153967892360469,-1.1486604707970247
-1.1231458991955041,1.308400545714056
-0.7994693898907287,-2.5627028443720614
-0.9696861321539643,0.251729667271078
3.109852701610982,1.1398771147487319
2.491410792167698,2.7404773809730725
-0.07489484299650134,0.3864302029874941
0.9085762463725817,-1.1011940703648115
-3.0231962553018046,1.2501565268546837
2.9933151764424424,0.636233348757767
-2.5337925281317646,-0.14240679501335995
0.9549975432358015,2.8699088796752243
2.991968964637508,-1.3204719801560176
-1.464132614707029,-1.0374302184013855
-0.9796336877602542,0.8548477887481041
1.1788444275869006,3.028232589044962
0.7945362928626203,-1.4250016213779964
0.645869229391788,-0.642732504210491
-2.60825366216175,-2.4467552532577765
0.6350794206926514,-0.9840568544116136
3.3172317646709324,-0.8620604773824564
0.5808626000740442,2.6904962631987495
-1.0422320460910168,0.9627058579747452
1.1689532588939986,-2.9101008667264088
-0.8430782535321634,0.9361922436522655
3.3541497901265305,-3.003201105186285
2.671162769329494,-3.116776173053152
2.3273759236777027,-3.0181129152069297
-2.851047253747531,0.9323981708434571
0.863735549708329,1.08541282726823
-1.3069832026317265,0.2853469842615835
2.6796466962401295,-1.2618328018697103
-2.5149350969472444,0.32780457300597904
-0.9636484787332195,3.1956991280452156
-2.8767827126256806,-1.1756061146343617
-2.526911125917814,0.8034815922441332
1.0814727172577656,-3.0089452340303895
1.4721271865880783,-1.274793531221351
3.2977467497705386,1.002091794124299
2.787742607981021,1.1152866778451815
-2.8492397472843227,-3.356869183174993
3.103175845572012,-2.699102235433299
2.410110465386327,-3.03130455207032
-3.0842445536349854,2.4769267330193707
-1.2440581198609026,-2.567150236760812
-2.9794312105922196,2.3678531876999385
-2.655830938413873,2.836030644637753
3.3140278087497816,0.8059201689400736
-3.121641009340316,2.9534612079460723
-0.13398301549903263,-0.615170284270224
0.338468485738651,-1.3694180395636604
-2.2823223997917945,-1.5187147468661264
1.2497098204457748,-1.4966055123877937
1.2306209400438035,-2.874465225480379
-0.92582092434854,-3.5500698033273177
1.3897802949029185,-0.4051358952577939
3.043592473437743,-3.5107757974140394
-1.2000678919125283,0.7241930229393444
1.3718838288429782,-2.9782218553808253
-0.8653547876905032,-3.206568757863313
3.569269167904758,0.4516268330327945
1.4800710787769016,-2.7294786191276414
-2.342730949609897,-3.381495365958008
1.4841099533363713,3.0880346111969397
1.443620808713276,0.41904808017887324
-3.1104897719453133,1.1370748911758992
-0.7336255105891494,-2.0947769520566655
1.6700275576490584,2.8081461625322466
-1.053495848269147,-3.100470949837984
2.877321748153683,2.4475488689283136
-1.0826720376826537,0.8521401658751269
-1.0176485489162819,3.41484010363493
-2.198338961115689,-2.623024971749883
-2.1482741094401843,0.5439547192552459
1.3890908754296547,-0.7918637171834094
2.4557636916126873,0.38715591463805565
-2.6807150167685747,-3.1382335708145725
0.6936287485331005,1.052456514035625
-0.4359814247966889,-2.91527033566166
0.4761870877371478,2.5341307080604203
-2.075936912804744,-2.4798077047623663
2.820080093979418,-1.819998109365018
1.1619647906645425,3.194098828235701
2.5944834692332885,2.4075069377767746
-0.36320851129802284,2.289606242939103
2.634762443057198,-3.451607993438146
-2.8608909647699403,-0.13484621338193994
0.5431611911590937,-0.9177129726911559
0.5725743979156932,0.7329788711060417
1.0328126743042592,-3.358686452358554
-0.5034096862514666,2.4946906879682644
0.5425146886675974,-0.6301650880129844
1.5636653257902255,-0.67206985764255
0.8748155484168315,-0.40047372429502137
1.2075033708230705,0.43936280653590293
-2.587209245388118,3.3906907706860134
-2.0604829654878625,-2.4779002069673255
3.5101673009339094,-2.9150600844319694
0.4957771614767714,1.2195738397562619
-2.39150006531843,-2.300929964648725
-2.853466260458936,2.589027823861326
-1.02490491792027,-2.5291815549366623
1.0468078306758974,-3.160067310005613
3.6343056286393116,-2.9170031814749176
1.3496690604587995,-3.25359349450321
-1.3918492826744762,0.9592843425363125
2.794604925543049,0.45962924022162166
-3.0925393679345548,3.340559344079334
0.9903711470540503,2.7709408547814807
-1.2893728409124197,2.626965408639878
-1.2013108012604414,0.03038211198045649
-1.0345598974386334,2.67917887093974
2.718126478496961,-3.082493052110347
-2.236614147169991,-3.1043515292084662
-2.551065782534774,-2.1235924670617288
2.3892705507470384,2.1598080054996047
-1.399164686189433,-0.14879573322274212
-0.8055914515695206,0.3589243269299469
-2.5217432442188286,1.066253278748012
2.6689359500137253,2.4879007988437714
-1.0016598756424775,-2.983322612180312
3.262425780962002,-1.0996636482750317
-1.4338808656623185,-2.4903282278033267
-0.9349159398997842,-1.034629860778935
2.670268698354829,0.7200825129191893
-1.9226919744388065,3.059618982742997
-3.235324879791523,0.7542802892648096
-3.242787894703164,2.832345215870382
3.408822247120754,-0.7888800254887347
2.7455175815499144,-0.5911070233176661
-2.5142204111040787,-0.6768018844682813
0.7959516538340982,0.544184028835851
-1.5020702071026188,2.7075718108149136
-1.317982645673576,-1.0395767671172769
2.807534631281586,-1.19149461164511
-0.6461304558852082,-3.307813584252044
2.6177154016826876,-2.8307534592848724
2.833795077962408,-3.126653780842856
-0.12059158449779094,1.1455255189750553
-0.7331800387050142,-2.456630936854521
2.8213718436531363,2.51095760622203
0.6395603617173274,-2.9576532725929106
-2.780104206144733,0.8122286870334248
-1.1111367292586316,-2.9296757359988765
-2.7005999594584784,0.4554603506742814
-0.8323380305484518,2.5785411852545224
-2.7168829857001415,-1.9607478069965603
-2.753562073247337,2.9679004972566574
-1.111213450071482,-0.9681534945594432
2.69933839760442,-1.3115857728747782
1.331665997713305,-0.8715326043705083
0.785147700493986,1.005925802296045
1.4523399279201077,-3.028864541772182
-3.010045123549697,-2.6223709101952863
-3.1603465718189803,0.6411850296569854
-2.840783914625025,2.3339506068750215
-0.8239744807404644,-2.34850198160575
2.6184936110373425,-2.590351523497651
-1.1379221516719282,-0.5831548776840733
-2.9842467702501727,0.97865566242904
-2.739369060847364,2.5242128469412877
-0.6239756953510498,-2.647417170933713
-1.6062580259998909,-1.151282964657186
-0.9263367930149282,-2.693984036723658
0.5417007393088612,-0.9160156923287278
-0.6304787239819476,-0.7041901990094451
3.0237779039800468,-3.4293179045853877
-2.6276077486925504,3.475521981425898
-0.9375753287975952,1.2679673258692674
2.462604547917588,3.0150885805627685
-0.7994076474026846,-2.9564507298070284
-2.8793795432125693,-2.688050844979632
1.0890223671579493,0.767301416354326
2.9388299883617655,2.49852834875288
3.016123174324796,1.0049125809221544
0.9904320727434187,-1.123947423968491
-0.8838322827233362,1.090004002406493
-2.4838892277010083,-1.244319957669438
-1.2934770375593163,0.7323501366582742
-0.5247939555378947,-0.9849093350517998
3.0182624725235363,-3.523913457111875
-1.4248637599613014,-2.9904725592185932
1.2074748407617386,-3.205331018244518
3.055584616736614,1.2197818191432364
3.4301184936720523,-0.9893474996234128
2.4372927996088727,0.9301177119567994
3.386092772009015,-3.051145930537953
-0.8812025805766032,-2.8837697111018685
-2.350739628698741,-0.8060598807900485
2.9928496240504496,-0.40528940658918683
1.0833450777023284,1.4787189303546826
-1.0573842039201393,-3.259873583352011
-1.4623049677100113,-3.016224822023272
1.2863862438195708,-1.2938063569023013
2.9643824267425294,1.5450349679801025
3.231855878612924,-3.416878284987944
-2.644932579213616,-2.4657551863163367
2.725112249015066,-3.931367586513118
0.7233905548244035,-1.3243632938564247
-2.5971956835886263,1.3571327420722672
-0.7329970785992133,-0.4515210308465948
2.677833053854814,-1.7109296582906124
-2.5901651923625324,-0.5424409923007139
-0.675275760880712,0.4484624885392935
2.201749725630863,3.6022251159911747
2.8930060254220535,-0.772633829374291
0.5784245792164439,-3.762201851872038
-2.765696883274759,1.0059865196379336
-1.029536231758272,2.703007802033867
2.17642961066583,2.9582289342008847
0.6327177746940442,-3.08171591451654
-0.5721092950955959,0.90045855436742
3.380506388638204,-0.30468095431500647
-2.930512047113872,3.110286161264477
1.2073239117733845,-2.2650562242696024
-1.1690955578559732,-3.353953082498977
-2.586677233401198,-2.325901063391819
-2.332731890412467,-2.8124555214176863
0.9619501232924176,2.728167988934494
-1.0171341314891003,-3.3838625592763236
-2.2670755528699043,3.3063955306556427
0.8157889076927332,0.9265076938436309
-2.8880688717536924,2.813884125341976
2.2113610615586397,2.157107472445375
1.2416804803815944,-1.1166839301256382
2.6526005829811594,-1.447814570588513
-2.751656314229702,-3.050267823768999
-0.2178369918847392,-2.7575793240957727
3.472581583351432,-1.262326907397682
2.787559310806392,2.025971627421919
0.4594849062509367,2.2453010239351574
-2.8202491878218017,-2.342190706136553
3.1406343740959075,0.7071236770879987
-2.14123438748157,-2.225655534550725
0.8184112567433722,2.799827412226249
-1.747718699494488,2.8256716550882053
-3.286062386797812,1.4243158205014421
-1.0710397422154796,1.4939213252200922
0.31216808986994576,-2.8754946122408174
3.353190846261581,-2.7764672566812023
0.8259993957412226,2.3652320025872084
2.415974086845718,2.208789536319556
0.9856236695201183,-3.175437622976222
-0.5828989860210109,2.9924005982229422
-2.7708547396240206,-0.6809679495934894
-3.2169760159237515,2.7445935821873824
-0.45510203076924044,1.6752618341910661
-1.3931914971041743,-1.0758470493494339
-2.8714282071439805,2.8674961348053825
0.41768883007343266,-0.5843853118676974
1.6311390224316287,-2.92294423457685
-1.3674818515269824,2.5384595248110213
-2.411151202409822,-2.183519653263278
1.096380841691783,-2.6836475285563446
-3.4704254838723587,-0.5193441656214317
-0.3068104031412103,-2.796939511307885
0.28064168342113327,2.9568600658426494
-1.2686071203366365,2.8851165738107967
-0.9332688952067704,-2.816587795247245
-0.8312148536524764,-1.510133832227329
0.9404458212080291,2.7226367934329443
2.9698409259834406,-1.7711849558052237
2.527966940269103,-2.6281498608986698
-2.839362014366063,-2.670389919102525
2.533897722630975,3.1558242575660107
-1.3048790730732225,-0.8637200156200087
-2.831558662878171,1.1240465607850791
-2.387020543285737,-0.8345254493148162
-2.733595878042115,2.9003636800469907
3.7053039284800846,1.0193381670431387
3.2055953727388133,-2.6798467841761693
0.41034065912042933,3.059569276251961
-1.4413100004133534,-2.9145753576788023
-0.7198837263640052,-2.671214214669983
2.8924605740827976,2.6132900553635836
2.7194685267394014,-0.9943053819293486
-1.3426640238604721,-0.9292674052583223
-2.675130099028749,-0.41831570773582033
-0.6785730329006078,-2.7402211143527127
-1.5778918425265112,-2.043743111840189
-2.9846643491871565,-2.5823466890460134
-3.036275248732046,2.9335416839846
3.56220688820313,1.2229329582796524
2.6204941096319265,-0.8020253117306855
-1.085951817159659,2.5529763177766815
0.5103917734587076,2.0627931798432333
1.0995624290290564,1.485276330422574
-3.260033024781719,0.7452203612339624
3.0554840130640555,-0.8791237255062253
-2.3996902673767533,2.776130775804216
-1.3311441632414922,-1.1542846226413677
-2.4336033157581913,0.39859396949707393
1.043163431442256,1.0602583957041294
2.913563114033067,2.7085972072157696
2.720202065047521,0.7237162419485901
-2.7699453049006366,2.6725588857855165
-2.5618599225365184,-2.7340574658562407
-1.2135229950648354,-2.670646648976209
-0.6376210845540378,0.8415883408109716
2.5972939082884015,0.7189605562999993
-2.5675288526902533,-2.751742564991533
-0.9734315545272175,-2.936324560450551
-1.102132342007749,3.01863982328418
2.3892314606340506,-2.9248776642418495
1.0222461588182816,1.0692111001563651
-0.7488681897334296,-3.3196781035684775
-2.4812314420644794,1.2843260172633428
0.5893845759160737,-0.5515766946225558
2.9964695801914147,-2.7867186296786137
2.9540549233591693,-1.1549000681420027
-3.350187631444875,-0.8341265366776176
-2.9667482712724325,-3.0273382439437997
3.1052687670500556,1.571141481631408
2.117448672537165,-0.5646775057170453
-2.071751413250242,-3.2080006683893383
2.9478621282013107,-2.931124215993405
-0.7728205189745279,-3.2905351257307194
-2.9916601876271423,0.43632529505485673
-1.1049489906586982,3.0853730086522884
1.1811115562850178,-0.20524307746103243
-3.2212626907068875,2.919628022319611
-0.5316174553764432,1.3303357726791278
-3.5501136203256167,1.1722155537409111
1.1434759894743913,-2.7832779522518765
-2.855713041969119,1.2224670011300085
0.984386474747525,-2.665310748501247
2.270897828747799,-3.0689951885279214
0.9166971609135545,-1.0367177055452677
0.8907954137905146,-0.8110254064469825
-2.418087834524485,-2.148957210310588
3.0761655416814597,-3.552674830317562
2.741755505160538,-1.249113987211911
0.7618679703696095,2.540238077821728
-3.175713267872026,-0.3944632925626041
-2.410700976374023,-3.2465571114498837
1.0188885314259262,2.9296291063344
0.29987385989411575,-1.2699409863694586
-2.5221443741995246,-0.9010146914990442
-2.450127972233322,-0.8138797720489074
0.5662222338018965,-3.6005795895381754
1.2442835020028937,0.6556114665832297
2.655163782034927,-3.4659612735323577
1.1185149738799935,-3.0548835851096863
-3.047311730939392,2.483808538707122
-2.779121385483725,3.701397732455382
0.9742153936430095,1.2807691975023827
-1.263048775760608,1.0022099003276344
-2.4118839267438488,2.964599566773058
2.5051259391336793,2.189664165191033
-2.404477744532323,1.651971720590076
-0.8447562128598105,2.658794527927889
2.345965091928187,3.42272552372788
-3.6813189214624673,0.34512072846212266
3.3055603541581218,2.6302037307630246
2.7028738456504664,-3.766053575544323
0.9795009362221256,-3.158185611857479
-1.449520827506699,2.553546417265742
-2.395202304599684,-1.8499126639339725
-2.67771826154541,-1.0339631568209828
3.6662219860209917,-0.7583423095592154
1.08703331190415,-1.0516864179237169
0.8725684090018693,2.8451680225237235
2.8772863991421938,-1.4193834531635452
1.228516017885286,-1.2594407024566132
2.088423865864867,2.856198384390151
-2.7435672361700143,-0.9883480372465746
-2.4655097200137237,-2.2189684075328917
3.141775453332656,-3.744985332594718
-2.8492159495200835,-2.3547530560996752
-2.0559881227792354,-2.684067610519073
-0.7474811794984051,-1.0679922064850589
-2.26940834123946,-2.8613053144702225
2.919695156751991,0.5894378048339607
-0.7737394635545931,2.6992125318538025
3.0629852162705324,-0.9617824164742415
2.6948114383959343,-1.2528827426300189
3.265370112202278,-2.676716919278574
3.253052144163146,-2.9230387067828487
3.326489090566868,-2.7384773874209456
-0.7547435654832406,2.1993191858617718
0.9994157104029929,-3.163901471124589
-1.5221450858257204,2.928375259726592
-1.289306249005559,-0.3578491249161611
0.6005026630702538,1.2490694401312088
-3.053658277111584,0.5743981883853958
-0.48103352821548845,0.8866389033461363
0.013241363811167124,2.671919754334833
-1.2398578968015113,2.855469458664269
-0.8858032407751275,-1.049081772856215
-0.9230668872949295,-0.7487584595760984
1.3624685325318564,2.8493320822018267
0.9908010125373639,0.7088085972966374
-1.60869427979038,2.818413002431034
-2.0374835875596777,-2.157461208002051
-1.2182604304118496,-3.0724761505237277
-0.4743140878362666,-2.5102742242426888
1.274588227371522,1.1911936819728532
-3.8850411290078495,-2.3433802114713473
-1.3149310146236841,2.726454494509073
-0.8745737070007674,-2.7469573011748993
0.9829248271942792,2.682709499578871
-2.8665176858702357,-0.28761470454186283
-2.416040478315129,-2.7519753650130228
-2.535359156737673,1.1651259235155946
-1.3177153159900237,2.180469744410867
-1.638442068931048,0.6083568754827399
1.2765454757023629,-0.8547287997065673
-2.950080347984379,-0.8503994588226597
-0.5437609931759211,-2.839774942967311
0.7776865404393013,-3.112228488180305
-2.5199159157577267,3.0096197128274755
0.8736795760458245,1.1450643280920851
-3.1013082241519574,3.0678569672928515
-0.411592227767018,1.1503302025747641
-1.1423500338507597,2.9385588431288907
-1.1445133282141573,-1.3687424771693892
-0.6122308263836795,2.4814294040811395
0.726656560005735,0.5097591563075706
2.9167203901018715,2.972932516085245
-0.3872274829040165,1.4995276658850303
0.41682129431988035,-3.0360630934125963
-1.1368870569370098,-0.6474214055687416
0.3608272945315285,2.1559963323497398
-2.1241266238126513,2.462820249801299
-2.685595138597214,-2.515812575854236
0.5321365055104434,3.0108097086307453
-0.29389764135741475,2.8013779119442237
0.829747641731337,1.1593927651044977
-1.492929438594855,3.1453643819023225
-0.7426738153429714,-0.7121063682875992
0.5487758287074909,2.6477191792718178
-1.0768687132231685,0.988711428184914
1.7489216006753898,1.347843137832977
-0.9153030714368305,0.5104129044982452
-1.32898907378463,2.6240697908566766
-1.4535834229655127,1.3711173913386967
2.926982259899351,3.0437070783652245
0.637500396343519,2.567806009501521
1.1292294361254969,1.1580487836801177
-3.2451241223737224,1.8841892704227376
3.0637815570716675,-0.2587129352666271
2.315169284419803,2.8559379293474256
-0.515719759098892,-1.1460738634435876
-1.3327537754784402,3.004642387573736
-0.7923465543545778,-0.5840455747635414
-1.3020302914070117,-0.5257811130425528
0.6880906083904503,-0.956757236182775
-1.3418638341183424,-0.5117757852477516
-0.7195441632312177,-3.243180728210461
-0.42113561822511336,1.1966435175623993
0.7865110226246671,-1.5279125234405564
-0.6526354695692267,-1.122196598448276
3.2828354662990753,-0.5041592061468831
0.6439028606762202,-3.6707094437669463
2.706405417168622,1.0099036244319544
-0.7347004298477631,3.3393757094448473
-0.9044891701825172,2.971323464882269
-3.1391358236494455,1.7642145092991477
-2.5033615574636316,-0.7463426710639653
-3.097462500591701,-3.10604155910157
3.177577555044554,-0.8087507785392758
2.705377513950192,-0.5502723006046449
0.830627338102456,0.6712435433393357
-1.068649912300355,2.9934607934655526
2.9974621557419416,0.7050023185537527
-1.1713318902836762,1.2064658311796135
-0.7402561799865093,-1.4683049662977339
0.8222845469250825,3.179017553494446
-1.3508147130482022,1.3625256105782455
-2.927136786127703,3.119735649293822
-0.625299826832494,-2.5220879708693316
-0.8953246361437374,0.7600833650334317
0.7348740265941663,-0.7425268322203222
0.9507730579808675,2.6651606586583787
-3.3052584769849953,-3.308069256714742
-2.119557237931655,-0.6554271311591988
3.1146448082434905,-3.2259162755326494
-0.535385736441951,3.263626843564357
-0.9158066965447952,-2.961748013177355
-2.835319389956423,-0.8656744574407863
-0.7299846172427702,-2.6632805971893405
-2.6593736713297536,0.5810981342121698
-1.3642010886603022,-0.7692563783661939
-2.7613803973576974,-2.432759752430997
1.0676071436461498,-2.8137464209961465
-1.1655282342141093,-1.2248888699370593
1.00064241912186,-2.808171494676005
0.9440709629331917,-1.967071653139081
-0.8726689725497612,-0.7011292698751238
2.835170456366684,-0.9894892563761669
-1.2646211910735166,1.3887211624579583
2.3039635891709396,-1.0019913752315117
-0.7308863783288053,-3.4417922940727594
-1.6908283498772023,-1.0786766968520207
3.5692700084909834,0.3689412254540807
0.4762384931814276,2.937239295473468
1.0836286763567948,-1.287717762098506
0.49086016831785695,2.9082130883743473
-2.422585610393016,-2.7808033035774655
2.326509606717032,0.4690111841205752
1.081569180055391,1.7343896570808137
2.510834422092927,2.5028737324669135
-0.30075090712362523,-2.776243230229797
0.9379286126015097,-1.517400817785321
-1.3709847462353566,2.536536551732785
0.6262165328774746,-0.8308528436985425
-0.5941819802135982,-2.329317872105292
1.0394526728346285,-3.403561730868245
2.9696491364208253,-1.5480857163466375
-2.7079387968580395,-0.7527464681553075
2.741268966353583,2.474281107730011
-2.8396068199084863,3.124863951271671
-0.6135433454394233,-3.4222499004556086
-2.7718819409410234,0.6573498418916855
2.348873692244044,2.6935248739336406
-0.9800331670989163,3.0404221892286802
0.9700611731708748,2.2718942415362657
-1.2899072720778435,-3.0614336523874672
-0.9050798237979997,-0.9935174842935656
3.2472083101129856,-1.0648445743569057
-3.6325984057931926,1.421255407194461
-2.6944378383854772,-1.0433207218432847
2.590267101144265,-0.06770151749473691
-0.4392360650263901,-2.4488942725598704
-1.4923155570186046,-0.2893825220524145
-1.1426624394818021,2.0067580875539215
3.522949791759967,-3.224998018331741
-1.4170854975427267,-1.1552589612363144
-2.4184583285429713,1.4512197583572788
2.9312748798198474,-1.0129740908988836
-0.6044108816014843,1.1394793327326906
0.6169173622297213,-3.1356590957587427
3.6590355875930047,-3.0460499384449804
-0.5152637665927441,-0.461890560830018
-3.2401460882654507,-3.1637210599033785
1.295744917913411,0.8040775152066375
0.42684465085580914,0.6364557367321798
3.1173762212547627,-1.472482903603489
0.7370323381989796,-2.3954768693779216
1.5793878430954087,-2.950401263972267
-0.5625458729968774,-3.005592463312544
-2.450305449966941,-2.4748960227824
-0.7059379954639844,-0.9301749353954684
-2.52196225109519,-2.7903309319387866
0.3329349229238448,-2.7248479383778808
-2.7236343497064377,0.9173598954943333
3.254724640439923,3.0523954427730424
0.9685224238414806,-2.8102312241853373
3.2752829694873102,2.7361876276343233
-0.506085317584773,-0.8207249778248046
-2.8930410337703028,-0.5682974546393286
-3.0164352169094495,2.854811032628817
0.6283287666356963,2.557722641983322
-1.5362295875162488,-2.6036679894662664
1.0424116684824674,0.8150259538608001
-1.0816573220751626,-2.66288244588539
2.353115253106993,2.4930343757219227
-0.6830874271616828,1.785610048461966
1.3084136570576246,-3.181682916258208
-1.1239814006309554,1.7393997610620102
-0.838143289573091,0.5128446535710426
-1.674718391955777,2.8911521978786836
-1.3571993960875914,0.8352192801889518
-1.4519802441730738,0.9719986550709292
0.933555742131733,0.7836085423893197
1.516100597639235,1.1501832259276037
2.2565081641888027,-1.9836471471584276
-3.7117777186097998,0.6771774958541383
-2.743605800989512,2.5493134557535617
-2.920668361110864,-0.8771356535059588
-2.435272088461569,-0.4919642840606173
-3.060742400934674,2.6117062082876776
1.3868463545337943,0.9988719827197947
2.603908433255256,-2.0421271440985174
3.0634866487776664,-0.8051144564852167
1.0453080922770452,-1.530147582091003
3.0601319350181466,-1.051430616426907
2.4010268571320843,1.301691287320935
-1.0765084663654627,-3.3694935026489654
-2.1030023728953813,2.798233952545761
0.7650730866834657,2.730999858064841
0.6365276908337164,-0.8522289584805042
-2.17032857711616,-0.9333839747506134
-3.2273947872445685,0.6141977911279898
1.0877778852337388,-2.640216865093044
2.744836001671624,1.2906757729078004
-3.108895110707141,-2.77365201338458
3.0963321884896673,2.3464762976903155
-3.097608756083721,1.1285727368878717
-2.241965886294966,-2.170790203376375
-1.1285823896217102,-0.19675391905149361
-2.5125025408282333,3.334372665323373
-3.139967013299058,-2.6402936839731113
-2.075042416748381,-3.1030201608107397
-2.61028957629234,1.2246438759508549
3.058918628206645,1.0609643929135624
-1.1188739691268366,0.826998873339313
-2.305651182637868,-2.4519636624440055
2.9898726297511886,-1.5038946380900744
-0.6803649642731757,1.3202847175711956
2.5944072942660195,1.0807481325442965
-2.7627080039744407,1.2362576568837338
0.6383491383352432,0.5843439929382631
2.6879959389507033,0.9688214621816882
2.6963216704362902,-1.3440730156270742
-2.7510809022994587,1.1478309675961968
-0.45823560544394615,-3.2985698220779005
3.0320703573846473,3.431416475797161
1.1645664400044506,-1.1951868770375296
-1.5789289499194457,-2.7355535410095544
1.289562386066995,-2.768010922593478
2.6682532422875647,-1.4928450553541448
-2.7923429231019754,2.8007961767829577
-2.8762240249400435,-2.8262709646366475
-2.3770749812939624,-1.2235350152847926
3.6464963230322267,-3.4096922741420417
2.845253577901361,-0.7754343640240583
0.6558081860740701,-0.7246388451547211
0.297304198320707,0.6834924438056947
-0.3419398800508756,-3.3103479299745677
0.6348337697552924,-1.161702622350348
-0.95931248464629,-3.1294351810557286
-2.6044744837601757,1.3339633811568694
1.1343838412435612,-2.544071702597108
-0.851716536839059,-2.69648813096982
0.9584771664854012,0.7073343211600742
-1.2000371151727103,-0.5507562410881692
2.996181149979004,1.030306521928581
0.8956501729031869,-1.0847909217272662
0.8109449984964958,-1.3649862401893804
0.2531261721224974,-0.9592450616960986
-2.8907720576627125,-3.2103247850550267
-0.44052549350833287,-2.7814414937832757
-0.8624056902368356,-3.444120499566009
-1.0434422482529628,-0.7250024522564323
0.3709998102796099,0.6330761671923958
2.5214069860693655,2.4972224044146754
-0.9852101713330039,2.4963661693830552
2.7472489213827505,0.9984698097479084
-2.7134781470092606,-1.019779781452094
-2.6938027066007457,1.2117905188842366
1.2656701570342825,-2.569944092177386
-0.8834594737506675,0.6553929508196992
0.47205703384173875,0.7643525211441857
0.9049513631543065,-0.11637542448401236
2.8864770283880063,-1.2347584065020678
-1.160900855077088,-2.9318992623260454
-1.290603389861176,-0.467634274035292
-2.6011589115694944,-2.3344132260668364
3.0397454650370337,-2.9831497266713742
-0.6948366967859636,-2.817185809194084
-2.967891272072882,-2.583790848266298
-2.443910475930368,-1.959299347490992
-1.3936543080699058,-0.32501396674657695
-3.0115621199507214,3.4204229419477636
0.4408297909200795,-1.0773232115954463
-2.513185674397258,-0.4521473861120665
-1.3053968290755118,-1.8269418985011963
1.54170665415667,-3.119779912973841
-2.7589567234740833,-2.4960736326852775
-2.6513600109628177,1.0350802264653824
1.0133905749832828,2.276009317692143
2.9390400007174025,-1.4777613124006357
-1.0891951647854323,3.117817855669037
-2.9801966739729777,3.031940988405419
2.823668012788941,-1.1198341492580053
2.5118125349933575,-1.5117464853248044
0.5255052279299856,0.5295999337076104
-0.8899776574526459,-2.4406149110129602
2.9231883945805834,-2.0017075886850404
-2.838262592702333,-2.3952612633776087
-1.050867325015236,-3.1469119172695983
-2.9361378138126106,1.183657620590482
-1.0341930123096565,0.6408495376297777
-0.5111166719470612,-0.9410287329125208
-0.9842424144699302,2.682648524605617
-3.0485423955227686,1.800322571379238
-1.0230144159455385,0.6181775924519002
-1.1552583279406032,-0.8171196753253605
-3.0311883833620152,2.5345959826186664
-0.9133995293404582,2.4992085303159737
-1.0574565388316584,-0.6861772257784654
0.9531083843848327,1.2208199247233489
-1.1511625592696033,-2.7740197106590534
1.197570264475559,2.179153457528388
3.617976721918711,2.625112448191668
0.5425475760883318,1.1741332357016665
-2.68679982992535,-1.1665327905181067
-2.9928355489914313,2.356930084086592
1.53834112993762,2.8675897708884484
1.5923198254650364,-2.948198201970724
-2.955250336490175,2.5661341602897676
-3.2215620929241062,2.329017689429105
2.9882147237512844,1.441931563344469
0.8692526069886475,1.4003751760396312
-1.3089741032120032,-2.576992597088811
-2.9427815758061198,-2.5843620658561233
-2.6035125893636115,1.1770410650128638
0.6194767616891849,0.9750430488843028
-1.4874700567851233,2.582610993611645
-3.2591392078688144,0.6599635769494201
-0.9888918067308174,1.112798300243904
0.8028052404237885,-0.5734532569368239
-2.812310907094199,3.3296275075624413
-0.6811371616870764,-2.8115806762730378
2.7023506344922628,1.1655341599301197
-3.2252710157343834,2.430136808418917
1.1370613824509892,1.3633754616269151
-2.5478386503046035,0.8074488177591701
-0.48776280661312443,2.966032127276448
0.6029500396522188,0.7908624288659397
-2.79705341440046,1.3481547704298829
-2.082003411898998,-0.6019448917164496
2.7632118637291803,-0.5937881365144501
3.016214339611075,-0.43127813790498154
-0.9610315243938123,-1.1602157814493836
-1.202971481054755,3.3572078573780635
-0.5850138174056464,-0.6250294455286213
3.175475419256592,2.600006805613982
2.269935095426383,-0.7389585540905429
-0.9778018157591826,2.6001275354066293
0.8144627687352333,2.87401355888741
-0.8298602639018658,3.165227098494438
-0.7494752630319591,-1.8108971643093577
-2.403517651818361,1.0897240663000523
0.5984708813069792,1.174132155620934
2.4207966980526487,0.8051538067115488
-1.1463029080684959,-2.1675868842583603
0.9256518785932784,-1.0858240366682557
0.8196058744485102,3.0190472907027064
2.579133452946087,-3.058607087105758
-0.9165787434185425,0.5741956256730125
3.2212142147426728,3.102646223669082
-3.2404973020005285,-2.422916857384681
-1.0636688036875486,3.5947544806044083
-0.9201423327101227,-0.4814376234803263
1.2734043176496221,-1.3046345897273366
-2.6368916016086055,2.929447611593407
-3.0653142622292613,2.6604754815193847
3.1885660356531957,-0.9238742214311807
-3.075571689395255,-3.1854979750535697
-2.7454721807205087,3.848225181100911
-3.019079403191566,3.2127311006784667
1.2960601063389312,-2.3425725969188522
2.587440310455038,2.078473789071968
-2.8554092996115203,2.753402877555121
0.7648225103157206,0.7711442373982663
3.588220958562043,0.898489243273232
2.3270400805275964,-3.1151144867235447
-3.4259559713052377,3.2633864306098905
3.1888687673192484,-0.9150878446350083
0.8636669622960832,2.7233187998922963
-3.144777619191538,2.640176383805501
3.1699381786918432,2.262793222711238
0.41357517505884195,3.344666445014836
-2.608252959778218,-1.199587447431098
-2.9814544229031017,1.0433203619840545
2.7147950389272775,-0.8490545117739672
-1.1232551907212993,3.326485512672735
3.187930658735325,-0.6836850217678824
-0.7271756748862255,-2.778598835460703
-2.454730514303883,-0.8512500622247878
0.33324185919518784,-2.5998646339623708
-1.050374216058739,-2.7853813588620153
3.1887277839783605,-1.0590960011447683
0.8060851181522829,-2.2127521719118253
-2.860489937646332,-2.904877737913314
0.5766219794157337,1.3116262543919988
3.1672528602821894,-2.3243225611124725
0.5354521568659107,2.716471915270934
-2.31557030260253,-1.022953311362167
-0.5430720501312115,-1.5141891826487393
2.9305639406039234,-1.664671766537597
-0.7372687590080426,3.2256472284256095
-2.916500471382668,1.5530510445139916
3.101216447971982,-1.5451168723207303
-1.0832621597886731,1.3928215214365274
3.072865768130196,0.6585613522838832
-2.453932913708203,-1.8174047457512121
-0.8064204987549191,-1.3291369698456312
2.9634652760448286,2.308566970003556
0.9400728112931294,3.3845597880350464
2.7205542726167176,-1.4501402824777512
-0.8247047261340045,0.46765210799638995
2.7358223450687817,2.840756525719059
3.6373255089543335,-3.199883868776113
3.2938159380529695,2.2121655569031975
0.7410123188520706,2.479790050888411
-1.2629461517889842,3.706915789521665
2.9426493069458592,-3.196885812543926
1.436302009372095,-1.6011260459452055
-1.1243598660853116,3.1035758487828238
-3.213389284257789,1.126966024430365
1.067235245886984,1.227230689142998
3.035927964839045,0.3190783294820673
1.1226893575932249,-3.220886577878927
0.25517590214829944,2.8713658908091158
-0.4021683250222838,3.332300415908869
-0.7504162783888042,2.373692241263264
2.7863620546914283,2.2758634926878742
-1.456044990234551,1.4834301047327656
-2.3012911787919808,-1.1771241130984729
2.646406823194091,1.7956859629392206
-2.971866683466088,-3.038129334155062
-2.5530119149792023,-3.1516962188832744
-0.561018825380796,2.620125334376376
0.6771177255304824,-2.7770036544726118
-1.180391914019072,0.3522092361083811
1.3537925079467439,0.1814320744966915
-2.908770376867299,2.803615956060236
1.1106779565665852,-1.3299771932599496
-0.8904349844715841,2.3514376953883804
2.683083850250421,0.9290238997380338
1.7417284205857417,-3.3687512720279966
2.688503028308185,0.8343977740764017
1.347459948358074,2.1031931849021235
-0.855580607397873,-2.414375200297581
3.3037729557121893,-2.0275889635433098
-3.038193031986371,2.6336897020832444
-2.4329423358435025,-2.5076290312098424
-1.199228164213416,3.470067199261865
1.1914790333516636,-2.938349549268003
0.9593168179241762,-0.9506641512571585
0.8874292312465443,2.101768785911468
-0.611907674995143,3.0527014456575507
-0.557669989332859,1.533450271889493
1.2503664755748052,-3.8538305235728316
1.0197694883474042,-3.2948636831058886
0.6728095673414244,1.0158708320877516
-2.931190294309209,1.1313885481086356
-2.430524481690036,-3.003123299143342
2.342273485705149,2.7335380675702634
2.3872890319704934,-2.4182761261752668
-1.1906291726074945,2.7482787498093315
-3.3554497280918665,2.9726359120644106
3.596416120311221,-2.486011932857217
2.7699346344298323,-2.7804146144288473
-2.0027833255957335,0.5306661525803993
2.5333687065178374,-2.256136346246963
-3.4354929082797465,-0.7883756980456679
2.8590176038390753,1.1581315484470815
-2.6866602937260544,1.4651573178649242
-1.185090273712738,-0.9759760170074973
-3.121468133093795,-1.0646657665346164
1.6735787422698913,-2.0166341023226693
-1.3560642375532679,0.9365590718493867
3.6285885798266575,3.54503066258059
0.7469523187491875,-0.44642826738261665
2.853770772328302,2.9768244226926974
-1.2679536794419661,-2.98977685804745
-2.411871375013087,-3.0732486888478983
-1.5324124800604895,-2.5148376536628683
-0.6831309078614514,0.03265312025058104
2.7423212588971633,2.9870924238377223
-3.2620608822357773,-3.0226480858012637
3.1170203345371674,2.5361477754982906
-1.0677578780129526,0.704800929257007
-0.5157956667543466,-0.47562106341189936
0.4521234558528536,-0.5571441646476802
-2.824698718863765,-0.8545932013758634
2.5484959647624748,-1.5070098044527833
-2.955247175014639,1.111844807786532
-2.358126856295432,1.4195452081875666
-2.5230023209547285,-1.0146844797832988
-1.0037976177441166,-2.501940921299303
-0.763030510429751,-2.250931515489973
-3.0039638542864777,-2.78942284111518
0.8971683300822049,-3.4184856611775745
0.4163370724877706,2.6233502940541693
0.7622476029510595,-0.6754176839401097
-0.6693623952475106,2.8873494627098077
-2.9364877471431723,2.6209160442564565
1.0743624856317264,2.90344773996904
-0.8038963860711755,-0.7369021504462253
-1.4094132842918354,0.9119944154174777
-1.2442426481976292,-0.808965120608159
3.0559479631467843,-1.2031504131061177
2.454473935028965,1.013538608844561
1.2547667620666876,3.181557122369562
-1.1969572261669188,-0.8933518049531153
-0.5346508403514336,-0.9348780180446118
0.9981052841360029,-3.1401439173140124
-1.9204868860807145,-2.6853170558405153
2.774320983843325,-1.750265921391028
0.872495378522533,0.5368298514204694
3.028021281122972,-3.636246422289353
3.1966909281451374,2.9596882187915594
2.5573037736134374,-0.9468339068531235
0.41928681642171367,0.46118473516420505
0.10696370715667154,3.146776842561575
-1.4778087815770613,2.390761377086647
2.5371190012657805,3.402886579961522
-0.7843003747193423,2.5950463016916174
2.328119673829757,3.206259627101151
2.1796513859416744,3.052472264423668
3.524893342425794,0.9025663321479553
-1.3470136636928642,2.7382296362053946
-2.2412496606689367,-2.699269500374667
2.3111090442365216,2.7269323784113073
-1.437324558757549,1.3968646360977384
-1.1386000119843154,-0.9304588035119481
-2.5758379458186855,-1.5903385504749659
2.134271793100775,0.7945286458586973
-2.5219265156959576,1.133435809039923
-2.4226452029080554,3.47035902974798
0.8418149182710535,-2.6943655325287104
-0.7271909282967286,2.7073251659615902
2.8671206274839487,-0.6779738071717761
0.8205992721599199,-3.1180850281852805
-2.3090046839845084,2.8303128586691146
2.558109706406474,2.334626267415291
-2.6006728790716407,-2.4384861543360525
-1.5131518455953377,-0.7081773448938018
2.7522789633877927,2.6215183853131427
-2.797341299391181,1.435726693580643
1.412113698628919,2.6404623410741324
-1.1548421135018563,1.2152568337359761
-2.017762147680474,1.8045151488430156
2.929530918027004,1.2979452470458201
-2.0983447521994734,-2.318729715154656
-1.2107172107108004,-2.8107960587258787
3.48515817932103,-3.020650662953367
-1.2911500835120302,-2.288103897746621
1.193767173510085,-0.9552185977980275
1.3652066297552905,-1.24267016373142
-3.0963448014434163,1.4847920629208726
3.454528257319068,-0.8863248449568186
1.8190716852612805,-3.2618557204122083
0.7944292941074276,3.543887591838927
1.1441633064419283,-2.9909620041441327
-1.2745725796166831,-2.5167664642779664
1.0269704491740426,1.2309355354042157
-1.3487254645473503,-1.2536374098149043
-2.8514990648816645,-2.524233296963232
0.42346015708876034,2.548763647036461
0.6390132798187886,-2.4967972995780685
-0.9870388382720231,0.6719022345006351
2.1582965611687652,2.6580441389717393
-2.4140766925221473,-0.47175389832769044
0.8510005965706969,1.0084844558464134
-1.1015643308649823,1.2417365040829529
2.4518494760423044,1.1109103993759575
-2.4498589510265925,-1.1440652154455062
2.871070348571418,-0.7909730467896922
-1.1262181655997061,0.5191929472387675
0.6701136424564816,2.847641003904389
-1.4232225228184368,-0.7132122127536725
-0.7094961552944408,1.0495297459665056
3.256141536156663,-3.4543383238429883
-2.802508166273142,0.9596053400153869
3.215508147539107,-0.7502278599109732
2.96594730620225,0.7231199286968462
-2.786118184762748,-2.7572777263228105
0.968652827148124,-0.9332700869782018
-2.583425486434199,-0.9354986308185083
0.6480690244939933,0.9371444586857671
-1.7740603055324087,2.45224379348804
-2.58781745676785,-1.0620111821220757
-1.782677172311608,-3.1360797468943296
0.7341574892031653,2.5326399743880748
-3.186546990453361,0.8412141022717872
-1.9664071767303681,0.9578567267961168
1.9469451448925716,2.9708058772376855
1.3157439635311274,-3.3132187544099923
2.76835749205574,-0.8762183820235695
-1.5669432510270584,-2.8587296378275555
1.1261182307760613,1.794168548412885
0.4304919350498536,-3.035964824171672
1.3166144576005632,0.510155968828006
0.9246841193150902,-2.3482729488679333
-3.42271605495302,-0.8212960492650285
2.2633739781706312,-0.7361112906171502
2.1189338331603276,2.928497222511003
-0.08716765355408829,1.272872027515744
0.3470838205965514,1.9292624319666551
-2.6505756706902295,2.7249395060551236
-2.9765041716910905,-2.962725833517
-0.7459731276473065,3.3622254089315
0.986428372256605,0.9224256451481796
2.7599607213539272,-1.3302855658072166
-2.4280220379620125,-2.0047326917970794
1.3162056129295967,-1.5641322659520347
-0.7141244920350897,3.242924310805983
-2.6392722463802127,0.6060275125301048
0.33930940599757764,-2.9228420645215047
-2.6018036955668626,-3.5897094587478864
3.0715105449814812,-0.9353233039939771
0.41065688254105914,1.3471792132131202
-1.2945768046710495,-2.386576211053834
2.632436843185423,-2.6197638239128795
-0.8545157786531663,2.6340109011321298
2.570361597133076,2.6191571429251117
-2.995084096394648,3.7559939964596922
-2.6128298374203296,-0.7780525801740765
0.5010787703630682,-2.3636358989098847
-0.9061708305524712,-0.935530567273223
-3.102102766302383,2.9143722764112217
3.5590519693534,2.908930068197291
2.636400710075042,2.381741971958945
-2.716947018084413,2.4594597628310044
1.1147280825183434,-1.2308849347898367
2.408453658271056,2.413874317665201
-2.7665290582008457,-0.8823400715369628
1.1121807164479425,-3.088589584134079
-2.658293506615962,-0.5170858465204566
-3.191006203605526,0.8557082702592039
-1.3813341856934123,3.000439958930758
0.951509365481412,-1.0355037020063607
2.9055072264215456,1.2416067298996984
1.2410491793830785,2.6539501821817564
1.2716091097331654,-0.44342791488416805
-1.2173905344968672,-2.8993678347526495
-3.0067737440622033,-1.1158557799855937
-1.3216012770088683,-1.1847077824776282
-2.813840283693507,2.6846797845904304
-1.1791917615736704,2.9642730214976125
-2.5589011311968566,0.7444413775611513
-0.5838763021860457,-3.0148134078474267
2.990145023680951,-3.4677797198063764
2.525594370659705,-0.09673915745534899
-2.3738110382152358,-3.005352056922829
-0.7564010980921019,-1.3569193318771957
2.0405094809686473,2.333865912864709
0.6133673313021892,-0.937322110307169
0.2851452808840911,0.4483279420890007
0.6583329544068324,1.6247555417668071
-0.7549554380933321,-2.42177439557247
1.3824902778372459,-2.932282957104962
2.6411707410429344,-1.0592478068150522
1.4811855143680381,0.9875872851860448
0.8217656468650544,-0.887012062860128
2.832664918123985,-1.4118143655858142
2.3233965630652276,-0.09341913955121176
-0.9755742019818984,-0.5436084259410708
-3.099527995401767,-2.81857612950638
-0.714481225983714,0.9783731001366945
0.9203905422418017,-3.49223880144677
-0.5155071514071334,2.571062562223337
2.5065178096437832,-2.6879778938653107
-0.9371930779655377,-0.13265664313958447
1.367607244780117,2.416085097858597
1.6564588902342188,-1.3406175789981878
2.3773703704848224,2.5010730970855115
1.1873795435341454,-3.903247098698235
0.04885041148198247,3.299790303802241
-1.1485723581763931,0.8752955951439103
2.387059696847225,2.4641851774473476
-0.9559656766382459,1.025662875892759
-2.101940344391921,1.0478248470972522
3.392159596250913,-3.9968095595065267
-1.0693404253157692,-1.184121575861336
-0.6993370904694255,-3.0552025709498296
3.0211583005248905,-1.2880723643909195
2.738091695853071,-0.9740957539386877
1.14150116689296,-1.4760679852716363
2.6120307255539967,2.958542017006899
-0.995232550659332,-0.9678375518793738
2.096527715793862,-1.6183736676084624
-0.6380148280772441,2.77076815923417
3.2080514785793905,-2.965196200251415
1.546311425548842,-3.4769580934721347
-1.183932004890242,-3.0405198953994432
0.7724376684266103,2.9830510262080567
3.673897693594722,-2.3828786108206903
2.5617951793141662,-0.169807467972367
2.7515992417477597,1.5695428741135684
-2.7372237293577495,-2.4681349361207623
2.63286280395563,-1.68589509661981
-2.0264321523006843,3.0410990147769255
-2.732210132769946,2.2620019097346273
1.4403665892749906,-2.8643643429292913
-0.6832306191077795,2.0230646264054486
1.732993659388969,-3.067090563700862
-0.5060085479823343,2.7477411583534996
1.567006694376392,2.5335406227502095
-0.9837337400451553,-0.9800299231434312
1.2323222400336828,-1.2799191817310305
0.551971003332695,2.0950643704257224
1.6611051143668685,-0.21780238447783065
2.9886083272510393,-2.9935883225023887
-0.3328640706338407,-2.5921598344747485
-1.1144143162250617,0.48077479768143966
-2.617563542728269,1.3585475537344844
3.4392320596537833,2.1600629138866356
0.5677739916615252,2.7021129152080374
-1.428417143414789,-0.7900541260070274
-2.3005895194111305,-2.5870796278636914
0.42220052852251216,2.121829273273844
0.5795154176979319,3.302869702780076
-3.0407046616346114,-2.2339947009223162
-1.0487722840698361,3.0810186642695747
-3.2611421690800726,3.049032786969031
1.6499199793716612,-3.797541619812206
3.41016717988668,2.194418801101377
2.931596537432691,1.0327658056503761
0.5391171271080446,1.0147475113963376
-2.5606639956504873,1.0830736481890408
1.0926647473955478,1.6213406263139432
2.9204138489914544,-3.1881556298298226
-1.4249364984309587,-2.6922510900353953
3.0533789114326844,-1.0875810040643195
3.288129496656538,0.8297311603026613
-1.4386517565462573,-1.2343288579613334
1.550229389937575,1.7056917726318757
1.0805094333301606,-0.45419669834066123
-0.8770939197171559,-0.7326821822319793
-3.3780647665156303,3.243517382175023
3.1995316714795785,2.784882590679988
-2.4906936014681818,1.3906139780960418
-0.79816072077716,-3.126251087257769
2.5393902967529756,1.3256143720950488
3.2874136075960347,-0.896080284514385
-2.3562544336194544,-1.2146855710279263
2.30859728501689,-2.679735001020161
3.309235302409063,-2.678609059563752
0.8898442559904375,-2.8241189167094345
0.34553567947954367,-1.1932172679764346
-0.7544858780117045,-2.352673295975091
-1.0496369174524842,2.6318500765847737
1.644648937318915,-2.517530251977505
-0.616675936430888,-3.2640972085526228
1.340632143965515,3.053362483103182
-1.5980272051622544,2.694000976419638
1.3945988214534413,2.1894867678305086
0.9541470603079997,-0.6452046675927956
-0.5189302725629146,0.631332626229922
3.047651504058215,0.3633509296646068
0.7140396672160209,1.3504662271956178
-0.7235094497461189,-1.3569399270426812
1.391127545238837,0.6969564166423876
1.0649327009969953,-1.2799471164927347
-0.8472124568216022,-3.8056633683508894
2.699033733218423,0.9219868950999405
-1.3666358320401506,-1.2421744379313508
-3.2117903215595485,-0.4712399203223468
-2.830012492781665,-3.035961837912039
1.1867542487324385,2.622992602930258
1.1888683566390448,1.3094916460803518
1.4357979261773197,-2.9295977057218394
3.0977081498783074,-1.075067319561944
-1.2716999185403055,0.6237952360238811
1.3715898397663016,0.663514818063482
2.4692496506314194,-2.659362909259352
0.903351969120853,1.1735921916313938
-1.5163311085413524,-3.120539232598856
-2.8364880786535127,2.651931784347849
0.38386394616509156,-0.33532846927726195
-2.2249220573385964,-1.1304151498262114
3.5794905590751087,-1.1000565442771106
-1.120046155188938,-1.2754547968224568
2.251259425608721,-0.7644210387031701
3.1922236836476654,-1.562433772475971
1.0976240733271887,-0.9447207530240613
0.8704551139015244,2.6892301927811095
-1.5637133285002147,1.8380924343896061
-2.1264792693665346,-2.6612235765754115
2.988869932999205,0.883027929465923
-0.7633694130879983,-0.8518294052224825
-0.7301917721758727,-2.9388347451540393
-0.6573248435315315,-0.8661846575153623
-2.428105790251205,-2.453820016432918
1.4475815345407808,0.5756199851255805
2.824433073064777,-2.9443502154016445
2.529219183827191,0.7647783773936268
-1.4789039316220058,3.6773430061756502
-2.6359431797984203,-2.7270738996355197
-2.2539078037680964,-0.24766260501897705
0.9571176442182665,-3.505417505367852
-3.322540471195556,3.1489909963918543
-2.010013960391468,-2.031697549505895
-2.7990775725559653,-0.687214946851528
0.6585818344500708,0.8011456242865863
-0.5641550035255787,-1.2667718865899886
1.1389840793774273,-1.0681547011662014
-3.5085405372865215,1.4103963831491886
-0.3912261633280896,-1.1611693590710757
-2.689028467003092,-0.5804570384165979
2.7353408533949057,-0.8238105795482129
2.152076610195158,-2.0518170344187534
-2.5476565438572245,-0.6827120530820704
-2.8057188764347867,1.1104122253421862
2.7043737513187214,-0.9057177805811625
-0.5589919085712023,-2.627353246822547
-1.567918629942396,3.3609710637691737
2.421077876725255,2.37671687622471
-1.125430830814944,2.976892462053252
-2.0379887381732176,-0.6829641871413613
-3.022130133099268,3.6968781227970404
2.4206219057628378,0.44075726271877025
2.537829938704562,-3.1930000811450303
-1.9004075143401318,-0.49489984083413213
-2.536502220215848,-2.2301379554950036
0.7124750724012161,0.520013534614609
-2.74923018807222,0.7827602142259974
2.9381987658822775,-2.7153263516048955
3.1048174050229598,1.2431929377485311
2.947327203556729,-3.247795286923331
3.2472334955524813,-1.1394385127252091
3.0610732984593008,-0.8180223812077686
1.1394224397129857,-3.1130642306879475
2.1963904712899502,-3.148489931867474
-1.5818919697427978,2.715803668331414
-1.4169822567562136,-2.7204736109224346
-3.4125481287591053,2.8633835005247636
3.315200150084298,-1.1188351531517038
-3.2848905656782263,2.9368753885481023
0.9464749360377738,-2.49972876374095
0.42532748193450665,1.7658616173278328
-0.955961567898344,0.9102729144870929
3.736337378471264,-0.4463785607179114
-1.158228310579335,1.866036758629227
1.1766073442610103,-3.3062851219464657
-3.1434075001828687,2.3778911851320617
-0.7413808558056046,-1.4208722235899562
-3.291099853410375,2.2043763727238708
-3.3770905566204097,3.2999365912612117
-3.2083420374298957,1.3033713589226574
0.9371280044012877,1.4256932628958616
2.531631130632242,2.9841726531684474
-2.5834286948630427,-1.9688270298670814
-1.8463571277091704,-1.5681197775449418
-0.8069662295252039,0.7858769349472731
3.2138868497988007,-3.5758377755427584
3.069497612714723,-2.7854229018767414
0.7349753499098354,2.20959175257125
-2.810183510735169,1.1975109256670549
2.9824763407970316,-3.4329853529793124
-3.3885566509424545,-1.9095074283169038
2.8396669855177485,1.8812842590710237
3.0594040105908538,3.108813615016761
-1.18621694101022,0.7567752873236515
2.410861375745167,-3.145639898580043
-0.5955566861062696,-1.026481582732086
-2.7522446294944047,3.2821107136907837
-0.8873747670668509,0.7816873945483818
-2.377364649968876,-0.8685990875401504
0.8434369648200216,-3.2685471883330295
0.7950570435730062,1.079984685584299
-2.590017099623882,0.7291328959510237
0.7022816540121078,-1.2502532766280614
3.653921103060575,3.0931932792659405
1.57189984403724,-0.952382788420309
-0.8626836565300794,-1.448002352822883
3.2496844798844005,-0.5137059016690693
-0.8199236890075129,-2.750155791706911
2.513089328783213,0.9051191460672217
-2.4177139563548073,3.3732436942329236
3.047164264061616,2.2020948494858748
-2.466075080246389,-0.24404342784914154
2.843409800979405,0.7932406583363008
3.606821321289683,-0.1945168863292742
-3.3188459901523677,-2.8843002058185676
0.7849503757778814,2.5936123771791735
-1.5587279990211502,0.807729434229051
-2.2961131129269035,3.2679013105112724
2.8173566400194585,-0.43353602052453405
0.8849390260409852,-3.0434419394869026
0.7712236005456443,2.661635051997825
0.5943729971740681,1.2967054300902798
-2.273791783346684,-2.832303843045922
-3.294025821545498,0.8389545101513963
-3.6951828700621183,0.9656295702712001
-2.100514090457991,2.4749579872703755
-2.838707606482954,0.5285642681022756
0.733291227452627,-0.4164907385487105
-2.4133795670858493,-2.602429052951177
3.131264915688391,2.4780179659583346
2.44538973510497,1.5476118357989
-1.010010136201207,2.4108766592087303
-1.1953418932245223,-0.683212810768875
-2.5727649607100753,-1.0610941542915189
-2.5968637454442067,2.9713944741082785
0.36402332068033794,-2.412901257145159
-2.766187706198186,1.0982925205221166
-3.021557877926019,1.2471057776550998
-0.5503083654159902,2.4029628860033414
0.5569045549318158,0.9784851983028079
-2.4365255557123366,-3.34408654678236
2.635663149341889,3.079045260649188
-1.323380605144986,-2.60083166925163
-2.7150388139533095,2.4263623821456144
-2.5721177812684233,-0.8070759762127724
-0.7286132484790148,2.0950033515192388
2.133560285660088,3.525454027265314
-0.9157958812845719,0.5499336535566531
1.7332872491173468,0.7958084855798436
-0.9235182524402252,2.366064134212828
3.1691568471599343,0.6304370927064591
-0.8601610756453089,2.9606019807294137
-2.2815440717489444,-1.6986274418774348
-2.853267741567529,-3.190300278746043
1.0309879251210208,1.1128753192311363
-1.7834923419305149,-0.457683524376466
-2.2835153674455753,-2.251056370144416
2.312126826782699,-3.0040833521479704
-3.2817277505524776,1.0563918589103376
1.351501110551959,2.3376694518987224
0.3706620972141135,-0.05031823179187405
-2.7509626655485397,0.9448648293683685
3.393526701638676,-1.040808873635425
-1.3889591862947765,-0.9322457162608733
-3.018059707865889,3.39752192298584
-2.1292207344489675,-0.7136169207135269
2.219269963922614,-1.0466626643284613
0.3683821945840555,2.6911224851011526
1.1932146419830425,2.8124563635168007
-0.8408616871725852,-2.8189410517833964
-0.8688288797313846,-1.2949753255057495
-2.516935893242198,-0.44517542246151665
-0.7452842554885956,-2.6926823249959164
-2.4796787015398434,-1.565334082299487
3.09950728785217,1.1048826254711084
0.7330464079769976,-3.1930689462748827
-2.6610058050148466,3.129591400601193
0.20457279276518256,-3.0761137403971928
-2.5680475228921193,-3.1214810188108575
-2.5575845346646573,-3.1114985706855265
-3.537312840547186,2.487734555812967
-3.304850189345,1.1072624822219743
0.8736387741509034,0.8331259356216697
-0.9950357375675523,1.613423511722554
2.5030037046779277,0.4770976663952804
-2.7638624149765683,-0.22069136634248018
-2.9630689051366543,0.7901706194580452
0.6045920712460022,2.563906608829562
-2.4672137919371298,1.6625248799258685
-0.8819237793247504,2.884638242973212
2.4260649319991696,0.4800901371169225
-1.2066939734532676,1.6892094652482093
-2.562272229991153,2.952063118436348
2.8325209180378237,-0.9380844700114278
-3.4549848282513476,2.766288341113212
-1.029879074261878,2.736348218312911
0.6370793656693937,2.5631945047408884
0.9705713142459471,1.2300140297920732
2.4138370169401417,1.992002242428529
3.0828520771572934,-0.7311724772669018
2.5648161098330027,-1.1261388545474347
-0.5547281076738775,-0.06118895213335591
0.4166809303177225,2.1479172111105074
0.7706840290847959,1.5876286296625037
2.789998044544294,2.5400588634626127
-2.796803176096645,-0.9124309031227614
-0.8513686621236191,2.103825461940046
0.4787335703934859,2.7626850654753965
-2.7424967304121797,-0.8546930195550958
3.815066537022133,-2.8556809005037564
-1.0401260568798067,0.846931083979231
1.0325633759111106,-1.127308960666627
3.256648774873105,2.16553998978214
1.2116774445549783,-1.16265256948529
2.5364179385787184,2.5116885844494603
2.9963708770492525,1.145894293749759
0.658394787626674,0.2253952539711945
1.674207629647927,-1.0688049935740478
1.4522811440502472,-3.0851542902172286
1.0326046739744938,-0.9239406917146159
1.4374648506044532,0.7976741839080801
-2.7298226394655276,2.8732908560400205
0.7483730384181513,0.24807062250683462
1.0822228246884502,2.8766180280921456
-0.8655576776736105,-1.0675694710180694
-2.640434301834828,-2.78553445203681
3.4613122532599596,-3.09596661423681
-2.919879767933405,2.792840267027801
2.7760095084788854,-2.9004679634378308
-1.0652129578834606,-2.58786727195815
3.328252494161455,-0.38444844269674544
-0.5953680888529461,1.1354906112421566
-2.985292509030546,2.643845932183941
0.8825522868235087,2.2153719725378496
1.1065354294290277,-3.1248911451723522
-2.970375950309289,-2.9962141952511345
-2.268627468946969,1.6259484461748823
0.6894289992188964,-0.8696021921014709
1.2890795849818426,3.0922209501865816
1.2962573294577813,-2.755213604191779
-1.1196174219902242,1.402788756881197
-2.3918676507004695,-0.675552248840504
1.1402366088903164,-3.332004769026882
-2.409303602473602,-2.958251116081549
-2.2504586278286083,-2.9910346034688695
-2.3961054739814887,2.8633851531668344
3.4734754474808747,1.2459854062781235
-1.3501567126997396,-0.9121177902956163
3.059870809596311,0.506341846750653
-1.0145460986500734,2.818001203948504
0.6753372656897833,2.0671051466101544
1.260930271224729,0.5145121639819594
-0.39509765632969657,-2.7299824738921106
2.52296952353321,0.712175715172063
-2.5410098676185813,3.238757716112788
-0.5083482572759083,-3.1671560285359117
2.56152221902581,-2.738350055379037
0.6698306050130531,2.7935777010333345
3.11881910600819,-0.4523701250535457
0.945444830671108,-3.11426473382845
-0.4584031843955644,1.0775636048183976
3.0657018528805913,-1.9155010513459383
2.6743629215533273,-1.126622695266723
-2.5420373681908464,0.6597237304851578
2.912414291825225,-2.750646864943322
0.9807220053523491,2.7475891643067265
2.933623615455125,2.481988536365259
-0.6113931214068351,-0.0991187665984869
-0.7527528908474034,1.684816439160211
2.8387767261860524,-2.365108011812738
0.7619736354062553,2.2458363329940103
-1.2469547454556074,2.857265888311814
-1.0976658216348836,-1.0472196914918765
-2.8485537685436615,-0.7893059018893479
-3.3648947466222388,2.2964600470413097
-2.4603198874903924,-0.7241922563203471
-2.617030638854146,0.7538845311723357
-2.890196334313413,3.123999271630025
1.1917313980833335,-3.3394297373940405
-0.7790495755544607,-0.8451948470098204
-2.7233129655587525,3.4151148208238538
-2.4608896268290446,0.22471851687373112
-3.0002623257225243,3.1030346944295286
0.8833206655906529,2.9048796969757027
2.012658872061727,1.1895556415897695
0.9485717261794778,-2.9599298916597485
2.693870276594147,-3.036459664401609
0.740785069863001,-2.6694089649308474
-1.8691315886143476,-1.2430946922589075
0.6374399419584754,2.683979414156687
-2.7863189709251803,1.3168936535255644
-2.345811948109779,-0.6040066155756152
-2.8465548002413623,2.7795538568634734
-1.1553406419865637,3.0831264250127406
0.4554659336922928,2.537230304268776
-1.0575993057621949,2.900301826733743
-0.7726439937373244,-2.320504713949762
-2.6991584732453946,-2.7295120189192468
2.305145858194278,-2.50027012186515
-2.6930270769006626,-2.709625421658558
-1.0373092479553472,-1.4049688644816387
-2.837675053888347,1.5211690503783333
-2.6173114611320423,3.1516313052036224
1.3736328666165967,-3.1642232342008607
-1.1883210775311097,2.627634423374713
0.473133428720311,1.408459711024694
0.40531322489085747,1.1053771486730568
3.274965168453575,-3.025499347353169
2.5312663569462543,0.8098400434978199
-1.1427031582038478,3.4603365882844583
3.1509842056994892,-2.3503128841330705
-1.6022404278229299,-2.5934350571068734
-2.844062461221469,1.4320904524640494
-1.2998748431215605,0.8147795289904538
-1.4383925188002353,-2.8998491605605525
-3.037061138499705,1.480432674677707
0.9252924676801767,-0.416368715563985
-0.46404242629063847,-3.2295510487640264
2.600371126974656,3.142132821847278
1.145560317531065,1.0708790161529167
-0.8054645023039966,1.2011570764151525
-0.8029880685673236,1.3630423019748303
1.813252339375816,3.0632913690999772
2.97992635952648,-0.9125916279776004
2.2556521854051867,-1.0129913889663724
-3.171570616952207,2.9782992823866303
-0.4836452289489089,-2.62575419754919
2.440278198752168,0.9686568442283388
-0.941402796792944,1.8450184254085433
0.8238005131514414,-1.2857604239629914
-2.9057811231732913,2.3990447034332796
2.8078577753193286,1.074472846524284
-2.0041236761725627,0.8126166880103657
-0.7676424181767593,-2.685208801657398
1.287367990242126,-1.206838187632875
0.5321933105004619,1.3938033236277194
3.308693486369138,-1.642880041435178
-3.875385101424446,3.1033720236762674
3.6106009263428054,-2.7725811133408738
-3.3693496231159568,1.0326911896724622
1.0346189386880504,2.3236950324121395
-3.09950541249345,-0.3012729451260496
0.9335889585790677,-1.11138972849244
-3.4510800801622508,-2.7020255673697884
1.654852789261317,-3.2073919105195667
2.6973153047142606,-2.890684501715486
-1.137206199716966,-2.4871243154638827
-1.0746685978009811,2.869879425699703
2.8589716110744696,2.6443474717680107
3.710020280143554,-0.9083004507226661
0.33534107492424603,2.453110614035669
-2.8941069024421746,1.5651538207144071
-0.6836017625898064,1.1536761655302896
-2.959522064343036,-2.844387729404728
2.9682498614226738,-2.7951654396989043
-2.808133495463343,-0.37739356355453196
1.4603211290000622,1.959755861001319
1.102508583543281,-2.888059529101179
-2.4228535163828733,0.6007642258541992
-1.2975515885372302,1.5842515539874824
2.9770440747922944,-0.8221578260611357
3.0604140935278776,-2.606645989404188
-0.7085117978871701,-1.2951564047232174
-0.8096919840788305,-0.5352683626396219
3.11700045976761,-3.1507598195884063
-2.976114338851172,1.14012042413386
0.8432864302332232,2.3425983227778877
0.7263761445146195,2.600570188202388
3.9375773640579665,-1.2295392261864493
-2.884953449770976,-0.5255210915862087
2.5510909982645082,-3.252383189037388
-0.9530358056600391,-2.875344247874188
2.654829618653007,-2.819609389852759
2.953397968974209,0.46990351030280164
-2.734376948937556,-1.383330376842964
2.959286153294341,2.976655520702646
-2.2520666921681736,2.5681283244338786
-2.3093702707883597,-1.3327631650264493
-2.7011645468075924,-2.3198332164057445
3.620477283625095,-1.0898931255760773
2.782702599272798,3.0815271764933807
-0.8286474497032708,-0.9349608363012688
2.7977257928207777,-0.38128643905928233
2.8486394576966974,-3.125829562863897
1.3364451374657784,-2.8027631267258997
-1.2397268935440895,2.6375747112235373
0.8631903885661925,-1.0571255020670283
2.8324323053952867,2.8153204508307463
-0.6799633832815959,0.9969294505416272
0.7443458469171551,-0.9546224343684381
2.8263806258121953,2.5540127054694257
-2.867231779390071,1.1392540788121313
-0.46286975442828343,2.005196011041638
-2.778837204937021,1.0239508543011302
3.062442845989822,-2.951782759008837
-1.796933811674445,2.5797168639277044
-2.6165184547592695,0.839756085870623
-2.5774703289185465,-1.3941330722390306
0.952221473267798,0.5475336579132998
-1.001741352982551,1.047923110414657
3.0668908481398574,1.426971929241829
2.759523864883761,2.75526072896001
1.2120274377083249,0.9413164581615421
3.0100810143697534,-3.171932883767489
2.9961977682361356,-1.3109187972134144
1.235781480256118,-3.5932567647690896
2.854794723042385,0.5949532238190495
0.569656731395116,-2.7140070794894284
1.1513945904749139,-3.103279788958867
-2.898620042657734,-0.9370458173174692
1.0628163813926756,1.1797832384625184
-0.36963185229200723,1.056442231673277
0.8358530771002859,0.7348499227443281
-1.6533007806364497,3.278465760704706
-2.5340163414943957,3.216186998239112
0.9469676598122416,0.5949851363501432
-2.3845742168445065,1.7587799197960843
-1.2714829687877311,0.2532656884222105
2.651532261517095,1.5615531251702937
-1.0950245040484041,-2.7695853393444607
-2.552770657313056,-2.006165699129607
0.002042639241638797,-0.8040957693522897
2.4405052392072766,-0.9626092335354441
-0.7550464806657481,2.028140241907188
3.1311048057728184,1.993369152004741
-2.5226107681350265,-2.68930338647362
3.0421792612302556,2.801391856066758
-0.7377700641031028,-0.3001355323627797
3.0769002042973645,-3.003883567194252
0.5065204586787477,-2.1274850690085447
-0.557838932393237,-1.8290999467602465
-1.713302675100965,2.331544730258526
-0.8362133824094788,2.948161940581531
-0.09654659597715957,3.3882976154882263
-0.5701438932026273,-2.5214898583794185
-3.377943496876841,-2.5711217875690306
-0.4812372820908664,-2.0737293020523024
-1.0156884164297002,3.081147638183608
2.916972550839519,1.2856637872790833
1.9964551788105296,2.4830476672954527
1.0979095100791123,-2.4247597146378714
2.440189301600451,-3.397684771771328
-2.4558278415853967,-3.3999392424657544
3.03447632712347,-2.9194388880033117
0.5054047405490717,2.460676509802959
0.04838991202925204,3.0954932089613694
-0.32030188685094385,-3.0228613296603863
1.062429455559156,-3.0354191376227044
1.0854167856778645,2.995862042964749
0.4632815153528697,2.2498194448587574
1.0831349598239082,0.9934453161901378
1.2789059830336245,-1.0036126574473496
1.2353534311915084,-1.52014621209471
3.1692278253152932,-1.2392541914224127
-3.7222402874711085,3.340948952757852
-3.071724834601295,-2.2305956474297557
-2.836133723940793,3.327280807750516
-0.8176128716834863,1.558048480297374
0.8703743158417938,2.1236389174885355
-1.231454346464765,2.5888353655486713
-0.8155622231703528,1.330962860496995
3.5573272008502905,-3.3756519552716635
3.2737741940289014,2.8566256744416463
0.5476641709763301,1.0140559520251962
0.8429615465298792,2.5397758579436647
0.1933725032782641,2.6867282848656697
-3.1390391262619333,2.950868295996519
2.931397857507331,1.2840339117948605
1.3339979866109304,-3.1233655891529053
-2.774888366729342,1.6127371755657045
-0.46765795124763276,-1.0347449413216525
-1.0290136385948514,-3.0500173506287402
1.6212150737791786,-0.013811424022327478
-3.5825695467777776,3.6821925533628823
-0.46566025466714356,-0.5481130734058685
2.6635040542505317,2.2801375517958453
-0.9464182511400262,1.744228452461149
-2.363507105679465,2.91401661104157
3.0343314947441105,1.0421471072364334
-1.3512128055167685,-3.223315543954463
-3.009560317287942,1.549480753055969
-1.223800113654685,-2.954036365446474
-0.8890724204887682,3.271374823248422
0.58416210755947,-0.6673373577420719
-0.8663892265230693,1.7287688033787088
-1.9807603738901096,0.14079242213048707
2.269338397313995,-1.3351062667816698
-1.0870038452551563,-1.191028459115527
0.5846521831583863,0.6897102996346965
3.375110709999223,2.673997930713659
-2.9014995032006903,-0.5642305937103946
-2.6631930578053153,3.393920741883212
-1.1721397745665671,-3.157406084280357
0.40136475334985855,-0.47507848299183564
3.0166055178146496,-3.151815552516949
-0.8606774262025163,-1.111062193723309
-2.742435604911868,3.050746498592662
-3.2420053165521088,2.7213404773957213
0.9269603011183877,2.952983598842281
-3.063516716243331,0.4480148698391264
-3.061692039681257,-2.2841377944079997
2.6573633191537747,0.8995474369091023
1.394845997908297,-0.5980644067342266
-0.6135193497080881,-0.5200792683850979
1.4699829462271046,-2.798365719563569
-3.163551248985616,2.649169275395389
3.2539785555113334,1.3587847031436697
-0.5258381581167219,-1.2461637905421938
-2.611280898365119,-0.8531942848960605
0.38443806193549507,2.612746039060782
-0.9426808298339404,3.3275043133036055
-0.5946982494762805,2.66035871359629
-0.9576556952236159,-2.6567594107055843
0.7235883916628021,0.6031161736516186
-3.136605046926606,-2.795769181114137
-2.760410315083841,0.5829608117376606
0.4360318370487511,2.79231822022771
-2.8009493090129443,0.7368280994377462
-0.9989706996522622,3.1897471118133014
-2.053290855243226,2.7003309303323118
2.762742296066171,-2.85300281456872
2.6026604120066557,1.2451984322602536
-1.3280669340930324,2.7497789421952405
2.823302852592634,-0.5777059143210271
-3.0787808355029798,1.0776189456691168
-2.1948476736841345,-2.0142296789089715
-1.4725087875052947,2.3160412080260793
-1.1965473669426119,-2.241223483279491
1.297416710252521,2.2526871908031167
0.4792411762311696,2.6794551264283957
-2.7902097727712225,0.7031074632725486
-2.4985826907229214,0.27286567321303
3.089414731193431,-1.1297253515039007
2.5746944334628252,-1.191348898133875
-1.1400901735176228,-0.8484075579472237
-2.937831347476536,0.7063292551437833
-2.6431122224283365,0.7584760330343303
-3.13213623226451,-2.572834874513258
-2.6142738057721844,1.7954587085444638
0.6661341417806399,-1.1820439037634052
2.297639957850462,-3.5739288964299547
1.21308768879301,-2.8602592003355296
2.8548198660089876,-1.3218965948328627
-1.1231456116085377,-3.073484371562788
-2.792583382959344,-0.7176329617075822
-2.58934584545503,-2.453232140057224
-0.8745531733200167,1.4166783190661423
2.3345516016489274,-0.6359895631739569
0.8142131876708683,1.0896891769365402
0.46819831119594235,-2.3475117921037794
-0.8904778663216948,2.212685319843186
2.5105757897016074,2.7488426760490383
1.451915598338583,-2.604097926675188
-1.1184945326900133,-0.7032123155844167
-3.066899481390823,-1.0391331309268665
-2.9514353155151603,1.1695993563810219
-1.2537472778924077,1.2822757774761855
-0.5403215247353784,0.06821880563375828
2.575588591717779,-2.899584179857358
-0.5371824841848184,-1.81432190939612
-3.248491195941252,1.433198813809177
-2.753512622404527,0.4791787881844925
-2.3399478259271267,1.7120307585484498
-0.4577780178209847,3.147639083333032
-3.023840933052799,1.500452801592833
0.732376529200614,-1.1308469278124085
1.1249967160462893,-3.0016129144252552
-2.7014138171517836,-3.4836280721293487
-2.1816903753923595,-2.856209132517817
0.908048384503737,2.4045993923555438
-3.4984444814438476,3.3062875533514364
-0.5122521014574826,-1.582162611301957
2.3385369508330616,2.8021616165094523
-0.8196343269169304,-2.686477763960443
2.902678555074714,-2.521181581579354
-0.7914707543570123,-1.4884807704017955
-1.240732787167429,-2.958078340058312
-1.5710827442599524,0.9028071123951645
0.9142340848952276,2.6120978838281714
-2.5581548101922658,-2.556895544426389
-3.074083994051101,0.8836313386001883
-2.8216352726580025,-0.8732603322690236
2.4159945836090673,0.2202214431643254
1.2403355698345806,-2.622409682644104
-2.9030145443584967,2.2407083993328816
-0.21349876215664348,3.5747558524038476
-0.2493354623211807,-3.26364548466458
0.5238230628547209,1.3529081695072016
2.434347565848919,3.049678172134836
0.31850764694498956,-1.0157658384283192
-1.4524355738417984,0.4621501863251947
-2.597928106616718,-0.5121366839554975
1.020689411802614,1.091762738251013
2.6034067819329585,-0.5508835073092285
3.4159678266599776,-2.6902528696207466
-3.2087147760153276,2.9659476494790105
0.7989676977204822,-1.107390861929314
-3.1184233490676387,-2.7238371981393064
2.486701183512642,0.8950958553957471
-3.227910457899237,-0.35857271799959306
-3.4662334455860564,3.116927501179832
-2.2932851981993716,0.6819472106535265
-2.3359437761062227,-2.3266907814323456
-3.3452610175138857,3.1487042824474707
-2.3977017370386617,-0.23628549515306188
-2.7045455868300317,1.0452175893313416
-0.9062293032104812,-0.42410193773337834
-3.1389720651854427,2.5734245928239745
1.6065248677350685,-2.5895455242303673
-0.8144727384584494,0.9613201717522827
1.1458044787641588,-2.369440367828954
-2.9634588641586133,2.759493300820915
1.4117896879499088,-1.0150041434297494
0.9999094254841521,-3.4447922577796826
-1.1895468651193017,1.6764492252430585
0.8719471798915153,2.3148940588566846
2.9304261473172057,-1.0178553522239242
-3.1280059550245314,1.131540578947436
-0.753930458003481,0.8805141871493986
2.7378501225348604,0.522460860359223
-3.0300547350826856,2.8141762589648702
-2.4602607357021498,-2.1278604060916053
-2.825791935806374,-1.5738479042025875
-0.9750517703829549,2.7133758292352854
-1.5799308575787385,1.0122989209610074
0.45657424467493246,2.5554970054456985
-2.5873497289638134,1.1114387017964484
-2.648395775919191,0.9325955785743545
3.0696621292907347,-1.1969321587417014
1.4663708682137822,-2.7178623413275926
3.06701837368014,-2.5064357058139386
-3.187441255625349,0.9574449030892743
-2.280769347497533,1.8668252624647195
-3.023028982964561,1.519543821373128
-2.9316267987441775,-2.6487236974088533
0.3547998450769305,-0.7674483522106985
-0.7497279894016282,2.270084334756301
-2.984508113520239,1.1008767817614538
-1.1667417311773016,0.8586147407581435
-1.8096820600292518,-2.168023119962616
1.1801693973981724,-3.1761541612835
2.673759655302639,1.1323693317671424
-2.925724872170719,-1.0551638252727318
2.3577712034637917,-1.0253017214220392
2.1758649989815515,3.0580189497871237
-0.5913616430129517,0.856732615825654
-3.243156795459746,1.5007549183328115
-0.4629888259771138,-3.223682657873649
2.8239351844072536,-2.310890603471877
-3.1184071215723588,-0.9887542676510236
0.7655309824404393,0.6010872385136489
-2.41258616712133,-2.6151459367297605
-1.1546938467774268,0.4734008344823094
-1.0924938518587979,-0.5265689336232735
0.7338683446781672,0.9482385886305381
-2.5356357726298775,-2.485297478124856
1.0025816560277947,-3.1642097542758862
-0.4595176564683059,-3.3639547268920613
2.9101255704595284,-1.1338411959496286
-2.866631523392495,3.257518511749962
0.7986805193327756,-3.0167013179247597
-1.099846675016837,-2.632416025831027
-1.542296234214451,-2.8114633894392185
-2.5375376216298604,2.433023056607819
-1.4878655234833504,-3.3487540711468777
2.485321026133016,-2.687828011902056
2.8006839459841357,1.0064776907535269
3.1204387285714397,-1.0479263710557178
2.8545561220667075,-0.8530012299277379
-0.700419084832519,0.8857321600374499
-1.4739898101260085,0.713450558631761
2.849536740648884,-1.1250864506207574
2.9280641788475816,2.8546160398601357
-3.224334780274209,3.2657785436238553
-2.7001775034850173,0.6862904982555179
-1.061127384675601,2.5699816977531236
1.0414422815826374,0.9329641249233482
2.9934493203709396,-3.272697486856806
2.6574734180589994,-0.5847683822137688
-1.3663981881158198,-2.880740114394734
2.85822841225873,-1.6350032406308965
2.6492590674853487,1.2633370704531712
-2.6253368934669283,-3.315693672674415
2.6740892099017426,0.902419853064115
-2.213315353420033,-1.3325645374055322
0.6109174132417877,1.584359832320166
-2.788316081403026,-2.667762479098754
-2.9852898452132006,2.843378530621886
-2.2976212760555987,2.666681560532752
-2.5582959473678626,0.6269100374764803
1.1744769869696734,0.6468879613830489
-1.5007451802137517,1.9872688261092109
-2.608687729429138,-0.7530019334645564
-1.4347565382025835,-1.1387857357343212
2.7152567327899066,1.2329112154049666
-1.0859439881122206,0.9901608190518976
3.186456438487997,2.1104235835474
2.4108529714755815,3.4062232943859825
-0.5828433448896294,1.4019519943700882
3.110109718763749,0.8226147473109103
2.927677197118616,2.6248131535774446
0.3310482419531824,1.132143085047355
-1.3095454448807666,-3.265894626105277
-0.9099309985752377,3.482084755539593
-2.8727398854777944,1.2360290817235837
-0.6669083968853271,-2.7539412194233934
1.4042036724507594,-2.913661535875172
2.6592735315106855,1.380925845260077
1.308304329772093,-3.4260821806569624
0.8204922391048645,-1.1154905808761297
2.1887806432824113,3.4149104530117826
-2.602506217186062,-2.646385636878144
1.5576351282713257,-2.789635226183724
2.8134531251161654,0.4036554335285593
-1.0131943191773305,-0.8364225519282726
-2.58098965146759,2.6732776525247957
-1.0135816103141215,-0.6617227659817098
-0.9428508429539337,-1.3874001884031726
2.792862170429141,-0.8406060612691225
-2.5729727212009657,-0.7340467494827432
2.4628720739840557,0.9500775436142856
-0.9115282501433213,1.0338458715241414
-1.2101810169398204,0.9600351426356035
-2.5480188461302338,1.1192083599511693
0.7236952333922744,0.993467689193737
-0.7478447846532275,0.8694702601196279
0.3347345101116942,1.062261779481087
-0.5226227955988472,0.532169394236064
-3.741969601498894,2.982106835930525
0.9745084519297578,-3.38771227168262
2.9838510684291,0.8976682272167944
-0.8909251421554248,-0.3959616385244858
-0.8808052229636717,0.7929687044150355
-0.8384052460592657,1.2493478796893467
1.2710121609233704,-0.21840759643197122
2.839148178422983,-3.7520211357617987
2.531324541492194,2.785759324554474
3.2379568973276047,-0.7420323477849137
-1.740155634324255,2.6422009442051584
-0.9119577052854444,-0.28087814688234547
0.7086539950876262,-2.9396818460989356
-2.651580065743155,2.9236789627411426
1.7674217395270269,0.07037987478430574
2.1787599436746037,-0.7007522659810859
-2.590631928398382,1.1351740540100073
-0.8996250647364318,-0.9185104931564607
-2.7133733390718886,-2.451744147512367
-0.7765646719003915,-2.443578290759921
1.0175511295013386,-1.6451004540662795
0.7379562520135473,0.7157129783827041
-3.208974116139604,-0.0677622109232966
0.629740857054805,2.2383996748790813
3.071534156100831,2.413193947850834
-0.5192545993127305,-2.702668932982493
-1.163749839401101,-1.487022244330847
1.0654250818213091,-2.2453250642101152
-2.0907119253692725,0.7499245216134692
-0.5270234199758537,0.8047163697363852
-1.615352615662083,1.033095121497491
0.035768972596772926,1.0881985273245007
3.305982664414351,1.2268856170747586
-3.1554336624456414,-2.1570840038016623
-0.6230620059334542,-2.6390855494879153
-1.518101567145543,2.761124331328323
0.974567693260934,-1.2135690681908171
-3.3274942885279195,-0.7895935917693232
0.7192595878842968,2.4606890592920747
0.7309017705083737,2.3585693782627146
-1.557271737725301,2.9578609929467246
-1.3036603371687803,1.4615579408480508
-1.0593211128512892,1.2815780148576403
3.535181962454685,-0.8825311440941457
-4.071448548058045,1.8527242315188066
3.6239429811436614,-2.7059253164736328
-1.0056164630645108,-0.7541310401638176
2.799444366533051,0.6876455827641493
-3.5520994321846,3.003538393428051
0.5484968929867216,-2.5797597692012277
1.1466652553258885,1.539072481785097
2.8955494601534033,-0.712158622887945
-1.1402743327732523,2.6950258613039106
0.9828270469811666,2.305601797701673
-3.5093943053698613,0.629521018862095
-2.0342056685565786,2.813162607762347
0.6877597426983563,-0.1449792127775362
-1.3420316806464787,2.360989429666258
-2.1427597846113455,-0.43714456416905306
-2.652807499910997,2.6027066427481302
0.4378046057057813,-0.3563497127074628
0.10660391216388643,-3.4470087372538414
1.384044686511676,-0.916590827489086
1.0301127216752757,1.4003204662755757
2.838306653186018,2.4294967667787506
-1.1409463376854434,3.011822641044474
1.1344550288517945,-0.9848051856196856
0.9562000789197012,1.2639354856777525
-1.1501887425279123,-3.0377072351551675
-3.0206187779688376,-0.6683234905152898
-1.650531213924292,2.1190726712856933
-2.4598187823651902,1.6353973062328713
-3.433403318742281,-0.4726119724713986
0.7500861362556214,-0.8529632226406206
0.6576685034113474,2.825929838727304
0.5350499335275694,-2.79217904604534
3.1181057712510665,0.7723296836696406
3.1128804261243364,-0.5091647400429901
-1.0694929765078849,2.6539955006121803
1.0849193811877464,1.4078661794928526
2.7631183526001175,0.8432313389172993
2.976214879308419,0.863904817592274
-1.3163671948596496,2.4560746894140846
3.1593244861772036,0.8539812563829149
0.7882629439812561,1.0844462069420175
1.0746395152109307,2.7923385470295177
2.4052647432817458,3.096566529551139
-1.189653584542562,0.816876108533133
-2.881692304943097,0.3150667880028922
-2.423603709496729,2.4793783109456844
-2.1481307382216634,-0.6050580467631601
-0.5611521059238092,-0.9400290976603186
-2.747357114383349,2.471061211843173
2.5210910733427747,1.7864593578965826
-2.97451193009643,-1.0270494820924918
3.457754369544141,0.8493060453332062
-0.47969890223137296,-0.7799267945230831
0.5991605720730137,2.849243192466875
-1.5829465316624995,2.4234626288811594
0.8377788817128846,-1.2866243606928356
-0.641391724752104,0.7982912714793039
2.4453037099140804,-1.0376286034627555
1.1178944234189518,2.78867259045991
-0.09652908975892704,2.688060047797642
-2.2475319404303127,3.0020242975350735
1.9931162226010848,-2.736313266186621
-2.8281160551750903,-1.2943115875259132
2.7212915878139197,-3.02049135563029
3.1386698716445047,-2.603410749093615
-1.0707522878646976,2.490006709139813
-3.066832222266036,3.218347556263194
2.7025435448255672,1.2059131267998282
1.5972351997559862,-2.783534893870922
2.599146703256637,-3.64683812088898
2.920147575152064,2.748009822781539
-2.2921635011211223,1.4638199097453855
-2.601602142767545,-3.1093350978884255
1.3973324982625754,-1.6760624122150183
-0.8711659433059882,-0.6565400730586375
0.8644814634552175,-3.2971663665497797
3.253963528466514,-0.23539306408305638
-1.3701041218532233,1.2236132673933349
1.2077246352324071,0.9393230138715274
3.450048882969708,-3.71689949441557
0.970140259552361,-3.2618570511931626
0.9904678743083235,-1.234722811756802
-0.4564706392791329,-1.0680669157700686
-3.156643896835907,3.585958255946281
-1.7194901597564636,-0.602622621612794
2.335068259726027,2.8087630623083535
-2.5270504623539494,-2.4218544883974644
-2.8698705652494603,-1.101701652139406
3.184248964259597,-1.2655909384323298
1.7284591676182777,-1.1306755988044128
3.041092684327734,2.4601478720190335
1.7045817853216279,-2.858706498412759
-2.8183029688539905,-0.6892275536810488
0.5118113165519063,0.9455065822637367
-1.3653648004051726,1.477442729426792
-2.661379708620245,-2.8593195208736897
0.3791933019082456,-0.9458829780911616
2.7821953011227567,2.1739653610377445
2.740745013150772,-0.8930765819520596
-0.9519617436395846,3.3701643370100216
2.7283472504128867,0.49044245654745333
2.626817871556842,0.21390945142059137
-2.3392099105698048,-1.8746656920036144
1.832048914649727,2.6050963271086878
-0.6368398193266402,1.496476311461334
-3.025843886966248,0.965974601022822
1.266517062586244,-1.2780833642577312
-0.9678058355892343,3.216175941424246
3.5110267038688328,-2.6792593834483616
2.881076828241254,0.8984550555064662
1.2463761831194957,0.5331613493716051
3.046637485157138,-1.08798678014283
-3.217640589871283,2.216162419823342
-1.273595492334205,-3.0392412984308392
-2.561675512367395,0.8738764193782904
-2.338463447748925,1.1289588381203777
-1.0544933434101442,-0.5793806605492617
0.5754398840507581,2.9202316731891185
3.0628915017525933,-3.4548134536743196
-0.8082829953358046,1.2604988635762142
1.4912480888172948,-2.8022831173036464
-0.8030601807206953,-2.737685905621967
1.1469367027275457,-3.2209189075485845
-2.700850671891021,-1.1014202203514276
-2.296393646849885,-1.861520312237407
1.1789458043020025,-1.3813474012729499
0.9652935112348958,2.458678194984781
0.7490628174378056,3.2535367851638783
2.979314442279974,0.7956938485918056
2.794309926704698,2.713324188932246
0.5221613562259091,1.2136067235464831
0.953594001738477,-2.6930132601703693
-3.386764818907281,0.8492621454949009
1.2852748580863598,-1.1846430046618905
2.0231363656980785,2.4629893826589857
-1.5124236049592412,-0.9449745048484279
0.8671042246059676,-2.934246467157628
0.47727678913043403,-2.8035656966849922
-2.4985757775012676,-1.2775088412649978
0.17416146760226653,2.3092786877303735
-3.2822908175254004,2.694829605170742
-1.157226173132546,-2.4639523114397712
3.118817138296622,-1.0713750433945533
-2.6104428385686065,2.523846210440518
1.0019498656471397,3.0014988626722063
-3.2653582974779085,-2.653691151962564
3.3012525963797694,2.3123158449811414
1.0806925183183305,-3.030257993196983
3.1679073864495364,2.545937670509008
-3.4030019711201853,1.7217961025303838
-2.842838662758587,-3.01107660821777
-1.3113436333250017,0.9159056492691409
0.6286576427507042,-0.7771983764278547
-1.1987444653285053,1.0772790525889302
-0.670719499280799,-2.413123977111229
-3.4466696033358817,-0.7309400880038737
1.0009537410585128,2.948883750776079
2.820669975053032,-1.611642270242529
-2.700204221465418,-0.5202585272105731
-1.462524570451678,-2.464998401189005
-2.830139346995671,2.98362685326681
0.49554746903107866,-2.381362592755707
3.3754593473760393,1.1090088151649586
-3.123893280177034,2.1098981568820014
0.8924692665003245,2.3282179571281816
1.178485097605668,1.2112688443201833
1.0481940168848092,-0.6319263845093586
2.733038584703311,1.1623312825435472
-3.0409760503383056,-0.37271310514557676
-2.5773505514782116,-0.7031600477159408
-2.5632767573780364,0.9751265740400046
-0.294061794336077,-0.459950755992106
0.9779421828493099,-1.1450612192564928
-3.6365569830682487,3.0524729802585098
3.0990738848079156,-0.8114943948160904
-2.8069092159714346,3.0127700246718248
2.5175011136656518,3.2418361697835745
-2.842399665721032,2.467595699810589
1.3519336066003869,1.1584786163821728
-3.167837629752234,2.848162862385422
1.2643545818931365,-1.3345441389175008
2.8216976255685906,-3.065383993693579
2.846623170145692,0.7460497822318884
-2.6609690401354467,-0.3321267658604025
-3.3825063587968813,0.5983576461913023
-3.051363063814787,-2.1935203794985556
1.5186635622583515,-2.680705063459063
2.1364770211587296,2.9275999714454506
0.7324382999968173,1.6768268883821993
-2.674956347865636,3.573049350281701
-2.5695052352662358,-2.015830986799623
2.781826296689142,1.985426299015654
2.2519339931079174,3.5179092611284752
2.868372846761115,-0.7257685335354361
0.6382130301201467,0.9923857494021208
2.413362118735016,0.88912511226883
2.7626131641332052,-2.567843855462971
-2.5422397086077737,-0.5632635020984403
1.5425661542371987,-0.735208500001357
3.807305776850502,-2.8770093434274018
1.274497214703088,-0.28967091902954195
-2.3311647341204953,-2.7773762354469893
-3.030730824540109,2.213956726193427
-2.7198095709124104,2.140358257605297
2.9841209985606043,-2.9035429200289293
-3.4987425996894843,3.212744713410768
-1.2619330155625792,-0.5940544244145148
-1.8088198028415632,3.53914975618205
-0.50391746356778,-0.35347197338227704
0.4888618794398741,2.0862103095382873
-2.792226395446242,-2.154217009160786
-1.3227056262397912,0.5082615433360369
2.4417736901630755,3.181515706477344
0.8655515287630601,3.0906138841875617
0.2836614244356058,-0.8022245722004591
0.9531843629883628,-1.4824818579489822
2.7867618751288155,1.8259141914923722
-2.3949234736646052,-2.649973850109441
-2.374894811138446,-2.003207619207076
-2.127980950899531,-1.216790819439125
-2.516503432548966,-2.5219586775429303
-2.5707895804585075,0.796898367790718
-3.1561825096671763,1.3238953558620603
1.9753425028625176,2.7104407828198807
-0.7364859981007743,1.4118322198869386
2.347867756901201,1.032130387418766
2.2546706928718137,-2.6334060780094197
-0.9137719665968641,-3.403417945754156
-1.1723079307005506,-0.7477862625876366
3.4512184083272905,-1.3621438983415362
3.2327222560666704,-1.326393407547663
-3.1972040746097528,-2.331788379249916
-2.55594223079279,-0.9725440407898676
0.68338940361446,2.7363803758158904
-1.027804375251857,-0.5652622428405081
-2.8556713745775877,1.0437444296423175
-2.598034721332356,1.0312169293580231
3.3682416335154763,-3.450842917835064
2.5837828623842833,0.2718858886169728
2.4563661292281362,2.902795001258591
-1.1987528226387922,2.632536480282437
-3.1840111402633307,-0.7155567364200739
3.4330244853533673,2.493796448581401
3.2657306010775486,-1.416665676056914
-1.2204454690630235,3.1773575480312064
2.9433022303580065,2.4643028773201316
-2.8134343996708524,-0.8136795502962594
-2.4949290779016358,1.2622608003582763
1.0828984380420479,-2.81595306280356
-1.0095640488608686,-3.15023825567252
1.111794678177221,1.2852357536362786
0.9704076074881303,-2.6159875437583278
-1.115388692555642,0.2308600396693279
2.7121946678517608,-2.879963217619902
-1.367121360236723,-2.9740966395235744
1.0481408380881574,-1.1083499630360452
-2.5486650138715086,1.0137139476315926
-3.1757481473691715,-0.7116332072491095
-2.302259847626045,-2.8542944557487524
-1.2222572678856372,0.6140239703876401
0.48720188105738976,0.6603171613379729
3.114663305334872,-1.3021657749713793
3.1766798900350453,2.4996429653277503
-3.3014600583009743,-1.0288176852950706
-1.3299261724318567,-0.8152532741769818
0.9546308962881191,0.9406990878904226
-0.8298276598832548,-0.7713600052964279
-1.3370299170579512,2.5887073433909578
0.7763209056218814,2.63824594823286
2.8459109921690744,-0.9310587022884619
2.795470142347297,-2.735466804284272
2.922715866566811,-1.6918083407390263
2.977988981210038,2.866334983564769
-0.7193185309624187,2.8886585015295205
-3.067952632401315,1.370501984898267
1.038989801654255,2.0385932881959112
2.5537924535597574,-1.225460233768453
1.1343476381228494,1.2932382538701623
-1.393761506720813,2.769404978669286
-0.573083959645796,1.0391273472794689
1.2033795982384703,-3.1955384296515508
-1.1051843334551805,-0.9607977061692632
2.9617770812255846,2.439373206384125
-1.0634435047008481,-2.171936910036285
0.8376930825468971,2.5362067264565233
0.47402944887274984,-1.0135340293388237
-0.6825051145301597,-0.6990888736453211
-2.6647108188968924,1.3237631897041988
1.7023012274211977,2.6891736061138753
-3.4121667820055253,-2.8645359796361185
1.4110693542805854,-0.7384513157191519
2.862674441865356,-0.33620804006261357
-2.419560716700677,-2.5208892397726435
-3.473712373523625,-1.1121537518720992
-1.2714161017992245,2.4823908452868992
-3.0568103888222913,-0.8539273697501806
-1.2922604069787058,-0.7652554481401386
-0.6855563106600991,2.8164131365809246
-1.3764714021231057,-3.305765599141404
-2.5100812654934472,1.046667429758122
-1.1933146252324236,-2.4247972874383876
-0.7171783164414522,2.4173134955615656
2.87422503608517,-2.5142805795098564
-2.87065091633275,1.9689446747108512
2.903899535942545,1.1389616562758291
-3.38993359567764,-2.746770845237989
-2.819494904445896,0.5610018746039332
-1.4689808921837069,-2.5566832856070127
-0.5193386138932664,0.5982130492785587
2.7433794015508854,1.881325544346395
-1.4463991449847016,-3.2721951200647523
-1.1036705637407702,2.558769906647788
0.9630355630663046,-1.0144975375432776
-1.6170325549359248,0.5610700319072653
-0.9773046005679386,-2.816013401166649
-1.3775865533246905,0.5340208301774505
1.0638016311401863,-2.267136180922732
0.9035371741672273,-3.61985939642761
-3.3935004846320913,3.0531706272160766
-1.1494914600359154,1.4527524675715058
-1.0399605524986106,1.3959004795596728
-0.8685234865101881,-0.7931999431804058
-2.6651243349161255,-3.673556208378238
-3.5295073754010398,2.591475237719244
-1.4152241863109294,-1.0346458274876962
-2.6521292824699456,0.7149606947272482
0.4009633465102429,-0.3274816566102088
0.6182119653423548,0.2667468740831531
0.948286974128401,-2.392528697603789
-1.2789403316834944,0.3705380984963032
-2.868712797287911,2.558546092642859
-2.1822092555525754,-2.643654064097276
0.5294903713529354,-3.362032711832933
-2.5786196284028287,-3.61330614340728
2.393277881574746,2.5261211094832263
2.612195841017568,3.006449337996322
2.4755067826887203,-3.267120580970334
-3.075896785879889,1.115953610245519
0.2469778963477909,3.234563592181825
-3.1754283954683693,-0.9448782556952281
-2.0925534274770237,1.4462164665260007
-1.6962476441901544,-1.2809650195134663
-2.734761908384874,-3.1609850516958695
-3.6712295862170135,3.3296237019315886
-0.801911911143141,-3.2270168311599208
1.291622814450127,-0.9786793291562963
0.9281985768116773,-3.015037287654701
-2.8314698880212577,0.5461759012589206
1.3369593064040202,-2.8069702064439106
-3.398006620734174,0.5617745034983896
-0.6129302992308645,-2.607722529091835
-2.4955757665135354,2.890084222263817
2.578753116697638,0.8342847326974057
-1.324340993624231,-1.179065649777295
-1.3713751919060615,-0.8228820275437494
1.3627337858301662,0.894488792270917
1.0772829780247382,1.0076003639743039
2.6945469420475354,-3.38217522150818
-1.1279538526942954,-0.28380155215369185
0.9578008431288011,-2.580372356453783
-3.3533995287649314,2.956419365287532
0.7341800567636845,-3.0430829233375114
-2.460826577338979,-3.1266034328670034
-2.81245018563725,-2.794875333610838
2.6095260418118222,-1.8360364801710327
-0.85793390248271,1.267682496932837
2.8228861015342903,2.38569670299214
2.5475222362892906,2.556471934897169
1.1542557290805635,-0.8360845018915591
-1.2030098153308864,3.0478590176892157
-1.3889588794318037,0.9746196433986974
3.0026856334502496,1.253626607551081
-1.061995522943794,-3.23147634962634
-2.9151793242052957,-1.3249582477562925
-3.349368685142908,0.9473226032866671
-1.9244445688452911,-1.3544308252657955
2.8716525711684304,2.437726378842201
1.0177506358869328,1.2764813853733543
2.1894703854010884,2.537619630361783
0.6017563171449303,0.7738585390798097
-2.441093998152686,-2.6756113335661498
3.8974419322285496,-3.23516571096481
-0.6724518943143499,0.28550015055617406
1.0345006722011587,-2.580176170944758
0.4156758744432887,2.482557736122578
2.6386880429528463,-0.8856299902497167
0.6630839555037662,0.4759424788237937
-3.0386479401464563,-2.1928942647469176
1.1586094351061187,0.5036024354536738
3.131013036617036,0.5519487087607853
-0.9643993238751145,1.381159476094523
0.8078596880666007,2.703853081166642
1.9443841862786346,-3.2120232407279605
-2.4137290732533367,0.9455936370352994
1.245804093860138,-1.249046145274598
-1.166239950321953,0.3374258107343685
-0.7382620324394388,1.4125588319847546
-1.0235886859428962,0.8254441283060702
0.9264851184483027,1.1676717112488524
1.0724485929404008,0.3759776757455422
1.0910571287962019,-2.0613709313308837
-2.7594173992680537,-0.6913004896497424
-2.5435056915350223,3.4516258748528097
-1.6784464473944511,-0.7815478581511387
3.2204864516383283,-3.168681017529876
1.0033218637742907,-1.431347008906594
3.1508178490074976,-2.490542725954828
1.554906730151359,-2.4321994439721406
-1.2449256215256,-1.226484856831959
0.7913079483480839,-0.7817464584823063
-2.7617324820062814,-0.7828844705470879
2.7364485929716142,0.9215935800500689
-3.1046797061106317,-2.32846880608178
-0.34972293276971095,-1.5158902976976913
1.3819848551523906,1.2588245537813603
-2.789635354459041,2.7658158769392043
2.9173389019388876,2.9360405036503052
-2.4095290236570004,-0.17965354886968496
3.141747742256596,-3.107149484089391
-0.9582742113898338,-2.2388362247312923
3.48163769695902,0.78113677549263
-0.2464715601325963,1.5585763075845873
2.418500667316786,-0.28857589380457443
3.3541739629319776,1.2478957952482108
-2.97456706622578,-1.1907403755115291
1.1597134960570556,1.0267979238279286
2.925092014335735,-1.4077977694055828
0.9012043545271,-3.1937026433088445
-3.3629226464494892,-2.5913119457788176
3.5204197938090007,-2.784382341411528
-0.7037946502545847,-2.367825664488836
-2.501628342242083,2.868506641859577
2.4974504957270764,3.0300105682747303
-2.7444637094415034,0.37255412376891983
-1.720813567116288,-3.4231598351110013
-2.94275063659422,1.153433894630699
3.4117978425790207,-0.595728272863469
1.2056604033470866,-1.0181125896893726
-0.6160877194307678,-2.387163255973642
1.3593102934457433,-0.905321803929514
-1.3660262966526295,1.2913846336675736
-0.8136300879277982,-1.1535570683275376
2.9276446448078723,-2.9246957838454537
3.116133414239637,1.1054282979715404
-1.1924243991474646,-1.5972740277791855
-2.8575115008414773,-0.6155357222080101
-2.1482929237148927,-2.7950488126088353
2.9741260806712937,2.1890167856117153
-1.1193025408185986,-0.6034842914904988
-1.5860606658792182,-0.9920950220077357
2.826852442760477,0.7682575018146343
2.483189702210497,-3.1192969373896022
1.5124045947012106,-2.8621893978228896
2.582728455060602,2.1152627722593937
-2.083905574533261,1.2295760097555586
-2.3958359856971185,1.1955196064797382
1.008685698793615,0.8896535496532938
0.5162676080729802,1.41783699746067
-3.3521849965460735,-1.0445050241484326
-3.0140451955187815,-1.3563372918116703
-0.5886367595339532,-2.891104087973105
-2.1746670288278875,-1.706410520216882
1.4504678080100089,-2.5789041074546746
0.23573891341984482,-3.037658286290828
-0.5788392287744315,0.34197090266842095
-0.5977275968934307,-0.6563933157800963
-2.495221750453562,2.7394992466690034
2.3940525156944017,-2.998359698354942
-1.866565677776009,-0.7549125868642858
-2.844763045552579,-1.125495075258777
-0.942888366216844,-2.6530778513689297
1.2455581293748086,-2.9233263051266283
0.8226129001041232,0.8772344364969622
2.3654280997237906,1.1346828891820464
1.0396399513767904,2.3807082456147706
2.575433562428235,1.073784238331033
-1.129375654542752,-3.0657469060073144
1.273907818459695,-3.3175754576625214
-3.1008558733202425,-2.6138060670909593
-2.7748398263211085,1.4555873467536034
2.4498245318978213,-1.0197782974761544
2.250055032310754,2.36478586492698
-2.5054938330118994,-0.6972669225993743
-0.07858993895003896,-3.0423672863913973
2.9479468780787172,1.1006539471194279
0.8876512786624239,-0.6510526796505722
-0.6184865388082509,-3.1301153610891266
0.9338802520809164,-1.054428167752875
0.604096615714868,0.3199446044419026
-0.719282260437609,1.1815573810804796
-1.4328718932297089,0.8548369041639338
-0.6742910533274208,-3.2438841490875694
2.4937675548138296,-1.1432546099683845
1.2272003640012874,0.8091480750159079
2.6629474525362338,-3.1744723979091085
-2.369297057572431,2.34616036681751
-2.3259832623167855,-2.8068612242585997
2.602597854061313,-2.8547850864864324
0.977757829081959,-0.8746562315681219
2.828837161542317,1.0910564902176128
1.3548030995734368,-3.0173286225148526
2.394646266562359,2.11846905845027
0.09914779897451712,-1.235768998854366
-0.7561623453913161,-3.0092402941842273
2.4844755723647776,-2.7960725083384226
2.796303138563217,0.8472534404808679
2.4627008746336925,-1.4125027866552053
-1.3412735392114454,2.5151101480661056
0.8368223982084186,2.5677234898118204
0.45389834530595385,2.71100456696534
1.4112679553903897,-0.5869129795050253
0.44533534640081807,0.28519974273826737
-2.6559042520163314,0.9472845396960986
2.222707605145494,2.777933573231687
1.375343785118447,-0.811378172606561
2.512481110475705,-1.428528961962106
2.5759091943728802,1.4910287882788058
-2.742332107485689,-0.4224486865363715
3.262781235609716,0.8657055468731815
-1.5418709748505883,2.670225772263011
0.9064947710566886,1.183426583797846
2.8695472118275824,2.7240757635777926
-0.6253800448888913,1.1986683669044278
2.5242688561911963,0.7445485179608702
3.2602878004287494,-3.140042699622784
-2.205954973734844,-0.7502031112844769
-2.472833765390788,-2.9913819278451803
3.1240140689674045,-3.7107787900712057
3.041368736987769,2.300369920658369
-2.8196558028284993,2.967740987560463
-0.6035499427660029,1.1784125707738284
-3.328522108908185,1.083627959973125
-2.199507053206449,-1.9746640518168141
0.41717055670551995,1.178036759585373
3.4632399776158382,-3.0690824420503153
0.8665923303713209,-1.5747430192667007
4.0660994386732074,-2.603960782561405
0.5253277126630748,-3.112393845596408
-0.8665331643033849,-2.7851813136223265
-0.9117605773847843,1.119567080671396
-0.5206404028500625,0.9559807736291345
-2.769078195923111,-0.9711808447224549
-0.9170209881608673,3.176000298576825
-3.184145128563734,-1.054280833367374
3.0233494231857643,-1.379936076776317
3.386065299745388,1.0237474016960568
3.29459014420509,0.6358746417988155
0.22292124015104048,-2.135024656558847
1.2314632894413466,3.0380290398708616
-3.5557014940717107,1.5159256639951453
1.5851101516076676,-1.1859190748801773
1.0893137597628861,-2.3989437951245867
-2.182517077321004,-3.2958370512598862
-0.8468750264712694,-1.1858287250669917
2.8907034329310535,-2.728951042697792
-2.480171352898244,-2.361418263943432
-2.7941600113096348,-1.0144970600112024
-2.945673934658819,-1.129437675158329
-0.6786130719199465,0.6336507771797937
-0.8125750135071559,-2.429313470032059
1.2059699438471612,0.4162647094137974
2.6550346437245866,2.411329755878045
3.0940734832669508,0.5264335646534796
1.2759803275709272,2.790449658350704
-1.0916791770751488,1.2775073992531094
0.30635399934651564,1.73814031971888
0.4264679166891289,0.6009074148318226
-3.2637656202425265,-2.8905375144412204
-2.7827023791366097,0.8737529549589836
-1.032930634448585,-0.5391576976470931
-2.7028947893390076,1.2745727260722077
2.742643321992749,-2.3099807484444232
-1.20786942675714,0.5823449705461439
-0.7945748694713467,-2.9706567783602256
0.8396146001657161,2.705905776950216
0.9070628677337298,1.507221903352205
0.8909731584516221,2.1997642144707887
-2.6714748463665945,2.5604947982535826
1.2833439609235686,-2.645579845011596
0.6544358287988625,-1.2842987945756483
2.733350440061665,-2.9041827458310605
3.123174353774003,-2.7495384041787303
-2.0272139540175043,-2.5759240107249446
0.7586829749964692,2.552403476326486
1.1814205511138802,-0.332723966720383
-2.996843335010506,2.3451619564409474
-0.507375451438797,1.2767929100888145
2.6201181566937097,-3.7533692770359073
3.0068842665600264,-0.15668789422215235
-0.9269312592438506,-1.504267824474171
1.2509580572249137,3.7293335297307544
0.5280432192782131,0.30248149211912534
-0.8288487816951758,-1.1622858949383523
0.8725726074051691,-3.5767103028062097
-0.6350386080907271,-2.45000557823649
2.7532386728838403,-2.6589324191032375
-2.8148784422018167,-0.8126605288781152
-1.2255451363668397,-3.4985539068653275
0.6968494894318187,-3.465340337919278
-1.5183107752304643,-2.5580011813947108
-2.5639138814646234,0.9389706564617208
-2.259525640653629,-2.357851362707781
-0.9779302696090323,0.4869818010192351
-2.089092468247638,1.4368307580733226
-0.8917678097472593,0.7420944710251622
-2.5095658736856135,-2.463880793833995
0.75018590181987,-3.655287069603121
-1.064321230062665,2.5807218472011955
-1.255265450229894,1.0775607733784278
0.8479966050249175,1.1688830449672085
-0.30473722296677475,-3.1517714586277696
3.553917375080906,2.0029959293398454
1.1319459624765273,1.0011788054153126
2.7884485463817446,1.2682830175369957
-0.9466053714661781,-0.8567769173177874
1.0340658956793065,0.8064768430851754
1.1933795555923217,-3.0078268066956557
2.6389658632006467,-4.1959720484394145
-2.6600194879462706,2.5818318213685227
3.155743004604968,-0.5332747342669456
-1.076984784923165,-0.7190282727366485
-3.084255753752537,-2.639160949124934
-2.462639414828613,-2.0160772109810616
-1.085689254774736,1.0745510026212093
2.9924551612003243,-2.6955032394393674
0.6211443399192015,0.49834787779368084
-0.7881229642292638,-0.6712953818349436
-2.0304873367978455,-3.3973325094528106
-2.4088377938209264,-0.5549177319263827
0.07319169414209786,-2.608862953890532
3.0837440653354444,-3.0114673547819204
2.7621381466577413,0.6315242662830047
1.0421841360229005,-1.2191391176766768
-0.5446786894448998,-1.0751959568021607
1.3394442488229497,-0.29000152432556253
1.375747481512555,-3.239616580595227
-3.4991511584149255,2.644233721351113
0.32327948524653555,3.1098837350102366
1.0545361851632553,0.3309760737607781
-0.8360315784126622,-2.781704481513443
-2.1271711988800726,-3.092604928075056
-1.494512494864772,2.405630192002184
2.9005070888800155,0.7890798286064441
0.5953019027435634,0.4547233082292689
-1.3000754666225929,1.2732555169241087
-2.016781679110254,-2.1968477590165283
-0.8459296549400641,-0.5009107997494003
1.0461309558632486,0.959277603070867
1.0690675049681897,0.20742661666821813
3.4700674187698652,-2.792641324593395
0.6005111235692558,-2.9564866127646656
1.396064280976589,1.3597264308385943
-2.6268420407002773,0.9922964466953308
-2.800583082837619,2.3910595828863745
2.7186915359814408,-1.2950086775870984
3.167593030491565,2.3943119647060125
2.8268127612420133,-3.0850513270007514
-0.3999774971390643,-2.8098484804520867
0.4181560063745386,2.797563359871087
1.044125372985981,-1.753154583698231
1.1528651456138728,0.27780665485475725
-1.0899862895805976,-0.5980767514002676
-0.7706870779527479,-2.273357350236104
0.310364768281774,-2.78387019398741
-0.8433842245423496,0.8776139801493476
-2.520050371113009,2.9271900601554037
3.2786038784374982,2.4384857415682695
-1.1844295254581083,0.7883385540377026
2.8003377053468905,-1.3355814356012725
1.114745111019247,0.8437991742936448
1.3352599032817738,-1.0562025150666288
-3.254457398682293,0.8936531333258907
-0.7148025769334617,1.0605072154769513
0.797312033074905,-1.5721350197302637
0.9909356490470843,2.803041745221088
-1.6411541476402312,-2.577904322774259
-2.2197655404798518,-0.5333746847002008
0.5409265537084723,2.7461123210607568
-2.9797443882916146,-0.34343817356345774
-0.8577288443998146,1.0098997805450902
-2.8238534107378777,1.293675765987148
2.624609604194287,2.4131136116895746
-3.220150517325782,2.5535877079428264
-1.2952420350691072,-2.231846746578761
-2.90068926115667,-2.388987794909264
-0.8482995854296156,-2.6621716712998857
-2.891081459050434,0.4904816452436619
-2.091327698952433,-0.15250013949924968
-2.601548601905349,0.5566240478719865
-0.9922978839296831,1.4677182909446582
2.4233163345788045,0.9852324282932574
3.567060737271875,-0.5732248943461248
-1.1074628988612656,-1.0231648347555473
1.388700843498487,2.7116070328795443
0.8799242309507271,2.8548744662236456
-2.875100968592645,0.44056554268526293
0.2749617495047768,3.069304746336319
-2.9222942746187806,2.1362872329287823
-1.0874902633964976,1.0838145988440213
0.9884215238722777,-0.8769308154130329
-1.0240001124144795,2.6267983497312732
-0.9490383083308404,-2.8782078709436067
2.7695603208017507,-0.5650268195777178
-0.7806614688386352,-1.9200112020423103
-2.2928639464169853,-2.9073784625947816
0.7003597934665607,2.7757849410316155
0.8325214675258231,-0.5520766716261444
0.856283722122819,2.7750579027971525
2.413071946432169,-0.144110099342814
3.049094815902676,-2.577927667726649
-1.427796221587255,1.0434629342998503
-2.800005232111737,0.8551607533262754
-3.3362201051001525,1.4018328048839501
-2.5477110152885922,0.7987835276040143
-1.394976561778918,-2.3072411929921404
2.515017879869753,2.2420493513507473
-1.163604501900955,-0.9356563340016284
-0.7431085099712847,-1.1042002413237837
-0.8329434019266763,-0.7618120689798151
-2.5431296873779075,-2.996570149156549
3.115740875030205,1.2836866296350633
-0.6219528110440706,-2.422190106290851
0.20790571147918283,2.2703269138368105
-2.875635214961921,2.9121291949808046
-3.3640732833947746,-0.845094220297534
-3.1490342796468904,-2.6243780227410585
-1.5650084201854928,2.4597706971848345
-0.9227243533808382,1.2018686357720179
1.149359750233342,0.8408526364858719
-2.4005439612983777,3.349403902666053
-0.7126752163055156,1.2417510443313617
0.8510634266492263,1.2272598231500356
-0.8498981586852535,-0.9412300997850375
1.438102750175103,2.606256423111754
2.3929468867762798,3.0922757351942916
1.0174343107397992,2.9829869594873957
2.665409420634531,-1.2526583386237433
2.419964993949638,-1.7343876875274429
-2.797096806635269,-0.44738634342530154
2.3111517734092124,0.9428573584293868
-2.6042747356543643,3.936841570151827
2.543453938264311,-1.2931569835406733
-1.1759592277633517,-3.499210603632118
-0.7461585637140243,0.904783750881503
0.3229011462825494,1.6879680516354405
-1.4385353802626035,-1.2016107884642133
-2.5174201928595905,1.46140455556053
-0.244363974031631,-2.7643322016046894
-0.8484158405487869,-1.413015005577783
-0.6815681891292965,1.1454151751107815
2.903867635835655,0.5457487169032808
-1.088616706980522,0.9518585267561352
0.9319411791706148,-0.7176655272625931
2.363395893477687,0.7810277388981859
-1.0406941993499499,3.330650437284289
2.3054534360758048,3.641970019117791
2.6665746079849812,1.3404143548101422
-1.3113590842922072,-2.48019726851526
-2.1067042703265155,-2.910318794172417
2.7548162180752374,2.4274586587155738
0.3515014718475912,2.8392345515615878
0.8969580287292351,-2.2184482314713794
-3.193967104516914,2.672132576583864
-3.1369054658005506,-0.18514625313086433
-0.5426934323115357,-2.348591209808828
1.2366755917573287,-1.6536818936413809
-2.4010294946630575,1.134986590891109
-1.7239394681721063,-3.061238935398142
2.3948518879301868,2.464052716642782
1.0617401849408126,1.2883106118096554
-0.7871286669631985,-2.4242777408660676
1.2327197612089669,2.6865752078874987
2.5509200129322025,2.7908090777483507
2.5097056200712298,2.6324052455463294
2.3350228173019163,2.34248233235865
-2.418568423845205,-1.7212576198169307
-0.4910695384569095,-2.990486394304324
-3.122789590628897,1.7630565951594352
3.25595274314847,-3.2470955991961863
-0.6747323289639148,0.6122795123715831
2.919187817027852,1.3280928560986296
-0.6527336947743874,-0.3562490942834292
0.355506817715637,2.26563019371954
2.74009383337317,-0.37339397306896294
-0.6312564846318566,-1.1849417281883843
-2.319158922339113,-0.26045215363878255
-0.8132864284957191,-2.650099086317737
3.1227488109167103,-0.9934259349436189
-1.0631532710462797,0.9988282257435048
-0.6323458034803023,-0.32645963803986333
2.316273106694794,2.6092762814309087
-1.0619453379099915,1.470580637584445
-0.48690058281130877,0.6250769944476267
-2.4707189824259346,1.370401529715993
-0.29072239034315467,-2.4169064781013705
3.203086649123244,1.6886241679706837
-0.6746800048610173,2.922970343637262
0.8064038986295332,-1.1901905798779862
-2.4514339774686986,-0.6599166684544517
3.0918395328630752,-2.187109680977891
1.1385465004944921,2.7361611373928696
0.7590860159638971,-2.465405147901885
2.495792875824924,-2.9770337218789575
-0.6734900706662513,0.38078292746114234
-0.9643271424506445,1.218151077527829
-0.6309378258803908,-0.5689220507512923
0.8776145357809174,2.889833634936303
-3.0754429255520646,-2.095312329454411
-2.4421357788035625,-2.856534790846733
-2.650162535612785,3.4629032224662724
-1.2400721102414956,1.0488157965822231
1.0145025210785108,2.2440988124940704
-2.6392912883470454,-0.4820763256956993
1.1264732103262292,2.338343597860712
0.747719620659675,2.9365882105707746
1.4958362074505405,2.9474661355239222
0.9435478851147668,-1.1773643651627799
-2.6812506245529257,-2.9026853977641736
-1.4108877423274115,-0.6661785625937474
1.2835139354683995,-0.8287590420459581
-3.019545670788853,2.783406923835554
-0.7884207162527828,1.0293345188687637
3.4964535259998653,-2.978650320958929
-1.896846118113861,-2.412085063066533
-3.602690920010836,-3.302992431815999
-0.9330345697004346,2.8391288893626427
2.817238648623499,-2.5951495752967504
-2.9677189221975735,2.662637551410802
2.7618779815093246,-0.9106483765565246
-3.0915964695923472,2.2740707569729435
0.5599671454272543,-0.48118638433041216
-2.7245947580413286,-2.6063275927253264
-1.0203981831614002,3.1205760415004837
0.8357658625607697,0.43120178012394367
0.18770061665071142,0.6140606896140413
0.8205596502078504,2.014094514901986
-1.814158671056973,2.8247831187175736
-2.9393165239731474,2.9366576565844684
2.9649595762133396,-2.3921009689903494
-0.7339473948957642,-1.3484126224302384
3.080414937401537,-2.7326568102286264
0.9801551171038583,-2.713814982604752
2.991986778806818,-2.769142916596237
-0.6233208092136979,2.586653127628102
1.0995733699411874,2.7952299660501785
-3.284301237723635,2.467186819371233
-3.4311503985657885,-2.4606220390897997
-2.961517947992231,-0.9649937152287499
-1.1179913517792373,1.5396871645361576
-1.3549240734476513,0.8449935180412591
-0.9936872596348635,-3.1196190159844255
-2.7554386180187076,-2.8038740735258387
2.7057704394636244,2.583506733071134
3.433054464825655,0.3835880944978864
0.7210373381773144,-2.466168813181602
2.7105341664458904,2.630019088732143
2.5370904747239025,-2.9039901898663434
-2.4912959288406173,-0.8677579981827047
0.926075499872557,-2.54989218277834
1.0195891479568722,-1.4195499802541223
-1.0704503667956284,3.280196443844991
-0.7222799297122465,-0.7149339881502398
-2.6325336615528485,-0.6666931221807488
1.2560414178769863,1.4850180035690073
2.414834497938947,0.7973634933559915
1.13301843478105,-1.0177596905692374
-2.7895653605134236,-3.431625247849858
-0.988976830671451,-1.1847261721693316
-2.1629610912175274,2.7341969261725523
2.498385598399141,-0.8679399977663187
2.457476053868099,2.9255357798700987
-0.8479331270721707,-0.7131056434228044
2.505728490943827,2.624434052443907
-2.7732901629121254,1.532412657960576
0.7502666484149989,2.182799382427234
-2.6928250265788445,2.831592705649443
-0.521872240058505,2.4984269424093726
2.834862364361412,-0.5146207186467474
2.3486648067791007,-3.57976042332894
-0.7811909746975536,-1.2461777459191858
2.649022814278096,3.125180578215692
2.7874906013572955,-0.5731560238375784
-1.320988390988393,1.2287142045104744
-2.813118281492097,-2.5566203163480266
-3.119725762768316,-2.668618461544498
-0.9145086349424029,2.486824820621609
3.0571607717963034,-2.5514507046709074
1.0276869179245811,-1.1728903695578914
3.2945952890090395,-2.895780262586449
-0.6873275870047689,3.3092886500045084
-1.0577542635265702,-2.7289695810665724
1.039365289635328,0.6380206360023981
0.5736137936795425,-2.330818470011306
-0.85951213858574,-1.3049184887085983
2.663043201793419,-1.0682730093431412
-2.6181607676053917,0.5579241871144877
-2.5931566824234156,2.9701500810139367
-1.110610599813584,-1.3168052085669721
-2.7866935012602885,2.588103071389353
-0.34514387735811775,-2.7983140423847983
2.8062085516419186,2.689562916074513
-1.3352276688886937,1.7953539049183938
-3.165672751596746,2.5626401560728116
0.3491138150088971,3.721236344302543
1.38374069562235,-1.1697292772353363
3.0771007815011466,-0.835987395668519
2.4883992536291815,-1.1881556511725622
2.67236915122111,-0.6300050938971504
-3.3275542998628858,0.894845801046222
0.9164511815698281,-1.3175765014142713
2.720694483097482,-0.15815499976012354
-0.884494077494138,3.225131313812495
-2.9405586883682746,1.776162377779035
3.7817690359928986,-1.5916499329605
3.1160841738974803,-1.179397980524139
-2.58942903967117,1.4243518770434456
0.2882627925066233,-3.41019596357297
2.6104992547269217,2.463213241449505
1.3134405994385865,-1.1008148659892085
-0.9759959572253082,-3.2421438430486695
-1.1562171658072826,-2.225853596050765
-2.762209769253655,3.6896034085483795
-2.183723763366343,-0.8629795739183108
2.9660181978086544,-3.0630804335571153
-2.695232294935204,-2.5138950176023003
-2.595314583854516,0.9659925286177129
-3.502930244566896,3.09459191862335
-2.1192770387062163,3.315217870924244
-1.3765686703298763,-2.6684159051660563
-0.8447643825461061,1.0294668162824507
2.6051788270985883,-2.723668811411892
1.8376648147495154,-3.220700692930883
1.0224496029536005,1.3613748597004753
-1.6879793163399988,2.33073887368263
0.4145132921340754,0.9800746703121997
3.0355833022082357,-2.897508303654107
0.4174122811685381,2.796527271884285
2.6193431915443255,-0.062474851123112095
1.5249858150066333,-0.31540814684889634
1.0239414017168547,1.1021161248816378
3.2742915627523894,-1.0368080872870484
-1.668020831815972,2.6886039218958455
2.656294816503101,-2.4880449253566477
-0.7094537791436456,-1.2682596208954702
0.8990020800919593,2.9479415709186068
3.352266014990688,0.3805956021131845
2.633764925068993,-0.9953764946708152
-2.6782439270221845,2.6461595054354894
2.5572887558703905,-0.6584823668045034
-2.6759183041457075,-2.7749912294361927
3.0891753012235728,-2.7569336510707085
-0.3829648395389458,-3.139059104694315
-2.4545454757709892,-0.885547455021031
-1.4837240424009075,-0.8903324799530354
-0.3432004885500412,-3.1041429099546143
2.97290934892427,1.0291886305503144
-2.6457459293634984,-2.304629167034146
-1.0776428537522758,0.8316865086283651
-2.576279682441253,-0.3478761654196712
-0.7826804124095769,-2.701529079485339
-1.3264181204698238,2.5380099038993116
1.3721859649926245,-1.3085081896067792
2.438684254280481,1.7694215670626798
2.82707297427299,2.625561145493059
-1.3110308559280515,-0.7819785937723249
2.881644690191065,-0.7863323179013101
0.6950795376380625,2.171197697875848
-3.5276957128631063,2.5958116717840674
2.7461578957280106,2.542502885464713
2.8654724652276586,2.704488522377797
3.106128613047113,2.1992121013926567
1.3956361642756827,-3.1589031932525513
1.5824168824370752,-2.7561302270033807
2.9769843327088017,0.40294084360384264
1.4198515502199989,-0.935471963371741
2.7707249971926116,0.7326525112748642
1.217377917736415,0.6386539106089322
-0.5152376369384821,-0.41145461948857637
-0.8977596008609188,-0.35319029125649753
2.930879407611425,0.6621552512033181
3.3083168536951844,-2.9442601456435256
2.9896565052894877,0.4038216793347311
3.150763093091111,2.4330978869294864
-1.044700324772283,-1.176361931509296
0.8977102306561381,2.9994316043445166
0.24646642426989965,-2.8129947606295023
-1.1135975692886517,0.7480178062420897
-0.7838856676731032,0.8277673276058278
0.6868009969442597,0.7206711109551396
-1.9957556679857056,3.118844252675835
3.3686584102087815,0.5720259122808324
-1.074475457248949,0.5037740778806039
0.678381559105923,3.263705944574446
-2.8398324005360043,1.2862639017952353
0.6815747073031515,1.1236008912936017
-3.198177852683917,0.5568786452724396
1.8270694384279529,-2.9406659868409717
3.138457249416436,-1.0561553477614656
0.8442845301768761,2.8662175664524283
-0.9101188082718568,-0.3571120025514484
-0.7890308629423761,0.16368460603453064
0.8750760619781478,3.398330332700664
1.158343777505122,-2.6184037211053837
-2.8716081941341973,1.5589311209363776
-2.66774287349986,3.1955248175899373
-2.799823690068292,3.104223238448571
1.3037786708043841,-3.4802572648399512
2.792400875479749,-1.1715684867733505
-2.0627201983924066,-1.414677650611001
-2.8928358965822825,0.7882552125796297
1.0849447763121631,0.9497798679826586
2.102780600022726,3.251193802185481
1.1284373945793493,3.2154974125308193
2.477368078582361,-2.3941589019191576
-1.0981789560172892,2.9005834606866134
2.6969249165630464,2.9621302174214494
-0.20414429278075502,0.6244684378142459
3.3734686617116147,-3.1982849802065973
0.7962201664059357,-2.9818270367634465
0.9157879051077599,-3.0215610395649586
0.8121601363602733,-0.9864594518269204
-1.0249561509768284,-2.493951581287643
-1.2595368538893186,2.24352817555255
-1.15781548132558,3.4579436972806192
-1.3500577640867362,2.105336250771912
-2.6495598044002704,1.4630290576997944
-2.8556640465128766,-2.751311340266301
-0.31608867637121296,-0.7843684205356273
2.7893180668755093,-1.1539067051683685
-2.7550739397184225,-0.8946273524835521
0.4454206775649735,1.2968816217744832
-2.815192371633937,-1.04770692461398
0.6456462724296101,2.6847485314919237
2.4145544907487526,-2.597272181496777
3.1515651211594746,-3.282502156955372
-3.451491255299777,2.461581525013885
0.941976787278028,1.0527087851303227
-3.1548619409963274,-3.121728513415044
-0.3445935333374758,1.148457204963033
2.6989854655185095,-1.537668492449645
-0.9023659900943631,1.7889168677416598
0.7546378354379738,-0.4525422149149941
-1.0451353758764979,-2.955361596609181
-2.5445088010647203,2.974605890335012
-2.513757254520198,-1.9873331805334327
0.5486935714150866,3.120186044316937
-1.6855107426563203,2.575454782069149
-1.3005865590284553,2.675584604482458
-0.9706282887093418,2.943917267089728
-1.1231101271282238,1.8059250341614235
-0.1949138826743345,-2.3149574930943446
0.8593861701899032,-3.1585292479567877
-0.8270526551692172,0.8557214321977521
1.8623054372811882,-2.424802680973005
-0.4912449595532357,-2.7115039698213566
-0.9435521586239023,-3.108602547593879
-2.9123570121138247,0.893789188403124
-2.436039983940206,-0.6937750614860572
-1.3206429629423817,-2.4334675543480992
-1.2624750169313923,0.7493455876682903
-2.5922309002925266,3.446311525154386
-1.0964504671601536,-2.6127079907449935
-2.6553202388047565,1.2672395691652465
-2.739479496582243,3.1977501055377
-0.7730610961643507,0.7658182900860965
-2.5722915636517163,-3.0419688535225884
-0.7787373398317456,-2.4273669545773413
-1.2365216783716526,-1.1853730519759405
0.20766314613206474,2.374033332183582
2.752157499146865,-3.1536788209660576
-2.6159456303195943,2.5723241157081485
1.0901539047941833,0.7968582130307733
-3.2850720865499485,-1.230688501925936
2.5877844631378455,-0.9266631051530818
1.2083497413483804,-3.128047732466527
-2.729153517807573,-2.4620590302953875
2.107809472750099,0.7852002994048543
-0.8626561912113183,-2.5368943295831454
2.9344277785810315,2.21068595444135
-2.9722441034471907,1.1903768291213055
2.9424197093014466,-1.46356977447192
1.1120999633045119,-2.7019447898979903
2.5340145336184574,1.9343241080453373
2.2717863969633134,2.364061449788343
3.2859993234443974,1.8841156572931552
1.0576212510015588,-2.24194096034001
-3.1662101295843987,-2.457680870486372
1.019250074674616,0.9841690586532729
-3.342311838145336,2.3222578997447734
1.1277046973914973,0.4850276072589096
0.913589272382101,0.6986927364731563
-0.8933873995223064,-0.5863293331999414
-1.419730650873634,1.0225147110255626
-1.345507311713197,2.762786020887365
0.9151084962155095,2.9160779199741604
-0.5892036152510056,-1.179202106695597
-0.5785732230522279,2.4726075072346436
-1.1027108108051076,-0.19614559698241704
-2.0889814653448853,2.2474344800580757
1.0864348354303963,2.7473917870377784
1.0551803726338111,-3.032381877675582
1.2990188914124374,-3.4791519940887023
3.031505149050777,0.3948459782772863
-2.8928318775817248,2.720987566658012
1.1314949569224655,-3.2263458863314654
-0.9368074176921656,0.8781840947295236
-0.9197257842455183,-0.23132018607584343
3.2143297321951816,-3.2196289726867797
-1.2066504491830294,0.7915122708822362
-2.9716148071999493,2.926982981743708
-0.9460984417157955,-0.8111279927099301
-1.6257227955839706,-1.1484891723511852
1.1235195723825728,2.7730467321631727
2.780257653722842,-2.8771983438806137
-2.749836200470106,-1.3985816386878804
-0.7147608305892184,-2.3219831572302083
-1.3505125379402791,2.4066435294114545
-0.8485285121465332,2.772889640454203
-2.4484425575263726,1.1174729230044553
-0.7598539795899605,3.0716478948842654
2.8725253801735806,-2.8882455572164574
2.649257181622973,2.9807693659331957
3.840307619827252,0.5803452818708448
-2.4761845339559394,3.1340168317132675
3.510740321109589,-0.8004797869537493
-3.1983280128112392,1.1494705218682069
-0.25399672029602305,-2.7547154102461087
2.8460871866147643,-3.3722012383687034
3.2687729188511705,-3.0131101543222116
1.1045565739815986,-1.2751776250702362
1.4738716276343886,-0.888848074808157
-2.645160063256478,2.839593716156377
1.7417805539732254,-2.337046905259908
1.0244510734948593,-1.0938235926639959
3.1569603200688037,1.3030308936522
-0.9309557496152558,1.4762992004364426
-0.4834668327983053,0.8865644667686561
2.916532208549653,0.8501933504373196
-2.553450639472542,1.3939732813229633
-3.0208465815278545,2.6441471639568133
-1.025404884070719,-2.584415989004199
-0.7706324879965268,-2.1467867690206734
2.3769613589141962,-1.1147056331790761
-2.8109494982938243,2.89485789674745
1.1902017332061197,2.429171378639498
2.789453909955616,2.5802015229575073
0.9133636930254273,3.118813604879342
-2.408407789368591,-0.40865941453951266
-2.6381012810989213,-3.602512872862948
1.3120887545710165,-2.633785144192766
-0.14265853778816712,0.8844093185950688
-2.3250328873282773,1.032556322657039
-1.2372034744926095,-1.5393679015491555
0.9394893853720414,1.3326690707830295
-3.2297650271978573,2.7198030253162386
-0.8669025374600031,2.7790139202390627
1.0346733883644543,-0.9671743554957359
1.0399401354025037,-0.7391925212375484
-2.9072673436208842,-2.7091568918945925
1.2887340790615145,-2.6849879292003185
-0.7841581263525879,2.5701256670044077
-2.3415056260935088,-2.766606841742572
2.7839468976044506,-2.564914589798819
3.1585032076404436,-1.4180098792702005
2.8421635431625325,0.946901238366171
-1.1397429952840612,-0.7132506929389602
-1.0617938026859102,1.1198111352091578
0.3025775536500134,3.3089380982205623
3.210932512142047,-3.8194473754470173
0.31964200425995076,-0.9905815261730792
-0.6472112641233508,-3.6098916742005454
-1.1071344607001428,3.117238255496347
-2.8549645837609683,1.1372044805965613
-0.9193245008371407,-1.4495100799245435
-1.699225407401644,0.9145847806883166
-2.847474376315561,-0.9339199535161914
0.9495769250918352,0.6795019353168761
-3.118736158378065,1.621103482163951
-0.8001178196302278,-3.04281131746916
-0.1826997750535506,-1.0947870036565333
-2.6591160010277175,0.9015217554380884
-1.0583263369896148,1.2293237920106326
1.1406945429828672,-1.9884597416514143
-1.0809219404170725,-3.220140566658544
-0.6027549167489592,1.1330092748258365
0.6640814002974226,0.5594565205519973
3.1001040789253316,-3.2108626511592955
1.1141799722136452,-2.694855990963986
-2.933492448154632,-0.8899060828789468
2.7809749152447574,2.8661974119402207
2.3981291526473525,1.0969149533243916
-2.7027683417210695,2.917275561588283
2.1962105757667203,-2.9320325450606877
-1.0009122902665903,-1.1888814098657718
2.9922547400106416,-2.977950100611334
-1.1095676330143527,0.9292435320979431
3.3982045208693017,1.0356287870591268
0.533143674575753,0.8505307297528405
-2.8136141047501018,1.0746401093616718
-1.0050164260793901,1.071619692221372
2.47689630648578,2.4524386860831284
1.2808829296097366,-0.34071549912713883
-1.2355041401058642,1.6683784870703406
0.9378401915565003,2.094849047323219
2.7797845674871207,-0.6959512882532385
-2.707373442043671,-2.366695661798465
-0.170127727030275,-2.748869996391987
-2.640438924857292,1.219854239170958
2.74877549239633,2.295695401743076
-2.863231346605826,-2.291019073927558
0.8134497745098777,2.485851737275536
1.0389601008951812,-1.1664347241784816
-0.9174401442714653,-1.519056704585099
2.54854364359681,2.9538165821318962
3.2460384242719447,-3.049325358287239
3.8221299068023025,-3.5631536232523033
2.443746974428626,2.3829853814062605
3.0425699824123567,2.162792741714191
2.771078679643669,1.326165402723944
-2.840980581630143,-0.4385379399745731
0.5490219428001493,0.8723574655496781
1.592098873480754,0.372034235594874
2.7742139497269407,1.2155945246240911
-3.4834879074736946,2.7534250745068816
-0.5830551458364632,-2.2971917651694733
2.818366167282268,2.4997424235570596
-0.5675896945477564,-0.6417985171345465
-1.4686036744246973,1.7703033366861372
-0.1632874071813913,-2.173586332643685
3.3419389222046583,-0.7657296565253834
3.332253889895661,-1.857396983597546
1.5848182330020253,1.0148618145733004
-1.61011098292875,-0.1627273755414535
-3.3070881271753287,-1.2189435204361143
1.3536611268612564,-1.351205407393662
0.7237623472952447,2.9397827359812756
-2.675538334626023,-2.7102985948633287
3.4877732585091357,2.4713697368409653
-0.6692280642990497,1.3871443943518513
2.3806438430313364,2.693017020555123
-2.499082174807064,0.455297821466081
-2.9813196227578107,3.381107517335868
-3.057942261683734,-1.194494977862045
-2.7805849576361172,-1.427110451288166
1.323398070050896,2.3074711885217556
2.8315831412022914,2.8427740113131055
-2.6799931637869667,-0.7570194203734861
-0.8235953062466885,1.4371158961167445
-3.21073482922977,1.3647363597784927
-1.044139311840273,-0.8457392681618197
1.0119170518532579,-2.3867181570138873
2.828990466427556,-1.030325239626342
2.9554341127336703,2.8487918781777024
-2.6045939568155387,3.069790220449471
-0.9165686049759694,-2.773997135897578
2.5791199171480548,0.6872057547116643
2.519374045764821,2.868111317846401
1.0500621531869159,-0.9388361382986454
-3.459795919171384,0.8276044984082671
-2.4643227101884646,-0.8205320020063589
-3.111619681833323,-2.8087058043090356
-2.015471938635442,-0.5518104630149463
2.4235059842140942,-0.6584551856863508
1.3289270944594778,2.6840654930296823
-1.3946504286553256,-0.012839029122989211
1.1994045965984432,-1.310291119057615
3.206732627263482,1.0364394735425344
0.7796520492519314,2.8735667287251654
2.610914768673373,0.7905443620590191
-0.8739664242391662,-2.845190002606166
-3.0888998712180338,2.4731968083537352
3.0264410973537648,1.322339063528607
0.9562819201010115,-2.4594032581857017
0.8966375173028585,3.729882286637464
-1.1670791409057308,-2.6781684655026856
1.312885638525965,-0.8783716726861353
2.96363115481772,-0.17427322721371624
0.97724833251557,1.3592230821515159
-2.8544324297272956,1.2802266083250364
-3.2884544850690474,-0.8453655540162824
-0.8260926062637723,-2.6062782189832623
1.118774859311214,2.7182995123537887
0.45540319514675526,2.3551363751672527
0.35097170690342977,2.4602100109954836
2.9815479920978905,-0.7461358962852674
-3.125206528191745,0.8524887707569049
-1.193530100464446,0.8327482023523147
-0.9665743096592149,-2.8598467446440847
-2.9125405640959676,1.5072365030910368
-2.63216273956192,2.7799424267160613
-1.4657617268380352,-1.1883001999870952
-1.1083600471119373,-0.8288322375130903
2.9369094294975944,2.6256289878622927
-2.917671453456842,-3.4966175843238805
1.0579354882204601,-1.1342253858666203
-1.0788840054557203,-2.417377429458162
2.435373775852283,-3.8943683795990727
-2.716856644010488,3.5301415742784408
-0.3125457034120579,-0.35497570379546867
0.6382222458936425,-2.502024370706495
-0.6024448656117384,0.4825857732133427
-0.9571467846044753,1.8599872150013455
3.3894953333776248,-3.2559844431654796
-0.9623481343632748,3.4070164793031785
-2.1805311840876236,0.9140385026345199
2.7049630739140524,2.9601574523712566
-0.6927076286137698,-3.1576872031072893
2.8538496918969827,-3.01185333226422
-1.261342800413194,-2.8806251782240877
0.5978681998000993,2.0575070660824264
0.6649882311649498,3.082081805067628
0.8569228497009931,0.1385540722033563
0.6601599219754046,0.9389733829543049
-2.2707468107505124,-1.4560723785596865
-2.5432725541992625,-0.7034002840093495
-1.6553409026839565,-2.963254065435232
-1.0659382385178315,3.093110682514706
-2.860986538275805,-2.5127350015451007
-0.6927098351191634,-1.3261550036861738
-0.9183287092979587,-3.2297524051703927
-0.232049925132794,2.74976926781936
1.3041463983788415,-1.058571472137167
1.026986923287841,-1.062821874919603
2.317096842523003,2.228909613236404
-1.2619518856177219,-1.0259088566734536
-1.4324035915381026,2.534779722419355
-0.17741938261400364,0.5126249425056594
0.9077851178916523,-1.1947587116442986
0.09051912762675633,2.9668876287883634
-1.1020032727711166,-2.7519050911490464
-2.3707780124916704,-2.8518953479412636
0.991928850252316,0.9395140019646866
1.0135180525944119,0.9915334140466294
-2.8049147394624847,-3.1068587500478557
-1.6602745128930687,2.424918249367936
0.9200698424127757,0.8615616848558637
3.3784908049986133,-1.0978503894595002
1.2399892537592896,-0.7178382938582677
-2.8267694586552046,-0.8945655622803622
0.5425099708623924,2.5384919205246166
0.3980298943022983,3.0026098739089635
2.835453106737197,0.7482766489858851
-2.882851248696378,0.9380934581792196
0.7161759847627711,2.3515324091773
-1.5053619395590874,2.98289846609392
3.43804196469904,0.7674540806858963
-1.2018521142124554,-0.9677883831788037
-1.3370428721316379,2.3603603168888294
-1.66296852688049,-0.6800939246646213
-2.3577228966638653,2.9245316958581733
-1.7638632631536741,0.48314140805556205
-1.4566227210185738,2.5860097218166267
-3.0974834469183095,1.6376174325217556
-2.8779440928152282,2.6067818946609336
1.2713278975067956,-0.857065323252444
1.3205769749249827,-2.5244508362513622
-2.9990676638000218,-2.7489929094395866
0.8369872770400244,2.8659938739379993
-1.1462232644668076,-2.753255953445226
1.2112663508945871,-3.039887239979439
2.4522371432061774,-1.0173416620176692
-0.7539464702018557,1.440987786023132
0.8435015436391708,-1.058273687931401
-2.8219985125437166,3.468980651465396
-0.3020716204847339,2.8154115927262846
-1.6221605647189117,2.663140965126704
-1.4297495066293389,2.5191427050302235
-1.4659287582860754,3.351449639455615
-2.8105300534559152,-0.8768889578087341
-3.0480795253058046,1.0449753352626125
-1.417657970003344,-2.6793440314453703
-2.793830993426554,-2.3695032297895153
-0.8072186441445814,-2.6595440392943845
-0.6133412835823501,1.3206917891028895
-1.2629255350070887,-2.9793671090626277
-2.2927209777691346,-2.4192394418427434
2.6926755279372396,-2.8767224600401193
2.622201308891503,0.4204815357535242
0.38935591655481616,2.668160036479624
1.2346343059759939,-2.7657989681391713
-0.949912958873506,-1.0479494294615597
-0.46583667422832475,-2.514548870894978
2.3343279327255693,2.6698644769061985
-0.47217327854329527,0.7637329556291194
-3.0655086810389895,-2.3367503980687747
2.550705542483319,-2.6007055910442527
-2.0498025587704176,-0.762153747945966
2.880207480914998,2.929331813022335
-3.04934567121156,-0.5308244366834173
3.0129037793082176,-0.9100511325851252
0.6262930231207081,-0.6237192587117092
-3.119450409182477,-0.45572119168168823
-0.7920923215549096,-1.2688642801190753
0.276027833100746,1.2641821091890784
1.128497028676486,0.6370162551975964
2.961389330450465,-2.6990676727008944
-3.236694774052657,-1.3394024021247593
0.5771225960423609,-0.5103884506932045
-3.0518578482223684,-2.8549800170051425
1.4496608744730055,2.4862901230129486
-1.0509102647266562,-2.4801998517476633
-2.1278587846881742,0.2736804173382814
0.7370356039758993,1.2117293698033615
-0.909942135143153,0.9372904784247157
3.2967452897902194,-1.2342661894467664
2.552401107720587,-3.028746698110337
0.4787782414259328,1.3441585389186805
3.586565022519117,-2.9541792477480184
0.8260891006794812,0.7177072472572971
0.037791415207340424,-3.52414160707332
2.0973443772157787,3.067250593777359
-1.0164580878156149,-0.47285026693578774
2.905698760075846,0.35488814760463977
-2.431229476011781,0.8079508899599984
0.8992499882314063,-0.9038332691405316
3.208593315655449,-0.9387552362135142
2.8767057499493878,1.1198147908000884
-0.8013237654271221,-2.8116898510872037
3.0966829433644034,-2.990873479015081
-2.718777200987101,0.14473647232728096
-2.614781285241638,0.9765102758408171
-2.7854294076413355,-3.7535640713484324
-0.8537050592650312,2.852218401188451
2.559107887466958,-1.4671328565832826
-0.5977672732184964,2.5111462968578815
0.9594426165555725,-0.9784405445224547
3.230683172969272,2.5681719428779144
-0.6063881581727266,-0.9872437426111794
0.5045900820790892,-2.7816632070391756
-2.542781682736527,-2.5886474081463375
-0.7751842237688348,-2.9161100296831246
-2.469655834862409,-0.9094344027956519
0.8935270535566366,2.2484044353925765
-1.061889921749496,3.3956614063101087
-0.9233455544881108,-2.8151422863716857
1.385454192316218,2.7783162657297815
-0.8127248567563059,-0.09810133461434557
-2.0789617724753984,-2.731443562661743
0.9205847492505298,0.5124624164600532
-1.2472504247376943,-0.8389852513823106
-1.0907963774484417,-3.271955987709391
-0.9184868218319457,3.217685616362666
1.3178616991486476,2.9642535563286536
0.7922106722933546,2.7979369928242206
-0.5405094630386905,-3.2505738583585977
1.2333991441328036,1.0910140722269122
2.5060988769049803,1.10811399762667
-3.160388297591207,0.6767901108011088
-0.4901895638756253,2.9450732477424717
-1.2210212231428044,-3.0078053203309376
0.9644060272533961,3.4379468098897883
-2.8819408563277458,-2.961582801253395
-2.1973905181315847,1.3371927103983088
-1.2028631339741798,-2.936499359451611
-0.5654755876674017,-3.0071257901944812
1.5969877105585868,0.7659537463282635
-1.0980490914578103,1.2342461623967955
-1.5764763105419732,2.7802902850424585
-1.0290635894661901,-3.295909709157294
2.5489268486753165,0.11232684671958348
0.8192940559625967,2.709270967414769
-2.618663257755015,3.0388855865923943
3.1807131278538443,3.1599336718624023
-1.381344829482268,-1.0412754933079802
-2.220320808351417,-2.316750222607653
3.084251028749138,-1.7737496365992573
-1.363824612148096,2.9629343153269194
-3.430313313993677,2.3751490401384014
0.5616040428990027,1.4412870089887548
3.527671137898674,-2.834194470284835
-0.7146224359912928,-0.3469136383926457
-1.7052141151743436,2.573359917126153
-2.9213223580507544,1.0404981438902214
-1.4835852141673784,0.8135598633381678
-2.076895214945139,-3.059116234862541
-1.2283752414422708,-1.1332697026097087
0.25574725209960053,2.626267669947448
2.0669814301790197,0.5600341161180372
-3.1240073002711832,1.0210689445589083
0.9673131995315277,1.1589744234034605
-2.613864254123307,-0.514172168113473
-3.2718797353770674,2.8926236128502123
-0.7794501899879627,0.7052769500148054
2.0610299608939195,0.9127044980616968
3.734373596804065,-3.1599075789478217
-2.956113744873717,1.2627081974384584
3.0363121686100394,2.4413410904086046
-2.926362336560652,-2.1972787018023636
0.7144413391645672,-2.3470229135332
-0.6128961906782635,-0.19489600970510731
1.1171333241022898,-2.5367327620548537
-3.7884460566380898,-0.3457087307971691
3.733141064139267,0.8379079014522351
2.79521331689053,0.5765237677720715
-3.078191469411084,2.8615373863315265
-2.6771125185736526,-0.18930618535075555
0.8095876178604311,2.453018083111485
-1.3609780251484076,-1.305843475488648
2.5823425302920606,0.5130644506007216
-3.3506130450281773,3.0590015042573953
1.1087044774981667,-2.9906224052373274
1.1452489114308846,0.8931139220763868
-3.1099540899106297,2.7357979044396274
-2.792114786537053,-0.6809419540668614
-3.1736790704562945,1.4788611575370072
-0.1940212572309188,-2.689426893333186
3.497269249149017,-2.9022069494883236
0.486253478928574,-2.509856513919508
-1.4766993073928727,2.9148636756264628
3.7199231191859083,2.972282996835728
2.776998840366185,2.809872309537869
-2.4159587594339746,-0.862621857845594
-0.9399938758650142,-0.9184426330870754
-1.3188225216869571,-0.19050061986617056
2.928806680553829,0.6388415749964642
3.4632652935579036,-3.15596086406306
0.2042849622294828,2.1299375880105633
-3.28354951203961,-2.745792913965108
1.5510047064601415,-3.495841487852835
0.2328652032230028,3.729314338613791
1.4053148130488025,-2.217601833503736
2.6943542341790465,-2.612477547303956
-2.679344318566115,-2.3519780673970203
2.2312964812578704,-2.8096467835280663
-2.0393035762527894,3.3307903446092033
3.335090719763284,-2.8054901601659874
0.7506672745698757,-1.4881669932244812
2.9907112438907486,-2.8357125039595923
3.3037647139358155,-0.8146225680704132
-0.8085261994049705,3.1300604124350837
-2.1202625223309175,0.6652142285015596
2.8214486209021965,-1.4265542074480346
-0.9727970764834726,3.507900157024859
0.870567752274767,-2.7585655616721922
-2.7470826121760523,-1.1887096354591955
1.13648612488346,2.9807498709767515
2.902531355821222,-0.9578259184336958
1.2044279337683632,-3.15716370251616
-0.9349739145968275,1.0605114942144314
-2.2951050876276855,-1.2987684491065818
0.9709208470629045,-1.1435148646913456
0.8704270756259538,2.57668680023556
3.837968481693971,-0.73430338005315
-2.8188874405088433,2.061729252537042
-2.6602858778410723,2.2171922403650983
-2.9438247659765477,1.2934974916727227
-1.1113955780311433,-1.1331138727547039
-1.2298181512810213,-1.4761782552107496
1.0058522692473222,1.096431159971689
-0.6857778934492843,0.6509473750113324
-0.055803091158247935,1.0070778032371477
1.6545057258336309,-3.6930362302714843
0.9106563304428781,-2.5979412530838584
-1.289832570838533,-0.728448811791127
-1.2118035286934703,3.0288694302751624
2.5829223726907244,-1.023652833386537
-2.9433488180083414,-1.0345299230910867
0.6052308339634265,-2.66686256681972
-3.1627453070054554,-2.6620946610883283
-2.38723110962765,-0.9536015150115218
2.6825058501677317,-3.5138766511479615
-2.6587094537108076,-2.383355214370205
-0.7954206902819082,0.8229592153573556
2.5317722817779513,1.1542188253267396
0.821868880741974,-3.740385690686451
3.232490508009015,-3.0138024329661577
-2.8607770120015807,0.918251167637795
3.253506788008602,-1.2734586821103235
2.6664335155462946,1.9916976513450668
-0.36901195197735276,2.8287623869723273
-2.8717461202633072,-2.960360500419124
2.4921098701763746,-1.551386027902303
2.1310061252272363,-1.700565550082028
1.7217470345891697,-1.7211056256437216
2.9173715898482184,-0.9076023553644742
2.844062129458172,2.4421076410119915
2.811881427277697,-2.701158164545435
-2.336537593625212,-0.797683954702644
-1.0364714820799377,-0.635214402978481
0.8301659363452886,3.039772523509054
2.617948858581934,-2.8249063275746873
-0.8150532327219068,0.6170608551708415
-1.0086515525911326,3.1753737937371165
0.9953735989129082,-3.0680076248692076
2.960804357311347,-1.3288517374507784
-3.530517746645954,2.225397229248247
-2.7977127842371505,-2.3797899914303327
0.9875852139212715,0.9289038851568576
1.0721735590732082,-3.060515055676041
-2.514149292216912,2.816623928894257
3.345313289337683,-2.18522354783379
-2.54730396414844,-1.8675718509173609
1.549082151567088,-0.9474110388118592
1.1037912083903536,2.611323302697589
3.0128753343488843,2.4515672178040826
2.3192306313930424,2.295799664790739
-2.588274664764886,-0.7485234737787392
1.0442182248166034,-1.2944650287387804
-2.7265625247711744,-0.7028219552440181
-2.5204775921687066,0.41847805511501596
-2.0204030427031845,-0.7351306384727627
-0.9449819620734622,1.096100659941064
-2.525581393907626,1.3388546327784638
-1.0055333081355584,2.465263520255724
-2.569250905758191,-0.5843295734335058
-1.8294933907315587,2.7872555401372168
-3.2081991295702124,2.457699268782108
-1.8943825294079393,-3.197017342240323
-0.1250131304717228,-2.62687593248214
3.3876386761156083,-3.001349936011371
0.614946490210366,0.8023829398329848
3.1055600098260787,2.919579672715103
-3.2696687982925994,-0.8422455734307422
-2.4876788243205192,0.3383698832238454
-2.9398755235678595,-2.9946355830557967
-1.947142839004209,0.7506262034628538
0.591281848051208,0.28919076938846383
-1.1280162385678143,0.8939143055005516
-1.1947254613778484,2.439324222393225
1.2671782784565144,-1.0316470001998992
2.3848715845716604,0.6789877376212605
-2.7523928934463653,3.1793165758977806
0.48087438675902006,0.29240340669978865
3.5661605400516057,-1.673277108121253
1.9302909876548322,2.603904931023574
0.9042487745784387,0.27697543664255225
3.2666933041891903,0.7076888274248353
-3.2230453750326133,1.6527732917114772
-2.8905634349197284,2.449019713417826
-0.8354678248308737,-0.41798109878093453
2.7768194752067905,-2.960488513544943
3.107927818200055,1.0954397360797874
-0.966630212127995,-3.7066905311827307
-3.246005942573605,-2.539314212250325
-0.2866314126244695,-2.742934857026503
2.5115001314717675,1.3570452731178688
2.695610665700731,-1.066916246054531
0.5700756469728361,-2.6552029255321674
-3.071841553859817,-2.4657062890472075
-2.3618662911202084,-2.4173459708112293
-1.0397201928529014,1.515271218877953
-1.097587786396705,1.4056163222926272
-1.4623259881730057,-1.2614969520484853
2.7706629415885713,0.9906695424902631
0.8554024908629844,-1.0929821874276133
-3.2006877471882365,3.076219538752356
-1.4654715348988039,-2.337705252417762
-2.304366360362239,1.150160114651355
-2.7287590273746867,-0.918337959417434
0.8911493668532344,-1.0721425453835514
0.8010200762540378,-0.47843730770798215
3.3206000727090723,-1.1962445216491
3.239253093311452,-2.53896565786903
3.452886509151243,2.4476969379403855
2.302841713008057,0.821819066843035
2.7633547184162865,1.0544258797937311
-1.3396172800383594,2.445120615753955
-2.6308580706458726,2.7320461594631165
2.8842223372578997,-3.538343222523819
3.4229748962319997,-0.799837919247594
-2.8001201362343426,-1.7790372765472204
-0.7304350621364235,-1.0565886923730707
-2.419502395682614,3.1791721821693177
-2.3771197079811754,1.0656746992606567
-1.264278781888594,-2.4888422199322977
1.7716414600637822,-1.4098044037032251
-1.1431635061322143,-2.594406638532708
-0.9611921883799364,2.832441236619286
2.845768382417261,-1.2088711532297638
0.8144513472932489,1.1727777396352177
2.9687562711486937,2.8761767622264975
-2.8313924358214035,2.4387301609125833
3.730329070675215,-2.3302212054085976
0.5120543057365414,2.5793905092251834
0.9262650602434271,-0.6031581640463531
-2.7262779319255372,-2.6331045085475755
1.2091340440777487,-2.446159897950502
-2.7380202836482583,0.39419595714985584
-2.1900804481025298,-0.982054982160641
3.0460968188771966,-3.563202332299818
2.6508143183268635,2.5824731336428894
-2.7021480407200493,-2.9744032145567676
2.9943010995895367,2.4971731948876537
-2.8415387146811857,1.4191796758430153
1.0533050560445927,-2.7359657672549194
-2.5762808860692936,2.054558136154602
3.1791319687574897,2.619776421701427
-0.7347177887351766,1.0500933379629542
0.8378665212962818,2.767686319216969
0.7440591069895447,-2.556787805441774
0.818697778870373,-1.0367443685516209
0.9500764040784127,-0.9910431178018599
0.6069429735246311,-1.1693993034379937
3.1347809253113663,-0.8404541350561884
2.5270048637256397,-1.5020482544618925
1.022015518952422,-1.1379987496991038
2.793154270809036,-1.1172695164776933
-3.0696539412000234,0.8226843867583707
-0.8364877637214991,1.0342336668796899
3.4427844466808377,-1.093584801939307
1.1154650847314735,1.1797986954043018
0.6191880662777269,-0.5896592441342223
-1.283922698942867,0.6945100272386683
-2.2038296295890754,-2.8747143515016123
2.6529240120574222,2.8044634562289423
-0.9902995481752159,-2.5816128564881087
-3.2582912547851115,2.9278229726382774
0.9237127059462074,-2.6923402474129245
3.0146574215981623,0.5689626687546863
-2.984849643688535,3.873963199081459
-2.48068358211894,-2.946586817774904
1.360960924420241,3.332370775126693
-2.5577553747211503,-2.5153550804538143
2.8357417074593085,-3.2907217142319416
-0.9645607495972848,3.0527161602142163
-0.9160883012065371,-1.0516453233850558
1.2510395753161971,-0.9929032307429906
-0.7216449064035964,1.1574015667395068
-1.3223827237235006,2.9983133207582098
2.719549569798093,1.0309146968212826
-2.832908947824217,2.586382892410446
-1.9703341080454606,1.046700719124922
2.328110911928692,2.5420848629815262
1.5760648222098463,-2.8308368520852376
-1.562886202294249,1.5221139278344167
-1.7487761504489323,-2.6815932163987637
2.758223614581539,2.1844522972253153
0.06257218867666921,3.4313821063966374
-0.9180322717093649,2.7607840679837867
-1.4975850450455015,2.496567310033362
-2.3762357600318977,-0.26013174175201553
-3.268987530948048,3.1879686114663763
0.5877287308730306,-0.8412729456635503
-2.106537499768256,-2.881545240047348
2.2534035578062257,1.2735384097268807
-0.7558696279412618,-2.636200643074103
-1.410714184179986,2.3259227088289216
-2.731271722584307,3.4662349650899937
2.7727787412798404,2.8989533876445672
3.0046506717349755,-3.259854662338751
-1.075330971696958,1.457413759364133
3.225458837520069,-0.8874458090176255
-2.8979511072772697,-2.6830007692285385
-2.8827135035795877,-2.0204435924615924
-3.1567212313701973,3.4301618980768005
0.5305853479747041,2.5134931578773325
-1.2508693467499323,-0.2786569413962021
-0.6091239233794125,-2.837779435085932
3.188598819369367,-1.6247427799309448
0.6451146147876037,1.0629699017078207
2.7285234708714174,-1.1342054857659427
3.252411352423859,-3.632619091562589
-0.9499175415311855,-0.5707078136824713
1.077864851244686,-0.45180622004547444
-1.296407634521357,1.2763942012837675
-0.8942798389898432,-2.2218268513057624
-1.2288346088954687,3.010031944433939
-1.3204640581180727,3.0726885925957905
2.990896806639434,-0.6644469528393522
-3.4621139867788613,1.329603403784896
0.2988375802071298,0.9865220872422156
-3.175401282390657,-1.1147429736230634
-3.1870805312105577,1.4589040074527981
-2.813500979491976,-0.46605495504288946
0.767341607307018,2.4445812065777153
1.0907289103880105,-2.4640436361623097
2.608886585317161,0.5177928438835799
-2.9322653082222034,-0.6408578482372026
3.2115862780184825,0.8527599301920544
-2.5115559573490898,-1.6914393424279788
2.5126355579436312,-2.825989701468509
-3.3590688449243573,-1.3535928381494131
3.23821857357516,-3.221694243514247
-1.5614678128414199,-2.1687763764510635
-1.1258002926311603,2.848951569213269
-2.4763359153866973,1.6020002070757924
-2.262596406574791,-2.7554171751748493
2.589983426819963,2.6045670760727515
-3.415925507894701,-0.7608004017739347
1.959928839208074,-1.621753934529011
-2.5453179608108667,-2.8264636060667665
0.762413940527905,-2.9462642317092342
-2.988820010231114,-2.5089693819921894
-2.3098204365846073,-0.9731290285516339
0.984031593349506,0.9090746417729725
-1.132180900166763,1.4258018187872095
3.4051320357990074,0.2545170297740027
0.6761174311801016,0.9584485466792438
-0.49163265726577404,-1.5892778690673517
-3.0267923150687963,-1.0680722969567638
2.652367020001856,-2.564836076199349
-2.769774575434086,0.8858119491484313
2.123371194160501,3.026931845941488
1.1527043503165428,2.7594763979747228
1.309946742360202,0.4433967512998366
-1.453396256060522,1.03807217776591
3.224313080602628,-0.849846753047773
0.9149033636010278,-0.694084850784439
-1.2399294837133448,0.6166968552559312
0.9960983300354145,-1.3522547130011093
2.8351114934085797,-0.5962166368462922
-2.2927547818606544,-2.899928764748253
0.8478676496813327,-2.6283449924431967
-3.3439328033583884,0.3972029485728692
2.83207039737215,1.4505103382616906
-2.957336756403803,-1.3974834755067753
-1.2526880455983185,2.8347493852006016
-3.199881169999009,-0.8326578670808532
-0.9450631934597581,-0.9301218084667767
0.7230295250029674,-2.7614383241378406
0.7564733132554518,-1.681578731193586
-2.652295201720025,-1.1076991250365786
-1.1521135251846222,-1.0434165192008094
0.7875848160669701,-0.9822825109636218
-0.822215207570112,-0.8548054246518336
-1.9093250612261126,2.4597754083747763
3.0286472338297434,1.457624630220261
0.8751561531390333,2.2971748246052837
0.8696590849358719,2.5709412210469256
-2.722624444968131,2.5424644209352816
2.160184862019943,2.9609064883450777
2.6196288285814497,-1.0808485283445948
-0.6387200439470209,-0.07652268355573669
2.7910419962019617,-3.4359298676613452
1.4001579035285243,0.7422270793002449
1.1184566779568794,3.210690738682108
-2.672634092593728,-0.39264211181183944
2.1202496991846655,2.4734032791093967
-3.0932790780779094,-2.2582398782418274
-1.9230547114851593,-1.2814449848717808
-1.2170699717417957,-3.0954200033260784
0.8882161525049331,-0.9367204715960276
1.0893239463257811,-3.2154047895014837
2.630355990450227,2.8916228217438307
-2.2275972166123346,1.2032955064789588
0.580311596443086,2.4667958261142275
-2.97868331634524,-0.3746827322931744
-0.5870484547955502,0.9726939537671219
2.632958679179536,-0.8023675648630033
0.5965954199180268,-3.396642140171303
-0.8658305842875267,2.6124907548314664
2.3478479465322253,-0.9712720908570147
-2.9387724870404472,0.659217455104328
2.910431795109631,2.727316256310481
0.9708814862153076,0.6175114960432041
3.397984010111426,-2.64511571151914
1.3585234136336268,-0.7055679624834872
1.2398722367672967,-3.336765648572434
0.7651293172083994,2.890307055805749
-0.6642184352768457,1.1365811112624022
3.244730849860323,0.963466098724198
-2.9417454520485493,-2.745980269100604
-3.083526479030391,3.113316877872282
0.5036578129403295,-1.1805923796487412
1.6097664485806304,-3.4413564211191487
-2.7090755604259753,-2.7058249637351035
3.008571969673083,0.8363053550248766
2.0286050023939275,-0.629537803318403
-2.1268030941335607,-3.0133854073547126
2.830710650781812,-2.687558050606044
1.2543735227653166,2.933189540754282
2.35055630036617,2.8094821264085987
2.7537952624865603,-2.6336626005254424
2.919718560764163,-3.5526932115329677
0.9987846669669468,-1.267238196690554
-2.891819138215229,-2.558799059895941
2.6441890470948626,2.5211131233848003
2.42669759029331,1.3781132419417028
3.252591563806768,-0.825427599243513
-1.1189734035891643,3.2721773496901276
0.7372081160385873,1.915926291935669
1.1547526497878409,2.447423466057145
2.9469600612476685,1.6605290982422427
0.7332721885295033,-3.218369497283406
-2.8881989641206705,0.7954125793089158
2.6758396606768486,3.145748348529134
-2.6974680056418325,-2.473752044476703
-1.5769037080870842,3.5963573412854077
-1.1324537921892344,2.9134739985595033
-0.7643848079798964,1.8590855655280458
0.9715327169337798,-2.9130640221083195
-2.088100360667254,-0.8448601497692213
1.1810894770384155,-0.9991998982446397
3.0087110853015013,-1.2304541604936274
-0.8854951373545382,1.0469994114176544
-0.4749696179940505,3.310689189365375
-1.2643404878436495,-0.9483407774768148
-1.0668126198117682,-1.3222421157275732
1.4892527932162112,-3.0039441410089114
1.4657099262898552,-2.8506540136767398
-1.3397331734818032,-1.1463575603359322
1.4355770261014922,0.9917835272334307
-2.573005256342169,0.8605505916109691
1.57637027928825,0.39027909661696264
-3.253658364726369,3.0664380323352782
-0.797641858891076,-0.7214495652184285
-1.1869084869441877,3.434303073127926
-0.8291748143392451,-3.178143171394283
-2.4707999057634065,2.769452544251554
2.970310025610132,-1.2786340189414318
-3.072434450328756,1.1353804087488304
-2.433296232045773,3.10460131035911
0.3834832266483233,-2.6062553660437526
-0.7134506397305425,-2.2889697889643488
-1.2300571946123529,-2.6993827626622804
-2.352915871435171,-2.8424860350749586
0.9934475579369105,0.6478647647413189
0.6909351960869079,1.167911076250615
-1.282733279407057,2.9742111142321357
-3.0225021193826045,0.84010017971444
3.06438606554412,-0.9639018837345373
-2.728256805860905,2.7507876387255896
-3.0225148762429535,2.391050104737017
-2.9238957252393383,1.1117168296405624
2.967948077084807,0.6557415189007226
-3.586879998386399,0.6171959169816544
3.096534986325856,2.951029630785019
-1.2006220021120937,1.048629499192722
-3.167742297119259,2.517207913064759
-3.0591878327920985,-1.9712291018062291
-2.785920293294683,2.516990803470203
-2.405845845832356,-2.311526972373755
3.066129152049733,-0.9307165423246034
-2.69457482712137,1.0638464006119306
0.930048203451662,2.629247612373696
-1.4324639404966955,0.8115619495538338
2.098087311425419,-2.694744903066766
2.7647072271136466,1.0476361943155257
-0.7690759500925315,2.3409757852054005
0.8683015106186982,0.9290986155823999
2.5062982570879893,0.951122131838948
0.6956079810056852,2.967652647914933
-1.5210660401584724,-2.2635088485493684
2.8920799483951916,-2.5834396118104954
-1.309453345811161,2.38101459552238
3.2233248195866513,1.1205266894909496
-0.9553119616914435,1.2181213548850156
2.5643067726622957,-3.2896919901834405
1.3861837275259252,-0.8691387666807708
-0.5538594498577993,2.227511005872474
2.674836410227219,2.3589675551674465
2.7676250143130443,-0.5630569651364765
2.9570509669172815,2.330161314801228
2.5959049056109516,0.6618195315839689
3.1694588785363638,2.678002982211756
3.090104669704274,-2.0250193033652457
-0.7655964228662432,-3.2866677566966747
-0.8862482638932639,2.9465386405554503
3.379888841781356,-2.880620271753246
0.9217856871855882,-2.98660296460476
1.164974563000656,0.7840017063297897
1.2902311009719551,1.2502275062619281
2.4000315370448964,-2.24135345807036
-2.586136916659617,2.402553582690513
3.3266605223587358,2.449267474586986
-2.7111127495416385,-0.8219367494470171
1.2560355393010434,0.8431095094679792
0.5775707869059508,2.383477378532575
1.4350753505526392,2.4012390740073957
1.1649770967996866,1.196714675473111
-0.48245078010594095,-2.339269439936753
3.035375136990998,-0.8035454140210507
-2.8672422218407294,0.33578463325878455
1.1834913030995116,3.0254027410735826
0.9225379933319879,-3.20441994769606
1.028580090333,2.980741341555568
-2.4302329664437874,1.3025575980063608
-0.5199908554028129,1.538378795113141
1.1411789482381571,1.0455827334216852
-2.4888843388972464,0.31002417647376074
-0.5817330704594937,0.8334864957405745
-1.4698471204333294,3.394733028607208
3.1925122403652897,-2.9476913551632022
-0.4291407568283011,-0.7506279231231116
0.6700378284256441,2.7326618295266263
-3.1545913051668975,1.67899844436458
-2.2668780078281854,-3.3907653399580684
-2.5995252760357372,1.5114076430273338
-1.0878305677577806,-3.1666397300192535
-0.05038669941973702,-2.9869629957669117
2.494494556708128,-1.106078647544693
2.04632178135939,-2.9191565309849388
-0.971057686112509,-1.4574541611722134
-2.719694995766685,-1.1783002979153152
0.9133269689214532,1.3172160169452867
2.715383669633278,-0.5683085214012016
1.2608317620868212,-0.3782931980287666
1.7335179034054509,-2.984448662200058
2.697530299039261,-2.738813242571467
2.9018495742391135,-2.7576209828924156
0.862572215724729,3.033406679800056
3.207849783441308,-0.8890226758580598
2.2731290340544357,0.726504699224418
-2.6434517185979427,-1.103175434660909
-0.8238225503109978,2.789821681248516
3.1017337083716314,-2.4988690898103214
2.9727052571679926,-2.934519136257675
2.095471810052854,-2.943337484003776
2.326046561588446,0.43398884790606923
0.8270599276374956,3.2408751284816053
-1.058187195750237,0.7263317694379023
-1.689051512315597,1.3100667328687077
0.641654633817688,-1.4037460538302855
0.49635490624892714,1.1295270268057713
-2.5298850211381203,1.2204469475747302
-2.457954568006449,2.892220988460879
-2.350332137718817,3.1646690007885625
0.8944787863815292,2.7894236067803586
-1.3676297001175453,2.9925668319420504
2.4335748314640666,1.0022242839728164
-1.217887839188105,3.2280921118578774
-2.1430028930054386,-0.9612684628326217
-2.639444050179074,-2.9808881715517206
-0.6944476772895986,-3.1125763935261936
2.365654889589888,-2.7972702516811925
-2.83585025650131,2.93662513942031
1.0357159509094371,2.8107538050709437
-2.6303616774524947,-3.351243034018235
-3.0585946710481138,3.6239739308908914
0.8512342205549338,-3.2754630119697983
0.71937407489427,-0.746603975187499
3.208136341758187,-3.0041412446604707
-2.891353663627815,1.5073327906893201
0.450967578761494,2.525536744493066
-0.015378902274176355,0.640995641274505
2.664610586995645,-2.63372081369364
3.500193884947666,-3.3352270815424983
0.9574119351506241,-3.315466905464235
-2.8643812178589787,1.1331238962949435
0.9177395860301347,-3.421180113406475
2.5599067390329258,-1.136855055079582
0.8928821099244555,-0.7306091106642936
-2.3851370364815074,2.706683467530447
0.48760384290821274,2.200509090504932
-2.019365756101026,1.5400701374938521
-1.6512486545534253,1.2033500043422518
0.6563114885388417,2.332906717312276
2.02458469094984,2.3914437382886784
-0.5821547338676685,-3.1240266904688463
-1.4503888457596672,-0.6025780245733361
-2.233506732780258,-0.7530813389487527
2.4975269786575747,2.392597700778493
1.3167062774617024,-2.8303981664183273
1.3621351664903183,2.954929311279857
1.055873692928341,-0.8453366434057201
-1.217717441868171,-1.076080495954328
1.2613421559639229,-2.7154695670737676
-0.7584949238053503,-0.7208294805644886
-2.827655050600805,0.8045190363651377
0.7233003980737882,-2.6767864080177812
-2.7750968601797816,2.8785700973613815
-2.2660945060556195,-0.6123111528328231
2.718983105912854,2.89160709183923
-2.981783286873654,2.214857258684114
-2.4288538212226998,0.9100483498305244
-3.0751242260705443,0.8473473111295262
-2.059416446436304,2.572236427454039
-3.3762474741424793,2.5899848303073
-0.9900277734535644,-0.9371738047307119
2.8898586035254175,0.6603597631263335
3.1351493377641657,2.5215883331033773
0.9609907646316602,2.323332634732979
3.3149504810640775,-0.9419247531214222
2.6055189449262843,2.174167118005128
-3.12138601179492,1.3002971089470343
-1.430230607252444,-0.6167020134763255
-1.330069281032214,1.3052276784153392
-3.5023825144458374,0.23860782819259066
3.2544561771753466,2.8170730629159353
-2.4432755299275457,2.8571538011882804
3.754975646575026,1.424064873903214
2.5770862207155254,0.3410738631103614
-0.9969903403955584,-0.9896314659617166
0.40428569903023176,-3.2624904191839086
2.6075959515887877,-2.416127034970478
-1.0749869471891602,-2.2145134333086176
-0.6914406610425377,-0.21669136351628446
-1.2800335963933518,1.0952405414501623
1.3554701843776067,-2.544565632844029
0.5992093057781779,-2.6233536527366725
-2.8475333091745596,-2.340366026602901
0.41499992095309834,1.2822105800137156
-3.1075258448365033,1.5067964847663264
-0.7828521048438838,0.5662125105773003
-1.25666904202026,-2.7262815226976627
-1.449414863624577,1.0649095825450414
1.064534557860379,-0.3526789647821976
2.804445298209169,-2.9294610891704385
-2.7635702644381848,-0.8761183076780946
-2.3213540875694667,-2.895227746808935
1.0756614376733262,2.6875467028181763
0.5474921847727694,2.41766839230975
-0.5441342074001588,3.083309606348192
0.5537693135954771,-3.1906373512378416
-3.2955014061093637,0.6006529706192788
-1.216872146067338,2.3897264616562577
-2.470070061217179,-1.2336400967576726
1.170892020588343,-0.6962155013542219
1.2990864198618306,-3.8568881079407498
2.2383909513548073,0.9916800643489754
-2.7127669141067448,1.3382223559033757
-1.4011903818761458,2.254828443441043
-2.781190436341497,2.913050622753638
-2.3825354778233048,-0.6732844508322919
-0.6883308094886327,1.0218761781053642
0.5033237324720662,3.2950213145887335
-2.3197490242123955,0.9367698384617484
2.3539008985766996,-3.0020081588339997
-1.4685036347466107,-1.2838450883602417
-0.9563141014863823,3.2135327724047738
1.641357295956269,-2.8768076463620016
2.7048248780877113,0.5884385253164115
-0.9137993346835791,3.4045248268764983
-0.20224434451436424,-2.717970756116261
0.7108274127312295,0.7558251018042098
0.8967123255658773,-0.7338810492026031
-2.9935643271370953,-3.5530253009227706
-0.7937433669138463,-0.9768445185229969
2.2321516604994347,-3.013936948022288
3.1981511764604003,0.8818337415648237
-2.9442644876158743,3.0697973465616784
1.8740362046157555,-0.5915694310118771
0.6851785701970556,2.620808662703791
-2.8912665883076354,-0.6240699957125356
1.4152142569081765,-3.150997928120089
-1.0770307310788465,0.5996727977273225
-0.7172245171723223,0.6635077797774275
2.899326488025408,1.0259787067133694
-3.0598934445788593,2.90563648792706
-0.5686767916176827,-1.0599322197361545
0.6653661723478591,-2.6463657844070863
1.0180948878012361,-3.030376026200954
-0.7199521688838417,2.8591339099131483
-2.888265838361918,-0.6231989675523947
-0.9610083463631125,2.752053509501477
-2.434712136934568,0.10095835485817041
3.002707137383831,0.47926403237658355
-0.5727141799344609,1.6702702038731703
-1.420508616505446,0.9272450348778669
-2.697768861282454,2.757896802798258
0.7015500903762272,0.9826162344520158
-2.3836793535839718,-0.2247123011227049
-1.6740964980711805,3.2355623376487004
0.9764011711836339,-3.2134830479548118
0.8319594687385566,-1.5782608892679935
-2.6572778269080257,-1.506357939013631
0.9745363694969357,-2.914946425539794
2.7585758369796163,2.2874334512695333
-0.9725357202767733,-2.3151723519333522
3.1650511725542514,2.728248276643284
-0.7325346042941315,-2.6027191901324347
-2.4046310601268774,-1.2166225969299682
0.48269318964992114,-2.985804635441695
-2.651140973315455,-1.7509918836199758
-1.3567973129051794,-1.9962572793087079
1.1260810183993524,-3.154277333539855
2.9604070675236094,2.598726668453586
-0.3193420513088302,0.674384504112878
3.028110226743062,-2.95179338420947
-0.9007183709299852,-3.2273085108842223
-1.004879495374363,2.3992551725428433
-1.0592243858728971,-0.7181078987549538
-2.9094506312523842,0.8205357534520901
1.3721992450396845,-2.3535956276302548
-1.0908334517336746,-3.6094676787029325
-2.7888791585437556,-0.12445247234788699
-1.2247520386768744,-2.6784213840072746
2.857285458316265,-3.0693178441726947
1.3127746175960424,0.578744123925319
-0.9921186335335107,-3.075169578545123
-1.0613832980139775,0.7765169334667351
-1.0796617179672625,-2.62858567521313
-2.6190111972534234,-2.994524685795327
-1.040447693128289,-2.888193247367609
-1.598748921808654,2.8426666289293885
3.1320544341883387,-0.9759661331181532
-3.267143654413961,0.40936104315377675
1.1431706933052819,-0.11315019491344576
3.104282327473315,0.12553549602437228
2.6973348346820445,2.2026794193788732
1.052703940751799,0.40537405844638125
-1.2291855913788317,1.118418253932033
-2.948673007964685,-2.207580225267112
-0.6039214913350359,-2.586988428771324
-1.39312539015664,-1.3806741504344684
0.2683451324276955,-0.8455207825927258
3.1542302623766214,-2.699891661286869
-1.303780465460519,2.532838190013863
1.1276780208374761,1.3044019516556657
1.4448730471180113,-1.538604520122305
3.304496611430909,-0.9622852772587244
-1.3159644579642946,-1.4370282517313606
-0.5592375278525321,1.2986536403484414
0.7652243698816629,0.6846785572427269
-0.9419335896914275,-0.8820615715464155
-3.2580793795385232,-2.8428445754719425
2.9769056582361646,-0.9738403382443309
-0.8517240554329122,1.0063926054677834
-1.0718375360106889,0.6895667785050649
3.2559741934246507,-1.6724435049784037
2.3186332685312587,-1.0828315665128583
-2.5264504513406942,1.0751866216276924
3.619125226410317,-0.5837738449062377
-0.7969224564504308,3.1692510167209695
0.6971281006515403,1.232711570801903
-1.3780802680209165,-2.870960447505879
2.845734983294577,2.433945228212813
-3.3161448092736623,-2.6323038186288676
-1.2375010231925028,-3.201078803536371
-1.0813653392313465,2.782506673403151
1.3538343963750046,-2.660327080030317
-3.174410246880928,0.6467686837298784
-2.4904156898530028,-0.3964041289572854
1.7992518478525137,-3.205703534470821
3.142660988480803,-0.3403872610715397
-2.7057060848404393,-2.731326843941522
1.3285823446628509,-3.421943406984408
3.214511761808005,0.6743226281639115
-1.4065792849209167,-2.6840342535980835
3.18582779372574,1.041392876720376
-0.8031653700327007,-3.0836555008343898
-0.7444064958179335,2.5091341342047206
0.8456341971827441,0.9474365970337825
-2.6493576691294565,1.3337596039728519
-1.435248254446967,-0.9853768856572516
-0.6346528083162707,0.9036096802949112
2.707804135659396,3.1571887282683675
-1.4139731389419703,0.567747295990947
2.6635885249795863,1.272181254226018
0.7807954905467535,2.0943619687614463
3.0033165012020526,1.5743872561613879
2.580011416625662,-2.7596029820058674
-0.9212468955035961,-0.7022603175998011
2.995983608538686,-1.4924307547287259
-2.925998770138442,-0.967603556916311
-0.3106853590096313,0.8605891015819989
0.41148173184599013,1.1388411843450443
-3.007699868802198,0.9590077925370472
-1.2605540451892292,-2.6287656286317125
-1.1163916433906638,0.8100267016605969
2.5007026137991097,3.085593139271819
-1.2152986605523641,2.8485374492950983
-0.5633521989718023,2.0680353329372387
-1.0056013933107113,1.1713426336136985
1.2468144071431173,2.265282113640138
0.4447784993159004,1.0800749015797368
-2.6359465827934314,-1.6276945023911713
-2.3145651537946477,-0.40297616075153997
-2.450693109428845,-2.7273868640679604
-2.2222723710750745,-0.9589454416260557
-1.2424629191196341,1.293566219264275
1.265921732970896,-2.8186296338061143
-2.039558490419931,-2.422951112018946
-0.9461396837974261,0.8108415732180236
0.5551702497532717,3.13646274823778
-3.0288939867930744,-0.7028324531854928
0.5511581581444449,2.3028737553445593
-2.813572805485883,1.1308650449504674
0.22668501651592055,-0.9197965022889302
-0.6821743032721266,1.2112067410201635
0.9124232996176743,2.7236498318081037
-1.002707156345021,-1.0309893461187787
0.5824446954583578,2.646945291569581
-2.7117925475480043,-0.1888990704746261
-2.6853264209383294,-0.6227786646249381
2.4555305067128748,0.8258218654616336
-2.957207705220689,2.704713206945748
-0.4311248732331238,2.596901921988689
2.8466505471150056,-2.9536271739453044
-1.5589856868211613,3.6978154860989956
2.7568791801534056,-0.6579273937645346
2.559972126788223,2.7345911739394784
-0.8942598780900614,3.1213969143816125
0.3240634065831386,-0.42051513602496454
2.9986902983311787,2.7297950582258284
-2.9868139279079378,3.463741003551712
0.15116678641750234,-1.7301905096274792
-0.7645258491586935,-2.176597589460111
-1.6874871880799895,1.2765753228283947
-0.708339083972017,-2.691858516205713
0.34001813840872847,2.475221908341422
-1.3592542773694007,3.3090501402726766
-1.0941317220052236,-0.553456034604219
1.0316734423988465,-1.0636982917704747
3.572960311989451,-2.9580617533517026
2.8019788892727844,1.012893235309288
-2.6324119437025333,1.676813978670809
1.41813565808639,-2.764074885861214
-2.77756772837969,2.91338072495003
-1.026828104230577,1.5500762015152745
-2.8865245789034173,3.476616743715882
-1.0137053597209447,0.976985392529908
1.066905319240692,-3.0357104108307222
-0.09944080128655657,-2.6658136331143085
0.8429367155928666,-0.9274545039898486
-3.3098200947982312,-2.430863231793417
-2.5077995459995215,-0.284825870539422
0.03272856061979422,2.376887494293699
2.9131367371084402,-2.9836289230781596
-3.153658273241901,2.7268219932876607
-2.0830751335527555,0.776502704338954
2.4785716097824992,1.0791413761373478
0.9458552287570338,1.6287264425674268
0.7740781882233334,-2.3862659442462233
2.9384158374107643,2.8289516489094937
2.611796806845917,0.988799197359685
-3.7622713782835167,2.2824551812220615
1.0778159546846127,-1.1089910715440154
-2.6490966862552727,-0.884153356044542
0.5844818603949424,2.6267694899165908
2.662993062300965,2.692070939682453
0.9019643372923609,-2.3062970748434397
2.498937343555206,2.8864402901434523
-3.199829239630369,0.8542259730519998
2.7913507162409688,-2.69319763112132
-2.402310844801528,-0.4366993032508116
-0.31627130114127944,-1.0694683128572584
-2.5419903082570494,1.1771143787957783
1.004766314869008,1.3187764759734935
-1.0005027841080545,-2.8697793900867548
-2.7479461375874514,-0.5756176748068317
2.556958914219929,1.4261481490435775
1.0076036477489254,-0.9854526520134912
2.985297554254167,0.5887043468079066
-3.4047691411491887,-2.22149882528144
-0.4857653108359338,0.5830589191365122
3.345759971436014,3.1547787505985454
-0.9137632699143576,2.244842725328593
0.9643750309856415,-2.2939340570609557
-1.6546576191918956,1.1958185599574198
3.4335889923150784,2.485301524494742
-2.5688063038921567,-2.7659467671737032
1.7071614651057332,-0.4730034516867685
2.9647727126024663,2.9019169910426266
-2.8632455274127264,-1.2370950014146869
3.098209940402659,-3.035465863544556
-3.6033063773949223,0.9011105298982605
1.232024786331002,-0.9726739862126758
1.1906534965165425,0.6627302161623692
-2.8040663866805438,2.7817873335336287
-2.7224217207767025,0.5303886410762362
3.117372952955357,2.4639747537081598
-1.3018113400060134,2.272805866120443
1.4804331072802213,-2.9895108073227528
2.9397652687027764,-2.4324749952357823
-0.9420741362697077,-3.131301708318559
1.112578088828573,2.834158111671601
1.655748752537097,-2.6289224818264434
0.6398563241622619,1.0381474181520205
-1.0241657705537592,1.2985317850060805
2.9809041294092142,-2.834378714563045
-3.144822828616124,3.211419356814839
-3.285169858993916,-0.6214448273278282
-0.7582882453674805,0.6938283502611867
1.0729124678873991,2.9447918088350353
-2.996843980980349,2.7551461541189166
-0.549900710824616,-2.901544060869804
-2.915897367392193,-1.4420468704713472
-0.7960573178073523,2.90822969369893
0.6497767995789276,2.943069528001349
3.014975451034213,2.8551133711624908
-1.229892113767809,-2.525590944292525
3.413701642815449,-2.7401639569080825
2.3673063230509737,0.8479892397758075
0.7167728632256932,-0.9458136608308289
2.7782088857510785,-3.0102628951517736
-0.2959009934422899,-1.0313946038319226
0.35122552659830064,-2.9154700352911656
-3.2149142250127327,3.273335442514814
-1.0752643951034264,-0.7348949364785736
0.43476385413594976,-2.2786401484227
-2.5539882083722567,-1.199612284393382
1.4706371552868496,-1.0368548278813399
2.9677267972916255,0.3978754184660799
0.5530709572632924,-0.5617012922907405
-0.8451539605676083,-0.8773059572880239
-2.50185681365162,-3.2612511682921146
0.6410480129132857,0.8372403336393704
1.1462891391207441,-2.853763150759345
-0.7797589395529342,3.2262430041130443
-3.0430808663980096,1.404035402669069
1.782013648371066,1.1321218625734506
1.1289213506423386,-0.906662215432801
1.1184634803228966,-3.0996513916839707
3.029852608339957,0.9094027547974971
-0.9342664527407057,-1.1834450358496704
0.46877167657049584,-2.248830244547989
2.4427487802621237,-3.5119627775062976
1.041447880518038,3.162962330393432
2.3257543802826626,-3.2141804274498766
-2.1960370965368443,3.584222081486317
3.2745198176094954,-3.061911243423813
-2.9399840545278457,-1.955433326561821
-0.897667083106116,-3.175533116640982
0.2452617141319177,-1.0470446984264126
-2.359901749270986,2.532709220696321
-2.619440085795906,3.0669066761827937
-1.0581002039619962,-2.768358065301626
3.1181403116379713,2.291808170410955
-0.9596980571076791,-0.5041299288646532
-0.7160666742427818,2.4395864331584773
3.006221661635801,2.8604422724167473
-1.5006760987081431,2.3938754330612535
0.29189517799245607,2.6789755361393133
-1.4809206745568848,-3.2009810069380857
1.5503422022366087,-3.2221959581124344
2.4706763639527787,-0.9414326241486661
-0.6043750899560834,-3.0509553041206816
0.8434935720534771,2.492491024721031
-2.737780452028838,2.61894337878648
-2.368558415660642,-0.6722840759936488
-0.197607765747282,-0.8890768503294405
0.9455035775858767,0.926420252707153
2.700258529575993,1.567552030808418
2.481550188777228,2.4558946507314245
1.068038355506416,-0.5871482618677937
-1.9484149109861482,-1.4537076888026688
0.9761882708361725,0.8264544510169858
1.351546767961868,-4.0743417343225135
-1.4680607470996088,3.0956135125292463
-2.394824230485705,-2.211630258021789
0.9780538195603952,-0.9279351450858082
2.3866953247170937,-2.7632167020144736
-0.5440351338447795,-0.8238162745579141
-2.6829783011316732,2.923955220953665
-3.0579026947698895,3.0671665796563894
0.3942205140020763,3.1542437567476203
-0.957341783470803,0.8599326022279192
0.4730727364341645,2.8944211874136627
0.7042682539186573,-1.145593845477314
0.2054679247313928,0.9106289196818712
-2.4460554735485505,-2.752425934264277
2.7476689627986017,-0.6336427812675811
3.3961923547914195,-1.1836906693916383
2.5275427255188965,0.8173151399624394
-3.1249128916202893,2.925783177408403
-1.3673180727523129,1.1404851706636978
-1.4724996010370153,1.5375990151194279
1.0246603778510062,-0.9085360055666787
-0.761881745220801,-0.9398679757387228
-1.14909164827294,2.844132249700772
0.7266393677565758,1.3784715451989749
2.317451553528086,1.2583694215538925
1.396341674400438,-2.806874030941623
0.8016729220369067,-0.6294895377560107
1.4131863381328893,-2.452032816706716
2.5331476642577417,2.450372415158508
-1.2295360163058897,1.3108335612476358
3.200135507619007,2.377571429847055
2.980202694994471,1.5833326979878923
-1.0297546842057643,-2.379829914664554
-0.9026383679146827,3.1298762384245085
-0.49254663614611977,3.21376913962213
2.691880968617555,2.4142368898258293
1.5660142999277158,-0.8338668298050375
-3.0234323677133097,-1.2544424780737897
0.8497990041386787,2.543152087706164
-0.8750840893387203,-3.050485150587699
-1.2894912765862783,-1.2001151166692516
-0.7956681031902142,1.055192123471613
-2.5168973567876702,3.0327344853194345
3.0583662782075005,-2.0775505050920144
1.212908928841348,-0.8559895840354665
1.0308497609618712,2.7684088283717876
1.1268325256187595,-2.5970187471335917
-0.5912136936102614,-2.5009160791705427
-0.7146012546161076,0.9107695522705769
-2.473218650801261,-3.0638711963170984
3.559015338311388,-2.8623763887302567
1.0957462243805989,1.073511673270299
-3.0868215624141513,-0.716951732001046
1.1038153594689308,1.075397943435762
2.8516356826385203,1.3794133211528785
-1.1099327173910107,2.9128472018903153
-2.4969892525484063,-2.3478273273292873
1.4019602165010914,-0.876933335486479
-1.6199117495402313,-2.380584707775427
-2.746128499851034,-0.39368947192332554
2.7791098149690874,-1.2243171654565788
2.5744597088529853,0.9088459865325049
-0.8059153516412626,-0.3707083698066961
3.1475009811295895,-2.5876011563820165
-3.226917237888245,3.0190385572420824
1.5453234791509272,2.513461500375322
-1.5248572678309904,-2.3977543692525605
1.6690732225773677,0.7546176284844422
0.2616812225698879,1.1616796067657489
3.6989438545289866,-3.0045948656996204
2.787497636780023,2.6418551943369097
3.080299980273662,-1.2107149114948976
-0.7925296224776976,0.8070828886034801
1.101990563577282,-2.500983737543082
2.785301183817741,-1.586271097474041
-2.090177184626095,-2.498634410922721
-2.957347402748203,-1.4483891493284728
-2.259393157583505,2.9345906275030678
-1.200596205375556,-1.2857192007094544
-3.306078260106123,-1.348300842040655
3.348323451840156,-0.5476470736390779
2.818565496681176,-2.5152020325333875
-0.6574382132450386,1.5690945881090863
-0.8690825887976172,0.3863066988050849
2.7939325956005665,1.3859248281253793
-3.0257643775215377,1.8962835930699384
-0.6573048543556549,2.1530926730304913
0.6722796031667033,1.4001483676617303
-2.3446504697320703,-2.6530279986094785
-0.8236358117258542,-2.822721110509225
-2.478906311357679,2.617206737193154
2.4086527195733476,3.2087098058930374
3.14597356853472,-3.442555465086945
-1.0106431686321702,-1.1272589476603616
3.049918293681589,2.9877088019106925
2.691359255367275,-2.6966385344502695
2.782088374750024,-3.5616501993147573
-2.5125583934596034,2.7068917477486165
2.591435895499213,0.7719850592350808
3.1103152093896145,-2.631460864219909
-0.9651674003239064,-1.9796719768503048
2.450239682174749,-1.542406753773824
-2.0452787578079037,2.728104114774708
-0.2060497771646338,0.906188994884819
1.8689736508839514,2.7070684774279763
-3.0920973494796877,0.9762969102192879
-0.014080211530724427,3.219218200318381
3.101913498661925,1.1080686977190444
-1.0314259108151635,-0.6756945446310683
-0.45175048781665095,3.1229111297970933
-2.8120063751117113,-1.5041610383668362
0.9066547349106736,-2.8222989314515163
0.5915897398426097,-1.408593096801743
3.319841406585288,0.7172322983525464
-1.5339867386056623,3.999264339293678
-0.4759870348223645,-0.5721274629899689
-2.991968251167228,-0.8373859915230287
-2.741060894714758,3.022704226835776
-0.9014121518673957,0.9595888277571204
1.209951565218163,-3.7944433343862713
-1.5969487933103743,0.765369525774997
1.4811814454585854,-3.07584860520878
1.8114542627162895,2.9954078712208223
-0.9514343767534188,1.2444276869133273
2.955873417583143,2.1494138158474856
-0.9862649992296427,-2.611560882589489
0.8069831861994995,-0.6986776058174999
0.655945592721878,2.728234159718218
1.4697144420993138,-1.1450235600749386
2.2226948576981935,2.8202807065556286
-1.072018592976942,1.1280799862183788
2.238720501554273,2.154433239934401
0.806963480507303,0.9864550403700911
2.7864254850612604,3.0275350873138325
-0.6779585260453468,-2.7064608994830186
-3.1399409781824246,2.5008294140969234
-1.3700494261033511,-0.6889176846352569
1.6542473187635576,0.13563174522182841
2.4744591020332614,1.3934589772956252
2.7590649998665673,0.3115858836002926
2.2873909469519886,1.4146846790978347
-3.4865042336893457,2.2025281359825652
0.5823550260405336,1.418634587289835
-2.3911283782207664,-0.6535176041373411
-0.27724453610116906,-3.033205690810928
0.6466815528273476,-0.42823765442379874
3.1554278085924836,-0.9915407216425022
-1.0122288990212527,-0.6512803561071532
1.3934577922464442,-0.6185025215400433
0.09109922466318225,3.2079096881536184
-0.8813880514241902,-2.296398251290568
-0.6559079226615384,2.471952985504724
-1.983047364920816,0.9713297477910534
1.4364577136390406,-3.0190098786286375
0.32138616003199677,2.720326701004002
-3.2730634359528312,1.1690649950315886
-2.6328959877449507,2.8078730757881307
2.161151161802294,-2.6474255803652835
-2.980950076988597,2.7970534231570534
3.3547817680082765,0.841427581927874
-2.657385737485932,-2.443617413393951
-1.3998722503098817,1.5839189161282186
-0.7077703507706861,-3.4563768662107055
0.41210415548580537,-0.75537682280331
-0.9301118380537484,-3.1829093933079884
-3.3327319111608724,3.5111201388823976
-0.9998943642787645,-0.5540492281652145
1.0428991312929798,-1.0917267644551076
2.9170697494963154,-3.097975294096745
-3.016655423662792,-0.6193811373464124
-1.4015728822125553,-2.5034842957664933
-1.1562805387030202,-0.8846229779278634
0.9846392189297158,1.2283429991942645
2.9753376756698158,-3.740636075622232
2.238233937100983,2.639825437304938
3.099924516444333,0.42929308677316835
-2.8686773111829997,1.543743187255263
2.3360109602754853,2.201224352489882
1.3922817913435341,-1.4107891694536798
-2.285430346127123,-2.3774953851471508
0.6910792423368023,2.574486465835666
-3.16451753726941,0.2084064375667202
1.7413442444802023,-3.048063715355737
1.6373649866576436,-2.8955259785186
0.5205339836952637,-1.102087805253896
1.589051533176307,-2.6339711241461754
0.4942969085461054,-3.1024097445514784
3.32123081983745,2.464280517180404
-0.7981878729102602,2.096937813517817
-2.915903879914426,1.1192159565704514
2.803276220240797,0.4929240773934077
-1.2765161588553136,0.9922643993985757
-3.23777593089598,1.0750119430149234
-2.3003075725496047,-2.3489358245270666
-2.6481223496479993,-0.9473278425471852
-1.5760342785762314,2.5500391822645274
-3.9340956402391978,0.8426374804907008
0.9542636297953437,3.0457559404871035
-2.5733203325513987,-0.5977725283701817
-0.875061654581944,0.490379662035949
1.169507455304996,1.2038503734833716
-2.5433079684427584,-1.2194113381665326
-2.5817138667845447,-0.28010685149210646
2.6422011687633575,-2.560496350559893
-3.415849013468681,0.2804677789853261
3.129484441679175,1.3004023384869232
-2.830798938778011,2.7627214571729692
3.596282290144649,-1.1472320938758167
0.597458772315216,-2.27014254433724
3.3379853119780156,0.8328242993483981
0.4373060802922704,-2.8834103944141845
-1.6585131189207052,-1.1582293183102161
-2.8372228067841827,0.2840414538281933
-1.140783437656775,-3.172790120668166
-3.332206550004838,0.7543765327942107
-3.224114569831721,3.069205162892718
2.0805212784619314,2.632148288823988
1.4090692190736578,-0.6879485639116035
-3.065467395293903,-2.6063560871993268
3.1706185775381557,2.865679902369999
3.0229501776000567,-2.4665411503260857
3.419412349787339,-0.6466472915619538
2.273453162946591,-1.3297830779483804
-2.893860705774912,3.46704515621948
0.15467608288918291,-3.33540828921758
-2.7141544588875,0.3448190986094774
2.9272007509926445,-2.9544515771104076
-0.9326064605406701,1.364541000429685
-1.8396088857483996,-2.6484550511962524
2.5586448209247954,-1.2559691747062414
2.5423545473728106,2.0742929630881135
-1.138937137660862,1.75065402412992
2.8422571936342518,1.478844118091565
-0.8994674568424175,-1.3599349043990012
-1.7232577842110792,-0.6462401626145313
2.7223801496149806,-0.8206957625324515
1.282149678077811,2.9203683329189674
0.8779288598788292,1.0221893674336127
2.789919620968752,2.7585326487147017
1.1895366185790548,0.8622440300680336
0.8855800397993823,2.8950848463439858
-3.3814125710063427,0.9509255608584255
-1.2279576807882115,1.1590156079020437
-0.7550657895891634,-3.1336651436274394
-0.8117007350167015,2.884926232194964
-0.9903221499881742,-0.7768988894560445
-2.3322989607990934,-1.6774206711589106
-0.8794800448098621,2.554502897872988
1.0048303406659014,0.5063683871864297
-1.0136809321434221,0.03261624778140989
0.6189811473252296,-2.407210162059295
-1.0645780894767423,0.6480118982430312
3.0536056249209476,3.4229025255227685
-1.0706428079980705,-1.1855064287083925
-2.038916509395698,-1.1849380405640813
1.7581768222910572,2.181983056458019
3.463294718894597,-2.7464620194773164
0.7922590667352614,-3.1851073164343724
-2.82624106865226,3.0948296949567777
-2.2024794333341084,-0.9950315512510792
2.5813294570853786,1.3000103838774648
-0.32696694132029064,-2.7407965476470015
-0.7921861754563937,-3.080627376645218
-0.9863664168382444,3.734682066575588
-2.709442238661181,-3.0556732753297267
-0.9889265291291933,2.2340109470255154
2.6221843556716675,-0.7737888439832497
-0.6890652915621869,-2.525065210571241
2.9353185185957336,0.814045963465543
-0.18848231260036835,3.3080482279445524
-1.0390546491121457,-0.8634652500865742
1.4727890268259964,-1.2365070948795103
1.358849866194137,1.3640644572827054
-3.2051705889152142,-0.23557049653778153
-0.7704690264223787,-2.8627851780721887
3.239103808485935,-1.1143589809308003
2.312897817069786,1.220725175328001
-2.6702558417506332,-1.0764819669618773
-1.7464575527059285,3.138723467198498
-2.7291427797068604,-0.8018800042393922
-2.574447753401411,-0.535683222211209
2.326041991831685,1.2528587169054586
-3.4219602907773043,1.3020819879145311
3.0963283404889257,-0.9381767642527138
2.6518939339433305,0.9484219844862398
-2.536804639398878,0.9696632134933083
0.9110432908062454,1.2096034707426149
2.380583654255362,2.315752689264349
-1.4152276169824298,3.052349013451676
2.2719020369079304,-2.062410253650464
3.1046403940205125,-2.712695776506616
-2.8660314889867653,3.0182947211595024
-2.5099218585403538,-0.6093858030206014
2.8848400302751815,-1.22766267052916
3.269262091489829,-1.6783612992394896
-2.597756195321845,-1.2590924928177971
-2.182817556328474,-0.5875742216784408
0.5970526561941938,2.3872764413171255
-1.4597773025548895,-0.12930322784651735
-3.140486770585167,2.4754699656012966
-2.676624082049496,3.513475898481244
2.5135193891930316,0.6268824049102867
-2.466491518724557,-2.483458525858967
2.950601822980858,-0.23841540160198976
3.3519443100143715,-3.0191458996061122
1.676367832214535,2.9024715715391767
-1.767521929567586,2.412983349664671
2.9245858767917645,-3.039835562220658
0.8765458023747564,-3.1449128231016372
-2.4212418093261165,1.0460789400769888
-1.2342185578341487,-0.9840598428440638
-1.0801116560364412,-0.5254519105112252
3.0252148997920743,-1.3414170944149941
-0.8381793360550356,-1.2879926554575272
0.9087487376499884,0.783220159004961
0.5243098213616466,2.5959435943116986
0.8435148224238493,2.463615227098427
2.9357746517398255,0.5511168609836605
-1.198206295408272,2.251347654172336
2.997814260719962,0.6034675077108891
-2.8192242714114726,2.8900209708557436
0.8509498880850919,2.2284882697953545
-2.7963034092039347,-0.4262144257050348
0.5830563956878843,1.367123017037716
3.3983490565821257,-2.36642379776607
-0.7435125369717078,-0.289539970639211
-1.9026571536023729,3.0574416551050074
-2.3185448879395993,-1.2931101984634263
3.2583778648402677,2.041279636950113
3.504131842073021,0.49936178856888785
1.027132261646077,3.2504143059066797
-2.4208471770690383,-3.5206456242635493
-1.017456458000901,-0.6705710074565144
-2.9882131083513195,0.7597073630353289
-3.249628486384892,3.6291020165433516
-1.1483956072270416,-0.901367683893322
1.314996943393195,-0.3341262371078291
-0.8945542567546518,1.3470067255868226
-1.0057898775343708,2.848446757124086
1.17600665061787,2.790179925317758
-1.6328594800378349,-2.297293102317055
-0.7461319661321514,2.2693292749061333
0.5717389061608992,1.5866392360743133
-1.06428014385764,0.8786385168654378
2.3244226234688363,-2.6070982895659305
1.2402639436669132,0.5304665923216447
-2.6602480061108302,-0.9988204826691065
-0.7020317149593681,-2.857451516763206
-2.51116161214306,-0.6799712152940001
-1.115085383677841,-3.034230740819221
-1.1024521686248674,-0.4210368570997394
-2.8969896194198532,-1.449347026348495
-0.577444373904119,3.004340779937997
2.5659689591905073,2.1627672506283386
0.8900253416532713,2.1427149208946425
-0.5116199679581968,-2.5176367721513166
2.8417313790388774,-1.2491869765679666
-3.1318548944035314,1.0102944690622842
2.7659113412909515,0.9365518970993508
-2.5039511992500496,-2.9379421644497428
2.24447004987164,0.6220555551227342
2.627167816089508,-2.290249786556331
-2.6424972137107776,-0.34774827468416214
-1.0449055912408751,3.332089474671899
-2.7184901803104236,0.8893789789227738
-2.650949757017768,1.0776737285306341
2.142191566504707,-0.964504863461515
2.692703599118155,-1.615072319150615
2.9267480002162825,-3.0010003662752696
-2.6940655810207645,-0.6043010366313082
-0.9288166594614065,-1.4220345826838663
0.57300332809634,3.255932489073757
0.5003920223072561,0.7452919458051189
-2.6677911350863517,-2.393474677641903
0.7944659073175612,0.8390138507204563
-2.9067145143196136,2.8813326352222517
0.941944763870845,-0.9167083776432081
-1.04580498583833,-3.345702194484863
-1.130780054861651,-3.161284520416218
0.7605157686208797,1.3787270077244898
1.9993101600406364,3.1568012818484803
-1.424382909353125,-0.6773986324895469
-0.8536759675448624,2.898532814513106
-1.891811341069885,-2.621472260602055
-2.7677681413507056,-2.700020886868845
-2.374869606169437,-1.0024906846352506
0.6512921306290069,-1.4039337557173484
-2.1182921589939756,0.7043997516843397
2.4837421039277015,2.778926306536999
-2.5662073255606725,-2.5336150477050547
-1.2743218124713696,-0.9387950099587704
-2.127906369747151,-0.30647039933469206
-2.3186401342111105,0.6704952068028402
2.700020196786816,2.302277048795701
-0.507857426948196,3.2854117619615044
3.007955912765831,0.9702218617749528
-0.831263405021587,-3.2788566052066903
-1.0030469605277994,-3.0128380367944656
-3.422748538295723,2.5565123684175575
-1.7339478434624491,1.0489986899656796
1.5120298730344564,-2.37540676151293
2.703181909226519,-1.4444856597630995
2.0970633816017865,2.4276843147633067
-2.7039423009792403,0.08302242685026047
3.216016009937366,-2.8215868821757697
-2.4606102487900374,-1.5250534570901881
1.18572665531498,-2.1276436452155565
2.7169886225968174,-1.5426557398274219
-1.033379555652618,1.1414248836641594
-0.9246118443726872,-1.0933572317951554
-1.2831366604332,2.887366058998183
1.117422177023972,1.5478450892921327
3.035450063645356,2.991037333412066
2.6654278618377347,-3.413589316475211
-2.6051146535343865,1.5957553662255712
-2.8047621221809003,2.3126323251261294
0.8832386175766942,0.6793235574108213
2.519388178266047,2.8730957809887916
-0.9071305770311155,-0.8524186927185852
0.9594898621474443,2.436899392622781
-1.3351017106197853,0.9443363114782519
-1.9590599246267693,-2.1127621842511615
-0.4234968888437069,0.810405617710578
-0.6506764353794137,-2.5964253566177766
-2.5542736676583804,1.3173877067342188
0.7701269742223416,-3.573208522498109
2.402934960507488,0.7891880505567692
-1.3902759869623507,0.7993153365034876
3.4785301079952684,-2.496724935113194
-0.5820850913231682,-2.9031664836785365
2.176058727751664,1.9166491660616458
-3.0168564145185393,-0.2283963352669608
-0.8652320924786218,2.136041484235748
0.6134783165179555,-1.3260064135008534
3.2972136341720235,-2.7556892325341966
2.7501323595687652,-3.4071573447513064
3.459505719537961,0.8291817762265339
-1.3915326411038216,-0.5861153542512936
3.229065359812338,1.9232412438759958
0.863944955852732,2.4590848777449503
-2.7191502342781244,-0.2766229539863328
-3.0198612278642667,1.4447011069110602
0.49771113752407786,0.9944475793180907
-1.4204257932386173,2.7055278049255533
-0.5195627932634985,-1.052224934398262
-3.0211990809822877,-0.4573812450310033
-2.873619040426839,-0.14351113257245976
-2.896971654427211,-0.711903276756063
-1.5433532470968416,3.1317374642647637
2.6926936266277957,-2.710705633866228
0.7252640431779691,-3.3267121034541898
-1.087150914484906,3.1596591532703604
-2.656517384212276,-2.5457595687697014
3.0757883947784017,-2.943705157057677
2.554644589508403,2.39661652268656
-3.3840442267607855,2.6921893716510645
-1.5460229093732851,-0.701384986329948
2.6384332512822293,-1.2013347499358142
-0.3959074342672171,-2.1838398453336083
-2.395341968701344,-3.2104923884896945
0.9214887618383881,0.2872538828434552
-1.310417838410894,0.8770399036009
1.10635509139701,-1.0323316447495567
0.9637577601794631,1.307001336983921
-1.165954462612949,1.0119281829440259
3.3219766977953777,2.210325832042731
3.121611843816053,0.9266903351086301
-1.3488402212593498,0.8690298756277566
3.1214972090079787,0.7381367515100464
3.4623537324616893,-2.590888072172645
2.9261989329461073,1.2399822455137932
3.3211294321462828,-0.41731533675840143
-0.7978599146372408,-0.9558720004550078
-0.5974439929400439,0.5887798572851484
0.7012039410616377,-3.0814451456197776
-2.7723921383598165,-1.5479770099790477
-2.656081009142984,-2.8692530379787717
-0.4055711295658146,-2.791026901563802
-0.3198490029111723,2.372999133754327
2.8828458667540544,2.2972700434958377
-0.9220584937373654,-1.2211959900609726
-1.6712101567962065,2.6434093459829255
-2.795370113536527,-1.1015235845279316
-1.1522109846010613,-3.04308546351935
-2.5494456499729257,2.905128920833134
-0.645935870727352,-0.6105147259358785
3.127778218691048,0.6454017309501635
2.1911869756317355,-3.5713522181211133
1.0809907475832392,-0.26039843340025903
-0.7812383304689647,0.9427172358691719
2.7258073860969576,-3.0672826951986454
2.7676303495565455,-1.0956297452655395
2.7315313989974763,1.404425386210997
2.7333435574293854,-1.2328893630848883
1.7042298415002444,-0.5424846802739266
2.156276090057304,-3.1235640005111316
-2.574156520404284,2.952181787976034
2.433040574860542,2.6817028246674024
0.6506818724890164,2.927209995166345
2.6151797150496776,-1.5528501037463458
-0.8843733598488552,2.2590251418484093
1.0928553446434144,3.064567427114527
-2.480981156455142,-1.3325209381489154
3.2048916816144457,-0.6761696875468118
2.7022851361465725,1.191414729489228
-0.5677148460321555,1.4996477139672504
1.6031237161600902,0.8973230768987993
-1.132303726860999,-2.577846930904733
-0.5463401851548423,-3.6570434501669653
1.2080478913335013,0.7275782086684406
-2.607677248592922,-0.6725306939159101
-2.6568387455791767,-1.0549925923552934
-2.3812761172614705,-0.8240234068923864
3.2157385120615007,1.1119680480756498
-2.5233551538908787,2.965793926135919
-2.230168062820255,-2.135835191309101
-3.072540715197462,0.7214272061558591
1.9756232549404464,-2.4221513252097613
2.916211309769714,-3.2606502521728804
-1.258260983348053,-3.257032955298323
2.8784507159516446,0.9456737382517169
2.2137461608246163,1.076050286993368
-1.0235906762233111,1.9206347058990902
0.6366428745866927,1.1884894908327952
0.7503583483609276,-0.8320564516923269
0.7565327282555687,-3.266342912565829
1.5819488907785668,-3.4356780205038726
1.9279228991569157,2.8087998899609703
2.607732695271053,3.003007630561526
0.9243968620491798,3.3258834467566176
1.4335489763530636,-2.9909399097658054
1.1454546023217234,-1.06929890525189
-2.5652133210804204,0.8986853779773152
-2.3160524889598713,-3.0173168176369844
-1.5116811581435172,-0.8932798009139838
1.9708067618695666,0.6585894834343228
-1.1894369262438265,3.014361359326139
-2.700234122894172,2.5224577737741902
-2.989497132453863,3.2191355248586153
-0.5842189925043563,-2.7757841039328
-1.0412261610283222,2.0265167232767496
2.478379824683317,-3.570160626282435
-3.118329013188582,1.0540007820975077
2.8692052019641014,-0.6663014008524588
-1.2834831849567363,1.2779516295584088
0.847716704676019,0.15667319821837053
-3.0418479157401763,3.221316670812154
1.7116265326395113,2.0206892947071546
1.0007866057455133,1.6306480959044534
1.0778970936052177,1.6003195509321992
2.8175734499063245,-1.260220531699246
-3.0914303756400923,4.001388717704001
2.652306292107918,-1.1271869447134764
-0.0997631099051604,2.8041942811173923
2.3370681112536427,2.232041341736766
2.1680269552028912,0.5057784370142073
0.5255384560863416,-0.717685402377167
-0.4082318362504873,1.1660171369918038
-2.4976388581400775,-2.729704547590001
-2.9802999681827993,2.3490797372570884
-0.7605458504919067,1.7222551471500107
2.693004871118022,-1.2776583194591438
0.8202058195642753,-0.6542864453822272
-0.1136713597456912,2.3995817238163886
-1.3884034052887446,2.325884295330583
3.0839642435677184,2.3945415131545102
-2.337663820787143,-0.9069736974645962
-2.3036657928810316,-2.614105049112301
-1.8043591110468258,3.151178682749218
0.8427374797703521,-0.741996464800829
-2.885177991769503,-2.75784629771019
-2.518660162487003,-0.5956181259248011
-1.2827227197041793,-1.1616226993446015
3.6984732749019193,-2.871921113850207
-2.6821626286399356,-2.728612525046515
1.0057911282339964,-0.9017638780853877
-3.1696466338815332,1.6806538939482496
1.1739967608638884,2.403540346784308
-1.1648457086841346,2.372559279971801
1.9812819393481438,-0.4441589663974163
-2.976329551496218,2.369142989127943
3.386224086664819,-2.7885559035892005
-2.6065862962842496,-1.5828950643954451
-0.6230429717098288,-0.6483024045690414
2.844438760633095,2.4888500630506742
-1.4623461140195755,1.4440642652451852
2.990412717650252,-0.40073970854960494
3.09255500886187,1.3963193289257776
-0.9731045577940908,-1.5767991584152663
-2.634280144455265,0.8212453716560608
3.161079623156653,3.0831069201760672
2.4465379794666418,-1.9635709522895544
-2.614229194971253,-2.963277266685424
1.0201396759837633,0.9552334258879158
3.0132668638034383,-1.1799324696958406
3.2790911316170064,-1.0681328118054434
1.5097201973677286,-2.316481943111991
-1.397144533538698,2.690232700184286
-3.15953792107287,1.2831010259920477
-2.9048139499398715,0.8504677159436692
-2.882671953644366,2.6713076258090136
0.777844814401389,2.663210145860142
2.9035632888233347,-1.3991240402842324
1.5935484909746078,-2.3344820343953785
-0.969930976164238,-1.1718163910323842
0.8260737258042338,-1.5654288669857965
-0.8392446069179538,-2.8994777601035193
-3.3087147012398916,-3.2516651480322714
2.192108913733638,-1.403088797183734
1.0274577677540215,-0.4959806336677493
-2.9618608829715747,1.0385390053827486
-0.3355546865742731,2.8373743188168516
-2.9567138953033827,1.4530032088559912
-0.9954151564310875,-2.7940987792606897
-2.6086441872968305,1.1755202145411603
-0.8147194933446475,2.329553774522895
0.45100071251142926,-1.7642451683541842
3.586942207514825,-3.451845202240126
-0.9799565149122695,0.5673238901138384
2.5890808053119434,0.7484411923884307
0.910741199011956,0.2822421953135865
-2.890148129808113,3.4194625556294898
1.025597209419441,1.011182085178808
-0.5844583463247496,3.0424665600137697
1.1137946057898271,-2.5797354675200923
2.009797658590556,-0.046759169185089926
-2.990289061742148,1.0215920016377835
-1.669884370122459,-2.7599296751180553
3.2002891666935507,2.328783933777816
2.69278205655056,-0.7446757841976898
-2.4198976973405175,2.9660411191942
0.9380056740635904,0.6049751277256482
-0.7236941581837938,-0.5656249374940155
-2.9309428583272368,-3.4814942315133215
2.4131427410149278,-2.9807250223889223
0.8092709973281949,1.194794700887525
-1.1784677172368196,2.8099817329427896
-0.6644678302610538,-2.5661018505100137
1.2533528065500599,-1.4016614642642538
1.2743608234927473,0.6781994899291243
3.4286050679920814,-0.5100024920741199
-3.22170971386861,1.0738446734487803
0.015572924278088596,1.0985963472446696
-0.8415770507267155,-1.1397722525255471
2.3439579347880373,-3.3205679006718003
-1.349755374186094,-2.3812972106805654
-1.2217446464927513,-2.5024763153974576
-1.179443057623537,0.6007936661928148
2.900214307326738,1.210321063683562
2.77413017511903,0.8336460018170448
-2.9763665519409237,-2.819849952293552
2.876197713026433,-1.571018941060267
-3.171173234737379,2.8722802647791386
1.3207098576092255,-0.8497740751133542
1.7307491346858708,-0.3549166332772741
1.6053933410658725,-1.4701448791817728
2.5220543047505024,-2.741066411301978
1.4111791858810765,-1.0497127252645186
0.4780450003419815,1.2736325312763321
-2.3656186478971106,-3.301002994128016
-0.7636084257570963,-3.508065568551294
-2.3502667127484735,-1.0959976536993081
2.4789840672500936,3.3507368720233055
-2.065377925947577,1.560595229993861
3.2663386916102515,-2.2991724841778614
2.9709960119119185,-3.153142644835895
1.2016061569841607,0.4653590804368221
-0.9879013297157232,-0.6287541088450452
2.247250171363405,3.4587362446651415
2.6500588752890764,-1.0399203780752582
2.3945624403503563,0.1947155990985387
-1.4114481187317978,-0.3486881948250616
2.922484216559315,2.4101508057772816
3.0176306869431997,3.337934811720349
-1.4411737745232243,2.1980774838215242
-0.9535643534738254,1.9204643768300533
0.918828429294411,-3.4691331027477106
1.580418031911163,1.5133929724498059
3.1060384376896706,-1.726196435208702
1.0152839661474378,0.4831009143919386
-1.5589842673000194,3.0225381799730884
0.49120355968124785,-3.006956819594287
0.9634377719254061,-1.1687454323332631
0.8727652843207193,2.9732412247770585
-3.207741619134576,1.2533566779484953
-2.105616054081534,3.0974152300322304
-2.651783405595034,0.7929873091883111
-0.8788794499341427,-3.0054318627422294
0.8091845691406034,2.8483693296267223
-0.7674904707287755,-1.006160306510081
-2.3830354881418083,-3.1600801354127337
-2.815444971975361,1.7702725680496947
-1.1743440619834793,0.9714966762912363
-2.5297304902407087,3.177259467586858
2.70614046472826,0.5861665006327068
0.6534163778382075,0.9092401045977426
-0.8623474728448417,-2.9288376062737593
3.181265456469752,-2.7663517366579415
-1.59702383775635,0.8638243813541117
-2.762709788414346,-1.0292691398337581
0.09833099818953332,-0.9825133393296223
-2.3686778880852075,1.5825567582445625
-2.921989137351675,-0.9469717930600913
1.004665418255649,-2.933519404802055
1.0935090717310731,0.8169514670504625
-2.8970439705601505,1.4412505678242704
-0.4024833297194598,-1.037333510330048
2.839423480744248,0.7717092006874938
2.7306163820328067,2.7488308996041293
0.9055068010747374,-2.343885148902453
0.6208545222672156,2.8052942679378376
-0.5833516122842615,-2.1959016573010395
3.0949905462953566,-1.3227563516192318
0.884454961814495,-2.464146492944022
0.18928506221188185,1.3834215006903419
0.9154166761124104,3.049969734325238
-0.5179061682453574,-1.1549204496656733
-2.522439147793756,-0.7657623917680545
-3.46004101522462,0.5876783116465938
-2.951887326393664,1.2312069248844029
-2.764794156183751,-0.6390058108936075
2.6328842335908105,-2.6520644813309575
3.027797667020568,-2.907666253345107
-2.44929952444653,-3.138607143756101
-1.473115459387261,2.3355618706238674
0.9959534855817667,-0.903624123501488
2.9950843626413497,-2.8356512539951217
-3.1618783004147724,2.870201776855124
-0.9403125651611245,-2.934654309856031
2.8909173867551514,0.19239372425819765
-3.4048889034152174,2.4448232301828834
3.1646853883857315,2.905458954780765
0.8426323592255222,1.0836134315262624
-0.8597281027530564,-1.2780711973493115
0.29021642300451034,-2.5996677048888683
0.8230901732654697,0.5520793611310221
2.8886119979999147,2.464849797601438
1.4196355647928491,-0.8732842960764635
0.20081947445704745,-2.5757457793780087
-2.9031804709357254,2.974102196274865
0.48019425437510055,2.52909500436714
2.695979792971043,0.7979971979624372
-1.2324351577670696,1.054083828053855
-2.715563002515468,-0.8407289547407762
-2.96894799135119,-2.8299951158637846
-2.788739802077413,3.2087878034459014
3.3115120285342674,-1.29331166175462
-3.279979947390279,0.9008998907474571
-0.984233415666419,-2.3604559741285787
1.1081524078999718,2.969340893298939
3.3298493546135894,0.9289803118259274
2.7469324733481466,0.832346933753176
2.9119066351847476,-0.6507455970662038
-0.817051435208698,2.586439972089167
-3.1488206582743223,-2.495208414715551
3.1219467073720835,-3.221965803939932
-0.8872763460808876,-0.5254988234726872
-1.2511467964786107,-2.9144779075088167
0.709138291295387,1.0232429961758738
3.4101796638280715,2.822457056944313
-1.2013790116682808,2.217074221069007
-2.6723141246771394,0.5977614172383492
0.8064508017496629,-0.684790739224789
-2.736960482922995,0.7487119442068897
2.942129794521174,-2.960259608777814
2.8068192833824925,-1.1264918630185898
3.4174421540395468,1.4290310346228978
-0.6270493827046093,2.546222186867862
-1.0982923765993173,3.203006800204826
-1.9759478693662622,1.6661405853770055
0.4742592087956513,1.7314991775425217
-3.179587897161976,-2.76880723480059
2.5288234238448397,1.0511926955651885
-1.2031252434097635,2.2293089887890374
2.504637993652917,2.6554343161677347
-2.61322760664416,2.6939463394009437
0.9168305339348966,0.7993385408021791
2.8943033887596945,1.4198007775125636
3.4369289424931595,-3.143382167822104
2.194047163346728,2.6787585887654273
-2.3455999347870184,-0.19631770863357206
-1.830724935222148,-3.555794386880607
2.673068830829361,-2.9295486393590595
2.63028340182153,2.595308912810913
2.4848231802400953,-0.07460988612527619
-3.1400395936352448,0.31449345692933245
1.7133921328083357,-2.2800894623443235
-2.9592088257648497,-1.6696210985791984
3.3788333798071584,3.1520796911598237
2.687613566093282,-4.022325125474679
1.7741435757110822,-1.1491472490905998
-0.8151266459633655,-1.2615969045204396
2.87491309388741,3.6793009093951308
-1.2273491240746954,-0.7060436480853558
0.5219182468711854,-2.690245384204618
-2.2127438281420813,-3.0225325331295307
1.4632741027058385,3.1995982325566232
-2.6754622523735385,1.296918120216643
1.3929118345870748,2.3592963017243216
2.8324266418598754,-3.4033351660507
-2.6885621716247017,-0.6968473797149621
-2.7235183852984663,-0.46628536463936104
2.9346461077305674,-0.798878647506331
0.8563355793244238,1.0228829395799586
-0.9206990519255454,-1.2530110465476816
2.95096981527055,-2.9886679938675065
-3.0837385762524567,2.9335445635624904
-0.40301690345823743,-0.8390492244918631
2.7966389212739555,-0.8503563233333631
2.46518155843983,-3.017847082390132
0.308202294082081,-3.515620268384049
2.734552891449237,2.690809718969512
-0.867043511952094,1.6717955397142112
-0.8699109170731748,2.781950788708764
1.1145128502861044,1.2197744836797013
1.459608851266453,-0.9034564660301306
1.2460458234465022,-3.4524089441328134
-2.827667711199489,3.218038435808674
-2.5056831972248292,-2.2571511177302974
2.8485490092267987,-3.6526473789231133
2.265756236178935,2.313262866843611
-1.1174772416494652,1.1823003280242255
0.7006930954281599,2.6332397595797588
2.924153971463396,-1.1441011505442493
-1.0031099744806908,0.7009023369042392
-0.3813788887010245,-0.17723438225270835
-2.3656933824095288,-2.9462575095002825
0.8369515256264671,1.0337704228943736
-2.6848766987769084,-1.7959768392786057
1.5326937738662625,-3.1662707381929573
2.6385014086173455,0.6948478537484606
-0.40719635126679415,-2.804325622851765
3.134930348870639,0.1762590403557533
2.1082100332871807,1.3314985042199559
-2.385226856151381,-3.1761980115215596
1.301041179626851,-0.9624859181245594
1.0048618040009776,-2.3779993583786148
-0.7959597925397529,-3.2025981087963147
-2.6360870865238937,1.0431898928102505
2.958553130765061,-3.1933975040119287
-3.0068575772328443,2.955633737541206
-1.4123822853514296,3.0423559779475045
2.8319535673140472,2.476897563228006
-0.9451020227557979,0.7017731347205473
-3.3760302842732446,2.7917077335046803
2.0926168483941727,-1.2026749619358488
-1.12884147456225,0.6222425704577207
-1.8014405148910826,2.9184201354232853
-1.4232196571327203,1.3379194905690852
-0.587241061501194,-0.3286768211549365
-3.552645100877395,2.8385738845802613
2.574359053671302,-1.8048621607733002
2.2978989742355442,3.158352397041581
0.6174905397733735,-0.734577828773883
3.3012689459548645,-3.1792730064429917
-0.33743743688043065,-2.235705328834342
-2.451007377916096,-2.6562293968118587
2.3159206387155353,1.342869938880059
0.6971230245499564,0.9113380663527649
-1.3881301720230792,-2.9753596941695633
1.275536116950034,0.9266989408727695
2.21488544851138,-1.0491034171435707
-0.30957790345796665,2.4488918867743004
-1.2355725632280752,2.788837469097047
1.2875289345473317,0.2286246105240185
1.1545661989931462,2.4999197854192614
0.9340257034321934,-2.969975546733754
-1.2332848725966616,2.924928254731079
-3.0339904372532303,-0.4019559181273642
3.1091514621256793,1.6029197245312978
-2.9477833265848963,0.5528008674671523
-2.4075565315693885,-3.1535499108669733
-3.295316617380203,3.4924742004588327
0.044029028768124444,2.584385940415141
1.1585470285581485,1.596564788073916
2.562771605182834,0.5177183157299369
1.1724028703332723,1.2624747742666407
-3.497969654383344,-2.4992599821152206
1.2570969979502888,2.5779881804362224
-2.7095774362801532,2.759051122470992
-2.752858089818458,2.758480696888731
2.779606777383126,0.5596026313834898
-2.9522805048720793,1.4496659808152352
-2.3920196954374586,3.2124863198716516
2.9678476637972846,-3.0617480116845663
3.051216764368396,-3.098078219710834
0.9891698502828445,-3.14482062015124
-0.8533151763917064,2.7518010685101153
3.4503277181740444,0.9843192619060881
-1.1065387659367087,-2.6999015313206796
3.3478248832226334,2.395795613925603
-1.3637082083807082,1.6789200616936684
1.0053418030814005,2.947890544134186
0.7367046973185973,-2.4916931481451234
-1.2718877439995715,-2.719712387351033
-0.9385673438251713,0.5729444578034558
-1.072699187945954,2.816096480978294
2.616937464940448,-0.5603556459101795
-0.4821740473076355,2.088083525584916
2.3697402997225887,1.1237269352254597
-1.123781106679915,-3.2974073565643094
-2.7867046071960635,-1.8140433294769394
2.355954053033296,-2.765296300995938
2.8327703029643336,1.138459846834172
1.0111625499566286,1.0108280349180583
2.251243530904482,0.6251060368259771
-0.7452605697111708,-0.6279587061312629
1.3694864331863204,-2.9712375317057216
-2.5386892999469914,2.547226225137183
0.39914502942206614,0.776012257815308
-1.4423837608447627,0.6620833155970438
-2.8577528382571966,1.1059266144969757
-2.1426610435839115,-3.1207562858999784
3.323394510767086,3.6431999354395175
-0.8717606197599007,-2.82687999379326
2.8949138770066463,-2.999929785799189
-2.6248064846633357,-2.902016575402756
-3.0721888705292897,0.8072089576761511
-2.6409619002328095,0.7940468212803993
-2.7364715590923856,-0.8512579679280105
2.716349029100212,1.039862459447267
2.986038103665234,2.4413240610290416
-0.68988782534981,-0.9246221777249062
-2.674190746723797,-3.136375881407498
-2.599645505593318,-1.3767909917157266
0.6411715458876596,1.3567592809858349
0.8264944869743405,-1.3429297578402757
2.375645135111979,-1.0805162440412488
2.672831953916289,-3.317745179997756
-3.017242728319813,-0.740710180058051
3.1351868568473713,-2.8652230400761565
2.315643404577207,-1.2293815448559369
1.110849724357511,0.6610838492413752
-3.1572407970486744,2.841328943321128
-2.21482028515018,2.171344929814667
2.225188687517622,-2.0235724221154525
-1.385858629197993,1.1031771485816981
-0.8309515895379261,-0.6309838947601383
2.6268351015721705,-2.9624356029832555
-1.0787944530607438,2.444293288365137
1.1270574562566562,-1.0697226390989554
0.7433487065232695,-0.9066042045538952
-0.4628632132605744,-2.591462873611389
-2.464863787199444,2.616764977139123
-2.9311897751645777,1.7342414299032978
0.8594784767836868,-2.8551965036419236
-1.7799343827649032,0.5332258007628466
2.7827616025499666,1.2025542430392102
2.7912671937939657,-1.4612088109321142
-1.2073511665061971,3.1480370461382674
-1.0077538417404706,-2.6993272137214444
0.9693350448183248,0.2954249535371854
0.9226317549950741,-0.8914608295452339
0.6534763561774818,-3.18065534342741
2.5584201632644326,2.2692906829365045
0.7221094291558433,-1.2165366637968948
-2.261194730959479,-2.8841950188173104
0.745781065285082,1.0480883538244032
-2.5633761511000053,-3.3559364571758397
2.9139791343659933,1.050158442642906
-0.38447042949378696,-0.5537053169391372
2.1081923623753167,2.8462748877242454
3.3501710639803712,-3.097978842634374
2.8194405623942997,-1.2473834585511137
-2.45568325292591,2.5750000537250193
-3.064403308654746,3.398966973655564
-0.7350831760933905,1.0189870481185583
2.218812687545907,0.5101309656274793
-2.7552366512284308,2.677327729976859
-2.694201935819919,-2.045757347064953
0.7810937299119924,-1.3373757155032946
-3.2065482514429537,1.350839154083714
-2.213298683706241,-1.1406302792554865
3.2485353589421955,-0.9315710537694007
-1.2155895975189042,2.5275006935706643
0.7752537965497587,2.916889056933033
2.556601524358067,0.6275941755388036
-0.6942080103917709,-0.8320254138839726
-3.607803212619893,0.8292998055465746
-1.0477110687099451,1.0306075081323123
2.7972956909477467,0.9012523803808482
-3.672858413813689,2.828813836963164
3.438794348147148,-1.7504795387902878
2.6971875163941643,-0.7187693104523153
2.1471317294436285,1.4668813379966203
-3.1225105763843723,3.0641334367510193
1.1888439925657226,-3.2385609530771786
3.11369210739572,-1.2243848467589682
-1.9309019394576588,1.2688566851083667
-2.5015885972561285,2.8913819621979204
1.0961770909405644,-2.9852093800470763
2.8894022167438513,1.4163834638892134
-2.740661076901461,2.920161072414737
-3.2995860483063253,-2.5972079042832434
-1.1222950285676994,1.4074916702145506
3.165808400647321,1.058672122385804
3.3736339633866526,0.5615132603899817
3.3615793279790784,-1.0273585237610445
0.698017024584214,-2.9500989539008238
-2.4242664740141966,-2.401009700278191
-1.1470308800072753,-0.4602700473937263
-0.7620181085939404,-2.28389543973174
2.6334408165999603,-2.6414879665253017
2.574662564999081,-3.3991526877794045
1.2954065476886092,-1.7736239755312317
2.6488430965683136,-1.0490188897375687
3.029662906194422,-0.4326442738343459
-2.6587085925167977,2.5334041546717505
-0.9934999821051914,-0.6405874425178053
-1.1475802640636623,2.237078895357219
-2.1835048351715756,1.148866434162779
-1.5779425491420167,2.7190833985882077
-1.1764646716189076,1.339309877307442
2.7434675014797363,-1.0367701372977876
-3.027637180557861,3.3143768652540975
-2.8028756026697828,-2.4963808079845466
1.3552988181481782,2.528424657586694
2.632849219955367,0.6477018575168695
0.9912257002855912,-0.9786416086604801
3.2843605949511727,-0.928219663145664
-1.5107024620398346,-2.8396203015813826
3.616631025188694,-2.3925627131871585
-0.6267380219863288,-1.0160797829734085
3.046898694284389,-3.0428316653069465
0.9591477720176449,2.7486652957496442
-1.4585762299621159,2.9635795698043537
2.800476243627379,2.8969969013547985
-1.5514560364162484,0.8402494800050958
-1.228875927451419,0.9288041370971324
-2.853900580138874,2.884119162549596
1.5202843028643633,-2.9873113637617537
2.50204312926892,-0.9645925193428011
-3.3719783095733797,-1.0187629707366426
1.399717535498089,2.6753759709359413
-1.045559560906337,-2.6958156606535133
-1.0321131747496584,-3.1301947927824303
-0.7383002368632352,-2.3710887714334286
2.7576561347632165,2.960878560931602
-2.2638976520516105,1.349507551764485
-2.6174668655730673,2.3616258969737642
3.49296334118913,-0.5896840488802992
0.5404716260130047,0.6832283354916218
-2.6795158915703428,1.377834460635489
1.472592379565494,-2.7534726538246512
-0.883682704271179,-2.9515977124504404
-2.4928016150829064,-1.118709743924738
3.7913281048140237,-3.1013261064949216
-2.987703276721184,2.6814004969327483
-1.9503980913556294,1.2276944986211522
2.1564528377446814,-3.328711494559072
-0.7726594574981845,2.7206755928906983
-2.784902489363557,2.2080555930528343
-1.0695086213864013,-2.9508216551861626
-2.975771226978571,-2.283475395406604
1.4585284640419858,-1.5846387108109694
1.3174950939438814,0.5306989750650253
-2.7992576590394673,3.177527696337168
-2.510312165470153,-0.8636822835918454
2.1253981182812938,2.339251413571926
2.6113869120441215,-0.20300303959043445
-2.4734408174030404,2.4725999306744435
0.8574559224132882,3.1843713763534134
1.3254711339908527,-3.062297887947187
-2.5370592377553534,-3.341805306685465
-0.6376577436478665,1.608788768160992
2.89234347661148,-2.4513560844988476
-1.2587970209615738,1.301250113551024
0.7614267474537854,-2.8264632260772173
3.2237795217168927,-2.8715802491966893
-1.0407759227053086,-2.884362441874536
-2.197110677947495,2.9808416548060306
2.0474078351697127,2.5810243855473844
-2.812610274935861,1.6540522275049847
2.5555941103963944,2.8198134155776486
-1.0557465718920955,0.7728319980519363
-2.9250805253388115,1.4684062111986238
-1.4873821480015774,0.8493318698257637
2.460948779840751,0.7774619715836196
-2.687626442544167,-0.6673360386833505
3.0097886005346415,-1.402230901315109
0.5217838379437282,-2.366843817613729
-1.1350620871376464,-1.1823031245482125
2.9488126887575374,-1.5384106619587956
2.3850755574205205,-2.711924344544998
-2.7620175237290905,-0.6754873174663485
-3.317027756749534,-2.7511512669233382
-2.4362854519325046,1.1410915003110136
-0.7169822571739892,-0.9456907169616969
0.37345981219035085,-1.3190960540254715
-2.920701937492534,-2.6396334927056624
-0.7946767646881373,-0.8715832666007632
2.410635870558336,2.454667656517541
-3.0298676820359227,2.807732802304461
2.6512624405462826,0.5135359471049405
-2.4157223972794832,-2.974007131150518
-2.5034831406521034,-0.7062449580926702
1.0187150776925133,-3.035370601824151
3.7482659995340164,-3.128109025216859
2.751401274070402,-1.3311706034035362
-3.2154148026902414,2.5648627120917884
-3.3137399834034675,1.4608459168393326
-1.223975268718471,0.5981542009743512
1.3705918518712985,-2.7702825722389277
3.355095775939841,-1.8780798869275148
2.5093693104885566,-0.33225365342962787
2.7971584924162403,-1.5315643333382494
2.8329485206827383,-3.0393726772194234
0.4324968434596315,0.3303797717894921
-0.6956608818481232,-2.8017663667130925
-2.347757469785734,-2.6626228322685237
-2.5232836077937346,-0.8829081928280109
2.432945816029759,2.2441820641073957
-3.3779939388198486,-0.34154241898572696
-2.3809809691742987,2.182263070261283
2.43642573786164,2.6685018900867354
0.13530193927329798,2.7428654859264716
2.9126609119039,-0.240298856599709
3.1904429457445764,2.259985366332207
3.1493808173637303,-1.6285830760336382
1.1504746872451734,2.215116167941858
0.9968737799073838,2.576725609133942
0.7610323193489777,-3.1999240528088833
2.9256685833759346,-2.7798801614647024
0.9137174842431354,2.2025164777312956
-1.3498113854807552,2.7055675151552014
1.1030279494972393,-1.0999149086837567
3.012849525872962,-3.2682877311536873
0.9376078616018342,1.3070641942205181
1.6219434231347891,-3.061605638912226
1.1039433757225878,-3.518999704418061
1.3932741421820674,2.2852625409443363
0.8035732037219131,-3.045455136865596
2.9474326805410924,1.1504544473292393
0.9933152012169528,2.267372072301996
0.7986911880533035,-3.247548372501196
0.9665708507946281,2.6109058209362606
-3.358639110938625,-1.2427853725199034
1.3656631627047278,-0.9647229534097841
1.1810967767976617,-3.1308518321674095
-1.5545336814989898,2.5712629328311087
3.4973643846134066,2.0192614787628274
-0.5963679062485716,0.7778369166866991
-1.3008355765822521,0.9856552618332808
-1.0512139877500726,-2.910083965627356
1.617984271709457,2.63589648942347
-3.2211026512614005,-2.956501068884805
-0.5113404456482267,-0.961634986269562
2.994290732025568,-2.78356142494254
-0.6951860782423973,2.8844180191004978
0.6414462467145072,3.2761229967738705
2.798357039499397,0.9027221230349721
3.2712155936988525,-3.366027183239806
-1.0208771784785982,1.1511242694458865
0.8713018360065313,-2.635797738766599
0.5768507991997697,0.8827302663871442
-2.940610476374363,-0.35130431337459633
-2.327820158604937,0.801844402245707
-2.158872050250416,-2.442853988461495
-1.472885292145219,0.8990698049010124
-1.1978940174121862,-0.5916378423134527
3.222787789745905,-3.2303570128932786
2.9468796864889777,2.855773417692271
0.7632697400598405,-2.398931324958461
2.923456949868035,2.130749454023601
0.9700458547441722,2.5903378482304937
2.896549624153784,1.1378197023360346
-1.5000979036030377,-0.8085424845518668
-3.228222187904715,2.1482754946282276
-1.0030274101677905,2.879374021069903
2.4950131494096572,2.543560367418827
2.5041619142546607,2.660474178281406
-0.19505061346882985,-2.7511303296897642
3.519956273651066,-0.8666514875287163
3.474814139578124,-0.8140458859548997
2.3090904655808457,2.724079749220412
-0.6904175963042214,-2.8795024279390797
-1.043441117834637,-3.0713320676720426
2.8240581833373644,4.038836568927526
2.877822515563754,-0.13946847913135602
1.292603592190302,-2.4423873566735517
3.1395941817412147,-2.407586382022789
3.316059507024091,-2.789050144303199
-1.0344979262422136,0.9812182290485882
3.117304602020658,0.7122020654686682
-3.0525607490232067,-0.681841846866736
-2.962276750404751,-2.8643331658033806
-2.6753072565962572,0.8159906299066437
-1.9488025789459977,-0.8940335970419625
-2.379353353070842,-0.5768406561914784
1.0090606226474697,-1.2249822466568168
3.1832737374621765,2.9823351516721868
-0.1603661221877912,1.2467353752256172
1.3692697414880115,0.2883295776474008
-1.0114590201302063,2.971921289622192
2.7314843386482903,-2.944850914189204
0.7201478466017958,0.8042567699384404
2.625384086169545,1.5020088315993276
-2.944419023388866,-1.6421010269286418
-1.1766968676303444,1.4833380134822942
1.310993673700022,2.7867068313559056
-0.6608762527914314,3.3849597011008465
-2.8462850870276464,-1.0597220585422464
3.2233947127893665,2.825183938874065
-0.7271676890935213,-1.1229477002241834
0.9674734152797096,-1.3190856648805993
-2.4856575692628833,1.4457464705045295
0.5078625708061115,3.1549935418143003
1.175712366384323,-0.5440375375931448
-1.275755877984513,0.604195434327399
-0.9664081828526379,0.9435264142403702
0.7001810956905015,-3.56034320396118
3.053124257662873,-3.0540916447153212
0.7547358314928674,-2.8148653398584593
-2.093827862698669,0.8535477568283795
2.2274720268580492,1.277762009923971
-3.1946115574578156,3.1386203989638646
-2.429703629762854,1.2752980177894058
0.40803447278490523,2.4232551456115354
-2.455712169485154,2.8093571003058515
-2.413183061067881,1.0512863206357446
-0.7498195941191835,-0.7776672306649505
-1.1429052430362467,0.7319121387736301
-3.503210576403291,1.3772503436183858
-2.6395732612745055,-0.7510706259053685
1.4894793217330218,-3.0188128617094026
1.0857889231717266,-0.8788938757905669
-0.888957786612988,-2.9434497327723563
1.2355938876687882,-2.350287066113224
3.0447124274883195,-3.0468397554140085
0.6789697078115563,-2.489368725198924
2.6917595611770535,-3.2137887677585226
2.0754316226064313,0.5283631035160709
-1.3162895900522142,0.6222996495605706
2.9621852476410186,1.4915343586066085
-3.3210916856676636,2.636712242156117
0.6766719874055069,0.7717468763530669
-1.1700447931974203,2.7445756976965363
-2.353981961566263,1.4558106980845955
0.762716032872334,0.47696096603602894
-2.6036475984839753,-3.07319714342537
-2.511053316540728,-0.934895712475825
0.07113677020898605,1.3463962227732127
2.4805404167108405,1.0045442182390663
-2.328228953923603,-2.730165952001154
-1.7866794941316,-2.5979992091292203
1.1293075016736616,-2.972211366697745
3.0019364374766235,2.548035163158278
-3.100108210125268,-0.3797875003249368
0.3865257557797564,-2.009367636738076
-2.6939418986450083,1.5641755302227043
2.892092102319613,0.23908166588468152
2.3965714991375853,0.8944012666246239
1.4281272938796166,-3.049532490706265
-3.0655968174616786,-0.49792898828134674
-1.9599493644159252,1.262835342782048
3.1832978799866725,-2.9633496273314597
-0.11070404345408238,-3.511113517115475
2.802250032631244,-3.3400927664439757
-1.6355544099383452,-3.0236593108844287
2.8960231267922842,2.595293743913027
2.600731247686493,0.9032366509504048
3.0595993201203275,0.9267113248591937
-2.687103912578372,-2.4535078587882175
-1.3968973411403331,2.8650185759124738
-3.27547643122991,0.5549164293050504
-0.4858343585678365,-0.7551345156756363
3.063112677145812,0.32473699988547367
-0.6761071912982596,-3.090367946434946
0.8252094779238641,2.5861963825755767
-1.201429013001655,-2.551784460711036
-1.8059148558165077,1.1420420196697376
1.4459562467990383,-2.5667558371248362
-2.2987672863811057,-2.3486089539631525
1.1423308917802144,-1.0452275563979727
-0.877208884652895,-0.8878219786716063
-1.629033855186661,-1.1407850391623509
-3.2529724583626765,0.8976347234711536
2.9305282820438934,3.2750460660534615
-2.9316528824940655,-2.365697370240715
3.038687630265614,2.3462326312974047
2.3449233131162015,2.3698993003453945
1.165242009905791,-2.808645429504253
-2.9214999543940148,3.0415190985708627
-0.5077778231628035,-0.5795289961836564
1.2360993571989265,2.530078757348344
-1.075418404521156,0.7197671297811052
1.2226249928782198,-0.9999152980670241
-2.6727199964641035,-2.2338490575787477
-2.728743758529153,2.7411915804889984
-0.841227905469275,-0.6482450166472578
-2.3988445888427585,-2.6556908026162436
-2.734491999317894,-2.188609157967623
1.2019497842717564,0.6213599964535831
1.157434782042425,0.9889781273150973
-2.914559210160266,2.381173898767232
-2.543219833960833,-2.5816967665136223
-1.7342362524307453,0.31388024138644854
0.39781309916742935,3.0001371421156917
2.6570229202838895,3.093904740136028
-1.1561892365521214,-2.347815179736843
3.613688053807757,-2.1204428213967628
-2.7648852575749054,-2.8473916721225665
-2.069626378135639,-1.3437560204767038
-2.806439276493312,-2.4189854444961063
3.566025334904587,-3.0129497900905418
1.3342625802421373,-2.5803495086822554
0.7031990485627124,0.7105529150796824
2.773137343545948,-0.4996083074103886
-1.3690818704277612,-2.503050702367852
-2.741472165118818,1.1717001417715727
1.099740692406476,-1.2806776640474107
-0.7733329208373967,-0.2740898433457766
2.2675333819138905,-1.4545162930517144
-3.1638468213285194,-0.39258213178861784
-2.106688255466762,-2.8125312510482563
-2.8568602318994585,1.7557628639270706
-2.638584067039394,-2.2586888043059443
3.298417350699664,2.724547502929482
2.836097491004033,-2.781815961044053
-3.2674851349608054,-3.3487393701758
-2.6435467637783407,-2.683939518874268
-1.094676975441875,-2.910108417317754
0.9922593127419751,-2.4410950657951407
3.240844694699104,-3.3631602600483577
-1.589815357437583,-0.7195309933526438
0.9553834099085584,-0.8845534444333862
-3.347149069057631,2.807433523263446
-0.991287899526757,2.8743221655326554
-2.689605251756529,1.0233597697331713
-0.8505874115605971,2.7960940334506894
2.898166226858509,-3.2376954226741432
0.4492172815911202,3.1064140096494754
0.7029055982929407,-3.3221638618871028
0.19375217760903946,0.5986693695727644
-0.535709392033405,-0.722500455290871
-1.1494465521060584,-0.6800570050924337
-2.9652863664249933,-2.778879636855671
-2.482405232552144,-1.3888087024985618
-1.650914892790609,1.7669872793477681
2.7696038293913765,-3.9475271059027257
-2.7239709392805267,0.630054469141777
2.8157764290645786,-3.066122037178681
0.9090526634371137,-1.4520244723237343
2.917678022109934,3.053214486836566
2.907595447301178,0.8011562884594795
-2.698444063687279,-0.9553518080399513
0.8925711323955654,-1.3492616655464795
-2.668744173279974,-0.358982015529331
-2.0990342856132194,-0.9497790717430353
2.4847980438937647,0.8924610169536282
0.0773864670818616,1.4342762952028338
1.1494806719922408,-1.3479985981165252
-1.6639263144809222,3.0232866908061724
-2.182157906917193,-0.92724627659131
2.4078277042278566,-1.1767583035899545
-3.5105827028888377,2.4197522570410492
3.1925834943991895,-2.760921912208181
1.99826884755326,2.1239764593409616
0.5605083357918661,2.494260498232493
2.960956468495528,-2.7104549014877724
2.942895823696479,-0.7681881407427941
-1.9579695173684022,-2.5303931767624634
-1.6054470417300222,-3.2245744644042698
0.7608915632186916,3.1795414727320455
-2.594343977885918,-2.713926449550811
-0.1540479732200828,-1.085098978540009
2.9704097776355365,0.39455200369052296
-0.04811621085992744,-3.2188634547937314
-0.40225976611142794,0.8734586117686993
-3.2632453607682947,3.3143481808384982
2.6300375572016117,-2.8881739469538634
-0.39265347016679514,-2.807070881630179
2.161174637459009,3.2266384407269975
-2.873882038828588,1.1688924649186259
-2.6800479713976357,1.761706955403214
-0.42890921040295277,-3.329891750308996
-1.1610979403237143,1.914749769015596
-1.1884481410627894,2.623254995321876
3.120621513032645,-2.9407372391962134
1.3479699541856454,1.308931427024793
0.7005450493592542,0.9854885209372345
-2.413325018659271,1.3926592413635575
0.4057705291417396,-2.5513046636561483
-2.7480544975868284,3.055908788126014
-2.521630136811671,-0.24867997845924558
-2.8337956601987604,0.832404851861824
-2.6731556373028247,3.1637479372805744
-2.524203965665391,2.8139861873957623
0.44068613428707926,0.9863674562979127
3.3195266723196006,-1.0464499894584962
0.08834751155290903,1.1842365580385479
2.249174140812386,-2.9637020812331154
1.1314670476720903,2.336077085447905
1.874021490640252,-0.4926105266020222
1.9659334434848161,2.5023197395940335
-0.7285136674037561,-0.5622525065348682
0.4077773675912626,-2.573319093949523
-2.557190029875332,-0.2755115099939707
2.404480979166309,-1.6495257661154619
2.7384531766968387,2.590338541724283
2.7890501675043216,0.670354930582051
2.851046895170937,1.2295732485932935
1.138318629267575,-3.0040716246312895
-0.8044850476608363,1.0702790319249933
-0.6229397676752044,1.1076935100530323
-3.224564715898617,1.2229548726416934
2.5845539731015874,-0.7090795137233308
0.927637280963671,-3.0321743984533356
0.9747175942498393,2.8135063276846726
-0.9872988972193868,2.245816190030896
-0.40749192383056315,1.405751015233296
0.7159644040932371,-1.189911827410221
-0.12566198972185105,-0.6900644497877038
-1.5462120701651973,0.31821517596502374
3.135716831222919,3.0800716829448525
-1.2956469572613694,2.7870005988736732
2.784841673742723,3.1369490946462677
3.5608769035119168,-1.1417456902472294
1.4747571064434712,-2.922110028290087
-3.4494302862119093,2.8274251220564857
0.7735589692659118,0.88872739027464
-0.7064210388972492,2.6092719796447095
-1.3159138059121522,3.005432469695258
1.254258159135224,-2.292390449446118
3.0778194092706768,1.080156324237724
-1.1492207955969698,1.3968159932292037
-2.8030480270601354,-2.4997497048041395
0.7094553367073496,3.215330959931797
-1.2759986751131338,2.9012652181714595
3.1128075874302144,-0.6179981141941795
-2.3404408924026976,-2.3133214690301824
-2.363170568398632,-3.2517744196585
1.3664127571373335,1.4041858831901068
-0.6875676600649101,-0.35376033732053114
2.8166099974006262,-2.938016214816375
-2.940028502152247,1.1883366623539586
-2.433266231205009,-2.3973132047560157
-0.6363996408784778,0.8383953547156998
1.09427603784046,-1.2298809188478257
-2.8632964509436656,-2.4204652223951517
2.983063048444031,-3.3729541685324844
-2.2734456321619883,3.0783619198946526
-2.538362243051528,-2.180670218185418
-2.9174494500686987,2.881838876973761
1.350251983867298,0.6015220340641727
-0.5509758671980247,1.0806345301339002
-2.8016772114729522,2.72762254350847
0.1626228358777522,2.2868168601417302
-2.501670838690031,-2.4609834498723777
3.44772031662603,0.732858578882609
-1.297688057857255,1.2740696215293366
3.115229182303563,2.434637314018177
-2.837941783560641,-2.1706704088558078
2.830069639721622,0.45385655545783915
0.8490593342118847,3.038299295390884
-1.168201923289674,2.9201523748256535
1.0401466656813456,-0.7802181503064811
-1.1197351062601986,-1.043729780663625
0.6056304182508288,0.8310499207780943
0.9046735841545144,0.960545871263453
3.0121224821542794,2.9770490243977012
-0.9264200055872337,-0.427137560917352
-0.790997875986467,-3.260233031041931
2.1031612280769716,-1.0810523471619267
-2.5011993794804996,3.0111023002692323
2.4299874398731425,-1.1715466027917365
-0.9302326794748024,2.5071134521257212
2.6792398337989805,0.6656652217981921
-1.2112551712293924,0.9765577484264258
-0.6372352528700658,-2.5345806048301847
2.7586508069146385,0.8984845210725178
0.7380921180599234,-0.8129900311157474
-1.2696587844247014,2.022169961982636
2.4527898205434715,-0.9763202159222113
1.143931365826668,-3.258626225113903
0.796538622168638,0.943082359183962
0.9245910255748759,-2.4505859296202352
0.8980838699641384,-3.7267786245116374
-1.363987708907467,1.1499709742280222
2.7987954969408197,3.9105841051712287
2.127280075661747,-0.19866141573901153
2.055293455848658,-3.347685815239254
-2.5452977585230894,-1.0735867885823183
-0.8923257635952454,-2.990007720903178
-0.9026418073429998,-2.700726075248708
0.8405909465931871,-3.426968495808607
-0.9733022407784284,1.0968106307302445
-1.609320062851201,2.9415126323956113
-0.9779224717642002,-2.856442210922754
-2.255716224892138,-3.0940295093426267
0.6652575162865494,0.6631591786145697
0.9262524427624281,2.7400295067663483
-0.8626403021760318,-2.4725398318796503
-1.5035840530624758,2.8215915617492144
1.609660238950975,-0.7128708761295658
3.3577662261100842,-1.0975812622859447
0.6160672959908852,3.1784523154145847
-1.0996823087697334,-3.113300251987863
-2.7423657315356165,-0.8606595000236513
-2.721031953834533,2.6929055039522574
-0.5446532474557637,-2.2421416795511298
2.8496679251852326,-1.4583542028839154
2.909932642893521,0.8514835096714904
2.987242279309707,0.22739705684234895
1.4003015108627002,2.0998426799651235
-2.10226366402296,1.1469092653615849
-0.9514544703370168,2.931239537435387
-2.521641704145607,-2.439381210445956
0.42043600913969637,-1.1274255378050695
1.3231340648031877,2.5199575842961073
3.1991123511156903,-1.0923534676056457
-2.125076472750532,-2.8327614914199937
3.197467441245252,0.5443534640029635
1.1401357859587735,-1.411619735191285
-1.8967580935228208,-2.518322122595545
3.4947633022834115,-1.5200802255580472
0.5949568173322028,-0.912967950253122
3.2544163149436702,-3.155760963483361
-2.0352018320218654,-3.1422821533529315
3.3305239845647994,-3.1114340985695477
-2.7351295998899277,-1.1814634389865795
2.4864833719841117,-2.64784863394949
1.3195682485328022,-3.392428880299549
-1.3708574960783986,0.848784415388756
2.9181254308105298,2.4678668441201244
1.4051875708177346,0.6492933546372457
-1.1298220019199678,0.8232131889512777
3.295985569282449,-2.962666323039875
-2.5406141559509625,-3.2944767641617028
-3.0263478633494407,1.8513080282037573
-2.2970661641240473,-2.931841186710727
1.0430276930420985,0.8064271921134535
3.237170010662748,-3.2077119029726977
1.381640167821599,-2.850665275290191
-2.7256525288694666,1.5673247112802415
1.0031671597310314,1.2151107661970066
3.1582958846610816,-1.0851528628881495
-1.133209328807322,-0.5448742876616941
0.9676079886502478,-3.590771366408333
-3.3277915656122232,1.017572400808194
-2.037138371771462,-2.8730496315129406
-2.279544924450512,-1.1514090123054097
1.4778952136369188,-3.1069526504434166
-1.1394285037098515,2.793563824894723
-1.3619358897854688,-0.9826313250828301
2.9634658841954633,-3.0143164890994636
3.2887448229563603,1.0653500275822938
-0.9811168122349567,1.3141686498819107
-0.7050776078821417,-1.1794496265858556
2.605155814589071,2.5634873008997676
0.49194132609943453,0.6591743940288707
-0.70898938737294,-2.5161494273934575
0.12746498619979937,-2.9834204995717837
2.8557478760249237,-1.2648386011722987
-2.2874237504144457,-2.4679514976221273
2.897434931284457,-0.3031552730204141
-1.1024024921740714,0.569275740223923
-2.4957188708823033,-1.1641970184480392
0.8402169858205206,1.1734256927250748
2.6189387145130496,0.24405627132288887
-0.7008163970680595,2.7754878059513777
2.465513038367674,-0.0427039802824786
2.667635424443902,2.577933591459813
2.615955651522555,0.6005351041653615
-0.5608534574430282,0.838792180927466
-2.8582629400908344,-0.9601622239460023
-3.5329319368236325,2.3288506394720554
-2.817982004311381,2.915488989950719
0.9547777665301042,0.46315519991433224
2.536364662208325,2.6785972095982413
1.3080568833027315,2.583080030092716
0.09076263447035407,-1.3965643417855338
-2.352127594367871,1.1252652544266057
-0.3776339526997641,-2.7143530107728386
-0.44223115188503703,1.2679957474777968
0.8935490158600476,-1.3675139488364938
-1.4738307530153505,1.0644679760594185
-2.6520741501997556,0.9690324419375032
1.234559242880022,1.4280640808538492
2.274348450138289,-3.526275341789565
-2.610650396995361,-2.309570132137813
1.1552566115846228,-0.9826367465496368
-0.867808919200038,-2.7097008356276726
-2.4952802075887712,-2.339341651239032
-0.48319884874026475,1.0683759129043935
-3.033269180123415,-2.897238232467839
-1.6097678737373573,-1.1923925969769191
2.8451712988071205,3.3251876202309085
0.47709203369904846,-0.8903513596161244
-2.823958193148605,-0.8393688681790182
2.728838618662552,-2.9912877635418873
-0.851905356422479,1.3853909002799372
-1.224848232990022,-0.6780233326284534
-1.2184556457430467,-2.6893113799124633
2.5568004457611972,-0.8461298420364328
-2.5998575477598282,2.114854051992062
-1.1353710888096178,1.0487505211060177
-0.30407630418253156,-0.4004957135476132
0.5708112910601141,-3.082398138564936
3.296720615157292,-0.5441928836478013
2.8205180461288384,3.771026365956253
3.0097691832244573,-0.6397342990172401
-2.9884809131212062,-2.580235879727008
1.4745775539024701,1.4899027217613534
0.3423899664018609,2.5420429037464145
2.807949400834591,-0.4280537405424306
-3.0460875843056305,2.74547982495517
-0.2904425210081789,-0.36438480299071735
3.0319715862822085,-1.1336994150752244
1.266407707912573,0.0210449284138681
-2.621512977708903,1.832967496745224
-0.6031437424937914,-2.989615458416238
3.026985402189386,-1.034621658301593
0.45350449136061005,1.4969699601290698
2.1984824897922652,1.1276149594851712
-2.898083179019713,3.271787600390501
2.141199987881032,-0.7007119094178949
0.31787813769274537,-0.7706757142627431
2.1331312361109704,2.6930724191970996
-2.538938155572652,1.9653475655245563
2.8977650263186154,-0.9905456028855941
-2.329000673541451,0.7501743036109901
3.115388350110592,-3.1116185322048007
1.6065327260006717,-3.2647578925852714
1.2612446925486354,-2.178562515621628
2.7428037148589635,-1.0505766847225764
-2.60041104983627,-2.2603748455672203
0.2470998593399601,-1.8723867912898506
1.8432495074076882,3.055628328749201
-2.791450322788717,3.104178207709332
-1.2879709642011232,3.2391137529412832
0.9741771245844406,2.5118500381774935
-2.341123059531429,2.813889111002774
-0.5745140483391064,-2.4962223459714963
0.35906559083202516,-1.1127687426096737
2.572552006788903,-0.825303740694023
1.135822113838443,-3.4987767387734534
-2.4794438460969275,-0.8360966159018037
2.729487405098213,-3.5735408398307196
1.3005310812234085,-0.6084045897393014
-2.544284487033229,-2.594518322471107
-1.782666995090751,-0.07677757430670286
2.407737637521348,-2.852255553752518
-3.167177719686635,2.984983733094525
-0.7831932023459792,2.8472034532616584
2.219789250809659,-3.401300267606413
-2.4896094414384016,1.042825355498913
1.351478265611597,2.9644507351733496
2.5714123180658306,-1.4487798006353885
-2.8639344023679274,-2.5233076835003945
-0.9884937816346718,-0.6645270529750962
1.023101928825876,-0.5039234027397723
2.9026951407799664,-1.2304524370916872
0.8077798320415625,-2.773450955850434
-2.6158835118805466,-2.8730619262945196
0.6971187563758718,2.494280087547963
-3.2677608018400255,1.3808678337508689
3.0185568790638326,-0.8607611476517067
1.0376540203717008,-3.1793785654493605
-0.9908260402220557,2.669651827245071
3.2282477317239353,-0.9028572291817176
1.035935542728717,0.5887212314010439
3.2626899478585973,-2.9345205730945314
-1.298750590495395,-1.1800438948357084
1.2115549007637205,2.1515200412455715
2.9147354472227343,0.6484175102510107
0.6325830561101901,-0.7954686934220151
-1.2748373788304643,2.8259771308314012
-2.584750100775143,2.6462707450960745
-1.3563641948717868,3.0701235238797375
3.2781686636979828,0.5187704104324309
-0.9514868227385919,-0.5967776704125485
-1.2240812631971894,2.5852981667890216
0.42045306220750955,2.823585090301501
1.6502960457963916,-2.7114144783572063
1.4820024946427832,-2.844554330413975
2.586839891364161,2.196955954339571
-3.0231893769223976,-2.76155582444856
0.6670143809316309,2.631561540830489
3.388584383144612,-2.697755287970569
3.286910860958773,-3.1081387596884866
-3.0542770306979934,-0.7068343159181029
0.8328945423334689,-1.3376571435937634
3.4225604882909386,-2.293237677730873
-3.176936679156422,2.7622834824286637
-1.0217883799481162,1.5345349114968179
0.8793277222851951,0.7295971315508839
1.508321707242463,-0.8588099990675038
-2.6166554528639816,0.3541091480007507
-0.3678109312389078,-2.1725391827721876
3.1489379842256544,-1.2634477727406452
-3.382226987929705,1.0115432800894912
2.8694191319314495,-2.904337421274111
1.1162424241705236,0.8876149830098425
3.423060301300299,1.4752939845646638
3.1197112082075584,0.49128670727454227
-0.811312196004509,0.5003399434540755
2.8254130555676324,2.7965453093381245
-2.924840060238561,-2.997221024360401
1.1199299778071918,2.291199466468372
0.6210648445257516,-2.688410125122206
-0.8253072899141812,-2.8600091923966806
-2.2127431871255028,-2.728459167394732
3.315718647335793,2.4348839228155756
3.2619255651554684,-1.0548734478611566
2.8686177563302517,-1.1884946865565618
1.0464012895030277,1.1207128196972096
0.8862473674357295,2.3254522123719
-2.643688846559598,2.7007403439695197
3.30639771021366,-2.57829564181203
2.584741828153936,-0.9919592716399603
3.5035225852791902,2.3023264076860412
-2.816718421015779,-2.606949837565141
-0.19850633798147807,0.6150824640311618
1.4366721685512513,-0.2665910756346817
-3.128873970186275,2.6733905033313454
1.1849344693850117,3.0093429211293
-2.9656189652314757,1.3572997460310638
-2.5599624952096933,-0.6699071768484843
3.190225565143329,-2.9846439682676498
-0.8034089405808869,-2.7148316986755145
-2.6218603912567984,-3.2926039110155023
1.2424220715260919,1.425666822056687
2.5420528661185773,1.2104775268860948
-3.4764513020894428,2.7729614452048934
-2.142637622393673,-2.625304576464424
3.034368799019813,3.251591048489973
-2.644701828005951,-0.614985033449683
1.4589619478117235,-1.4175838102302085
2.8417197081412815,-0.5950282701464878
2.779038707924804,-0.7448104170000595
0.8226471710326122,-0.5929381904590164
-0.9627328085387239,1.0857614500363233
2.560755724819171,-0.9851523527380501
-3.0354602646067934,3.058046523612967
-2.238094063410906,0.9904440660753053
3.08768158967598,-0.6646524200800635
3.0974613707803407,2.9260712433759832
1.2899974012363031,-0.7859260050657074
2.563363550216726,-3.4023401500448984
-3.181474804140867,0.8915807822014981
-1.0019831344559444,-3.0841751895668668
-0.7428164825672622,-0.8128735504952842
0.7987146784964538,1.0812302247121732
-3.2015309618350765,2.6801626426818976
-2.857841394245826,1.4637008438465178
-0.4740949439926433,-0.8881215950782799
-1.2216264927992102,2.651814756992207
0.7623717827907206,-1.051993318581778
2.3596259589557698,-3.0125865482167478
0.0805414691580784,-3.130881292220576
2.297266393326023,0.9328178349896236
-2.373677366174408,-0.5026916342328709
-2.587544779877803,-3.040062724874685
0.45366980404704155,2.8490224472057024
3.05463881682572,-2.8234620337571643
-0.7266774906837612,-0.5483202332030367
0.8154759737127605,-0.8008551423616609
-2.3356765004020015,2.8616099297818822
3.1542232900973293,-0.5371722384327828
2.835111314088739,-1.8882257425397009
2.7809716390926367,-2.9814469311812797
0.962960716775322,2.3647069946087136
-2.7954838081268245,-1.9149524918472713
-0.6051527132554315,-3.3324382789081914
3.1662584300746235,1.4006252857109096
2.85268802383291,-3.085793839209156
0.4477474602681278,-3.046442588149106
1.338425748289272,0.7115199929456848
3.0293320871848506,0.6201709972781834
-2.5710243563650543,1.125264187420553
0.9171987928544274,-3.4555255265294686
-2.500120331716407,-0.8394316415445306
2.835771085117161,-3.0456359486605993
-2.2891185949376838,-0.6872213077205295
0.824323738056727,2.7530737402361014
0.545008706907269,-3.070430647321639
2.810344623478326,2.164337465478891
-1.0510370555227655,-0.8932146730075213
0.7809504366891051,-1.4163882419436113
0.9028170737310245,3.2644187340588875
0.8318706831626517,-1.1243700229734366
0.3917764436542601,2.4235217148036368
-0.8518494783943587,2.551211975929106
2.298070546281826,-1.0326371356982063
-2.8308910460103207,1.0311995061881478
2.542076168664534,2.7614593644381773
-2.618835043888824,0.8148826371155087
-0.5936814008336273,-3.542481511259209
2.8337332204131216,-1.1107886140435825
-1.6668780285452356,2.5931045667196475
0.9963847655561898,-0.8248175137526718
-3.237108699934712,-0.9921661705781716
-1.109927408948091,2.636845577602625
0.3712286666349479,2.9549956107763293
-2.701617210643248,3.105009555105293
-1.4723467990706742,3.0329817992663117
1.376586114017224,-1.1809917522090194
2.6825183415517406,0.5594669066560112
2.5237633747859376,2.8406899404364183
1.2258156828230335,-1.1807080216962502
-3.1027412603795277,-1.1048817889230809
-2.353404313826029,-2.7440225333888115
1.3232265217220476,-2.3354029171337083
-0.8142736321659819,-2.8766081513646364
-2.22132765973049,-0.67676608659307
-2.808738292300734,-0.7376607549863662
2.9258698856047403,0.875848968352026
-2.61624530783074,-2.4806818176869405
-1.0895347366949404,-1.232067996725495
-2.5527046391272172,-0.5253581889336458
3.1827857211234307,-2.363490486340537
1.260189124416137,1.9324076348150252
-3.234369220836697,-2.80027085333836
1.2546630470868478,-0.7824181324622714
3.060866722786654,2.5959953541787706
3.07332985848118,-1.421362203269247
0.057510571664468185,2.510547441531099
1.1307569360686445,-2.6490845745935863
-2.621687631206585,-2.9773149647190875
-0.9603508318039756,-0.7621326406887134
-2.8786865968503172,-0.13861606823756958
-1.104099152208805,1.1757802459863769
-2.8392648325400742,3.649311735475193
2.807848748890264,-3.1018893921348805
0.6135146701000962,0.6713423077137654
-3.2581352231149587,0.654584350181949
3.2344970459277618,-3.085337738352828
-3.1527585734275636,1.455848367493096
0.6165915100915225,-0.6404031293252216
2.4378317137011245,-2.99125039716503
-0.8601875756925876,-1.109783039062437
-1.37762664553008,1.5722971231961342
-3.4749651519538634,-2.4982403232882278
2.2442850622987693,2.844140542813663
-1.0903469367182377,-2.7513893885978735
1.0338206453965866,-1.5809476198797456
0.16655637100354662,2.968623997371489
1.0570120979091222,-1.42031491775202
2.590908131244234,-1.0292964697904345
-1.3140394380108604,-1.2503333856217296
-3.2483467301034246,-1.8392526456908171
-0.6380962094386343,-1.5104371718967322
-1.538221724825585,-2.142713535561155
-1.4106700806435621,0.8369893210680408
2.80938818678555,-0.6606321231784157
1.0489915973495219,-2.325900540956939
0.9996278148202581,-2.654633649915972
-0.45686897452662406,1.0396816841239294
1.2262287213920058,2.558628339420062
-1.198605610971571,1.6975337088599354
-0.8861069875923544,0.05313584113791409
-1.2444689140215388,2.7551095777206887
0.49680130384056115,-2.1185784391903986
-1.3197443668056525,2.9064009323660756
3.572885090842426,-2.8473071835716586
0.9629780061839556,-2.729388542099744
-2.3470240998984893,-2.547739528564273
2.4806904416641316,2.5992938084158905
-1.3023709764007858,3.3075750549680265
-2.3910929220170476,2.2043802631966876
-1.0887386528904799,1.423242577941221
2.543752173967518,-2.5471396404095192
-0.8188879248107761,0.805844142503526
2.3962004501021466,2.873825189895945
-2.3887228834666505,-2.7258448142455367
3.1808490991273004,-0.8437647566844849
-1.729025805115791,-2.6327204662932506
-2.239285745845584,-1.029477497235953
2.558044138778382,-2.5018978993936294
2.8472098994752346,-0.4831005721317478
-1.0272112805669888,3.307023121698947
-0.8688026436128199,-2.8927917994544776
-0.8659499064909661,1.0463558192441376
-3.117774756376763,0.929462034047066
-1.878690039922591,2.7540288256587613
2.0719047901996515,-0.9076144031686525
-0.6070476762023559,-3.186615590755322
-0.5489096982409415,0.574005615566488
-3.3095973205398392,-0.697198242935018
-0.7215611004530647,2.7469256258293444
-2.579745698239945,0.4660142072378734
1.0321678208963536,-0.8756968636130928
0.33512483804025706,-0.7675244746403064
2.8856313593630945,2.344604252065546
1.3283592770541341,0.6219146303872578
2.7569256108440707,2.7441405876354055
-1.7198679578348637,1.339627926658219
3.3757406829801244,0.3804805142235212
1.1515588114998687,0.5927250550503813
-0.9322725366527512,-0.6969068685523887
1.3208391909481658,-1.1512622381841113
-1.5679055407918534,1.2955490260167295
-2.1830670505299667,0.8680730646262012
2.4911494934564513,1.0814514842977725
-2.6507101765403,-0.8573834486181913
-2.695112561127508,-0.7859867305429888
3.5924514034929955,-3.2665859615047306
2.293719596615768,0.66457125281325
-2.753841753149745,1.8248634963881567
-3.1784878157664735,-1.0637719729162678
-2.5515202912444552,-0.514254337369758
-1.3995551051521014,3.031864636937889
0.21193997336504022,-0.2549365424150697
-1.0679142075054382,0.19289993823269275
0.9767929268986323,-2.4883601088073783
-2.682793337425779,0.43378734340620784
-1.0993421494467552,1.274071105081632
1.044863892783436,-3.8619899746742057
2.832634167126425,-1.5952335637317465
-2.7660501418622077,-2.94553370038106
1.5837638881938316,-2.7660778680265907
-3.0571081185458913,-2.2903744995997735
-2.2769454383572088,-1.1733283777325898
-2.8839796510520004,1.6862301240875275
0.9909321979224602,-3.0470693386677863
2.6007199334940077,2.9040089915065153
-0.8673440765393978,-1.0289616835572495
-2.7014798386486194,-1.3284203704031472
1.4166160090088886,-0.9137443154761777
2.914189850617792,0.40648197748446313
-2.870392594802259,1.3927241191127948
-1.2368817453445293,-0.8551986478822404
2.4669287004218345,0.9082780075852668
-2.5644333821471883,1.7516145589703993
0.5488388965011128,-3.47907886198757
-2.1341035548812752,-2.6484639243346915
2.7483569110802377,0.8594532102823566
-0.8349650538868175,-2.9940568767077775
1.3305693630651323,-2.800065787904653
0.6737359767725869,-1.4364773151626578
1.472345459910106,-2.833291745761009
2.8165622404547275,0.8140949621448329
-1.0406262764552652,1.0157387283486272
-2.816455127660122,0.4313883762362945
-3.3140607846211423,1.2731866247884784
3.2997453396334477,2.4628990091639493
-0.0035077254463134673,2.584983054200708
-1.1661666755614957,1.086099369560056
-1.5396301369486665,-1.557980120223066
-2.5897805187649707,-0.8323043374602365
-0.926964486647651,1.202203489581869
2.8149458327895016,1.8414378696643148
-1.5170573614713008,2.5862672634982498
3.0467859541391147,3.1556698291556895
0.9406647471226063,-3.2743933205196294
-2.6714985138258434,-2.458156042289082
1.298983095696145,0.9410667546013564
0.536963674247721,2.990476558587025
-1.9567514644317612,2.993384401859561
0.5692204120846155,-3.0874941850300215
-3.2631244409338813,1.2380946025528115
3.3424964889531217,0.2930627546853749
-1.199672061973194,0.7027543971219481
-3.142930840796055,3.2697701951029376
3.1796973215492104,0.5325557991302955
2.248240563106848,2.181470155359747
0.9998713279369442,2.5000940300330243
0.7218222178472754,0.7592841485133918
-1.0939545873260068,1.2748905457412618
0.7622682664047831,-1.3272345241738501
2.9942507243808043,-1.1174868010595775
1.1237160235213148,-0.4969375632363694
-1.543998722824309,-2.672689008745538
2.9305010523497215,2.3793856466984606
-2.738601106508314,-2.092638474387732
1.4130893295134088,-2.6772566089937575
-3.234380370773539,1.44634502726021
-2.3794407754176468,-1.3318158918827572
-3.1129478002468933,2.754983799403744
-2.481937069975154,-0.2600873851382548
2.596178463004115,-0.6042884838190056
-1.0848796843426871,-2.585403044120066
3.0504982743198394,-2.8564988303061947
-1.073496276857694,2.5878295276273535
1.208316601725335,-1.0644811466519764
-2.881697382714364,-1.1031075290318948
1.0665612298239995,-2.6469351571276785
-1.4384498092524545,-0.6429068574487335
-0.9011330366488969,0.658430653642256
-2.6512555838388314,2.923530502674339
-2.670853160993224,0.9607817910944522
-1.3317285479552987,0.7435739706145528
-3.5030005428957245,2.6313426163476015
1.0079210063901318,2.721919732231277
3.759164131076792,1.7164512780416505
-0.6795287201680414,-0.406852184331544
1.248604891172235,-2.6192611774185433
2.5823213831060663,2.632892691832236
-2.5881264358766467,-2.1580637688776103
-1.6403685944279185,-1.3322361205546278
-3.115702463533444,1.8319620831936965
1.307973669746506,-1.3504171808475218
2.287978968210527,3.1528408482778825
-2.432781910930654,1.1455847138052666
1.105755862581267,-0.8149421360575169
-0.30961647290068794,-2.506095355715887
2.8242345609470814,2.631565038408239
-2.9339608398076487,2.8425708510755405
-2.6978268152763536,-1.3694024364721342
-1.329832955361536,-3.1262819048246926
3.0642930007476585,-2.8081924520810353
-1.1987303736534431,0.6688200823736687
-3.1744761836694537,3.440851861988332
-0.9697819285366192,1.0749309898004091
1.4886830864257967,-0.5929423775185317
0.2116333339386465,0.789109332442235
-2.9963947930264903,-0.28279845724354735
-3.1746012169855002,2.409414006219374
3.4651033781295273,-2.754426893078283
0.2984523767942654,2.308058529320651
0.7680416595158818,-2.053688475742878
3.2450026630169027,-3.496162142010344
-1.2773920025036698,-1.7182996964952373
0.4855685992831531,-3.5863565951197156
-3.0309223988843317,1.999387669692057
3.374830753915494,-1.7126702388352966
2.839697799188591,0.19284096631973544
2.836041763436667,2.7017523112944404
2.2495189945082226,-2.7981724323436663
-1.0434997050499477,-3.3759547208746863
-2.347935087293697,-2.7672299734460384
-2.940736138300511,-1.098263169999395
3.0962594979700353,-3.1748174946130647
2.8372626047209937,-1.1376926692567557
-1.0902021246521083,2.795411915216475
3.092665955449548,2.3230448456417334
-3.027175676932257,1.7038659905188094
-1.1312607427561596,-3.30553339143931
0.9195513797710329,2.618947271354511
-0.9013990085936008,-0.6466181707952676
-2.449020928119229,-2.913717636979384
0.28472195150024127,-3.011255094041497
-0.6229600950264693,-1.2131377325896924
2.7915117237528775,2.41688345377004
-2.461231283341132,1.6897934483494277
1.0465336673499808,-0.7962457863934435
0.8958466611077607,0.5011752864133774
2.9167635793210747,1.1877365087924292
1.1001258367926159,-1.1990431926257983
2.8241114027453365,-2.927527242656892
0.8177383125554745,0.38859388045093907
-0.7221390713143683,3.30948322187174
-2.1748292904022835,-1.0235127692199097
2.2347228856981265,2.459119280622659
-2.997502526266469,2.9528141108902455
0.8392559419969906,-0.8632705498400992
-1.434221372256417,0.9801815933734568
2.8584616610760487,1.2556872525553762
3.2121336509073055,-2.803550829650924
-1.7893501341567102,-0.49447451097489215
-0.5210108681484557,-3.10388197701796
-1.143297912244973,1.7003367431734813
-1.0492549604424386,2.512914417631896
-3.4013755654852216,3.573114494691883
1.1186203984433192,-1.026760176357618
-0.9897296885045601,0.9438308855980271
1.5303484215748382,-0.8607645042893716
0.6060531776233319,-2.99151957524035
3.4549084702636796,-0.8799026573625761
-3.1683085205686354,0.8831142820613765
-1.2748412565484706,1.4584923818011424
-1.1958230279798068,1.0509092895571521
0.883254848456675,-0.8968735329188302
3.6897740169240847,-3.352314201892203
2.5885629386138302,2.949687230349663
1.4339662782385576,-1.3540091709310633
2.7095340806792367,-3.0572541184993383
-2.706805424354023,-2.908081068299388
-1.2851234921875514,3.2845764402832427
1.833776843755576,-3.157274439911478
1.0260560217010486,-0.6771028693084717
3.4495639938908584,-2.9445666819919887
-1.702356898355386,2.8763774197052157
-0.010249208627449035,-2.624764485791599
2.9911547377059136,-3.310627401317978
1.0324068253853216,1.0957000219289024
1.1188320499248086,0.5344790614612775
-2.574568018984704,-1.677705790677315
-2.7041998781895242,-2.574433604871873
-1.7990695736318596,-0.17327213433454666
2.5357210243795483,-1.8991621121602396
-0.97422580881857,3.3902843064979904
-1.5394815528258996,0.5368996397557458
3.6614282617123184,0.7396291166720795
-0.7121689472297815,-1.2219337861740387
-3.1276446182258497,-2.130220753365958
-1.3153400996717433,2.1874412492339523
-3.2203337431828243,1.8038034634865479
0.9824472038558657,0.9737979942389109
-3.050366225752079,-2.008022806004532
2.88481056435044,-3.2510880886961453
3.408654220725755,-1.0696887510452209
-1.0226403602343817,-1.037213296654273
-2.488078370078529,-2.733663588210333
2.8631601547800503,2.5732464532246637
1.0372105381932688,2.330231332317836
-0.7511708364880232,1.1881040525182764
-2.5459389142449154,-0.6215815413444961
0.47162765113679245,-1.710798437289206
-3.2598055499310727,-0.705580193654263
1.238503012841346,2.007842865453108
0.797769741007309,2.3905296935899867
-1.1932467607751254,-0.6033961924060399
-2.7475081114573996,2.8290634408597017
-0.98981099603764,-2.3455842870169006
-0.6901784302444495,-0.672156209619876
-2.5602944168694726,-2.6577972908433942
-2.3672045406446296,-1.4610060517962071
0.676729305956541,-0.6724705403852498
-0.5239014791499623,-2.183674012320351
-1.795018459917819,3.072168649844691
-2.9875495182639336,-0.7932735823303237
-1.502476179152148,2.326367929847017
2.9637410792705037,-0.598254742655335
2.5708918664210705,-0.7747127256629368
-0.8308204023131949,2.3500173290134736
-3.0553729307117408,-2.4062723379351874
-2.245985373102874,-2.4847173446715702
-1.3688321383248563,-0.6433982938356323
0.6408460945012076,-3.360771103365218
0.4814174075580251,-0.3681245044477344
2.8633118763994436,-2.7249024221500737
2.93530756841357,0.8299939784902876
1.39658685741559,-2.531440975819397
1.3328270828604791,-1.2574069155545966
1.241336708940179,1.4498400694135458
-2.77962526717861,-1.23301247348211
-3.4530925635629828,0.5038705550863322
-1.5817957674836998,2.543976064178581
-0.39959560745876066,-2.320706030997441
1.2569903384759646,2.80794099644008
3.6830149876684737,-2.849886230222205
0.7967874082038037,-3.0098965849478176
-2.301093458676349,1.1257866187600891
2.679622192681006,2.755440718400169
0.7666699317724478,-1.0671560755379108
0.4498294564345173,2.7484241163430725
-1.1305906184232413,-0.6129019971289513
2.634002608742111,-0.6301608036824069
1.2630713172716668,1.128757382653547
-0.9832038925572183,3.0691036084444727
2.4314472918779884,-1.3992737574606007
0.7674548833892701,-1.0085128470163487
-0.7258674249620194,1.0209080000900368
2.339019761026919,1.061566439382296
0.716277617801724,2.6635235976622678
0.5658815337404123,-0.8174889482860311
0.39345182626205305,-0.8181734987842452
1.5010713798107302,1.3164178784097371
1.2935970563385544,2.1068947976593733
-2.970032177945509,2.794961930956922
-2.149164927052945,-2.9476454838320785
0.38267067222339657,3.0978099717803858
-2.624488967737277,2.6364907229057253
2.7630669339200455,-2.819430451470837
2.699983148333824,-3.225583328578209
-3.165748608218095,-1.407591598917042
1.0187699191515613,2.52414200891634
3.1699342584919217,-0.4610629873366725
2.6580669746146337,0.4854909489764056
-2.6737410117199985,1.6031557671943635
-1.836550072881647,1.1650268242000403
2.5659351989853008,-0.33504638372371764
-2.626270471680528,-2.9815791271870635
-2.5934018442637283,1.089844907846576
-1.0331690509601756,3.1000108768116164
-1.0854930161091336,-2.997835692236646
-0.7290967732476861,2.825243365263616
1.249782507525148,1.7342470598489403
-2.792652183144115,2.261473679242784
0.23567371810267165,3.1511965748056805
-2.7557993032253614,1.9005622018762494
-1.107529205330381,2.8039965062326244
3.074358460440277,-0.9975813307377381
1.305617894187875,0.7833524359321847
-2.6002658963005403,-2.999613787409419
3.4195966386578505,0.8018719432463522
-2.9889958192284225,1.8518160865676818
-1.0729215479228744,-0.9275738440500453
-2.317503938248324,-2.749411663592434
0.7267947639412565,0.6077026004438604
-2.7838966864514387,3.3941581291174905
-2.1266493078274737,1.4562211368747322
0.5517769182141107,2.911104081966789
0.6987936168972984,-2.7672656286774746
2.7221406845357783,2.784421401782647
-2.4391475829122116,3.1314434070738972
-0.6665073495659966,-3.2249182392668674
2.1410690571048634,2.5027107051272335
-0.849938037028562,2.983934842161488
-2.380068995556466,-2.62545198577578
-3.0391987575204853,2.5872837554145773
-1.2995547144827075,2.767068743748301
2.9500765734401493,-2.63943335642349
-1.034098864729601,-0.9442244146263088
3.928255181729119,-0.800420138103707
-3.005599761415912,1.1769204069358528
-2.211902352931856,-1.1305422950267354
-1.3584876595055688,1.1208401523981517
1.401770457353182,-1.061756662982598
-2.898987135407408,1.278266496284787
-0.8543216446716514,-0.5877667482547837
-0.8268470933984813,1.0637020648606468
0.3437553699803347,2.845257597102444
0.6635144102419558,-2.9816666165730767
1.021761599915594,-1.3046720840331851
0.4798737232228403,-1.1772922900278058
1.240108995741027,1.000511054657107
3.410149080157364,1.0654428638251396
-0.6031219304291644,1.701866101089995
0.6767167590510884,-0.6615881936300625
-2.939866218076213,-2.565781861133652
2.784073178547626,0.5625006505494339
-2.795472004972271,1.5979894921384692
-0.11892112224175075,0.9430493154287731
-1.050322334464816,2.392527950848834
1.3009663184072213,-2.5733843798000375
-2.3727715323507397,-0.5968063455536472
3.4714029341220662,-2.752086171695605
2.455055851152785,0.49566281531342254
-3.071293265133364,3.484908072774075
-2.8382969907358206,-2.4932224828137017
1.842190124901142,-1.49999331217788
-3.2601432151175964,-1.7554859441183577
-2.3233005753810025,-2.1442217974781186
-0.9211785176065346,1.3643323752488141
-0.11294429361628142,-2.9343352037606127
-0.8158051101845757,0.7086930594333987
-3.0373020224340945,-2.3330381770463426
0.24580011502888155,-2.8406455289464816
2.7278408406164263,-3.3413929979701136
0.8185222737893123,-0.812322494265743
2.7512892269598606,2.305192970954681
2.5721400265307506,2.994995988117425
-2.7169339995673796,-1.146241976327227
-0.8239255710959644,0.8947820073510347
2.8617968625086982,1.9141684654795639
2.811676561667191,-1.8944587171799894
-3.6257973667970966,-0.7391049012082818
3.1231416937356693,0.28402245303565216
2.8391387577584433,2.36614036068911
1.2056152622959544,-0.902871281141344
-1.4503548215713247,2.6999705683056194
-3.019822101407654,2.628034709758116
-1.4820812959723744,1.1562345079133485
-1.0818721449344046,2.48891349738477
2.8771702610541072,0.9606542098557121
1.0821852458543368,2.62584476927782
-1.628280351971296,-0.8964728744663694
-2.480784272832117,-2.9787290587430557
1.1456458744655391,-2.6405182373250837
-0.3446715100857385,-2.4757480420385316
-0.9326907555384003,-2.717680913063299
1.0946979443988585,-3.0201046297094436
-3.714421192991071,2.8205817777403945
-0.8158805378753899,1.1549375835801279
-1.233015831956272,-1.502593652646958
-2.802545250657381,-2.4451335090959803
3.1164906205538565,2.5329495241636453
1.191307725435356,-2.6294660395161755
3.1567325965942943,-2.3978335726266335
2.778653065613407,0.9562183108591585
0.9585676598844243,-1.3561328426608426
2.6887524030653265,-2.875355335331181
-2.6153519432431405,-3.1524706227904615
-2.369886750226008,-2.4678909261296105
-2.087687321559456,-1.2045077261229404
2.9314290515406185,3.0978868970815534
-2.5059536294022524,-0.6294054331037428
1.3871920481550193,0.5953339324061284
2.112078448661018,-0.9808777306869803
-1.72639626107575,0.9028835506361175
1.0243743408553678,2.9639845000907767
-0.9743269230099509,-0.9631998438016152
2.739503678628277,2.748090241957721
-0.4189831719250105,0.9891775544091687
-0.9793326642960715,-0.6012325674783033
-2.4436157931961136,-0.4241350376178462
-0.7497229716985802,-2.6365970436442083
1.1657394220094117,2.275338950804285
2.770963657256067,-0.3908466071934435
-2.185969925384596,2.5504770308624405
3.097313009221954,-3.0991222523367594
0.26315733784800305,-3.4741181959355307
-0.8548898519620376,-2.442414756480231
2.47644230058957,-3.525902018558093
1.3876831531201204,3.237719449502445
2.9737619298104288,1.196287524012979
-0.6207424160647863,1.4820124708610765
-2.3748226106613304,-1.1445325012673306
-2.8559095830231915,-2.553167608078567
2.9728633247962746,1.0507909058532077
2.7186975697685156,-2.5012583162905377
-2.5327440244430472,-1.382922542000149
-1.4369627353422476,1.3151530707672718
-2.685991470036548,-3.1809158129941704
-0.8415140646028971,-1.0202838030040484
0.6785089635598542,0.38985719013078635
2.1919253393854556,2.5670247300172497
-2.3369907390489186,-2.674778584935724
-0.4530525663646306,2.772437212511984
-0.9213284703779963,1.2893826063974079
-2.3537555472039102,-1.0524287793444065
2.694693208452145,0.9536153573006219
-2.993045034328006,-1.0253357917202304
3.2302097423509037,2.751949593905192
0.2774101870148933,-2.977328300270063
-0.6251920041002841,-1.253473872167868
2.5618380261187688,2.6662127812460086
-2.7836323573822686,0.49583591224563234
2.5243647580384576,2.761228657666497
-2.449858074441756,-3.009157219601507
-0.7749517084341406,1.0107396850460517
-0.5504753011818941,-2.0854846821104553
2.857960393468374,-1.268168415142978
2.3968531701650413,-1.0956504451437716
-2.761426382009435,0.9288954219993192
0.6147730444441898,2.9992696648066905
-3.3276473192959255,1.1852977354012317
-0.10007714137943946,-3.174962706933009
-0.8769157748223712,-3.0274172187962334
-0.8870035325891252,-0.6850448966584567
2.965482500592991,1.0697623557543618
1.2336797430818498,-2.6936228832399505
-0.8601417413902657,1.39020069081136
2.6070749646790836,2.66195243033158
-1.4938497005376465,2.2857918612698453
-2.7460569734074807,2.500852812952084
-1.6633686298966524,-3.086599137678957
1.2058936621907999,-1.6054962581133987
0.7547164324664942,-2.828792431110897
2.8875274759322034,1.1220270180224385
-2.866065251778459,3.2775407234847056
-2.5738977626277433,1.6261455478951088
-1.210274388841853,0.9302306742532609
-0.8660950832573415,-1.117198458685903
-2.712826274695795,2.9351049737419905
1.2398542185661892,1.0368847995621286
0.8605629178149227,-2.8456538710660713
2.8929054416389954,-0.9130532485388139
0.37999482250577366,-1.4245731594556048
1.4633683420731765,2.4206193987429208
0.17646802790061472,-0.6454404942732274
3.266459577821789,1.094039437013982
1.112073735189448,-0.9519846579771778
2.6081352817112506,2.6728710475632047
0.7417318163630694,3.1366158019084387
3.1071772558146566,-0.9865416545090029
-0.8489078333050879,-2.8089420201534128
-2.7982389909276035,3.8239899501702466
-0.8923249116166031,-0.5033918739876521
-2.4858971977334994,-1.1672917426061555
3.1574046418782156,-2.816276257395352
2.799147425099384,-3.2066567570118223
2.110367032650962,-2.8445417850819137
-3.056828147705203,-0.35565480379017705
-1.0449447139296903,-0.8087593545956646
-1.6027327255166637,-0.5814635999321073
1.1828363070178765,-2.7759805078413313
0.7492171588841994,3.1580233589374185
3.903852107038681,-2.640062196675516
0.7357925994548947,2.8571894613870454
0.49698085689641064,-0.6282520828645795
0.6873905640030086,0.436354713540725
1.1272262632372239,-2.4552393000477255
0.8316668022666872,1.136375501463545
-0.3955575113683576,-2.992147988955541
-1.9426850152517778,2.5778326645627314
3.286425016954989,-0.8421171147902041
-3.08009044734932,1.0938645694339393
-2.005210346163447,-2.322629482847747
-3.1309565402069164,1.8699212560991048
3.1788415984152114,2.674448644050742
2.6863796069982526,2.2090135331935596
-3.012303087359966,2.473226848924814
2.723995936078231,-3.2692655607068515
-2.5433812941756293,2.8994608373233857
1.0330492327891283,-2.280521135704357
-2.923778063304394,1.0093938695240035
3.132536243853244,-2.2730020692013437
-1.5287183971306695,1.6978861249260995
2.645681153723912,-0.5868273892460993
-2.8103555868028676,-2.6149644414653737
-2.7826844323306172,-0.26504708815833605
-3.059368876235791,2.3340111272991377
-3.2974405943041973,0.7572769861151523
1.313201646101769,-0.7020915491466215
0.7150694507219716,-0.44771922607781534
-2.781842738756376,-0.9508239230916943
2.9597302928407037,3.5661312686164677
3.365505843610888,-1.5089759265540599
3.734276801657683,-2.5454085036765943
0.6584006097143777,-2.697543280896272
2.8415585213300987,-2.5303469235874427
2.744200039980474,2.143183857619618
2.374403555250383,2.8096765808858426
2.5943163744721036,-3.1647155794576824
1.052105202643755,2.9652639195874997
-2.719318038449062,-2.0084147697946584
-0.9158490228291901,2.8010432266998158
-0.7190600850890632,-1.2897397935185488
-0.6913278936216732,-1.9675626402402602
3.040608335646904,-3.2958491891459056
1.2183354086016978,-1.0055831302294542
-1.6703573160308027,0.9182248502130835
-0.4560008834521919,2.2089687076934883
3.4548471893561548,-2.2127686024177406
-3.0811861387924795,0.6586661184425263
-2.7122362348546387,2.976554311667726
0.6615132198389321,2.299419728923577
3.0239967997018833,-2.813239030083217
2.8463445884934186,-1.5851343185538584
0.5501817081096784,-2.938978520597846
1.061950303723035,2.522887266947312
3.149618910383925,-0.8280348050972692
1.0502726180550472,-0.9903549139144623
-2.282966729736006,-0.8174152726624532
0.1770689710134059,-1.2582270281726096
-2.7971176826666055,-0.4561228755855412
3.089195605316658,2.326774198616641
-0.9687447253596361,3.0468902616838807
2.9387989159823986,-2.6632737294295885
0.7199437937027934,0.8147816260745101
-1.9340875829434439,1.430481329080645
-2.7154492278264146,-1.3173315756866117
-2.075116893045894,3.192429672934232
-2.5353834005703124,-3.0996645946576606
1.3948771003716451,0.40625050377594113
3.1453449655503993,-3.520594078177741
-2.520546694089482,3.031430794416045
3.350950990330808,-1.3203611864383997
1.0348254115503142,-3.1346610627547205
-2.9064512533873517,1.2567660279974286
0.9023789882187653,-2.9948917793851346
1.398671725384576,0.740684380151833
0.742081941677141,-1.007893498535091
-1.2504578560188608,2.8724076370518046
3.1878033184645567,-0.746400451990951
0.958685701831352,1.7652483714475158
-0.4947154631606173,3.3461373361006466
2.9402848456909356,1.3250930497202902
-0.4380579594544452,-0.3956525670667793
0.899908052783407,0.3830824567033318
2.648420717541987,3.094269211937856
3.0627482209018075,-3.0933277851322667
2.529396456626835,0.05479862557243386
-2.315842854671524,2.8742390312793726
0.7392234787041251,1.3867357861516074
-2.9792694621122817,-1.0233783294433951
0.08536057639313026,0.915884782369782
2.4607952506244275,1.2642446129434994
2.8847556509228633,-2.8186543967327435
0.4190625220698054,-0.7755404025447551
-0.5867992669081641,-1.083729994403292
3.0330452713375404,-0.09077636165721158
-0.8410170242958457,0.9903537622933404
2.2048506465267415,3.283111549485614
0.7917730267891779,-0.7333960236125361
-1.1289089816249624,1.2550003691635194
-2.335817599064421,-2.8762583754984603
0.8705296345726147,-1.8535949830244476
-3.218452473453965,-3.002225720598186
-2.5686092961230678,0.8498084759976341
-0.9465386616342484,1.005088723721212
2.905174256034342,-3.5948182815355656
1.3220403897586226,2.586134647835873
-2.6221231138158623,-2.657607078964289
-2.324289372788441,0.2636763053418732
2.0963899740013305,0.7877598186558673
-2.3112972333145296,-2.758997234286048
-2.0716409684482238,-2.4196509426417303
2.551346900230917,-3.614466665983335
-2.7033668581695314,-2.5792888029385295
1.5277808154443355,-3.0793706598013344
-0.5001470064904359,-0.7586612773766341
0.2248515304335996,3.4978561389702705
-2.4767927408033,-2.2146259616931303
2.680823379053822,2.059036656544724
-2.745096028221067,1.4982023825246453
-0.8627123836137454,1.0315787420012097
2.603254590348767,2.0597202663976386
2.89387022232695,0.5990778957354638
2.4689037390870783,-1.0959841094008662
3.2464033499197913,-2.760437651553658
1.2213739114609294,-2.8516356824428186
-0.7383193351045035,-3.653012165593184
0.24164408917110833,-0.694634178932896
-1.4042613221006637,-2.394989719607302
0.9690521385927188,3.065015475309437
-2.833959972476311,1.038742475845012
0.7739367419973318,0.7278424236320731
0.6123686317406833,0.9483162204333003
3.329330881872606,2.803094429343856
-3.0062985087079186,0.691634248137908
-0.9480912825368931,2.8915187193096425
-1.5510013468207495,-3.0364438015140167
-2.271543843479228,-0.6048098378428595
-0.08931167621351749,2.6411011513258984
-0.8708742239318261,1.6621172800640593
3.0302255454151,-0.4699527288149127
0.9078613633240981,2.3928890913924885
1.0305207792780526,-1.1792234161317918
-0.5362087463102931,-3.0133891307544896
3.129171526507347,-2.6037842344958384
-3.558282441497971,0.4550522601943467
0.9632098364008836,2.7083727546001652
-1.669028106885317,2.9269448182347646
1.013493180727351,1.6499252618751963
-3.1770350287054177,2.81312049435734
-0.9231773519043424,0.5580290944752664
3.2763680741965002,-1.0378909801463239
-1.751638076670609,2.8980726679830213
-2.58695308582133,-2.577411307421496
-1.808993960302363,2.7948703388757035
-0.43898025558116266,3.0996593399134413
3.1178022012426387,-2.3628819507644825
1.2321240239190823,-0.9151734827782999
-2.7472950670986895,1.8592343033671441
1.4233940009679298,-1.839957984555925
-1.1836823973539625,2.811823487193786
-1.001940255616874,-1.0272089626587855
-1.9135975381308958,0.8766808596509029
0.35690392310544194,2.2977630333911376
2.9181435924660106,2.699184715019777
-1.1787622294345472,-2.0566124193388577
2.7090128078329254,2.2606951815592056
1.6350889260285262,1.451914596099539
-2.774757400206963,-2.7870897977865545
0.7462203049875687,-2.520110479494763
-3.5806481616232824,3.3106154039786935
-2.3778098090050768,1.5190980592348535
3.277562243255972,2.5861533206815035
0.9585694639331628,-2.2545731275252145
-1.3963252085117484,-3.104700699824671
1.3429638410189906,3.254837741171739
-1.1033651577757408,0.871528863355364
-3.265623292708576,-0.3350030948940083
-0.8998135472104638,0.9936104106576209
-0.9768341338456743,-1.1553358838783816
2.753133055545334,1.0212173541349698
0.37935544675774086,-2.5863201944276994
-3.856247859236439,1.172703013631695
-3.056074998191341,1.1378743987955304
-0.9198689449370365,3.0154666543443733
-1.2129406530793818,2.604746390443577
1.305403153339635,-2.2619363273281605
2.7131574144213277,-2.795409426046286
2.392924615086013,2.5319076558526534
2.384103218121324,2.8735782122406386
2.5160937655630917,0.9147317596781704
-0.5256192895758159,2.1990457928373828
-1.5300712444631313,-0.8637670574567066
3.25981278737419,-0.6591037698835936
0.5255150670378425,-3.039827839900762
-3.2216816368030243,3.035412977234914
-1.3082668451673032,-0.658775508335016
-2.4997667208155745,-3.392021297546274
0.6231364522591056,1.467012560095361
2.400525298226542,-0.67778877076617
-2.640966987806395,-2.7655435933611954
3.0431040329070487,-2.280883083276751
2.8919428479805473,-0.5205430716550179
3.3031875408331657,0.6361482099089301
1.1401973893621395,1.2701763152096646
2.951542924911847,1.1515168462773746
-1.5440673327720926,0.4738438417419461
0.5409709239545053,2.2171897385151476
2.9108941533343557,3.609513156152495
0.5693372282665692,-2.4535982779408148
-0.8754537839198039,-1.2254914390079323
-2.172131125231467,3.005083773703643
0.7842291416388395,-2.980348378693337
-0.9448857152948025,-1.0343496390699414
3.1332649430686863,2.1769538943290367
-1.0565283729005701,-0.6792431421923992
2.3908154003072157,0.9055621867520305
0.40669735185029765,-2.5038400202078472
-2.710179394470437,-0.13661416865861015
0.36727419661663263,3.000903269801505
-1.2823988424441544,3.0253392763615765
2.8743503431384614,-0.12812638305610727
0.7856463976741269,-3.052555113782762
2.980625781898241,0.7523273784066317
0.1441787434534823,-3.0864927362422216
1.1931467927161723,0.6430677762787971
2.5576068457028667,-1.9771856342576304
1.3806513692576732,-3.330786516638945
0.29358462179835615,1.5197421960218116
-2.301662676756492,1.7971655742852386
-0.5301559910102912,-0.1230215166374997
-2.8139695260524022,2.2289804552645713
2.9782702094242826,0.30537341064785445
2.834878220645929,-3.468910092697157
-2.6127671631250164,-1.3426044673537012
-1.5495648099149357,1.0857669026894776
-2.7624940045058377,2.5326758419374142
-2.535446562943063,2.7117104867193453
2.8218262310470754,0.7247739466939132
0.7052870501795507,1.20015080518891
2.37614244981373,-1.1307473374433517
-2.6934267155660567,-0.5188728113813525
3.4524631958211494,0.3979134431506794
-1.0836773513423037,-0.6942471523612328
1.1332761643687277,-0.9464635865039683
-1.4172601237025406,2.7555869431383155
3.000026740661086,2.45820395746822
2.8324483702282732,-2.272518217304285
1.4522736503226945,-0.7033380116951596
0.7606185540820201,2.442369476099539
-0.9805521314203379,3.3062943102322753
1.0283714869880558,-1.4302254225735986
-1.124810408202251,2.6043973003117546
3.1549959866733466,-3.303347556708107
-0.6148745406919974,-2.687611891549437
-2.401239091294155,-2.724380587832829
-2.623775870689977,1.141130627373701
-3.002744110917114,3.064630666423055
-0.8169642009547653,1.3889806425870976
2.9967677786142963,-3.0699413935089113
1.2043053990845274,-2.96545568110148
-1.2394022042300765,0.7476419724767911
-2.7713723787764364,1.6040551141759234
-1.429542723636823,-1.0616287127361919
1.8764089879400947,-2.7763942403349993
-1.650824853617343,-0.24791576410837138
-0.7134709428089591,-2.2077128230604828
0.9755751318220321,-3.2541787511548232
-2.2741079332802934,-2.4278314139265524
-1.5796580637779325,2.550891223677685
3.214406755766626,-1.2802616563652354
2.3347356001274817,2.8569518584909424
-0.9264832264292839,-0.8407091860855915
-1.1200534547083691,-0.4983637866239388
-2.8935344603109847,-2.4260815157918447
-0.9738109935878656,0.5957701761374594
0.5559685071228577,0.8918883405802296
-2.3409537865299423,-0.6636966542648007
-2.7811270772168957,-0.6608230605221941
0.5995296834997111,2.886324119015523
0.8883426356618799,-0.794306244156138
-2.52594977847205,-0.8100925420560168
0.8496860780220451,-2.627687944786987
-3.1823325621378094,-0.57325826424446
3.202266977208421,-0.8228931729371498
-3.44488260514259,2.6742941655376424
2.7513239704069195,-0.6462407381471121
-3.1500290295205793,2.8187463109621516
-1.1553954354489282,1.2817933795731173
0.5737893640977686,-0.5793972483468547
-2.878569496067938,-0.9070444834590107
1.5633038223075504,1.2983460536510445
0.6153594689977139,-0.7083132417959024
1.665919355235973,-1.1625761072004244
2.3221618995747866,-2.773936395093633
-2.8315789764864614,-1.5297965137446212
0.8657103493680434,-2.7049569837854763
2.89629176059054,-1.2619162196359135
2.890274576550286,-1.1732501788287675
3.2094874953631236,2.5516108250343863
2.4350345539062284,0.1481256409893711
1.0925314383702072,-2.3303201580274657
0.3840326043291543,-1.3313699205501786
-2.4252545294667875,-0.5682659966825166
-0.955522390542782,-2.929368972274394
-2.3762553873175682,2.586055441076229
-1.0475017664534538,-1.069118852623756
3.223120177152959,2.5908159542175
-3.217294624089047,1.076953182672428
-3.367919052101649,-2.9510078030430456
1.1691097550140344,0.8214937016709838
2.8819982464996476,0.9697957609564513
0.5912195516633859,-3.4641021510346692
-2.2582954173650958,3.0514519958224104
0.4565139980856727,1.2686709188043905
2.3091883483666544,0.8163859174753169
-3.2591085887577855,-2.360604172911698
0.7441320602209478,0.27611010540339437
-1.8658978164905424,-0.5138412228194096
0.9836211209524426,2.3684273587089417
0.938402758686823,-0.6253100232966462
3.011635016059879,0.8128436045160058
2.6666917421453182,-2.5790201540148776
0.6202298219429659,-2.8310955380224474
-2.4610382399895525,-2.3586001475704736
2.7397895311107887,-2.2943479776266327
0.6833838386312642,3.249478730124487
1.7404494339766343,-0.9559976416674362
2.7458142823672356,-0.7838757059669346
2.376546873561692,2.704257361693284
-2.822139083827217,-0.6473249479202411
-2.0316581851061084,-1.1996814538484564
0.8014178728435872,0.6606174194633311
-1.1878890145008094,0.9065859105283061
0.9647203405884787,-1.1066879607909894
3.3659085624206937,-2.3466535335662777
2.696391176673421,0.8342696166252052
-0.43805452030547704,0.5903028037604147
-3.4205480222117552,-3.436600669149781
-0.5823171307329998,-0.5841354913879696
1.1148788540895638,-2.975066774289808
0.48368145296511533,2.2119320501483752
3.3567464400504563,-2.1342763952916326
0.5948377653086034,-3.23886667783942
3.076977841357252,-2.452594134057834
3.187093796299344,0.3834219464724015
-0.8748592585664403,-2.984669658282736
-1.061076223477808,-2.5859735758865465
-0.485969444868704,-3.0488243119476115
0.7315310770971337,0.5648273232747282
-2.125132241477322,-2.8941526006999103
1.71003944451761,2.1987095536917405
-0.5231037447865388,-2.373620544007304
0.7744828080292796,2.445860259817028
2.9940233155444815,-0.6216816824601107
-0.9261437833802558,0.46623616272785967
0.9488928324436029,1.6092815149817208
-1.6299529722236143,-2.481273837350666
3.963862696290499,2.7433250609705064
0.7310391980142399,-1.1649472564829806
-2.3408733584790564,-2.7434145397892387
-2.3520468305499076,-0.5625495888136891
-0.6416059857496437,-0.5155108372517188
-4.061099599002725,3.5166330628969695
-0.824468628494848,-0.6205824166402164
1.2697458168945293,2.40363402527207
-0.7946258818639875,-2.3963837128723307
-1.0575559064089304,1.0016119188608117
-0.7905989929354991,1.4213087254319046
-0.8340141792718858,-1.3432363095292141
3.1597925933966247,-1.0752064809750577
0.4831257001580778,-1.5210371401489713
1.187839143074612,1.361490548886202
2.2053686176979443,2.6807935641784644
-0.9193867046165652,-2.4605070081179923
2.8853103620614466,-1.6193277674644604
-2.4355962970386145,-3.026965882349713
2.994821660893319,-0.5387182930060882
0.875290765191082,-1.0017640870810987
3.1707027133869166,-3.3142207802139363
-2.737734600126561,-2.8675444876914464
-0.5347508006602804,1.0565754514098573
-1.1151883570344767,-1.1602231228952709
-0.5514747699599328,-2.6471506767383763
-1.1653592955358716,-1.5256619809859013
2.3791835969999298,0.9865563392211869
-2.4584498337282645,0.9721461722759182
2.554307904922337,2.542939269313059
-2.4956717998443247,-1.1363709918276097
2.959245265878078,-3.2227923172892616
0.5489398313891771,2.3108480720178806
2.924328824180552,-2.8241964764978094
2.8938922290717652,1.0905542061788924
2.5251400710510326,0.9603022234051733
-2.071840694662398,-2.7489067067360966
-2.943954157067202,-2.0218409192614497
-3.0526677069025916,2.7533016762162497
-1.9007976431633442,-1.969730237266762
2.37963194954096,2.4943408377781875
-0.8826880859121565,-2.7650739942733393
3.0318775048128,0.23318489095725123
-3.4559399131862354,3.1374398686010188
-2.2872337113206926,-0.6635736279406517
0.7078602022060295,2.6024169278282594
-3.0682930298824274,-0.3582224764161098
1.5245731799495736,-2.2081155473168637
2.3631164481304334,-1.397741137281973
1.6098707989701826,-2.786676126913085
2.818164916547125,-3.4970322357938266
2.790341598654997,-2.874739016154663
-2.28370677958886,-2.375653122693476
-2.5546206139318173,-0.8150505985277561
-2.7489242001133194,1.2681567549581658
0.879400517294884,2.5525881250130213
-2.9908519286961535,-2.1342760503394547
-2.945017925641863,-3.289616029009775
0.634862855940053,1.058566506813172
1.1463137959057599,-2.5179454396083827
-0.7969967246240874,-3.3268722385950658
-2.1067636434658747,-2.676194720029215
-3.3642682879248103,2.9875507141735853
-1.0601650253570807,-0.49664993367710353
0.36649393782252576,-1.1538701848251993
2.6723297701187607,-1.2198087187833355
-0.7826362828913495,-3.0294127681895384
3.574284510922361,0.6769093150722192
-1.1736827942785135,-2.648177610924224
-0.4552313519618013,2.9155541826608666
2.034186636278049,0.5608925488615483
0.7805742313360954,2.646522755117166
-1.803294077423311,-3.004593414753355
0.6373546510811114,2.5526614630786884
-2.3476000818338956,-2.141069571178655
-0.7289975625262591,2.8459444036758574
0.5095601440063338,-2.976383660571292
-0.8851940233335999,2.7662214282545077
0.7868441126514594,-3.1733429515076534
2.9608981125780067,0.756327812425204
-1.3067112955366913,-0.6135390726859157
-0.8668278302898711,1.0256434249684796
2.6561793824053033,-2.386255751315693
-2.4994959749138523,-0.8686009461950857
-0.9101912225252922,0.9706358933201457
0.4985864633691226,-2.9793278253839603
-3.0641044415078786,2.589948062923914
-2.7948104357807884,2.677244919256727
2.3578647672902626,0.6993879548077825
2.7851172657633656,-3.3933543483167052
2.524670034265037,2.207411079099741
2.901222304139323,-2.807996246967704
3.1506044176294,-2.7352249564459945
3.3736975869564625,-0.6159838195465999
-2.7842594097491387,0.6040643055394234
2.0264810728685014,-0.76026940391013
2.147973875965226,-3.59064348634563
-3.243890154280945,0.7660402464358878
-0.43367882421403287,2.825610728381182
2.7312526303480733,1.5104753558279502
0.2913897406665794,2.5627055769065903
-2.427647828069261,-3.216888545471849
-2.5715203177304744,-3.0714554586571032
0.4203525948879653,-0.47695445465752667
-3.304371888202311,2.3146709709661586
0.8414170359481475,2.9501522695269093
-1.4708687536004497,-2.9711374142369995
-1.1892600921469239,-1.040519429795143
-0.6674701180159882,0.9312020978274436
2.865840902270055,3.1999768079072743
2.73392883861807,-2.4434189820892365
-0.46249220561273674,0.6465739131584722
-0.8971482575291788,2.9885360504266876
-0.4712026644643318,-1.1906111121591478
3.1358864787577834,-2.743149695478052
1.115646872684238,-0.6917944666979773
-0.8522519985404099,-0.31311721470282416
0.8486190943645089,2.8116435774131054
-2.7650973367654257,-2.292416368169508
-2.579982965236058,2.6707997042174934
2.8864061500657994,0.8084959776564368
3.4567253770222415,-2.8308829586975075
2.950491176700858,-2.0163028433899495
-0.15101226097584391,0.08668104225775156
0.9097663018256524,-3.1820814456584787
0.7984668167933048,0.6968988243161184
2.809277686238258,-2.303463601816061
-2.1595166496635705,2.635787789514614
1.1677288134033317,-1.8145208836740676
-1.1570008010525714,0.43156201223857693
3.334503853740095,3.2338145325192165
1.4542687877704827,-0.017544575456469192
-0.9168580465835044,-0.4008329462061125
2.7361426140071305,0.3870079664324761
-2.8876389028872134,3.012096108024822
-2.16258525708184,-0.49195770980110076
-0.7927044120313625,3.0224270509956503
-0.6743004580807087,-0.907841937622836
0.6854071351944815,0.7779879767802501
-1.020084284757162,-0.6972236112114145
-0.564584756859586,1.200851046682539
-1.233188546909491,3.6047034601462413
-0.737947010264962,-3.4662484174056387
0.9062669894489064,0.06639769893182622
0.29840980761942426,-2.2116429656197014
-1.48335334840708,-0.2849138973936268
-1.2222689993171751,-0.6299296828044865
3.141185746154759,-3.067849668215261
2.7362316819385586,0.5278956190932894
2.42459920535631,-0.7994920692839869
-2.987939014088655,1.40953962325725
-0.9210984291437764,2.8635297922153935
-3.1286094739543784,1.5185599802082235
-0.6874933816281874,0.5620305909886367
2.1867005319273614,2.9551628082712127
-2.932997122394096,2.5629965253139164
1.2544056005736066,3.110069259203644
3.0517988538159524,-3.1598964787669277
-2.526877043610408,-1.2564420345377285
-0.7905779269670543,-2.4594171600785906
-2.1753937442556293,-2.3405707263958035
-2.7037415240527536,-1.2225411450084054
-2.150559725241941,-2.5300157710317617
2.5536300726488386,2.721239121447326
-1.4418265479414878,1.3864042685600684
-0.6169376114711169,-0.901870969052826
2.7483776246615066,-0.5606532055577605
-2.9040723088786264,0.7100089130464421
-2.9215428747054575,1.8241324755783777
-2.0549567774590183,-2.6295264153948663
-2.1466470394390758,-2.796070590388727
2.708379373443256,-2.9475742509564444
2.9809890595147004,-1.0649399250503768
-1.6580437155542127,3.219592357562066
-3.041685994094289,-0.8940279745992282
-0.9634782085310936,2.96167704914699
-3.33644295439143,1.1194276164552284
-3.013147751349868,1.3445253562454487
3.066682347597903,-3.157108908084081
1.2175365253220378,-0.7030162494955818
1.4695772445854298,2.718515471673789
-1.3332467288279088,2.8521182031852015
2.267437490760118,0.7236409704577467
-1.063042411377081,-1.899470191504096
1.2456252167972335,-0.48868025955392147
-0.8844744719105269,-1.0214454866625111
-1.3504514431529568,0.8169523438652334
1.0463034743232018,-1.195002950699649
-2.4626219034515677,-0.893720402271389
-2.386406451520507,-2.2952556360883927
2.0348093252681467,-0.5883312866340994
2.90224290855494,-3.253959515749142
0.6902339009261741,0.5709894855410071
2.542054974525314,0.9144309052916203
1.4523895216850071,-2.9321460289024075
0.6735196015050239,0.5372905325787268
2.7958622019019885,-0.8896820654904664
2.765623779091514,0.008629003547445354
1.290424527241122,-3.2613614023904494
2.9148171747172524,-3.6359843950100683
1.8327257309420262,2.7495528978309838
-2.7137232998472194,1.134736785222823
-3.368430811182342,2.303145074586207
-0.6909038198585673,-0.1775231483401014
0.9652124832891322,2.6131713891768267
-0.5808674258115673,-2.521787479918935
1.0396817770542186,0.25036768370214574
-3.2341583770027342,-2.50442341469385
0.8366289121641393,2.314698305925785
-3.0886074530083487,0.2706731065246144
-2.4297001985324864,2.0825165369761875
-1.2461394567375252,0.8037870194285361
-0.8944289813426732,-3.0748277329309266
0.3561536681410679,2.8240943464063237
-1.0528127015298565,-2.896081217089587
1.3745447900329524,-1.0416996703107197
-3.0260381985103977,-2.37276103645608
3.327751108211992,-1.2240944784638226
2.8445438765872075,-2.9037968996981762
3.581947481672218,0.3300319175180584
1.0447966746945485,2.560007444807791
3.328376842497935,-1.0472194632245204
0.5001708503679798,0.6072060411353987
1.5914368480361731,0.4689738105152873
2.8001672112016114,-0.7283172961301246
-2.755685801448999,1.219190305176876
0.9332717920559056,0.8223651391448605
-0.9307670414259368,-0.9737740174558056
0.8984344129619012,-3.0165191317905284
-1.1288742345860754,2.3513899057165855
2.7633574942996657,1.1636711078011102
1.7274472386781885,2.386602305781141
0.8655968688633985,-0.3524723811987645
-3.268769525163685,0.9854452265651971
0.8289316136310281,-2.4329194418035307
-2.8010596803995056,2.6146165245222277
-2.7058982225016464,-1.2001657950018418
1.4880856675638845,-0.8246790349129216
-1.0793693050811688,-0.42129748680204615
-2.128465787418911,-0.5903065170252597
2.9584008343862993,3.384515965014249
-0.902136029777891,2.4701444490663294
1.0962969394213484,2.9108944681299063
-2.773064578089686,-2.8676743481342566
2.72017376024932,-2.8680240872607556
2.343201205507792,3.0134586523491063
3.1318737456644303,1.2432248908903702
3.0921679719505013,-0.5097964664382554
-3.297722890674801,1.1240301812033058
-0.37752261466867904,-2.833857496886632
-0.6497221128473317,0.5437695143954151
3.161599438247815,2.8165610821922904
-0.8330047063767005,0.9780848621457778
-1.205992964042482,-2.844204473621742
0.8252516039667536,3.0238797737553016
-3.7059595108282375,-0.9447311598799137
1.3674187022992914,2.5308614405751135
-2.910164975186039,1.786507289110911
-0.652005625801148,-1.278129257862937
-3.170417916374731,3.2089556027856125
-0.877654187672267,1.0790852013909682
1.1281087271439822,-2.471735329439171
0.6781729357166199,-2.7034493403827367
2.93183189970576,0.6077714599232319
1.013174985848378,0.9858390624541338
-2.938649694718301,-2.9199898279207774
1.108349802657645,-3.1311295502053262
-2.7873994651476393,-2.598740888913366
-1.461171365940248,-3.2764355213244474
-0.93023707703047,2.4931189064258263
-2.654345380828985,-0.8747551626742165
-0.4354177378866669,0.732177287915526
-1.5032658482410008,3.6634276766551106
-2.6386533977642106,-3.1097275654115086
1.0487751000602323,2.574332737354133
0.5000294468688972,2.736117956438817
3.1892411616390803,0.7575901779820234
-3.393103412735342,1.2395299756582752
2.8576353094259526,0.8966026985745088
1.0322999246354778,-2.5449649225694473
2.9581377475441646,0.5632016585493768
2.2506849870759895,1.208513237357706
-1.1813242133296036,2.441770107812196
-2.5362288430917146,3.0559825730376025
1.286307639414514,2.5764252097171
0.9834243312802433,3.4818220381759346
0.44091156131803827,-0.4333953725703789
-0.9813815176544161,0.9306483358042545
2.1063657793500528,2.7133833175391815
2.86576356722709,-1.2936844293710703
-0.7814152596827114,-3.2715949740082415
-2.5084170658310616,-3.0092029176395783
-0.6968358019534754,-0.8039216291818552
-0.8917950132020067,-1.0540456321440426
-0.9846261904858171,1.3228396675554592
3.0746664788647164,-1.156963181167437
2.8200478497972146,2.6490046880777522
-1.1700850855635285,-1.035135455497214
-0.8612781636444097,0.8583684759692863
-2.588808162881755,1.2884612961149544
-1.1708565588073474,0.7388931653475295
-1.630470244918748,3.3774847472783565
-2.6110358173398667,-0.7805752186842119
0.25044670389413926,2.6619864049253534
-1.2346128181043359,1.1380020396324644
-2.452034168322022,3.4215238782631006
2.1162783355663555,1.1193528197933509
-0.10994254074127474,-3.2152021832816824
-0.6735646510384597,-0.654929395260762
-3.021068950965681,0.5481104653671592
-3.032140952596867,-0.5722399802691486
3.83038048817072,-3.2005714172190634
-1.192820497684553,-2.615750568906061
-0.9662523429712132,-3.3264055854236405
3.1963593909326633,0.4537998708607131
1.136383917878004,-2.5091635118355278
0.5319044163265312,-0.5837286725736726
-2.702055105107413,-2.293744950907001
0.5936303795995956,-1.5128671170924721
-3.756161395261241,3.1828901585065354
1.2138854405692132,-2.660674815064836
0.6612560225257093,0.3398036911955281
0.9601174873319195,-0.9248458287589536
0.8382412444465595,-1.26688566257603
2.3703512876394317,-1.0650619329204463
-3.7671603777184943,0.998140980817549
1.1554324910759144,-3.0977995071023146
0.4188426497859338,0.9589000816794405
-0.9939004665588461,1.4116028228154536
0.4187382639537818,-1.7095241124381324
0.5813822302810637,3.021123279533371
3.168558421646075,-3.497835901008165
-2.828133815790263,2.1163346610031097
-0.8220095642134881,2.559924307999256
3.0497854312369954,-2.631870446531612
-1.2764761023796984,2.556815100469939
-2.631813831658958,1.2227834227491756
2.207525366433056,2.8342615464827126
-1.2046835801907674,0.7331451609230617
-2.8988696804813157,1.8687856784429986
1.2643786274301034,-1.4596415548143127
2.7447787833204043,1.9306502534561818
-2.898114215010218,2.331200101127118
-2.7321244415821146,1.049197732114306
2.5012336400029977,-1.1962174693465157
-3.494457415688233,1.8393502075150152
0.9110179536799548,0.739962207952444
1.232647458771673,0.864018229411314
1.1948274273837447,-1.074610580676365
-1.4013586276669228,2.934994201223784
1.74915814931943,2.5859537069791974
2.7392218428648336,0.3728970609490751
1.520465508070607,-2.631937353055641
-3.5173194084594974,2.3436894247753997
1.3363099133134628,2.753638389162721
0.7855785405468181,1.0590934026547558
3.228069314596077,0.29784868996252817
3.413037100733593,-0.9593105525222473
2.878382361639069,0.7391194985631205
-0.863475845696457,-0.6525368453408928
-2.6156865368574382,-3.0425665498322765
-0.8538496839064336,-2.533116453256053
-0.8378891736734189,-0.1436039696111196
2.6708613662170397,2.26075023463463
1.38224135647381,3.0761876029442443
-1.3674048129353829,-2.6716853933264226
-0.895212399424289,-3.204736530100256
-0.516069597349052,2.7933204604840207
2.5182686864285766,-0.9196923287311366
-2.510021405308714,1.4970919255812594
-1.5535225387004037,-1.3729327812123373
-0.42671941011488157,-1.1183487559466658
-1.1443551610470852,-2.617944402528318
-2.8604549765446534,0.7960438827576374
2.071430600288574,0.06494716249697695
-2.038798740010684,2.493595519114031
-2.90698640271045,2.843720023845204
-1.3681406393573396,2.4095580987259875
2.8292695750089116,1.4530918448916355
-2.675097348876154,-0.6607747984735961
-2.7996882968479833,0.2203876410531013
-0.5533474783157725,-2.9665469512065332
2.614002039335278,2.7638470398950505
2.231414016664571,0.5662465719832629
-0.9612763065567977,-0.5954809169599304
0.9712192567636692,-0.8408469075988051
0.7495126542298083,2.535322550507828
-1.7697650115869588,3.2070238999799794
0.6233962665577232,-1.8648991142065336
-0.4467493842391893,1.287367220686285
-1.1945158676281926,1.0568044149650553
3.3385186081381204,2.4308044171129466
-1.004832054267669,-2.1865557289991355
1.147491293578208,-1.375486544785525
2.679245209057708,0.8665156648849304
0.1495756408707183,1.1765524199586177
2.5934235830989536,0.6846912746310498
3.232346647703902,2.568001405576958
2.52253468811013,3.1085873745333585
-0.5140533022659561,2.751677845496344
2.751387591433443,-0.7516781173225503
-3.325730827468341,3.5378317212445936
2.8631345404643245,-0.7169599360879177
-1.1613162788426772,-0.3929727410428747
0.7831491201338487,-2.6387425745263267
3.259772595893824,-3.5941977084813437
-2.45912659641766,-2.6347927086054845
-3.195440751545947,0.8350127067030743
-3.195131392362235,1.124903105748105
3.32859244568091,-3.0515754383217595
3.016346660374126,2.7795611744691224
-0.48287370739446844,2.902238148436761
-2.908581830983844,2.988077591970428
1.0084410154999148,-2.358963816713526
-1.9256627701556552,-1.113156560316295
-2.8824303942131233,-0.48092557290068566
-0.3981483030200819,-2.884153596985727
-1.2480193876470218,0.6013739196850542
-2.7386678851095456,2.7034813024982784
-1.0381741841827792,3.102100224955258
-2.8086052302598534,1.4089838177968173
-0.9011355042814921,-2.553950068513165
-2.396035055196086,2.243698960270476
-0.10203653033757237,3.0217231966463
2.477518420661895,2.8889723452181344
-2.964414967153615,-1.3110432798331182
0.8163490849599986,0.22574172680863472
-0.5498281634313368,0.5088402201540866
-2.714058197951583,1.35077827467929
2.8039907635579047,2.804671567377351
-1.2757726555490625,2.695089236740261
-2.4037870979531744,1.3720172806864892
-0.5458930411177648,-1.0008834693978945
1.1990437480983214,1.5717716400458046
-2.118155982573543,-2.953803830675778
2.209009320082683,0.9944354515367745
1.90786721966149,3.237076754752382
3.2802800212724383,-2.8146794730680003
-0.619468721808212,-0.4747041696007018
-2.3769057906327937,1.2690462874531925
0.7331983480899266,3.7911828131640135
-3.160422752208537,-0.6340993920850145
2.9603636142233394,1.3098273334379074
-2.959462825738695,0.966824465533622
3.416914525604532,-2.6899574944195184
2.1324515996495714,0.8676069352877362
-0.6112622070439109,-2.5553744449963354
-0.8110145611823638,-1.1106733493193521
3.179413504532705,-2.99183256348884
0.6662199238990633,-3.156530306092619
-2.7854073117296343,-2.3883872190246644
1.1104727350379349,-0.9301124247541754
-1.975074321921899,3.0486145985678776
0.9965671413097044,2.748247837904422
-0.8680073016822325,1.711138059246086
3.3705284913361533,0.5479846183236876
0.3839353293537245,0.9591960223323411
-2.4669552512153725,0.7905673952198429
2.588090072980331,-2.565121227866004
2.839241963963608,-3.872224126761926
-1.3518074557137303,-2.0031544921811073
1.0788838603201742,-0.8402472450184034
0.7207319076421609,0.9180407802022169
-2.6019728575451357,-3.0552920790543827
-3.5916347719970916,2.8468112387152296
-1.1093643778637858,1.2144503901869488
2.973125565899718,-2.459776971016372
-2.550518898554816,-2.507106252937753
-0.7973762027306815,-2.846256960193621
0.8989105520261574,0.4769289983470472
-2.7834662373652646,-2.4062271748637385
3.3101774719220276,2.066309964394932
3.0478244516503894,-2.6897636672288034
-0.7867202007204871,1.151346193535955
0.9417254171459416,-0.45697421478215805
1.1934668948951759,-3.55755811167321
0.5725341083158741,-2.4178018124075953
-1.3458141443263474,-3.4922655816720862
0.8765725357659041,1.5468062094677342
1.1047080265303377,-3.279020211598884
-1.0664439416148814,1.06207720091998
2.5109827109773715,-0.9137452375511015
-1.0025772276777558,1.4017307572915128
-0.3070072585724338,-3.5005383659302876
-1.2111037286377984,0.8526173767296945
0.7956192231048724,2.6253680535760444
2.9937004773171205,-0.9389918770093839
3.4849775334250657,-1.3228578804725024
1.7047935829308738,-1.3971669043280075
-2.8712522004756225,-0.8996808572397463
1.7221265168787252,-1.8610098174513012
2.8299257130998057,-2.8425113568512557
0.5654339163454957,-1.3981461880917514
-2.8106831230790434,2.8436809233977183
-0.8731611147057972,2.5891698299126227
3.402284093141891,-2.6157918868977257
3.2342785925395643,2.3641940938763932
3.3686400998992347,-2.595502677000254
3.57035119056463,-2.703896314636577
2.9019782358072863,-1.373620344613408
1.2147453486879416,2.692700291092017
-0.507024633421937,-1.1777534976061395
-3.4795558092639425,-1.027853729915862
3.2040171317941244,1.010580665362601
3.0429728655097734,-2.5997448820905364
-2.9602896589612864,0.7072308151566136
-1.0157469863717454,-2.669312019573553
-0.6478209322193208,-3.0654051401077975
0.8144996159461201,2.7424302916243013
-3.1779647107398907,-2.9542911710633573
-1.472769526638872,2.4407692445119316
1.0298030414639738,2.607162551449369
-3.1479809910443803,3.060032817076054
1.4505679958128912,1.6117559163484003
2.82229449517131,-3.0607872721514866
-2.5139953520591214,2.9501269730357342
-2.220725293931999,-1.2716212614180171
-1.201239363037929,0.6755246861626121
0.24675172712620883,-1.0313377373596202
-2.3951078578120244,-0.4472627752671131
-1.3562219185872686,-3.291079476600228
-2.9550690516271203,0.6816069729971365
-2.9525248848536063,-2.5739388372044387
0.7233367543739863,-3.428197893202184
-1.4925365164485962,-2.203102386892743
0.9160153369946515,2.5395826908837282
3.007868037155107,2.64720603378437
0.5922281143443903,2.3161524600851573
-2.502944367278649,2.859914898054887
2.8989095843483885,2.6929778734536565
-1.152535823151825,3.257515827581122
-2.0841982742486693,-0.3253130613954115
1.0114462272189098,-2.6364443361557957
-2.1692804342150196,-2.7171682045752568
3.1142629796718975,1.1215548760901939
1.1190744169921338,2.5245006321850205
-0.847997618846087,3.1227533025168244
-2.897270998993969,-0.813443725239633
-0.4735068812346209,-2.636944789494381
0.7841877217492368,1.5085299762598712
0.82341037780712,1.4049853361763285
0.9720287515566187,-0.7026845544306105
0.49535295879806684,-1.3011831316089697
0.5770755312039386,1.0293611090283847
-2.1047089581288585,-0.8642980690305678
-0.5810762810399913,-3.127732201994963
-0.6589816073489401,-0.5599552398112383
-2.5267416920237653,3.1280054587222064
2.6281077431801196,3.419862561183936
-3.1080088938743806,1.061201627018051
-2.3272317177840174,-2.668074837450178
-1.3073240399173032,1.3161957510675004
-2.077424396551793,-0.5524416587839821
1.2247162353781575,0.9834270349038214
-2.5532902372445867,-0.8202774092751552
-2.832441183349706,0.7912889715379984
-2.334728462326935,1.4967218387650556
3.0715157499474603,-0.6672855194740678
-3.409214931104714,2.8009707268449477
-1.1094161257809418,-0.9160421860276522
-2.5689056100550247,2.7309195179146335
-1.6182603876564305,2.598295389313575
-2.999608789648785,2.1904628933768104
-3.149993261313117,1.1368756076507236
0.745829191439527,2.744692187790493
1.8545446575083826,2.4989377558498127
2.748975629769012,1.0045015167024267
-0.6547618971293775,-2.414665270042541
-0.7756603393208858,-1.050734161751805
2.4564075813248585,2.3614014218358474
-3.0257983975100537,0.9580310065387166
1.1840471992349038,-2.891187400942318
0.8817195471169268,-2.687389392411854
0.8613729504083776,-1.333843532151546
2.675788731687772,-0.6081986428217365
2.25335566471827,3.0857435941328077
0.5439446252943844,3.0141979477748304
-2.6698165151076814,1.0031173423283835
1.3708695770044879,1.418688091461677
2.824541776550703,-3.1105527189381266
0.6204391844256032,-1.3613898123832684
-3.0860177338977066,3.3277290714779393
-2.359141220801784,3.62150627995653
1.0129205095000435,-3.3324349158828763
-1.362211274944895,-1.054370237639741
-2.736783064908528,-0.28418706827275747
-0.9989183060863573,-2.717519298246402
-0.5371346631470331,-2.723165065432788
-0.8428017204615623,-3.5117989356276134
0.3641523316614648,1.34563572393315
1.1845452995854764,-2.686498151670569
3.1379261575866626,-3.3553485922777786
3.0982746039055247,0.5459131725293275
2.881464260744878,-1.890016312446241
-2.8072817519087723,-0.22957621218463142
2.6528887468952407,2.848817461209738
2.7984554116474296,-2.848074138007691
1.3203980614213189,-3.138322437616987
0.9181576359691264,-0.16275504785944545
-2.556972504252115,-2.5174486781698566
3.305635552937928,1.1704669154596299
1.1818839489359156,-2.8609135096412808
-0.756312650902021,-0.8199537260253121
2.820039076409479,2.399870877809428
-2.3848680030966927,-0.7078524439477736
-2.587848765211778,-0.6894074096191564
3.602286032366533,-0.5361323256131647
0.8335196412593839,2.496767862900552
2.5056650087323407,-0.5992548980497402
3.102022874813656,0.08253554383905402
-2.9271735227973092,-2.0668199792876454
1.8918210435743699,-3.060279753375671
0.45885774569753807,-0.8289491069879676
3.1513420936955576,0.8852347723297526
3.013904474604824,-2.8074474786810395
1.172063031690653,-2.212168641058551
3.27204277338144,-2.8857382363261035
-1.8273701337506751,-0.8474750249977471
2.7207277004867825,-1.0243737727798046
-0.9307344017051746,-2.660325159360209
0.5597413191368417,-0.8516012407477315
-2.320923790217619,1.0566425688032854
2.7760181273146527,-1.180205595984733
2.7497762457456356,2.404842372069925
-1.4331968093588854,2.9826007501818648
-2.98816874665271,-1.2483441211275927
1.2867270517851936,-3.135531052344658
3.0657228459136485,-2.824866476250382
1.1452520386107155,0.6530077598084676
0.7021352797052176,0.9691671634132776
-3.138098227287041,3.6811242684390324
2.938414177291529,-2.324507874227726
3.5767351010076074,-2.6417814676900755
1.1123608380672312,-0.942158598523761
-0.9329119591207954,3.1569438487139534
1.570314160493115,-2.9771209256423576
0.399149837101875,-1.2089458541279536
1.2495850855457005,-0.9576588954503087
0.07908495882088214,2.820822210042908
-0.5235310778497003,3.1297154968018903
3.240731601870998,0.8047741408668369
-2.885189247639891,2.152282902602536
-0.641709261436125,2.57215354163495
1.215715656556317,-1.0852687463899522
1.337495393172527,-2.831905932806532
3.6267325360905662,-1.0103146182447058
-1.2033970657047621,1.0946818057045025
-0.14820095828385485,2.6297804938139566
1.4522966467013299,-2.5859836823058155
-3.290812754113967,2.73195384964403
1.5091340614056905,1.6228812129121037
-2.2683654210696895,0.8152858201514368
3.4231929991502845,2.707145029267737
-0.6985314076232584,3.0142265286715886
0.9636774101106502,2.305671225743927
-1.3354848606190644,0.9581631140458557
-2.416255320510818,-1.1341434104754864
0.8744463896127157,2.6546100292010353
2.9003905661954605,0.5985880829997404
3.5975292010992477,2.934702723816446
-0.9431512616556399,-3.0905763068638974
3.244369031307029,1.0194378699764453
3.045960009724776,1.3579171072010563
-2.7029143888418248,3.0867212973817018
-2.120859075339983,-2.615516444467483
-3.363773374087779,-1.670490277723469
1.0482038036745924,1.121256069146091
-3.1334492657913784,-0.8199074155009826
0.8134490459436575,3.2785622224105255
2.2398433435249583,3.0525522294070124
3.1512198673791927,1.076025186979799
-1.1427189096391337,1.1993262447757005
-0.6795349435896346,3.24161453356197
0.7746813031781018,-0.5552166069835367
-3.696421580159251,-3.1107682684084983
1.0496864465907245,-2.6548517855019433
1.662487468234552,-2.4924674132648303
-1.5116501161670928,2.8351940235849535
-0.49733503689976816,1.4686114503656507
3.064620054244436,-2.9536613592803893
-0.8352193776669044,1.5248858998055035
0.6948883137851328,1.1817721382684412
2.91027482028463,1.4145039142400169
1.1086614762235614,1.3340276156076405
-3.28947588820785,-0.6573128142613018
0.34946631291605834,-2.924543469545638
2.172795754689169,2.5974899778999685
-1.5387453436678824,3.0123770883888032
-2.6384756666763325,-0.34500078186035893
-0.4470503639018625,2.470807524116287
-0.7567882847346064,-2.8393819647479077
-2.7816890572646087,1.1675176522098174
3.0369541875435058,-2.1213536669460846
1.6690154752918755,2.872423498351487
-2.7010291673923637,-0.43223108303324065
-0.1808423683388857,0.8982829068327254
1.6776298809352528,-2.9981206664798554
-2.120543877734424,1.3200872336839549
-2.694609090290086,-2.6116973325184563
3.2966685977217085,2.2687730148608583
-1.6024517583869586,2.707826641306706
0.9490404164614541,-1.0572847137841281
-2.9776482225819803,0.8421407701693521
-2.044508812542243,1.9086130926594058
0.47002526704608505,3.544107858281822
-0.937985208642437,3.074400923094122
0.7769961698531451,1.1103187281934088
3.0342317516500814,-3.5026572129966946
2.936322339352457,-1.346415982524066
0.7085655251269275,2.9489391906816897
3.0099922085762003,-0.9875732371626836
2.1213436863822284,-3.4678808027315986
-3.004028328000289,-0.16746380157748092
0.4848308965240762,2.904452047286692
-0.7396453017600555,3.8235335448523013
-1.5686296962705049,-2.4883257657773874
0.7325142453919856,-0.8854384902998139
-0.7356618913724157,1.7827708016072903
-1.1879227419213882,2.782960831098139
-1.0014486435849166,0.9392379740797776
0.6731137052459124,1.3608096139219108
3.3193950667365133,-2.7855780478811156
0.598118643245095,0.5377425975334631
1.1869354823322553,1.1256729603595916
0.4835037453221089,0.37930364546311934
-1.0939071724660638,-1.2951799269050817
-2.4996939968079404,0.8657462178979068
-2.3160148028289105,-3.2256448996576492
0.26927538933663503,1.109766193216592
0.8344695914231619,-3.1043853632043
3.409361412926015,0.6606546202021566
-3.096234119889363,-2.8538941764620054
-3.193115782465054,2.91296600011368
-3.1925047881023225,0.7730837789984882
-0.8923775559067921,3.2419259028584255
-3.0380810922536665,-0.23307474540596385
-2.5893446626297902,0.4979024724563591
2.7571199650713596,-3.0685169923537567
0.9724780493712816,2.665357446541476
2.2338284144043614,0.607004377399009
-2.210914388226672,2.929080358152465
-1.1028754567936974,2.7977800560649806
0.30811104068693973,2.7331013517435627
-2.8949252615050147,-1.2790861009370087
-0.1922865977515118,-2.7272914361951055
0.559512896001032,2.6959906549539454
-2.4901828807051976,-2.481005518293428
-0.8439010700577613,-1.3279155000881595
2.0386054309496604,0.7717720410925087
-3.7299921218345498,3.22048803478234
3.1754792338055,1.1200208698829957
-0.8561749449405786,0.590895037029484
3.629478094114748,-2.340721606968326
-3.1730375843113054,-1.3250426486054938
0.5602231409483714,2.7361101755704493
-0.5991522478981574,-1.9696831064784344
-2.637981899366859,-1.3010633153679345
-3.0808451974228124,-0.6088115790478633
0.36511538134927674,0.7818830729603067
-3.1271200767154665,-0.6455050366481084
1.3588607388846257,-2.6335201196129456
-3.354915225249445,1.1491837051538918
1.1107173003345991,-3.0766041309546877
2.6216365665155776,0.21650682194549983
1.1638189368258876,-0.8951262584467015
0.723398265633179,0.8611993736411035
2.495593385341384,2.930691207699823
-3.2250775882761746,2.7835144351081276
-0.9079019177652979,-2.744329538356502
0.9989477341670221,0.39310922466725207
-0.8098718454796592,1.0935927794677676
-2.4694541632602824,0.7457822680867432
0.630020955618407,-1.0591308897885299
0.3731708516349922,0.4160296261755367
-2.351199379149897,1.3835693751380993
2.7522448567688964,-3.6318831575013717
-1.1139843135538692,0.32106130150779166
3.4691890267721406,-2.949182826286731
-1.0349993519162681,-2.399216271996613
1.1380664933550322,2.67157987159847
-3.08344599584153,1.7432914172131595
-0.8881203919099194,2.3786885318562083
0.8499825800496619,1.0954953887727392
0.3394095091510977,-1.2987164045988666
-2.706543936658833,1.110887755941459
3.0563037505300406,-2.944316222919151
1.9370434913457013,1.190458560744239
2.549512327297402,-2.1978711565661144
2.3726141531142706,-2.627546759001832
-3.00925893531065,-2.4140651194737637
3.3470603590603605,-1.6780742628094127
-0.9018011519230981,0.8765491408747653
-1.1341673110650077,-3.2384621174283685
2.718754764950118,-0.9400508757495963
3.0886355250273914,-0.8715228101955893
-2.9783409657625057,1.4449948877131849
-2.53423657034255,-2.907088774138621
-3.3162190658567785,-0.5568545457188939
-0.5908254427871835,-2.48088596824549
-0.8523004388171693,1.8940637133315081
-2.642994090328511,2.764466610248139
1.5076445108541199,-2.4266610533199455
2.486465334544086,1.3125085018909632
-2.9669031858335337,-1.0675242276104129
0.5936329914542647,-3.1875895117016615
-0.9931377714420729,-2.889546664795936
1.1394550736184472,-1.195958272891155
-2.993114487164696,2.7550783383049695
-0.029846817837297743,-2.0362682040909963
3.0580722874151376,-1.9668238012891066
2.644901305990182,3.2695755884876476
-2.9536744351337862,0.8967279220142215
-2.661642822868873,-2.6263950610221403
-1.056673954542475,-1.3144383760951759
0.4614764449608139,2.3880210412157217
2.6248784783040517,-2.7540811911685688
-2.905769600888807,2.7116408578493907
0.3230730217142645,3.010999916086468
-2.1944271327781832,-0.9517917764579983
-1.9076057107166977,-2.79530208748426
0.8501388224796984,0.4695455694060237
0.9862276613624147,0.7335587154844032
0.610832699962018,2.3878095794326244
0.621760025402021,-1.2085791100722274
-0.8633656409620662,-1.0799619592135974
2.615917672545319,-0.8877909916680712
-2.6612084407569188,2.452891517262788
2.943006070905542,2.79499882689367
0.8124034797748563,2.5769080848822923
1.3009456187894444,-3.081836498039547
-1.3811143642034676,0.9962246584581385
2.411281880337699,-3.221201838056436
0.6312919995379193,-4.227325683817621
-0.15391571450051764,2.6501914050432944
0.9900917274310211,2.3575649306783424
-3.1818921705334837,3.2630437494790603
0.9599063230774827,-1.431469500656343
-2.5303401911397776,3.4105085307003074
0.48977883231804864,-0.729238231307099
-2.4385509369458456,-0.607776260785374
-2.7012461031098387,-1.1003592294114428
-1.2437565472393808,-2.9055475759323697
0.7305402247495094,-2.7136561318940546
-2.9061409125973072,1.3362096302668602
-0.20664576953440547,0.6838179874389827
2.477729412053271,0.8690247613829083
3.476583742626828,-2.6134525334585983
-1.5110144143278084,-0.08254374468990919
0.7054680614247107,2.947804413931464
2.931040017695192,-2.9784025679368935
-2.4917813701188933,1.023606127892551
1.2944871498488921,-0.8517102464223533
2.612009079363395,-1.532095950441386
-3.3988832853117774,3.1126807695629073
-0.0039196098705187804,-0.6774378171850404
-0.883582559531393,-2.9476749810636393
2.047655777306269,2.104149077525354
0.6107702428069866,2.557719360645794
0.33381257378931284,-1.132021557744968
-2.531624952469144,-0.597859227051164
-1.1151354961868043,-0.6422902779456758
1.6081360297491663,-2.864689186655148
-2.55420348214352,0.46878238848722265
-3.110984183967624,1.1587290253706835
-0.8758640991292536,-0.702195264829054
3.8436083225160345,-3.032706863671682
0.6873940977953952,-0.9747215809399908
2.2331520563653133,-2.890572222051107
-1.3039461648178357,0.40554973360717717
-0.7703105847593937,-2.7205143789193342
2.7589364535999708,3.187696386197645
-3.3042666768119062,-0.2811839980498029
3.153269786977685,-0.6009770918305538
-0.8964573394637272,2.5047909222949345
1.8588746793713387,1.1105407479023177
-0.8608811258718454,2.383552408148333
-1.9058543061801347,3.1589409264485204
1.6228906193201413,-2.3675638205457994
-0.8255362583594356,0.7776092108408167
2.458856262047945,2.4799218722014205
1.6068303132028068,-3.0185790767105805
-1.0343062957976912,2.971251889850805
1.4986121912584651,-2.6866521999306725
-2.6202394705980163,0.6922207422072919
2.3377673678470168,2.442440856907831
0.7002693658343749,-2.6331959702079755
-1.40539255937203,2.6159767698357026
3.321530566553659,0.6897904306463102
-1.0101062202811986,3.1268360468999696
-0.7015988997573315,-0.5622320385812095
1.5030660253682444,-2.148276684866492
-0.6522989028642356,-0.9786401703213418
-2.363558919432423,0.7731773311608697
-3.0922095739078257,0.4357710037826237
-1.178531124419128,-0.49898926260876186
2.8710929328144292,-3.2838175037188644
3.376474662605835,-1.077373759660733
-2.5898607786186085,-2.151083254238735
2.8716932712195065,0.6289416313572633
0.8482838867587836,-0.9301141621727494
-2.6733002515982083,-2.398754069112617
1.194370034100133,0.28034583974088273
3.2598985622527974,0.514437920169945
-0.009653902556411725,-2.2086066655500245
-0.723224836922373,-0.598845391349007
1.0148657282997986,2.3906886460370234
0.5380757151385751,-0.6769834369528648
-2.5696086487904877,-0.6967784266033966
-2.1289795923499955,-2.3765823755487117
-1.4405383696440144,-1.1921202105410962
2.5350771916808723,2.5876513584444263
-2.7494873054999798,-2.673598709825661
-3.0862675287644996,2.672498241178779
-1.0375956830869515,-1.1566618884554145
-0.9657353325466074,1.0756665560604908
-3.1309564282449114,-2.583632643370198
-0.8207064087672182,-0.9349966767272995
-2.928277984243557,-2.4918483446602804
-0.8245860049812758,0.7117658436233137
-0.9728012183081254,-1.1788772444355584
2.3262326736858996,2.3711882653582466
-3.2999107978044804,1.2775992132787468
0.9600255313323308,-2.86637087564804
-2.6224935736874375,-0.06360069412167023
0.9035097114932994,0.49052489797583815
2.567720712746064,2.9091276233352112
-2.7195412242211834,-2.4366085687885963
-3.2507415325481315,-0.7266209442115849
0.5222617336343771,2.363488126642209
-1.5975788046869979,0.5068090671812594
1.0607754109410394,-0.6450189256243857
0.4953702096927977,2.6295891282906916
-1.0537372232853002,3.0182064636443884
3.072943161325394,-1.6215680833159443
0.958784417252879,2.715595734043905
0.9378465152307975,0.9941900767483749
-0.4397576384081775,-0.9419754103809143
-1.0580484520943858,2.194135025230236
3.7799155611702697,-0.815881313204606
2.7434077766191156,0.8168937105393348
1.0727214852390965,-3.158477542794035
-1.0121368805259137,0.820869595666265
2.653921331468571,-2.8283555512345253
-1.157963721535153,-3.103627583508927
-2.1629810472002746,-2.077853676818185
3.0606731207388744,-0.6865698658807865
0.5497810829089025,-1.1924295127766402
-2.360104377100112,-1.237051581388105
-1.0667424386923758,-2.6768873567120655
-1.3518162553275415,3.3484245003979463
-0.7575109716714847,-2.733303457436585
-0.6358813774725517,-3.6645610907277337
-0.8704041133340755,1.3972168805450442
-2.19778861030983,-3.824756412776511
-1.5912472009652472,2.7314790504828195
3.427872086232658,-3.8151537818737675
2.5363004906722315,-2.86523404315744
2.95236419902681,3.017010593875552
0.9128543142957379,-1.210906673828374
-2.82464788680721,3.3182417384194856
3.0539095114726926,0.9910034241034925
1.2221411855626803,3.059179438144383
-0.5510507872769957,1.1083701112506161
0.5960104243021834,-2.934197923977212
-1.1573670453578904,-0.6082803296067127
-0.7352955109783407,3.1246006626635703
3.441568045029486,-1.0157157364496072
-3.2412084027530463,2.8582194385758375
-0.803584027829614,2.3628540952867287
2.669571789213604,0.7893269515990048
3.445328246283278,-1.2041208472152238
3.294572524609445,-3.424799626199951
1.4303740220650099,1.0711528849699474
-2.9109151866622294,-0.31849693408269253
1.2492718684037145,-0.8733211122867519
-0.702552946817891,-1.4615339621574888
-0.8449343209723376,-0.9110910397513681
3.180490566654219,-1.3824295308957955
-2.539203543479299,-2.7275182270125105
-0.8367211475691277,-2.858345102886459
-2.360947019452091,-3.2409107177181125
-0.7810869960995153,3.1281641238700924
-1.6657416107018608,2.831732176142014
0.7130445903532948,2.0862528568788927
1.3380636817327582,-3.1760453878820187
-0.8748765984519247,-0.9352713847906536
2.6986677571191753,0.6240599902664682
-2.7687831380073984,0.8891208887209768
3.0653664449940776,0.503890494777732
-0.8187853674278709,1.006063230414003
-2.999138475897414,1.3464588277645069
0.4235195877467854,2.7392774012085797
-2.8721725686729953,2.650608418551809
1.1473680516902416,-1.3456600745858038
1.0556813126316495,-0.9923137410017197
0.4488095844377269,3.110710935090995
2.3910847029702067,2.684560423209532
-2.708071480317325,-0.7471743460935629
0.9533043382926465,0.8844701871673051
3.6217894270559543,-3.1979599785169324
0.7170678074846241,-1.5548376111476838
-3.0331155192729793,1.9173948973907426
0.6930362181795906,0.33435750211877413
-0.9396205194576011,1.4004585633242022
2.785838425759922,-2.992671102743738
2.2301521789409597,2.900101643000061
1.1887983378634774,-0.4418424625340593
3.3397745526269422,-3.0481537872771227
0.10146883916775347,-2.221678002915188
3.6773728781600874,-3.025962758490174
-0.4539821419170755,-0.4552281824657663
2.4649763210444915,1.1773496684354279
2.4856390720002026,2.6699091814302425
-2.5298919107176374,-2.685824339841903
0.7193052232254918,0.7367800537277458
-0.5851245947096126,-2.713654531643399
-3.1322825519412767,1.0725043641231915
1.1587563848957716,3.361899950331509
3.0586650355727225,-1.3766913096991003
-2.492869820882657,-0.9123002268877046
3.048203246638656,0.15182617406320298
-0.7681649412909682,-0.6219556356020706
-3.3971618615097507,2.3826890212422116
-1.2883493188769262,0.8640338863276036
1.5746457833515033,0.6893857138648438
1.000565125989281,3.1515581327440456
-2.9663138462922864,2.855076322805699
-2.5949491442378756,-0.33794404273901346
-2.538724877841012,3.0297936559169165
-2.9943729621265125,-2.2190711182662004
0.7378933665587498,0.7688116837747204
-2.570559750853615,1.3477787227340525
-2.5260370656140756,-2.6178582827469374
3.189474894243642,-0.9178952242573737
3.3440108339523626,1.081059018110765
1.0575925954790066,2.34567200274374
3.030646774239674,0.8044224108739463
-2.7768844077649546,3.467999878626815
0.5119366785626145,-0.917935183982402
-0.7212400872107637,2.7375095340133067
-0.7929276200844316,-2.430609436023365
-1.4493203902129106,-1.1927299747278546
-1.0780696039668054,1.7958349789583503
-2.4670060645680523,-2.053774637920142
-1.0116522883229009,-0.7619928294783025
-2.628038764065766,-1.8664838333164833
-2.753519498814437,-3.0228730598264364
2.846098556906427,-0.8354362826854859
-1.2843937611044227,1.9913486291960674
3.991227965259086,-2.5226506349001454
0.4695273318234079,-2.2563255620687253
-2.9263780794149983,1.4914606254397345
0.8599661310204515,1.7076006176032195
-0.7146506284236268,0.48717830027656595
-2.5327477069373012,0.5421633936033323
-3.0923938720831745,-1.068731789729953
2.645117858407779,-3.2421760771365995
-1.2168376874119773,0.8844055018714889
-2.93245854962179,2.92622285841655
1.38451265791193,-1.6802363138885996
0.21138021761854717,-2.5681811647814503
-0.8938035057303796,0.818674140940813
2.782346012817622,1.5034014994759222
-2.5807463693332653,2.059566756549177
-0.5056454778210778,1.4333543130634656
-0.803095110767859,-1.0856096491060347
-1.5081164003007907,2.6181810539320964
3.4177309821999664,-2.394659445070649
-1.5338627100414228,-1.114207250938631
1.1579200690014215,1.0922608680593064
-1.7902511796270737,-2.4974304625675425
-0.8200187149165675,2.8623864566369166
-1.307483245363092,-2.0902694915339834
-2.616352945062533,-1.0558165879139887
0.4944774627612484,-0.3236773843101478
-2.5734391192470625,0.44314977891921287
-0.025760254580449875,-0.9149887302162658
-0.4986931005126455,2.5041836324816114
2.332234616751419,3.0888890394563377
2.9397123662422064,-0.740401570280357
2.1710814252959896,3.1626678007664855
-2.8756571744418586,2.5520457639307144
-0.7342918755334,2.326197287878579
3.066218437289814,3.0734418570805837
0.582596783231818,2.255702669801484
1.4140279406356064,1.0736915359816361
2.5300385006108135,-2.4766317115131735
-0.5696671838204063,0.9459156447740568
2.707130760897696,-3.545723437247879
-0.9005345593013162,-2.972938849166286
-1.3041229356220292,-3.129012036575767
-0.2112833071791019,1.0018208109218583
-2.0472344842625145,1.7954638932550906
0.8387935802786352,-1.5907518586500211
-0.9924897973033083,-0.5841299413774536
-0.8842323501426013,0.9151793230863949
-1.4065914944017766,1.4967684671871468
2.8881205623201875,-1.3295161978344276
-1.2407514680276095,-0.7534180276988878
-0.3544417546317911,1.0613701682413725
-1.0781527192989069,2.7784017467421642
-0.9695202407345612,1.6109012045548823
1.350961641708334,-0.7849967158282445
0.9683585898916786,-3.0275448849344047
0.560430584014864,-3.363029062582485
1.2717180970468582,-1.0921263865936948
2.5794203233202935,-2.9081158974209598
-2.5857362491226024,0.9797499264368262
1.1639689025216382,-0.4877161455891964
0.2961027411693028,0.6071444632074402
3.568291081932616,2.100889400726264
0.6995801876992012,2.879727637704452
-1.0930734800093558,2.4150433066600536
0.8265396981179198,2.6216705543568755
-1.0330387024815604,-0.8667814924916091
0.922110765267962,-0.7984507254698368
-2.890021501131195,-0.9808705749786102
-0.29175718435621834,-2.4429781176847305
2.4533398701441023,-0.8677177175251258
-2.7563085219511163,1.617993375174497
3.257479828281295,-0.9042019989288467
2.108422246140227,2.618933393712183
-2.408396782546839,-0.06499446035928756
-3.103536663613968,-1.8389167877986543
2.632868707069347,2.9417898688613016
0.5696566258304703,-1.0485104930033187
-2.659552250357664,-0.6846175073340723
-1.0172349966499221,-2.2844387377305946
-3.1345839853796895,2.8438635357253887
-2.0346549704740595,-3.024425077567994
-2.640041621667943,0.7200340618539863
2.5870014468503104,1.5737156580377643
-2.5062100851873645,2.267116034746757
1.1342555894747537,3.0470837202544727
-1.6907119284230865,2.3816039300977208
-1.126114898139808,1.083374426669188
2.8979361388208935,-3.555328504281921
-3.027120924108686,1.210440557798263
-1.1574414386201082,-1.4214740042894707
0.6235260809638368,0.5542198407253959
-2.5380679035591207,-2.80931639422736
-0.515125150371671,-2.7624073339408843
-1.052129045534667,-2.826495269939219
1.7485171869385612,-2.781087012898753
2.5692401020593336,1.4238290138943583
1.1911573721717272,-2.700762380917371
2.938234717481083,0.8322442569451161
1.206298045821276,-0.5625787118524262
-1.2941170665431847,0.14784422980114903
-2.5993524454215304,-0.6257090553119613
-2.771328485630976,-1.1485537916738728
-0.8538790390616058,0.4188820215799662
-3.2563386084435044,-2.239197478550482
-0.8030967555373758,2.686234369785869
3.102423324440442,-1.2545963947582568
-2.702404808967966,-1.0197104397461614
-3.0338318418483334,1.1677443160942726
0.690411385030987,0.7604345019860791
2.5217604587507574,2.6600672770216396
0.7620339282365706,2.9190795974163946
2.9268133993104226,-3.1508259119723636
3.0299193432919553,-0.2557756405270143
2.5395966883837917,2.24273542494888
0.8142188449914657,-0.7473655453299192
-0.8460638729343155,-0.7504195720620056
-3.0015250978666494,-0.83397217271106
3.1648159740878112,-3.2697725184863606
-1.2619930134868786,0.8613765100955908
1.1515570259621082,-0.635455608762744
2.316120688622351,0.8348731118436264
2.7571688510899386,-2.5520747214875508
-3.077205730450007,-2.873551109297322
-2.197347457971851,-2.244834733269369
0.7818571751024436,0.3926077292968088
-2.4957009042097678,-2.6171120554748293
-1.3005058814192183,-2.967447016413761
-2.92917809753314,-2.3942276380282204
-2.412178721489147,-3.279045697306437
2.7996595901190298,3.0385139616955597
-1.1556631115112626,-1.2006629249947358
1.2358863914957103,2.328277377195104
-2.8971898255497743,2.4567757259794543
3.065323344139198,-2.5105427830740865
-0.5983058443635834,1.3059883951913605
-1.0966502245890493,2.659622526045251
-2.0809316707473595,0.990188389363935
0.5572920904364348,2.409776761155808
-1.998490772717458,2.638100933003607
-1.4487750869406073,1.9328640059100872
-3.6414413673810038,3.0101619679838474
3.18640576707563,2.484836463078755
-2.756916511144128,-2.7333638571964207
3.1238908323863006,2.035507797717523
1.6693517646500635,2.6768070497172487
1.7210635547764295,-2.497548943919397
-0.8909988805143101,-1.2521481853065721
0.46075699582853025,-1.5605027965585299
-3.242849937188709,2.6079993613888814
-2.936061412731695,-2.262778304544086
2.707069218033545,2.4881219092278664
1.493655332112815,2.827714904215939
-1.0063547350338657,-2.345315195802463
1.4780549155866898,-3.2758113010872827
-2.6134872245175447,1.1561013345706812
0.7065773457511191,1.3771803924528008
3.435901645798437,1.5138764610385698
0.7460892691497484,-3.136527614933985
-0.990852855047583,0.38870027952178854
0.9291409119665842,1.6471212581181882
-0.8218366045610433,-2.7553419703561364
-2.788695869925537,2.479670132949289
-0.8811998756878345,-1.079070186951271
-1.6258771963583833,2.3286483978227808
2.713605985040059,3.035147101422981
1.0387627907604065,1.4106849077449375
-2.5340396392864446,1.5881263444909077
0.47959342160886487,1.1324074308219252
-1.0296825223786157,-2.914842126806606
2.493207350995936,-1.6405817377825809
-3.2133678700035424,-0.7057613157360797
3.326002080038509,1.0738552615342125
2.7274899214916024,2.0347340738384543
-2.5347302531408116,2.520799148515126
-2.693112771775306,-0.15027931914672157
2.6296952059179994,2.972293129967377
-0.727922166847869,0.9469550864922204
-0.9651304010637245,3.304223003644737
3.329031522988135,0.853828929657994
0.8114472727332154,-0.7286760157322144
-0.9384196146919409,-3.437994937485329
0.9214559467227985,2.9156573650024633
2.4404541736756586,0.6559373970560413
-1.032455296445334,-2.574964364585362
3.4850528809072774,3.010893025761597
-0.9483910790855697,2.806752869660519
-1.3770987587614132,3.1314882680406124
-1.4990780150863807,-1.2410047902021042
-0.8356839145488402,0.9085945579007583
3.0768138127208102,-1.495256558471041
-1.1086064798046673,-0.8298613416842274
3.4384379475606948,-1.3164974393385724
2.9839712241985477,3.2780353042678847
2.5629297163022593,-0.7511873358254302
0.5708887618871629,-0.8297814301341166
3.344938192166308,1.2993599344585
-1.188761035541772,1.487429247073728
-2.6676241170792583,-3.150870189106605
-2.500352665660574,3.0804138804450836
-2.4914198303785597,0.24949519214430246
2.527433584008963,1.3981519459750529
-0.7976700770676615,-3.7421843884935866
0.7519601689931662,2.9985666103817756
-2.613992451305481,-0.21674038462592324
3.1512461860918575,-2.9700441221736145
0.6343307374005158,2.636412630223962
-1.150293430312772,2.8933129055978384
-1.2207060693911047,0.7376020558697358
-1.314868436929177,2.6292332896015
-0.9207995539678718,-0.4669810265227432
-0.8054337726365921,2.1583016326034326
-1.3725409587103754,2.6381086210193216
-2.819085325364154,2.1934942834716797
-2.5456651500744036,2.9178150951303374
2.5853702641546907,1.001001950472347
-1.070486688226102,3.1212104419584374
1.4622656384365538,-2.892420388272201
2.9862377575598322,-3.0511323547152824
0.9420548515248377,2.6619793222870056
0.337145273029926,2.8315340892091463
-2.2221206759266146,-0.5718305505940231
-0.7240130492375954,-1.2436977123486246
0.6152795774640325,-0.5755695899499746
-2.566130661704138,-0.6155558612427077
1.1316038692163144,-2.0146450265936005
-2.6464127222268568,2.575401383431504
2.191130135936121,3.212239722616892
-2.9127520246980105,-0.7827650449285298
3.049561547368521,0.49263965417374966
-3.2940121086762724,2.3406396788404438
-2.2548053324272295,-2.555513241793881
0.7358282793827886,3.425920361040901
3.275021091697774,-2.9818655453870715
0.7195267204495002,2.2566767722651884
2.742818025848596,0.8551954471131377
2.949897141014901,-1.1218683366516553
2.865975208068354,2.3431693768881625
0.5566693020519085,2.1219336871533394
-2.890829442108845,-2.6363023589079826
3.070072868792673,-2.7323211777504235
2.213306863439881,0.76532662219188
-3.013071219566845,3.4590383636746203
2.955255744953986,-1.0774365803428365
0.906735857277297,-1.0755172371651316
-1.5964358921998996,1.6181403974211863
3.1883271894396783,0.9283198680892261
2.929882834309311,-1.1519671796712019
-1.3590550973951787,1.2878172390966305
-0.6977140146105673,-0.2910558990891872
-0.8225640053661423,2.8085009108026213
1.097833355306936,-0.44802484567582146
-1.306443045296177,0.6279386497626163
-0.9609131261365959,3.225940683393822
2.602201285073481,-1.0762960161488717
-1.3886735666937817,-3.018627986205535
1.1630663742645597,1.085907644358431
3.0667389936959797,-1.0307206739426296
3.105881731069329,2.2161081357397543
0.7443754148415997,2.544413001974591
-0.7564591745563278,2.7003852987468253
2.7289505244607204,0.5005629625875004
-3.1203210895923825,-2.4573358041378404
1.214948283694773,-0.584813276262797
-1.1725100444389223,2.635245057605802
2.5087654624366014,-0.6717698163493163
0.7985175394223952,-1.0459254733556163
-2.86795479087973,2.7456315925317214
-2.689012400452027,-2.2411539139233603
-0.7129329900574004,-0.9523572046491499
-1.384826641414901,1.8287486682906071
-1.2750305274447113,3.1717147133116677
3.09837810847603,-1.58744810419781
3.3767044546275056,-2.6328641499570886
-2.089989007513326,-2.4134009117313786
-1.6143688658771282,-1.0340150600493345
-3.063282316498665,-0.7884143557903793
-0.6422014994320943,-2.8027218160947416
0.7083395391513736,-1.2780748663505366
1.2038179076519366,-3.0197184257639327
3.5261164384351633,2.8738603618527176
1.2384976373467023,-2.342096856507371
2.7430274056675064,0.645288237210089
-0.7180861617675848,-0.7134134035408339
-2.4436678463417274,-2.598232016017095
3.3307859727384734,-3.0124546923641486
0.34176693321004975,2.369706130799832
1.7332343141452262,-2.85116326599979
0.3230833045171263,1.1227512226510485
-0.2508330620777213,-0.34011911966938163
2.1242394842572225,2.4458943112602425
3.4523330382101687,-0.4649941779209627
-0.970626554699382,0.7694404117024318
3.259034012627171,-2.4873971806560733
1.1096065518452378,-1.294007815262349
2.609144431128429,1.0419901171520607
2.4216701706993824,0.5040264279871102
-0.7868260544948843,3.226917646916074
3.3181114112095513,2.755301196946969
-2.617816256486224,-1.8818206054518176
-0.32840937033040396,-0.6988436494581796
-1.2949074079448486,2.42557940347479
-2.920143619559962,-1.215652394116518
3.117024980992296,-3.423183514471165
2.542989194071827,0.8888855870641246
-2.7379329573825486,-1.2591771610932097
-0.7170701496559464,0.6445218013021791
1.5075138566803619,1.0448814258191519
-1.6604506931215075,0.7550156562381354
-3.5787909694913194,-0.8799553930763524
0.9545797338862904,-3.22857267642508
2.921592260817382,-1.601461968240348
-0.8875002556463787,2.3207260460877537
2.465618848788435,-3.202644331004304
-1.0785802546549892,-0.8845050751678991
0.7853707788349731,2.0844015914216425
-1.6398195565267235,2.5084757678684264
-1.7032155874511616,2.7590881121285653
-1.5581049152984854,2.189290885951094
1.8063765190582688,0.6671906855247184
-2.721091918881359,1.0129844729003183
2.6081394046453084,-3.1925505720287672
2.415879417041935,0.7330731146427518
2.5661282809342,-0.932999997999894
1.2395043826115217,1.0312119288931394
-2.6728334990032265,2.640819301219309
-2.7748074754257863,-0.3467846402410398
2.990891301603787,0.7254513969773838
-0.6541441278265219,-2.8258416512371047
2.22860429138661,-1.5022316248088932
2.7603638105810764,1.0684698850412655
2.8414177821297533,-3.067668445957853
3.7920699970059943,3.1701077738470866
2.582592601274695,-3.170947331040638
0.9326673449609849,3.0150796720028574
0.6456054094275872,-0.2834989776892091
3.278877297367974,2.550594082650351
-3.0892926932933293,-2.7999625222127853
-1.360226254889586,2.389838718933339
-0.7830661714473058,-0.4199396086956031
-0.9893054910745721,-3.2387865183571423
0.9429534341893141,1.586880058690568
2.69806059809511,-2.5499124843978254
-0.5108772390022703,-0.7812187889525827
0.541198000763178,1.279412290551789
-0.22644683681028477,-0.6732434366210095
0.566382535471625,2.3696596093462374
-2.6095336037076775,1.2447470381812402
0.7678730223310923,0.950641891308255
-1.2281354851748554,1.5948112797292011
1.0062543138168645,0.8943481242217491
2.9197401954603976,-0.6658668292801848
-3.127502506715187,3.0586760602213574
-2.7145111274717064,-2.7725295496955167
2.4146388385029858,2.717650018412724
-0.6623929790092393,-2.4138324009943557
-2.2135822131228475,-0.8050565285633
2.386654521215058,-0.6658794839202437
-0.52790075422989,-3.094426513703712
2.576008398739878,2.875644009642038
0.5423581323709304,-0.5037324057708165
1.0007484968404827,2.613702066714017
2.612159137814679,2.2628416497796278
2.4859127105186585,3.0431553797890625
-2.070274772500156,-0.7414468473549399
-1.61282466376999,2.741560636799076
-2.7365003178915215,-0.7031819192372147
2.958336031283952,-3.2395388670699217
-3.024209639997459,-2.909276583184392
2.4631923007248933,0.6849603357034411
0.43233762362933287,-2.858138284025748
-1.2030475935132867,-2.420506596087751
-0.6044147965107889,-2.580206428059357
3.2389371770450355,0.805922109639781
-0.8680563924510589,-0.25327828036486294
-3.1725095904188403,3.099804326769855
2.7648881831157777,0.8468795977254983
1.2127868696447293,-1.126502270524351
-2.812751608401283,3.3960508032085954
0.3494102299167154,-2.4919819013329003
0.972403341617122,2.8354592189669248
1.456659943415069,-1.5592713412715005
-1.0624778059700004,3.354512405478005
-0.6817685276321769,-0.3348190758200781
1.0024624601137087,0.11069253143493435
-1.6051771881830577,-0.3938970492157556
-2.701949071533885,2.763716878670094
-2.946840816462675,1.16801709634585
3.2627470523791753,-3.210621001470718
1.6879393994815812,-2.9399099437615206
0.990867475878072,-2.215529966456585
1.5832269225457416,-1.3224801535928916
-1.3137150833089581,0.8425217539162717
2.8136465658540484,-2.878337994559748
-1.6191877511177568,0.6387365518671445
1.2427938234776736,3.2160934613073473
3.119792140329881,-3.047399730562242
3.2245984099519625,2.6242621512768314
0.283003373342601,2.7625570038667293
-2.74866430979899,2.8233795458546664
0.32905855194017053,0.8580558332273339
-0.8340310207190954,2.5438302078395143
-1.248927030113585,1.963273072968819
1.1537216731014208,-2.511863245264599
2.438143508634461,1.0702506547319046
2.8479745675655015,-3.114483844758223
0.7745163227768475,2.3455282489123803
-3.562729615511509,2.747062682624497
1.1974666292104672,-0.5745742409165804
-3.1428180023446304,-2.7236852241225957
-2.361139591328463,-0.7321375135637929
3.1330811268621326,-2.840272054983406
1.1074068717190892,0.48897243819681024
2.5702748822939574,0.865652227314933
-0.8389706369465882,-0.7120889345084641
-2.5493086275889283,-2.6708891318992336
3.292946884644003,-2.4725761959770876
0.7051315808875251,1.529329529026671
-0.6536529872455515,0.8274350994077965
2.513482037988999,0.848753194879672
-3.244874603286876,-0.7819551612801322
-2.8606034972797683,2.3960737587131278
1.1030679503320395,-2.5799511592857405
-0.907007132795593,-0.8273422448890122
-1.264366243738225,3.3530687703896684
3.3257481538626896,-2.3782631936612133
-2.575395852637646,1.1657197151881167
-2.4103303537232543,1.5233330025044793
1.1456064677478832,-3.0629670418632244
-3.1837926289346337,-0.6781764168286755
0.84473664999527,0.5773660828212817
0.5536411311640126,-2.6997847621198368
-0.6672130180815712,-2.552152399662178
-2.4351273744663637,3.619099243349212
-2.772073806552891,1.4198916436857636
-2.7989382588728904,-0.5467654069062893
-2.9928363760727437,-2.6031881524451057
1.0634644390107832,3.109495112499233
-0.3716056998037148,2.246776968613322
-2.650362954211882,3.435554371112491
3.4280215151305966,1.4044501102509004
-1.1676256266227152,-1.4007191559830066
0.9961347579686862,-2.9350434557466025
-1.2866524708835922,2.5070463967345256
2.6031375844444864,-2.4319591355578947
0.9900509847327967,2.5025550554399656
3.298538128520968,-2.467216588469096
1.381869563632385,0.4596932138203251
-2.7113927531498514,-2.5066792837415703
-2.7795017188056748,-1.368158620711179
3.322497643999612,2.8428474817128238
3.1761871796581893,-3.167170713003126
-1.1699050457057847,-0.6868650022359131
0.991512961903021,-0.9156478110020977
-2.83774482030601,2.9877038757347525
-0.5396104141981541,2.3582657893811203
-2.7405889664160545,-0.586941441151484
1.2313245312860255,-1.0667155327576279
2.6726146429310487,2.2686999643937997
1.7882735156054823,-3.143334786879406
-2.401370742655571,-2.653615583312736
-2.9348845082685044,-3.116498396685875
1.9565176130042903,2.779979319337754
0.5982566795452988,3.4853692693687703
3.341648144056671,2.5523137107056786
0.5375077564032616,-2.87705955459452
1.495369248925933,1.1865181797264512
2.425276972284268,1.1824099224726259
0.8409817329923913,0.9808582556774345
-3.048176642222715,0.9443433088312441
0.4264272393669399,0.9531245332336326
-0.9447807575055512,-2.977377972564037
1.000549826628087,-1.2726384640110815
-2.586920280486763,-2.5887177068117806
-1.0057048900666332,1.4805376855211296
0.2515143571639221,0.9739788895839792
-0.8389950470747904,0.6148264673852316
2.475521280483325,-0.9087432741141308
1.581217797216875,-3.52267684368167
-0.7382264072038687,-0.9888540252916822
1.2505623345150247,-0.736991749364438
-0.9490687219162957,1.7679566861393392
1.3487111715888827,-0.7777625167553763
0.6691928575701708,-0.500432633740345
-2.961237535695755,2.6928610236187662
1.0901288025730824,-0.6547088424486776
0.5936188420090347,0.5090483052924188
0.5722544603956378,-1.5884143694223574
-0.8416585732793235,0.49061690258715757
2.863448466650255,-3.24670095427503
-3.06023288222062,-1.0058380279522723
2.8340626382383527,2.8216177644555516
-0.5627053590976848,-2.3227893362785776
0.8586140816796702,-2.691793519290753
-1.1274665691508627,-1.2597796496800027
0.8965543509425936,2.913244966417519
-2.5022226141276334,-1.0315929353112043
0.4737943198967698,1.0651862548868372
-0.835097995848007,1.3180703975515966
-3.011663942412481,-0.8514009924402507
1.741816882016324,-1.040359742280964
2.994161602274399,2.575393380201868
2.8131178330406112,-1.524005389610931
0.8435452820052559,-1.5849674903582567
-2.9160807732526877,1.6557146516158512
-2.8847524970629856,1.1865430676393003
1.2275180359830924,0.9826772988630359
2.719038588829194,0.7367579991792729
-1.435476143897923,-0.9329186925270976
1.2495166986328736,3.0168564357359275
2.8610198855686235,-1.1702936974551545
0.9563774539808678,2.395363424893231
-2.6153417366960148,1.5012430865825155
-1.0864346176148445,1.0455975738202379
2.223993000939622,2.6664515828383157
2.6084373527555558,2.5637797487268132
-1.0725227922208882,2.6576805409891513
-3.3101500190757,-1.7900092836638166
1.534330215807149,-3.752100727378728
0.9893575146839289,0.7246265134712748
3.1432590376506284,0.11902792715014968
0.858252407033207,-3.165621809071527
-0.3175889707653463,-3.167480329419706
0.8377731149780612,2.6399321277268246
1.0230626125992246,-0.7370244984570453
3.108144525909242,-3.1988521396000267
0.8407543853435174,3.059524093785771
-2.3720580045128785,-1.1019202945291613
-0.7016780602859526,-2.7230771013927786
-0.6288852658516708,-1.6340798424698335
-0.8356205022952342,-0.8674636257656448
3.479582016038301,2.5196743284000913
0.6086087023435239,0.912142231295831
2.504216697929404,-0.8345370846819794
2.3262818519540605,3.060782381095929
3.594455371923643,-2.7081926602605892
0.6482973449432597,0.9543923392301942
2.6566303231703916,2.8872440159048938
1.1977318402192694,-1.2519913413297412
2.83946313642533,-0.7583321842911428
2.571161344018241,2.7697175147770676
-2.477275169068647,-2.4115005912727345
-2.8296935149432705,-3.2765044240504704
-3.0874544167405453,-0.6902718807184988
1.7840895655754,-1.0913537594057654
3.244302554610267,-1.3543766028072737
-1.0514814620462067,-2.769103629143116
-2.4941363756195423,0.6765768315117715
-3.192131443809294,0.6114501943852412
-2.723416006451194,1.2631063043779696
0.06060423025328972,2.74327230920958
0.8475227936834485,2.7666124569859196
-0.6176892579779648,0.718529159172342
1.0835199151148576,1.2204187191638034
-1.2453136139552692,2.2979076443654107
0.90252065803763,2.876464155119666
1.0282530947462316,-2.388099289335196
-3.1233473168491637,-2.553763451934677
-2.592673165279469,2.8709197196386356
-1.6196408692678983,-1.0314953608641952
-0.9029999612700703,-2.6403879864062727
-3.082768667798152,1.5334839851629842
-1.322000286278712,-3.186977626602254
-2.6648451007188605,-0.15198422671249587
2.5117348372678143,0.877314151572156
1.1178242167213264,-0.7499211727564794
2.550094670257045,0.7816833343639673
2.916582552298992,-1.181314881061196
0.9367026925101071,0.842341601668531
2.9043765557460515,0.44773741698184116
1.1699717486403627,2.8737808809800627
1.3018791160333187,-3.2498313611558634
-3.6329151491420624,-0.9143042690750598
1.3553953693824763,-2.7848972462360697
1.3017105079968376,-3.0837697682563774
3.243490131469755,-3.07224228851201
-3.1510799424791984,-2.6520392413959595
2.9873184933073214,-1.101656458544565
2.7244846773092486,-0.860632873670465
-3.0522625710103934,0.7564086880187813
2.8672793690246414,0.9685904354094425
-3.4250084204145135,-2.982163957158274
-2.1775757915482514,-2.5952609957505697
2.530939766615193,-1.3001406880769084
-0.5621176254701209,-0.223094311404579
-3.3925743325808178,-3.4116774289745675
1.2613357691781781,-1.4048556346951881
0.7324418013979673,-1.242641626157296
3.099541475510867,-3.083478466856596
2.835533324701244,1.1794491496049693
-1.1228287756151878,3.188582697935518
-3.0597361613825185,-0.9778511170284846
-1.0861303068970127,-3.0448793043541493
-2.44007495519286,0.7029545795505905
-0.07049500014466906,-3.454596985685404
-1.3485667444115172,0.9585343689495273
1.2083154081783136,-3.1355787059066254
2.5142092531095495,-2.2526015183807178
2.884237920644959,-1.2996247934014054
0.7808249653818595,1.098382241219044
-1.2325605768215684,-1.6014049725400061
1.1860040609492681,-1.151979995309672
-0.6988549876021262,-2.6883584901873347
-1.9259455270073995,-2.912647834970324
-1.5735380678965643,1.049678369214568
-3.045885603902776,1.0216666295895374
-0.8797279013157413,0.24160182688233278
2.734070415172775,2.7317177231529874
2.5185486634041134,-2.683510894905947
-1.2618503220406405,2.547116668694966
-2.506815950096172,-2.313325490969564
-2.203137010070597,-2.2823377559915814
-1.0779229994290533,1.1532419668984832
-0.6077708485470499,-2.7133363362109355
3.708599885138091,-2.9755589640745006
-2.706827194732502,1.3801493734120402
2.467510353411302,3.0920830845573266
-3.0849315261109376,-2.565855963437145
3.132800235607372,1.9770388315670504
-1.2807676441717069,1.0556849475399497
-0.5684270721845518,-0.6898224769256424
-0.7289707369455776,1.3696743441473187
2.9840840573050422,0.5407312305480909
-1.1208586734105108,3.3493721177851397
-2.812435488905644,1.3973712820605568
-1.5391096085645408,2.169803384259537
0.6038677057348557,2.065172060991524
1.4051596153029955,-3.574543261813732
1.4427495592397654,2.616494061469769
0.49878108924691517,3.451581628143538
-3.280691095006494,3.2346555025378163
-2.7104575156506745,-0.8756726079459469
-1.1663009249145515,2.812846244823345
-2.673792679770045,2.7474573828663713
-2.7917644265860426,1.2757906710171951
2.768026264227554,2.4264001582889936
0.9341974405826918,3.1659345607544456
-0.6749783612364504,0.6785529508526321
-1.698353268371156,2.922923931757587
-1.8971598919106465,-3.293181416757577
2.186210001907598,1.1723776416934752
-0.515807137611514,-0.2665666759078273
-1.2115027319590301,0.8789747234371865
1.177727025675207,-2.1365636902419354
0.544727364967449,-3.4639524738341008
-2.501986112595389,1.4266966455983603
1.4988569177289472,-3.079838898570356
1.350314707064621,-2.1907874444813706
2.9668808927650097,-0.9254394968873982
1.0763178986183473,2.9555322283079457
2.4545120351089227,-2.4109549188937947
0.4452246593255147,-1.3914823279697814
2.9872674794289704,-0.9319631037726405
-2.5636624100886958,-2.1115002625580463
-1.333636748255806,-2.423132187828351
3.1587350437016544,-1.1771351301625985
-2.563592760036279,0.3167215645202066
2.4208540201548208,-1.5969535017146577
-3.386913229920594,1.51129310749348
-1.4201710353661174,3.1231104976330957
-2.6637194796079178,-0.014783377819623645
3.0859084202819247,2.5128599396786506
-1.1400006229388575,1.4998536559215225
-3.3542943343333538,-0.9055234637963681
-3.0619933647237922,2.035010540649764
-2.6026956233569227,-2.5823653123988626
-2.7426524490049013,0.10651227944527873
2.5409690018838975,2.6312415840018715
0.44573099553365225,2.340404275944011
-2.6337799560986435,-0.8395176292340852
3.1325120921834313,0.6365499417038791
-2.9910649370655658,2.913283641948704
-3.2449340768080486,0.8967688490033638
0.6745029320693946,3.6002660113099862
2.0730682123648165,2.2512843934254554
-1.1719082476162277,1.0414387540900536
-3.1259318466074344,0.518486377152187
1.7932787527707788,-1.2386869256699529
-1.3065231408710172,1.162258019335859
1.4971347526028753,-1.6324912677429417
0.6548201608013977,1.3875424778528953
2.6155295601515762,-3.1063077916362674
-0.9945437007735891,2.701823771012167
-2.679019060454945,1.1386413450449235
-3.229753330556253,1.1851024731448478
1.0195264287311256,-2.6082142080224826
2.9507283159686097,-1.6575332581519089
-2.6624468834483688,2.7607202536333175
3.453401564623707,2.0480919497021417
2.959429052907211,2.3821471582521094
2.7880267422475593,-3.2399784965405716
0.8070916617525403,-2.7020835372759286
-0.6655001712575722,2.462869377429264
1.4629026548862072,-0.7177051271966394
3.0779066168173093,-3.237002579938501
-0.21338704545116063,2.880617036102249
-1.8050733247681938,-1.2389963814922098
3.1625374404224504,-0.5972182001208273
-1.4568296589460619,0.9616709627825686
1.2416577427737623,0.4221799044138158
1.2117854675004618,2.649382348812269
3.3920871410111704,-0.8842407319756652
-1.1221197013603297,3.0507923190728827
-2.9025830927585767,-1.2408957645836778
-0.863574812817429,-0.7485093768851048
1.2158758745817917,-2.765994772062052
-1.1172869097116054,2.4976072149154356
2.596702875411234,1.4359447737730597
-0.7681169138946874,-1.2075936065279347
3.690755360908259,-0.9450291588459799
2.8014296441059714,-0.9091790211159628
0.8147224515166489,-2.4818912476943624
0.6969600864189462,2.668292337807483
-2.9607225311223004,-2.789915112665525
3.2111912398466753,0.8508060759575627
2.4029949421059897,-0.9729524920148189
-0.8661532336617762,-1.7448040414838897
1.5122177542344717,0.9729404936809704
-2.5452512504642133,0.9043767401521141
-1.5805712157365543,3.1499601123441034
3.0663409641788775,0.8836613248629791
2.984663318792215,2.645475595058017
-0.7312680765112732,2.690850360960177
3.1134491442395156,-2.8625224476510867
-0.594560773012384,-0.9610140496409882
-0.6037375633963047,-1.1330549189385843
1.1282147658701804,-3.3988871578724105
0.8999744039665919,0.9483286087744162
-2.6162504141824465,-3.137888923077297
-0.360936418518817,-2.6170809350710105
0.6614382653342359,1.2796610224452083
0.8739279872029234,3.1511150792748674
-1.117231764424206,0.284451317012674
0.49494222849907993,2.5778560684865375
-0.6936566688416161,1.0420166986315416
-1.2143626470936888,0.21248526493834854
-0.22234423534311443,-2.7112682274631332
3.1255337897220605,0.5253364679372997
2.662824429349686,3.4024018048152693
-1.0055713242194368,-1.279534014427779
-0.6752248033541767,-0.8051772352345081
2.2752140527160147,2.6479928926531016
-0.8482272690167826,1.255622123897968
3.3652212456993675,-0.12090040936555045
1.266753947146432,-1.4901668459343926
2.3496745045857694,2.180965095620818
-0.9216467349418502,-2.2080589027561235
-2.049533589128357,2.6178879032880142
-1.8643439958316042,3.0202737377520177
2.5062987787721425,0.22539172409592106
3.0992488433577043,-2.9270777477429535
1.22914557298697,-3.1053213709872325
-0.6177647259227237,-0.5201905239947878
1.0467044614083456,-1.7758833166781245
3.1771611270217957,-3.284200897471768
2.691310521361077,-1.919630147921734
-0.5582865720382922,1.1607310240119715
1.082849237438178,2.6011354830487328
-1.4103613251815945,-2.8308560888046745
2.6420918183456577,-1.467449652900144
1.1952867950662731,-3.5400300888306173
-2.206315019239434,3.201673195506262
2.7110782201721606,3.2614181003545997
-0.8060945490305246,-0.9470596911935213
-2.5063753946831206,3.402648652102497
0.9625757534257943,2.6892285783655066
-2.9541565818054107,-0.41527945398059163
-0.8034186968824896,-0.40807910523265273
-2.975040788174411,-1.1309641852856842
-2.190620867527164,0.927942717799197
-1.6803866136569339,3.1780780451245882
-0.9643142684188513,3.0671260639974682
2.5148589303567364,0.42553840324379877
-3.4185321074410884,3.3283200968572513
2.804961717780965,-0.8514417084055724
1.2603298120241362,0.8311997773685613
2.554480704161071,2.2462462882889875
-2.8361200649781018,2.8234022439968536
-0.8679110487207989,-0.6757477611581421
-3.176800208058244,2.218095869680578
-2.0325209168321283,-1.2469983371565212
-1.2834381019046093,1.1094671781788035
-1.3883668093480634,-0.9626260595342979
2.877392416109234,-3.1507510523509015
1.1087352700399025,2.872656669836464
1.187540954584433,-0.9720177837384647
1.0311897300789212,2.3414285543057645
-0.7929878000722594,-2.631895098902884
2.6255622317684595,0.8444772356218528
-3.424887692536219,-0.34994526221116257
-0.6517069254200321,-1.1746462476153918
2.3768961219470124,-3.1280555198764577
-2.7668705286278996,2.62976194395926
-3.3648162753974105,3.0985845419344504
-0.7554805945913939,-0.7926841600618252
-0.4984466652486329,-2.5012246829388687
1.0711288163843524,-0.9370622618347811
0.015061167346709054,0.7929210553102932
-1.507145651284696,2.756376607341115
-2.356728130943292,-3.2872278680841016
-1.8155957129334563,2.860245448671489
-2.6108959323417835,1.1933328596352655
-2.6051241208960216,1.004795221222208
-2.8895367002456664,2.640498343293746
-1.1927518093575302,0.6897253852297326
-2.2589155437899366,0.6214617947289307
-1.3373991223943515,2.6984965165593295
0.6961078555624826,-2.560882644126621
0.21698475974446024,-2.993146605036773
-0.6781115135338301,-0.7597548214267037
-2.8074117165436197,-2.274192616940293
-3.6510628942433585,1.5964739878456997
-0.8997282193463796,-2.482050956757084
-0.7751001343668583,-2.616648199172074
-0.828087122551772,0.7249573115089205
2.5347254328538518,-1.3300602763198164
2.68313386183388,-2.675375322974519
2.953939889756761,1.9750554074045938
2.9150598855877052,2.480353137696272
3.0158151666905213,2.1333203156576444
-2.7031181753864524,-1.539968955796772
0.7231958467629618,-2.891196277917191
-1.3388599028017518,-0.19354486762432296
-1.6033498124409546,2.1275832396786676
-1.5027862600701578,3.1227537076931413
-2.60838539659321,-1.109032172527544
2.5629724271929444,-0.8164468357944381
-3.346075161158567,-0.8339004106507582
2.426115772629112,2.257941566144633
2.2314168771714815,2.3659602443985444
-2.9001190925544678,3.050753815588886
-1.2399685782604197,2.729359309608259
-1.348314636827594,2.8882045383384183
-0.8825548571788437,-2.7126050653831784
-2.9900802804537947,-2.7116367690960543
-0.44353084771539125,-0.26610099466054155
-2.5756353959252976,-2.9403479873541074
0.5336818720073552,-1.186990228139344
-2.642535388690126,-0.8682117071584763
2.675028343215703,-0.9325012517098634
-3.0707784289556646,-0.40913992039788694
-0.8199367734456267,1.2911039499710644
2.4842287033559782,-2.692888411525729
-1.5135530584720551,2.2977642190467886
1.5372338948474638,2.871844758971747
-1.0689511484302843,2.853301873537721
0.5635670358220837,1.1277229087553553
-2.0622273366393857,-0.6165547584378549
1.2176727485492211,-0.6143959564732435
-1.036391899564167,-2.7581635482217006
-2.4652400381631163,2.4837047455892454
-2.8673821928362804,-2.7652333553579362
-1.3235004328001583,-1.1522918962869626
-2.8431965261542023,-2.6383952591745508
3.0060958734508327,-0.6321167293985861
1.1386909817653348,0.7737815035147667
0.8900325550290741,1.940705362948121
2.8703796943507576,2.4393449431796155
2.6538810118065124,-0.5769917449632438
-2.1515514061986014,-2.636150467516464
-0.7987435409844927,-1.1027095412643786
-0.6817627486509273,-0.6172647266472001
-2.3008167377371342,-3.136684943028587
0.8872428853993672,-0.9153438515298394
-2.469057376958563,-3.1303338941312693
-2.7191165900889382,0.7850895334177647
-0.7141194450956039,-2.4244346167481057
0.9553985215295292,-0.8033182566103023
-2.91260729407366,-0.8991343183672574
-2.73551328546555,1.2343969078350594
0.744827995770721,-0.8187324607672123
-1.2944454695551724,0.6984539126864915
-1.1196538726247418,-1.7090050511314534
-0.9788524509750544,-0.7365613223881011
-2.7420427753647654,-0.5852475552933071
0.4460470775244819,-2.9341913870721568
0.9859116023115195,-1.5503833129304188
-0.7295194582993997,2.9021105535372813
-1.0143019176461754,2.16815739163192
2.273188921272731,3.233728806404872
-3.267781066061191,-0.3643730677808282
2.8566134924743847,0.8932071307115829
-0.7234043280925309,3.0793678337292
-0.8200364716328057,-2.9794139587539377
2.8456476948970506,2.366214806939726
3.05708792060737,2.366080549997085
3.0430933413225274,-3.488562369727951
2.3120906703505044,0.8144719939663465
0.5759624536044713,-0.04276901116186454
0.617281403224218,3.4883806408195905
1.3292445806105713,-1.4334187456120697
-1.258394325698775,2.1958639013127406
-1.1488616220737586,3.409210791556604
-1.2320615696038826,0.5524214698108465
-0.6051540869934913,-2.3723592828992195
0.6670493097002389,-1.5624460555647612
-2.0661274783847845,3.59015087466635
2.5216078169658007,-0.8963930063059222
-0.22508880401002157,-3.195745589172234
-3.2659682092115756,2.3258293343218446
2.80904453451818,1.1114200358673114
0.6211611345947615,0.916117119031826
-1.1472306919450006,-3.523499911048961
-2.615340902945333,1.2420064852927273
-0.7679961989983631,-0.7695778557940259
-0.8026247147118016,-0.8262955628996794
0.9397846051855919,0.5925376780844616
0.612347427932399,1.3967174263287443
-3.1449303979456245,-2.799432083282585
0.8260591845082905,2.3902264896092875
0.049538081570744,2.690240962669288
1.4958063634022603,2.5509851614177865
-2.4815707278376444,-2.7776404803024746
-2.726792282413169,1.0345348432956758
2.6976405035568525,-1.409680520012814
-1.512949109808347,0.8705435054453025
-0.5163433210007606,-0.6213733546009884
3.28680687991995,-0.7338168789364982
1.8645943551877489,3.0687382816662194
2.7249438900223852,2.0739954927089332
1.415982234773081,-3.009739723480521
3.210068157832267,-0.8401855913231714
0.6845929912896628,2.7535205846162873
2.9104002716553556,2.573756574830663
-0.4111843950128892,-1.0397046225805535
-0.8200690682453513,-2.653064977741013
-0.5460993275092714,-1.0254904748398308
-1.6635998324990673,3.220700513315759
1.4822899231215299,-0.3736332067975785
-1.3473639962405706,-2.7375478548959546
-0.6334523519919408,-0.9382427016296744
2.3967594323229067,1.3459736712119286
-0.8715580551959079,-0.91470787048244
3.4820954775433384,-0.8155916331935881
-3.3478828555279443,-0.7952289472218832
-2.455622767573755,3.1981628841185974
-1.010289390246553,2.6696730797726307
2.6919087099346104,-3.191359270052302
-1.0423122652533268,1.9621901555066361
2.5497510916952413,-4.0032152978437825
-3.621249090501331,2.7608777741690984
1.4035285813698393,3.025802968225404
-2.971454964343263,2.708419094788907
1.2242821077272859,2.476488074142804
0.6185675061955813,2.2554379763165526
-0.3399409383516461,3.232312442359971
2.6533619130922275,1.9007090473314592
1.2091033234421842,-0.7225593190897349
2.5562527904041445,2.341198908382495
1.722985440640811,-0.9530195999224164
2.510419161899212,0.3420543012372409
1.2984873333309772,2.35304260860346
2.882358799555335,-2.8336419308676084
-2.3165336485779604,-2.1284334426805978
-3.097499174931376,1.7002703665874221
2.904079139766206,1.199875825418141
-3.2444452249667135,-0.7479700288918386
3.528801846908412,0.5361196220022999
0.8602609312994693,-0.6317076889727797
-2.786203800098365,-0.9739187646030425
2.9472780427852174,2.542100197537098
-3.163778974513938,1.4729848511767558
1.4885588780023076,-0.6200379465197565
-2.9056183882624524,-0.379530263253284
-1.0002244595624517,-0.3146311677837115
2.1837716189961163,-2.3067886826607777
-0.9296457976525092,-1.2995296932142557
-2.651072628200158,3.107535260698072
1.654521788402468,-2.458601653847006
1.0782099133070606,1.2109686153513906
0.6585372297360758,0.8423027831601447
-0.7403684666814367,-2.7652218038658405
1.0279063767707093,-2.8438416263485005
3.192998269626,-0.8059453572369081
0.3733192185223234,-1.1937468327130736
0.3761638091113584,-3.0869736626252533
-1.1415680702282924,-1.0490439270687923
3.553134178946967,1.627302946540185
0.5046489532515431,1.5086861521950459
-2.273936856444796,1.267985926318083
2.85133752479872,-1.2337492306312283
2.642985427404476,2.783353731388764
-2.6608930723948703,1.2332309172161886
-1.4283587825295063,2.9284930390331136
-2.4483091531895895,-0.843053879378593
3.420551314912576,-2.1092943312371077
3.255716118374358,-0.48342503225337363
2.9579977757164304,-0.6983423499546332
2.4411361724838603,2.7129619071035997
1.4715275180854277,-2.6566339613547907
3.34686090082246,-1.3346749546490309
-2.7161545019633633,-1.2888463633299638
-2.583863745576288,-0.9248796709538849
-2.888958539328866,-2.397992075110052
-2.767657264169561,-1.392494178414679
-2.8091135644235443,-0.7452149681887085
1.2111795631253355,-0.7351954311682906
2.363289062157814,-0.5411870093899382
2.9330533785167674,-2.0390046465680816
0.40802275197552557,-1.0751677522972698
1.2071052761098504,0.18966623394410959
-2.7484024533280946,3.1730850014405534
-2.781441644659697,-2.30418810679518
-0.9196786834192762,2.9033473462008352
0.848902808492446,-2.942870983436764
-1.7122320949104204,-3.169701505074301
3.3761014276606836,-1.2992326475365295
-2.8237919506763367,0.9122609231312169
1.5914881445098021,-3.151592994973714
1.0176973057813998,2.687548098229776
3.0544927319471586,-0.8978157234848855
2.6271193941977526,-3.614047739108353
2.4648257671716616,-0.7777584774081175
1.2297424149586418,0.8805714607145345
3.19863248777334,-3.0469463966505645
-3.2257614616821026,-1.477108743774009
3.4268075290659135,3.0669641397951186
2.542200765741821,-3.1085198678219794
-2.7056260047984053,0.8010021637719508
2.8721533222522515,-3.0001078566939516
-1.2850125947959803,-1.4659784492644676
-2.7844832967508215,3.626461702233097
-2.900115923553664,-2.494796365808279
-2.524185592206666,-2.9346819987831707
3.077916367034505,0.458021306119583
-2.8644936611134644,-2.7560531519978233
0.9491701562263728,-3.437483394400214
-0.461321853501805,-2.8394201989001875
-0.8052383615876556,-3.074552205653346
0.4325767617575741,2.29231782188955
1.0126588536396333,2.9703074505957012
1.1142028495425695,-3.2850218080283677
-1.5539871341201128,-0.6300337156785328
-0.4623001120476718,-0.5633287163485127
1.3207103479927007,0.6912632209503056
-3.2370234392398447,3.4827081428681805
-0.6285467511014756,-1.18763909288913
-1.0582631537635094,0.8021964924914688
1.610188282505909,-2.724186200922584
2.4561697192302963,-2.0124358805278306
0.39023434400352913,3.311070426212172
-3.1310155321501387,1.1874537725772065
2.315739510366052,2.8096724533551
-3.232917761695249,1.254496800225875
-0.2683006385667054,-3.696429067408328
2.6541003789362954,2.7213260000578585
2.9266698584599853,-1.4140141667278456
2.671319698748703,-1.3777229578138315
0.0340794291406419,-2.7361606414417508
-2.054617573437931,-0.9403994895861638
-1.6555048193588615,1.1223114559486311
-0.5104613879333751,-0.8864144545593453
1.0006375561323355,-0.3212240858204067
3.12570580843317,-3.0571494803343975
-2.7115148921669245,-0.565844648268025
2.6691184908744345,0.500033227984806
-1.0295644185380808,1.050298451139561
-3.4331838271736728,2.7725225879647
1.594129173100791,-2.3512694564855354
0.8959230957204584,-2.7535575807328945
-2.7557566031184306,2.7558502112863605
1.3018921567360286,-2.879883666760898
0.7926685286108466,-2.4297503333462753
-2.6685389385838065,-0.8124250159982376
1.1282936131515866,-0.7036026742976303
2.631648548675644,1.7668558982579385
-1.631922854030152,3.9797225492207295
2.337743933150483,2.358039311434728
-0.41444031057030656,-0.1440726015115876
-2.942366742248231,-0.9181983409595474
3.386974618839554,0.6281520559219732
-2.557710413731926,-0.6107269068781003
0.630082361716188,1.3824580544513054
0.48315501297244934,3.2190518136010393
3.5296717103481976,2.1378300437669493
2.787092265643122,2.51576495668373
3.2775693717035006,-0.8341830305507946
1.131229057725513,0.666680283649797
-1.518813395002873,2.6552819549910427
3.263107955551501,0.5582791168718396
3.2622099686838153,-0.8394978546723811
2.8393376230058656,0.5798365374032628
3.5440979491703795,-3.2685178504004297
1.0970083199893046,-1.1101527246853922
2.80631051243168,0.8355383056262576
-0.34844258217354124,1.3087168559117497
2.7049264434852884,2.570525138226466
0.8777091955777229,-0.40898320649077635
0.8144002464040351,-2.9907764561101398
3.245428229895817,-3.2117540782657863
-2.756819660720067,0.9771488700981467
-0.5858357127172693,-2.2714875922609417
1.1207463332979135,-1.2314277148472854
3.1140704158192767,2.7683093388327893
2.3462243916915555,-0.9359361870006404
-2.292222697971101,3.167339536671529
0.8505374190350847,-2.685421652736402
-0.8603716960234381,-0.7728934144312646
-2.1035681912662882,-2.693244620971464
-0.9128033891093269,-0.779515279109134
-3.2606161482320024,3.0474714593144214
-0.7910152524511611,-2.2947605179881747
-0.8572264871470683,-2.550619941869991
1.2026937565067688,-2.591634561495725
-3.0507734220692173,-2.825946828064701
-0.06314060764817434,0.3352809437835888
-0.9198369689686402,2.4044138880746546
1.5940180617171893,2.3743300108150995
2.7775707896922763,-2.6412723514797016
-0.5297403683623408,-0.639124935083895
3.059856579156953,-2.6896634097610246
1.341830709536956,-0.8851638965482947
2.4796002462198246,-2.5840016146079416
2.7808342034315583,-2.603392793880075
-0.569333231266459,1.9277321831761154
2.7063274979847916,-2.7819900531462296
-0.5143622567773627,0.9043453162587899
0.9527120646698983,1.1578599087196983
-0.9527117417607437,-0.49398576395596167
-1.00496671056968,-2.4366418850272678
-3.2068041801422624,2.2040145989742994
-2.55665184119095,2.6938086340358436
-2.346379075506647,2.446546323042124
2.605234446617516,2.871422113537197
-0.9108120580729493,-1.0290676898995021
3.222163695934271,-0.5095874515358428
-0.6584362876223653,0.24458368678150322
2.767000344029888,-2.9847126365928185
-2.7595271019316083,-0.6691205354179628
-0.7233204048261893,0.7564597305439532
1.618141773423405,2.784319679270269
2.50758351380282,2.6408060950497005
-0.8531523585014019,-2.9127972319471125
2.616514952043887,-2.949467641055513
-2.891799195566018,1.6429415011508297
1.4424426011189206,2.891763054671225
2.5858521795372305,0.7141861222020678
-0.8272319395381811,1.4642479072408736
-1.6130447241515748,-3.0611476509567397
-0.4555529069769787,0.7492101830359765
-2.1654737316254016,1.4604792569827854
-2.284783227105939,2.394482589343227
2.52377199692424,-2.3758365799773333
-2.930899751592214,2.610599648195573
1.3161918299049766,-0.4887718796596552
-1.2650632608348682,-3.1441126034395626
0.9049414287969817,1.3988889445779409
0.3030735914087898,-2.6559354981674805
-2.7379813711332095,-3.0557825462233894
2.479801028604713,1.1900801570782609
2.713499685368002,-3.477674921625329
-1.1918345576366969,-2.3626161129187984
0.4450429612228408,-0.8561256972083712
0.29545033724502506,2.5159026322874767
-3.0505342659614656,-2.7699784818062447
-2.752958752336537,-2.617647391270611
-2.913486239287832,-1.0060363142269093
2.609547674539845,3.1963366263302055
-3.0096783093849724,3.134416276251616
-0.9056721908319123,-2.505975686115102
-2.809258203637024,3.149733252300987
-0.9937616303475738,1.2221282086168654
0.7576637156605189,0.7453454893184195
2.9266007847693274,-0.7687530295802638
0.37868723512033453,2.54179034811069
-0.8370381059824751,-3.0757190399460708
-1.5090573582495748,2.427366780347298
2.350693256732688,3.0827859619722076
-1.2190760793061497,3.3597984616077365
1.046652360626439,-2.2470133225497655
0.8353210932174246,-1.2347863339545067
1.487016622587205,-0.5949169342276297
3.3471793872536053,-3.026317566539863
-1.379330449802424,-0.9070205909063581
1.1679195061896366,-3.3963867380284203
-0.9044944883656654,2.6492798664189445
2.833045634074405,-0.8020716819743321
3.1482151035405876,-2.8362053034015493
-2.837196997511974,3.1035276004108447
-0.632253598386286,-3.367216981233698
-3.1395088690306854,3.091980577750523
3.30464934500126,0.9150130105390087
3.4046061253667586,-3.202709290007105
-2.6604646399347387,-1.260187215895533
-2.4232113954348176,-1.5919509180488913
-1.2694715066795252,3.7794140583578457
-1.3795252854357283,-1.2656759560401714
0.4221310698077351,2.7509249680238703
1.0512428053854757,0.657267971921752
0.9493034728722289,-1.2562665681299365
2.3666797381886577,0.95961791076659
-1.343028911519179,-1.0943587319082118
-2.853357387851995,-2.827115637857094
-2.534665976984275,3.151152794341179
2.2401316795683006,-0.08224568115065677
-1.2902542151310232,3.056333990582313
3.364131953026253,-1.1233579354957604
1.185535659652172,-1.6420503366639634
2.8512173292011957,0.7484476307044324
1.295008738888037,-1.4552535065147791
-1.474912992213183,-2.0020281876786195
-2.1155745010296028,-3.620295440339055
-2.922590810334872,1.379816135714002
-2.299497129082647,-0.5707579211399358
0.7522855206893553,-1.1347173237267258
-2.4267547853485887,-0.8357827662892088
0.6178842634162744,-2.7552253064205923
-2.72095149191381,-0.6053940868176436
-0.44792369254867176,-1.0050487855512011
1.2995695060782195,0.6195406026300528
-2.0957968641975278,-0.7688952737452317
-1.142539468129942,0.8671319159221944
-1.3315309265898188,-3.323819277578061
-0.9738005577226777,3.1377120444793682
0.8791442044669464,1.0005239588035126
-2.386645382490048,2.268130603117332
0.5492303169675746,0.9439728649175821
-0.9579622813723673,1.6265717338294199
1.0721397661435486,-2.696123441913004
-1.6135712813973009,-3.5692298215422444
-3.300333305675014,2.926074525203498
0.7554067568727773,0.7329465918874077
-2.3194491477392107,-2.332245224522141
-1.1222024147691259,-3.1293475368627233
-3.2857944697788337,2.5845921664327407
-2.8862735112557374,-0.9035632324518149
-0.6959554102244078,3.2973797557763973
3.1556123686230166,-0.7734500281908142
-2.7854634030781757,-3.0708899534006013
0.9397960690495204,-1.4450452719353715
1.7587985952862455,0.8759266733028589
0.5748903326233011,3.1378372445658442
-2.517470155526423,-2.7601232212979157
0.9102370339704177,-0.6948632548076145
-0.6857448003708768,-2.3709749232430437
-0.6979684847189864,-2.360066051239386
1.7643689824861164,-3.123937702782393
-3.053145547149422,2.3772928480639806
-2.5820556423817953,0.691156543491012
-1.7375863859576903,-0.7438748574976791
-2.5937988082110954,3.032656079333649
-0.9443446040511508,-0.5570837047347169
3.127803023782992,2.6374120186847057
1.528813644584201,2.5314791393794684
-0.917982754904254,-2.9772032840756877
-2.9286303919587784,0.38420978982578874
-0.747611181780637,-2.8900160576931935
-0.4737771818063676,-2.7756155110124716
-1.0710749484618851,-2.8470490872936285
-2.369752654839786,-2.725767826108191
-3.2602183900160115,-1.0384827349452765
3.1432519786991873,2.071722760569706
2.8277650342200413,-1.1053857990705005
-1.040605993058536,2.6320903172406305
-0.9842061926110682,-2.8613879281509997
1.0598725833656897,-1.1161166672014329
0.793760915295348,-0.960107034750349
-2.8384436536423476,-1.2458374562559915
-1.2153814563485283,-0.34656009922602954
-0.7767258658923821,-0.5186995595987867
0.6428419935758499,-2.7109286685650256
-1.5822251534653289,-0.9598268501288835
2.7827048170373616,-3.014044768460288
-1.1211293085878797,0.7788643027370548
-0.43072778326585265,-2.7425752375245995
-3.5032985062930213,2.2949330619761317
-0.9136921937240471,0.7698714567368466
-3.0193251913362067,0.8531521789522757
0.9213920225103892,0.8063731859780507
-1.4702759811712565,-2.512013712681966
-2.622738140475373,1.4890479313899252
2.707287322795879,-0.8797855997987827
1.301077233267563,1.0595999926561623
-1.117648037123233,-3.0492944712941807
1.4904477785955355,0.9507606649453941
3.0473907619713922,2.5674457745473047
-1.0233990517320974,1.2873426613691208
-2.759419717267445,-2.9937799282186464
3.3267038861942164,2.7679104573337856
-3.2721505252185397,-0.39243539478760686
0.8458429508324471,2.9487717906741184
-2.5747400139834795,2.87883725683244
1.0221758452227712,-2.700352923257795
-3.217210246747415,-1.4887823552464445
0.9916028442525425,0.4508520473539069
2.3135171180100884,-2.975770330426229
-2.787749061507626,2.5715846206925264
0.8968011245507572,-0.8020107995390697
-0.9863196458098732,-3.4455235377179294
-2.0734414405426875,-2.1841279152411577
1.556513264581355,0.7787769698689736
2.7345338774422556,1.167762479990662
-2.8231896975909003,-3.196262498383404
-2.813774597672848,3.0685312465271046
0.6849487291393378,-3.1975765947783126
2.6393608956630774,0.6561587552105527
0.3276871924943388,-1.1408384113307886
-0.24155222124601805,-2.7418064100923902
2.8744596311175825,0.7295162568618347
-3.352211702707231,1.4051747051434302
-1.2473276837120173,-1.182034171259409
-2.8306628182784372,2.396361226346258
0.9459272910102203,2.2835779715998714
2.5637778905641926,-0.3829911931585913
-2.7763230650135577,3.083196107426678
-3.0331839256647912,-2.9957952467539894
-2.5488601485316456,2.2802958909803013
0.9206751668098296,0.9096571712963919
-0.5564173060701655,2.324195527277613
-1.03330597626426,1.5564921709438735
-0.42422165113637356,-3.6004199901825
3.2998702565574187,-2.903414301264909
-2.961493687356867,1.1848471321594014
-0.5426866892961862,1.3459105489582321
2.6496571724145395,3.351022302953521
-2.949293912765331,1.3077327833104584
2.848876945268221,-1.1858649538903456
1.296067786209279,-0.9814827839015008
0.781365131905661,0.9058258699504219
2.9135946175080223,-3.3047972494588094
1.3159218438073004,-3.1474185171955003
-1.2393479270480898,-1.2491726206318954
2.8120877771329256,-3.31532706581197
0.40229979478815836,-1.279103868745314
-3.182773385719537,3.4320052197332958
1.2632966185246581,-3.100079592822117
-2.836104426870722,-1.6419053517923796
-3.0638843756414254,-1.1839485235897809
-1.0508470766743168,2.495449864905603
-2.9809824279031694,1.8934381792505124
3.0616403177908755,3.2017085754729457
-2.5942886188802174,2.469241720928666
2.306026062098411,1.0128756541325041
2.479782663911765,0.7652518230277299
-0.5502270717935861,-2.7107175878708745
-2.6802703144679905,-0.9021183169262388
3.3299793564196074,0.6045830781345782
2.256263678798071,2.1663903182626023
2.9211983146457,-1.1472041009654754
-0.582707916648918,3.114742413239499
2.7667337489376007,-2.525144597938976
3.2465841062554195,-3.3386359827713394
2.5202785594213717,0.8358277385418585
-2.4041516165977126,-2.3887080798010976
-2.719486680044697,-2.1992779790729804
3.325964750996461,-1.2850294453427153
0.8474539634075913,2.4899983247648105
2.257517015035826,0.7218509747750277
-3.0894580112083108,-2.9382649017200446
-2.3315102655984012,-2.541521634980778
-1.3080973614281488,2.756783173170821
-0.46993047166741014,3.0172085236705497
-2.63872069465453,-0.6066228374113838
-2.055736857519272,2.584833530925
-3.1559637246939554,3.0282557217920716
-0.7396991310880209,-0.8414960211593835
-2.968394292605834,3.1793587551343685
3.2786584182622245,-1.2591865626552827
0.6330968217712823,-0.802437972951875
2.6426124313163464,2.846326402653142
-1.1553411403823364,2.6840839236633833
3.060111208746721,-1.2171027327302932
-1.1929526770032035,-1.0414474723950142
3.5548862129575345,-3.3058311645620577
1.0224739400981246,-0.3612555484080834
-1.1545322098225064,-0.6037974628652907
-3.207715243265153,2.728545394116616
-0.9329268231739359,0.9376960834585251
1.1458919110064274,-2.5944113627514103
0.48772745194194617,2.6525225110541353
-1.627894390780306,2.3492172003820797
-3.1147542540199513,0.9239309555267483
3.232773378950326,1.1583467285630702
1.4972635493588624,-2.8245361415326316
1.464019721690596,-2.964435630805673
-0.25509507558329786,2.694055000571275
-2.454360502501772,-1.0836417802920244
0.7944710609722607,0.25973841666355574
-0.9848523785270328,3.325225149947927
-1.2355034637611007,0.7497775042873681
-1.1208883359696564,-0.39317096402380985
3.272951744073263,-2.7975852537162025
2.784306643802259,2.0670392832937265
-2.9833400795775633,-2.475450999369385
1.147332755852756,1.9536351528627975
2.4947013644354628,0.8413121240486695
0.7704712178440937,2.7674324663893217
-1.3632085791058282,1.4419252739445083
1.4904948680347978,1.3340121323130174
-1.1103239436938526,1.1559850658116995
1.0863012017641245,-0.9824306607280994
3.2021649882611896,-1.3730287279165592
-3.354595406797423,0.9554455355372233
-3.1710813647232707,2.617088178583422
2.8050204453324787,0.5499263155757674
2.822493026590423,-3.313686033226316
-1.0295436311836355,-2.494433195488475
-2.4732745746014175,1.2770826019695087
-0.9089297913838198,3.1691140541270975
-2.9615337891548177,-3.2081321412336714
-2.309052452083494,-2.7178031556954254
0.615616726769351,-2.897236759374869
-1.1901806530703687,2.789244114410128
3.2268634543157484,-3.2067241155564266
0.9199037626701965,-1.1644072702052697
-2.8786490151034756,-3.052021471095117
3.0747277318779713,-1.3986601752216101
-2.7872822863716045,-0.2704225156891711
2.0061727621377075,1.503295495447167
2.4693571897428455,2.44916079906308
-0.1332009706552452,-2.9790631754575227
0.07907168287997897,2.618304671177793
-0.8114873918853507,2.262367838482043
1.834210108644226,2.761043226421276
-2.377886710247043,-3.173725534271092
2.9806331355784135,0.9823914126069008
-3.0371663586956603,-2.7012873595068885
-2.498372316981822,1.185564479366074
0.7846112580694301,-2.413696461912291
1.3502927310067558,-1.8519230301946317
0.6628159480586474,-0.7093344201308726
2.7430576297320592,-1.431874196919143
2.6109538868527093,-2.4007903089997984
-2.8356164562282817,0.3704533659355604
-0.9852048174802539,2.278935451789168
0.592360653763689,1.0369934853208602
0.8607208962464828,-2.62308594985671
1.028310007718054,0.807705768738777
-0.728624084137516,2.1990068808810967
2.7619895933155094,1.4999794283681531
-1.062294320951459,-3.9275315426924626
2.8589848762998993,-1.483605269443889
2.8763450767668473,2.7279123269821866
1.0047035453054642,-2.5923324863067894
-2.782683409875508,-0.998548944386662
-0.48027421418886074,-1.7303127220580925
3.026936718750499,-0.8224068508715238
0.9273268861427769,-0.46856395659677236
3.2422126909248106,-3.4085686892649636
-1.2440242268150674,0.41521905147693683
-2.175038841680598,1.0884386730879376
0.7044466305784237,-1.5291398789520405
-2.8375191387255665,-1.0421227013736407
3.0104921571697796,-0.5837956139671637
0.9257391236421457,-2.844668900898318
-0.9007667885718091,2.6436301176489416
1.1275492208639626,1.064535713886319
1.1435858145056155,1.560388043358566
0.6928051693067506,-3.2869014382856143
-1.1339522590001265,2.6258196980831308
-2.936829034949365,-0.37733415181120333
2.7481696308182673,-1.72192723575654
-0.9068516127932812,-2.7803930714868095
-0.9744516721540427,-1.3415929342033783
3.039464519989336,2.177139684181416
3.111938143517904,2.6086836962676707
-1.0717630884355134,0.7552553041424142
-0.6981441304951169,2.9700561213024144
0.24886696758532725,-3.5616257642074274
-2.6411624597018615,-0.5705719046984616
-3.0016046312174685,-3.2033886909674822
2.8907703893769527,0.2666160097707591
2.998323064865126,-1.021702413819043
-1.381827662352976,2.4643440120090836
-0.7718045821169086,2.6559342935000307
2.952508130617346,1.5012043537151065
0.44804115263001326,-0.4050258278286763
3.14391124318798,0.9051248627034454
-3.119410526292997,3.4374706229739984
0.9175902166755301,0.6115027202395349
-1.8698024615252384,-0.0224396146206332
1.0851203407461627,2.788448471315603
-2.494709059734657,-2.4533360824530503
-2.5683947458612977,0.6856515906999245
-0.6589567362275626,3.031146628987532
0.3830575271524075,1.1924715791818952
-2.553549578888247,-0.7401561850075827
-2.5365296351482156,-2.9874201116146804
-0.914250782550806,-0.3127714442764417
1.326673742730622,3.3643405429825974
2.9546512681328974,-0.796941661945305
2.594743352241741,-0.7816535754377152
1.5406313239910647,-2.8987552739574576
-2.3453240671441806,-0.5935346214216449
-2.9731984402818212,-1.2104137884190156
1.3790467763703655,-2.6500407471420684
0.009797662385067175,2.3112150838692314
-2.7804533048511817,2.408746683660248
0.9435103440704412,-0.6189680872813283
0.9448178866623184,0.6394968466179993
2.630727461519704,-0.9029926919959548
-3.2348955605846696,2.1369053152569695
2.315515207173818,1.2506986200279788
0.8379459092663595,2.223491620368156
-3.0029032014428734,2.3510779374572777
0.6935294003759004,-2.465888239362297
-3.3304724326315216,2.9496722553207904
0.8167055186266284,-0.49019518459374223
-1.0490842343951752,0.6145168702619994
-1.7260632584531583,-2.075016663270102
0.44790426269711997,2.203398854900495
-2.740517389340221,-0.4210434675300629
3.2936264635985513,2.202823926105212
0.08409870839113141,2.8190041648731206
1.8655412415800692,-0.9230329236602962
0.5028706023386922,-0.8352852145410619
-1.3089458968878616,1.240622785194033
-2.8297007052993686,-3.0431175665883736
-2.5736186245095958,-1.2022298242917961
0.4588317108082392,0.9029587204455573
0.5824743137766181,1.9949924265309795
3.3076076634260207,-2.208813123667199
-3.9975375985218227,-1.0319657539920806
-1.0575846561201336,-2.493397060682879
-1.3334483354126678,3.2715231430735168
3.373623108218957,0.35072913265990313
-3.691388907771977,3.2569209258160976
3.6636900566927624,-1.036224429205537
0.8426683274093715,1.1028373514631196
0.8341448028459284,-3.123021417331343
0.8446540109615831,2.934350233807068
2.7527054802413033,-1.7170189435102077
2.6040870441320916,1.0100595813720303
-3.277070049790013,-2.948569211291419
0.8030637137065847,0.7619738532329221
-1.4973027776113408,3.171469423313115
-0.8625811140840234,-2.9463957126389246
-1.1562635095326284,-2.4321586041623693
-1.701090550746285,-0.6371556813403617
0.8771827338148649,-2.5017087813832353
3.3907625444468725,-3.5087934508620804
-2.595611401147435,0.7980440395451873
0.670275295393728,-3.1809126373465233
-2.956018500997007,-2.536147742858562
-3.031511307590959,0.6758928656790014
2.573388057751459,3.2996630419851134
-0.9123133089553117,0.9511530235150594
2.8931645899734435,-1.1534722172939444
-1.0439369478191993,0.9013242694184929
-0.665171076648379,2.195812803874674
1.0016376243286056,0.9261808257254445
1.068836956996034,2.3297764460943755
2.775366439889993,3.4326303578409125
2.5924775683739556,1.990958483585319
3.260950238151884,3.405237719423257
-3.166251720966255,-2.9189881290821473
-2.2496042121539497,2.875812987445872
-3.1649991222310896,1.0039774778607915
0.9999365076219936,0.8435052135232536
2.7286765927377976,-2.9101323998036883
-1.4387956474032868,0.4236705503714982
0.7706464562823726,3.1431694415395435
0.5387684417764176,-0.9789007660633733
-2.081460174751155,1.7222709156175642
3.7976321812262994,-3.1702327477950014
-0.8371297734914742,-2.375493080817055
-1.636256623092858,3.0673700761859544
-1.0616550906852298,-2.532662900378632
-2.3375507264403304,-0.15650407896851357
3.1217167749272687,3.8008445366653283
2.6229579042477487,0.3340941838160574
3.8276936060109548,-2.4619488419402247
-1.1001490360646782,3.067392085920537
-1.8376841260189236,-2.5847510990527396
-2.5973981710467133,2.287063913103945
-1.0275069559704306,-0.4967320380754496
1.0093180797928898,-1.289099090892545
2.5577755413494865,-0.27318381029842953
-1.2869301395877608,2.698390635105172
-0.7257172442225921,-2.567110060724579
0.8967259618464797,2.9387898770937317
0.942094783446058,-0.9393845393039235
2.6813519073031693,2.724442269977577
0.5143313164468978,1.0361466981162006
3.0801634878099704,-2.7775613123034706
1.6582204843700268,-3.2776128483284257
3.2597738705690174,-3.3036688230782345
-0.6164615199368482,-1.0910129303462406
-0.5057089920431816,-0.5464734975312875
-1.2262481122439233,1.2290561984016268
2.7741173802952765,0.6702736396851042
-1.265326441232739,0.9227856793165075
0.8223455192283103,2.8808311675428264
-2.8640327968169563,0.7505362262839484
-2.3873353013350473,3.4740646991285042
0.8217668019463786,-3.9018275051909512
-2.0932442507090556,0.7924468757215924
3.0803877299626117,2.8981075287256792
2.77080403535895,2.7654274658105424
3.2303387250197453,-0.539360704585023
3.097454833304924,-3.369833040417108
-0.6142397356570957,2.5042459433855804
-3.0823582072903455,3.4207166982199637
-1.1674005094389972,-1.2361922052453012
-2.5282711543164456,-0.8816403739767185
2.6868138868715388,2.6409737708930296
-2.4145834456328537,-2.2534002955840173
0.3260937927027352,3.4178870837920554
-1.149370455342621,-0.4273313145925918
-1.9075996603608718,1.7177333658505227
2.959084854495322,-3.435270408606851
-2.5087051840181256,3.291050250961551
1.1541494771945657,1.2636831078842654
3.0890258572423197,-1.3556964273577423
2.910427562282963,1.3448640105879104
2.918780962076,-3.108580943441986
-3.026788214489905,-1.046019904645414
-3.003214022821572,1.1055929018350121
2.30454531211872,0.9543356205992439
-1.9367735898434564,-2.9014934827576275
-0.30743664740742016,-3.137968361559788
-0.6755370521272066,-3.066479134119105
3.020919350360343,0.6520552980427164
2.15879456435001,2.692545617342745
2.418238055326151,1.0980428024059339
-3.4276616101278026,3.270095517637084
2.24747684403794,0.8093038343349606
-0.8189180749511455,2.7004535858155374
-1.3733563031347964,-0.508363052397009
0.708557468958131,2.7349226722645192
-2.8308138680985113,-0.5363239891089581
2.731146876250786,2.380738964422984
-2.823553996409469,-2.3844104426382207
0.5071749470554199,2.8646088907652802
0.49856388548150876,1.3278101798848558
-0.7646469111370464,-2.5901117511784517
-1.708341236571568,-0.5580129379218289
2.5989711518428105,0.9836801757884105
-2.586072153907369,3.0785575511541743
-2.583488020077992,-0.26010616858656793
0.8104639697530431,-2.6247936279779096
1.1438638818020452,-2.7009528151968225
-4.06286570674166,3.0529275040818677
0.715113554210064,2.796866952618993
0.7295697382455268,2.3179619322929588
-0.10304153933128338,-2.701408156892586
2.9291482558302238,-0.8172737031874614
1.2191724929050571,1.2880363846937208
-3.052813552482246,-1.1524411716565772
2.7440119868838915,0.5102042506814847
0.7172493510325543,-2.432202382471486
-0.6351268044960413,3.051207195799395
2.67389516372424,-2.618176008447976
3.565845114900916,1.8853912381536304
0.5111982611474777,-0.7782738729852446
1.152598609812378,-1.5866548541242276
0.3651520489663402,2.557395236550797
-2.7216860909345937,2.898325292758261
3.1732665588994116,-0.908669448994944
-3.0663951697836227,2.8046181897616145
-1.4705379593240504,2.2217774396285908
-2.7878198540666443,-2.3659471113836346
1.1006579414034383,-0.4810758309931611
-2.840047113764116,1.5529128527519984
-0.7985308496193994,-0.8170704381623604
-0.8244591107863214,-2.8394472106789648
2.4645153363127696,0.3332212054597302
-2.855573459995097,-0.8077890642583564
-0.9130139256161752,-2.722180483932279
-1.0302402609621997,3.1122523936084763
0.8686431057531837,-0.893736466553965
-1.5317370928500489,3.5411665739110165
-0.6179818424283632,0.8912370867900169
2.992496857557113,0.851787818943334
2.8329887180892035,0.8854419961606291
1.3036290880114723,-2.2198406938089885
2.6665173566709375,-1.2720879998552568
-0.4368958772955151,2.6142302706882665
-0.749390184267339,0.8167450023761608
3.3912880630241813,-2.919779686661293
2.8188681911210796,-2.793624718877168
0.7191798516514837,0.9719498700628917
-1.4299010571543762,-0.6478919485579018
1.2805207175082538,2.786614971033542
3.32197018056726,0.23864452423306728
-2.7771801934109064,2.46498174971502
1.0058275028536128,-0.6201320462198386
-0.8254752672855128,0.7009928492116589
1.0366456462866616,-2.909364409187509
1.4227669062788602,1.5212963662964654
-0.775895419505452,-0.6095652458098252
-3.2931698967977967,-0.7300196541686378
-2.2504522989378075,1.2027238927472175
-2.023277946977591,0.8386918144132814
0.9561710389749838,-3.357327611102746
2.5873560220521683,2.5060354829753435
1.0988051077618843,-2.7289479329560096
-0.7328886257174815,2.7003457383891516
-1.057282891072655,1.9765756677707953
-2.6884624052763493,2.8923015589568366
1.4903707393029493,-2.76007815333625
0.29369604460720955,1.9742882419826895
3.0927584771094203,3.154362136069617
0.6629855054713323,-2.6534533023954263
-1.6593364354367577,0.8148324362231382
-3.0181917209351323,2.5812732814075763
1.0368389156303826,-2.6291051794780937
-1.0854228499645193,-3.3939969599000976
-2.922338796687399,-2.9442954597181688
-0.9277524813978629,0.7690290883489352
-3.0187870802536794,3.4635056758325216
1.2285927602093165,3.050021841685187
1.5558638446852346,-0.5456480389156477
1.0649303258459273,-1.4906608529038112
0.6864995608855478,-0.510115990226394
-0.770620916623336,1.0746582608405688
-1.229496510573385,-2.5016513954076696
3.1640106144488302,-3.3513807080229197
-0.6392054813748609,1.1238635401592616
-1.2536656659652,-0.47125522098198275
-2.7124748810477266,-2.1578410894219044
-2.700656888659797,1.0557710926775923
1.0099936080513479,-3.3102848126853317
-2.4466936107867916,3.0925245180301935
-2.936882324219131,-0.964693860274604
-2.824290501855962,2.0395422858439782
0.9259691697662817,0.7422606794739006
1.1713393013234636,3.211572308226021
2.555102762364808,-2.8525859356013386
0.7307335027051355,0.026227638868709012
-2.625697964991252,1.1397025915862793
-2.901525052670592,-1.1519437516681799
1.4700709071455713,1.4044240069019018
2.8800613901373096,-3.512686758760842
2.5129079084746575,2.7192431818750347
-2.520723963967312,-2.5723621280162314
0.3938300113358211,0.7695452179541524
0.8640538731114972,1.2990391423378345
-0.8317626014293438,3.42264368272522
-1.0221338513200284,-1.9542497291282588
-2.7012316244523724,-3.1902640102428235
0.7462805117431434,0.5569106920454927
-0.9570982601524081,0.3429997300724169
2.8761674510265416,1.566863830629368
1.1236053943408246,-3.148173149424772
0.3094285914779631,0.5355995055098111
-2.086517107328344,-0.6119123878506534
2.3310545199021315,2.825812810753136
-2.1045350937242295,2.9131996369820903
-3.133860719160133,2.9917820849357333
2.8437755394188864,-0.7640863354160446
-0.701704484995347,-0.7459174016213143
-1.2535972744092636,0.7926174411523236
0.23826647315204813,3.089367008984736
2.939951220828054,0.9987002509561963
-0.8598965309633465,-0.7209731167654961
-2.0816407717462675,-2.4314382661475364
-0.6115008082852996,-3.133895170460973
-0.8050941302470672,-2.863489012297515
-2.1306993842066855,-0.6251623253653888
2.3892421758302516,-2.6981004527817785
-2.9230140194252145,-0.6475103295066045
0.4450002289593108,1.2946828496042468
-0.902861406127982,-0.8797059628289012
-1.341760678919113,0.7224376704102733
-1.3671044221430204,1.2048627292120258
1.5894728774027758,-1.145391046308492
0.49921448636428106,0.7142534422867145
-3.2267880815274146,2.9088951487065198
-1.5369207166301424,0.9386133106531614
3.51471033109121,-2.720814641634734
-3.0249754453938884,1.332316227281211
-3.5224148969974722,3.2910045030322244
2.5484146562997405,-1.4102681686355805
-2.4910688881604566,-2.9120205596925515
-1.2334581196304386,0.449032919111109
-2.4488109313217694,1.1723833228259892
0.6782200310684802,-2.9739026482846596
-2.4446523056745897,-2.273332607883955
0.7978483054723686,0.40124232814924427
1.2501435192088715,2.671125617501673
-0.09418546675602181,2.763494674896652
-2.7026202066225156,1.9152745366095172
-1.2950141289408246,-0.7867739543068091
-2.5100745363774197,-2.06744956839183
0.5153447231304892,-2.026783157238523
-2.8608983790566023,1.3940981032081166
3.355287564684455,-0.8055072926729927
0.8384281367138618,-3.2377550543321494
-2.8255707565223562,1.7335193710019534
2.6597883084766862,-0.9636819518882668
-2.9109242963982553,0.9606069958116843
-3.064164969624601,-2.527316414158464
2.212905370984018,3.3048642923304747
1.5500296912517877,-3.154071760781173
2.3505685926914888,2.949185375066072
2.529732639731062,1.3612144883779396
0.8682754344073214,2.3487794977112726
2.9509523872791155,-3.3817286491268175
0.6565327707678357,-3.0548467657537794
-1.1808100768884442,2.7634015797952594
-0.6658849661951584,1.6302537130288404
1.2181475456077264,0.8659097768708168
-1.2403594425243274,1.4398576518298818
-2.9151039562254266,-2.543587546147176
-3.012879645082723,2.0483372878934394
0.835013842715916,0.6664988496812403
-2.148391683507355,-0.9524534099105189
-2.6654025661887015,-2.4826874130887835
3.6584500175999453,0.3945180138039379
0.4133808110377134,1.114050670183591
3.62023454312884,-2.412191525026417
2.9986373252529184,-2.790005211359666
2.9015980818326006,1.245684808948626
-3.5826869510981023,0.5938644919040736
-3.084738783121918,3.004152314638655
-2.869543712568659,1.169309810035323
3.089787463462498,0.9374896239688989
-1.127515507601617,1.2712291892049112
3.193375697983303,2.9190852491074195
0.5469730589228727,-0.9655436913062888
-0.7319436493605289,1.0961824325698009
1.4561684115076574,-2.3719540716662815
-1.0650394778011985,-0.6451832152296778
-2.3672908572203037,2.6988403176513693
-1.0482002617348638,-2.9300241001230214
-0.8785999161618597,-0.721521416923608
-2.571217401371783,3.773681756846353
-2.0945740790753486,-2.655744580752391
0.9247833813334836,-2.610446705916843
-3.021398799013166,-3.271609792328627
0.9871316814461203,-2.281288275157888
-1.1456379305858566,2.4002326147603297
-0.9255122135741491,3.0094329144829173
0.6309866786810973,-0.5158454039768134
1.2023408690990773,-2.8758864711069703
0.9913172327360082,-0.2818170556887411
-2.798026621654859,2.5714176275126754
2.6759952544337047,-0.646255635414793
-2.676045185115164,-0.3848528901878658
-1.0004224080379158,-2.681044052295505
-0.9868761396205857,-3.1818130587735585
-0.5976157754563358,2.4978862874749983
2.798797155108912,-0.8809294733503023
-3.271867844750371,3.4455909982862907
3.354222857824897,-3.168936515079442
2.829710859869691,2.4150251614583382
2.694212405252683,-0.5459987595862836
-2.663374350744855,-3.1392396845608483
3.242392271735266,0.9096687337493896
-3.133599360024451,2.969870832869756
2.8766187989160312,-3.066465819255327
2.014244508326908,-3.4182201221101987
-0.27917229364245033,3.1747253969070632
-1.11662673275456,-2.715985180468415
-0.5323937384866291,0.9421375399867941
0.45286259545784424,-2.3775923357160913
1.166329875637401,2.0662249973875073
1.5961877797361779,2.584640038825398
0.2793826425789241,1.03666843127474
-0.8125008491760114,2.9958125677521252
3.012946112977314,-2.62363602760422
-2.5487360189496493,-2.990852772615552
-2.264829796401972,-2.367355217670817
-1.4742718907908645,2.6195459536667074
-2.8924224409534016,0.8480125071824471
-0.9088282532126808,-2.313666331590253
0.3847549785376364,1.003216241923458
-2.4483769658320327,-1.0937331805909596
2.370504303122575,-1.1395525854103783
-2.1226867080819902,0.6535532592034472
0.6488226263632354,2.8363918457071793
-1.1660665701773036,-3.0462912838857887
-0.8450179118745087,0.7340286519401099
2.4126737913580265,-2.724954048306817
1.0848301566607226,-3.143276882594151
1.1769940130823513,-1.6549837797088485
1.1555652572339268,-0.21630023082837954
-2.9961252488929913,-2.601083255019431
2.9510602892883533,-3.1739483978612926
-1.6800605382450335,2.7772878140508177
-1.3463543068704327,2.9253006843403386
-2.2589505134533607,-0.7436240598564566
-2.9624263570197313,3.153986321282655
0.5500972330452177,1.1447237751193355
-2.476028680297973,-3.23565209519774
0.8092261794428067,-0.9044592278751917
-1.7352968599044214,2.7011136977493333
-0.31488086658057624,-3.088002754799197
3.2027712746301065,0.6355304333528969
3.188685287176292,0.6341882515076434
-0.6726236324962189,-1.1756756309566108
-0.824623864899886,1.097872011519228
0.9607829904549278,-1.2260699269316986
3.08063021791327,-0.8999056830776796
2.595707373338004,0.8766313924378062
-2.8287072368334423,-0.9935551401016246
0.6536926886690824,1.305642208508135
-1.458461395281984,2.5711198934291106
1.4986896208892238,0.9568923712262307
-0.6971533635602722,-0.7333252552474393
-2.8529366434288157,-2.7821251126116606
-0.49455583567873423,-2.7432087469233792
1.2863721593542985,-2.644320739566544
-1.2401066588374596,-2.7974788492017195
3.2627346957554413,-1.689439057357996
0.549981662745212,1.1620828076551852
-2.262866453704242,-2.127450877648233
-0.9164113633650294,2.835738582356438
-0.8470173561343189,-0.7901964619046258
2.662423165083625,-3.6344829151837605
-2.696169846175071,1.4839430525914403
1.1854987006268687,2.434748596357531
0.9472171338850321,0.3479529187544375
2.5331716763986574,0.5597866913682206
1.1196577941961066,0.6750958624525597
-2.7966449435067213,-2.331892870297049
0.2783334509188649,-3.093887535435835
-0.7694697148056419,-2.881309320651058
2.6486143347700266,2.3916077081941585
-1.16718244645906,-0.6581404443462873
0.6078508461577325,2.5993601586236657
-2.675432632292752,-0.6905897144770483
2.44761406559912,-3.72666919720964
3.1287141607951794,1.0019571832576222
2.5514693428142157,0.33348973082330935
-2.970717328938569,2.4512908696048012
-2.3066147224335607,-3.189110212133207
3.009625697238925,-0.9445631441690853
0.9772183260057974,0.06797245782236964
-2.4023788726197775,0.35816826711773525
-1.4567172632421432,3.0218287895328997
-1.9322515448951396,2.7562830216276075
-1.6117416559146345,2.9083484056197144
3.194074965565774,-3.207673283820716
-2.8682433578582756,-2.8554666279490624
0.9235841301341177,-0.8906883618956212
-2.543444556600133,-2.5710573647381083
-2.6608051349738706,1.2902882056959508
1.6828770886244857,-0.7893915784150375
-1.0971095103603514,-0.7980986737005784
-1.1927375650402428,2.8496263397948445
-2.596802447624252,3.020723401380941
-1.110169315031443,1.0945909882576774
-1.0794001285583121,-1.0645658038614774
-3.0398519440246585,-2.844726961205998
-1.283857401079955,2.0851387702019646
-1.6159700677298823,2.6776870985586645
0.4896547884726719,2.863058748510749
2.902672094766756,2.461910312422645
2.868326380138299,-2.8890174871023877
0.9646852730842387,1.1145176491108741
2.792697045332045,-2.743788596286785
-3.085181543314369,2.8968895174416054
3.440218501616073,-2.3026114279726273
2.638375262845069,-3.4358630047057415
1.6326506207347031,-0.8268897678383796
3.2600786929564145,-0.7869792667888366
1.1171595505728458,2.9108478888217553
2.5241458480270738,-2.4841620440929058
1.4408185001818783,2.566153250546431
-1.1314497160281758,2.81202660032123
-1.4403138153219481,-0.9937648526538558
-0.39937203128355453,1.9968911957157531
2.8158810617732914,1.0759655728800837
2.9647260685174794,-2.6045465312382032
2.859151335172427,-0.35767929809166427
-2.070599363239667,-2.8937945132813234
2.8684072593553727,2.64993902939054
-1.5916101444743802,-2.7667085232827766
-3.5840601201830444,2.7179613905609656
-2.6197928548184817,-0.24354543885875807
0.696599210953244,0.33290583775313487
-3.7294032708619,3.074197391885736
-2.2346264251438637,2.777628242251635
-2.7136148172199985,-0.6106524145664531
-1.016745333411313,-3.17387493093054
-1.1586389794209473,-1.9779431929194493
2.722808481614986,-2.8690698964100165
3.139545780148458,2.7872886082972124
-2.874610226328705,1.2517200323812703
1.2568117820189648,3.4737566538676323
0.6415766606154062,-3.086286936203461
0.8146691571518146,2.986831746905199
-2.6927380355664483,0.08138924305252962
2.8254884715565485,-1.2029480302364484
3.1318924703851487,-2.8734695427139374
0.8134896142444974,2.6390037122970185
-0.5659772251673701,2.6095549626349546
2.672535782616302,2.992348612570724
-0.5672327242172444,-0.8784621747574839
-0.9710273129768033,2.730100046061793
1.2768824483752126,-0.36596557405517827
0.7517119807244359,-3.4142939011282136
-0.6796294417583962,1.7706857249230885
2.7557671377398534,-1.1654099574896228
-2.96736695043849,3.1402250772373317
1.063722835977836,1.0231082662035704
1.0990122638533992,2.9954281282526245
1.327630271134178,-2.8462905002211283
2.363719880626951,-0.6322905987933309
-1.1629739359968927,-3.377322967572399
0.7394699747295955,0.7032300656031596
-3.11598926746145,-0.2230672225515223
-0.8227377284049865,-3.058214176720149
-0.6099961561252202,0.7776987033923282
2.3357797357348224,3.0044469731486187
-2.367730069533173,-0.635584037242226
1.77385779594392,0.2716429825624094
0.14656680458312973,3.5437249538138
-0.6599041365960444,-2.9527951208030867
0.7926238632273044,3.1374652533946534
0.9199292374210086,-2.2552889774408342
0.21570518763924382,0.8653023058130075
-3.1923783735308824,1.086776659111477
-1.0399427155762626,-3.017770050794402
-2.857060823347823,3.417091811850416
-0.8718074818614651,-3.181127803300296
-2.7387803171031853,-2.971411792617576
-3.291356826233476,1.0653667008135699
-0.927061393205032,3.039811162175475
-1.8590307882561616,-3.0699165692491808
-0.14526514303892404,2.9507558866196426
-3.23691301629303,0.9941225172769657
-1.1883731447841113,2.605004006269273
-0.8281077994373716,-2.6466675793946264
-1.7073498464411085,2.519408122626398
-0.5483888831037897,-0.7317518288588949
-0.9743539119848841,-1.4644440785307686
1.2228204744364533,-2.5790466789030244
2.1232248791592374,-0.5551003269235658
-2.155687307055546,-2.723426342339383
0.08819494762264844,2.3373015195481806
2.9380029871716085,0.8910832359510396
-3.652557386672568,3.120284374620554
-2.0217881704603946,-2.73542696784607
2.3614205670632455,2.2993227816865573
0.7160216185413143,-0.8183495088601177
-2.791722988348661,2.761669384906555
1.0924498592602876,2.6811263584527354
-3.375250368466504,1.1560867352515631
1.143895512892993,2.693307448068702
1.044119022726874,-2.9429353885777023
-2.9780995961530063,1.1906205074444913
-2.770798584527902,-2.6030892040952
1.2444970178769603,-0.8173407323430819
-2.7019202382231216,-2.147926629162566
-2.4425636208478725,0.41906093919913995
2.6947195727723257,2.821910971439222
2.946512764554998,-1.4670685714467884
3.5257698824028965,-2.8155044667839024
2.3080930474856625,0.33818480347830704
-0.9921622069957498,3.1934178117030165
-1.324245011698965,-3.049385815032657
-2.8487404831567176,0.9232573259403472
-2.9104273456099166,-2.458168941639252
-1.1002615023666056,0.8682196797270332
0.8205332616047775,0.7185482009977816
2.8126886754774545,2.7501545910218046
-1.1162751072611314,-0.4582433798267802
-2.7341998090201702,-0.3828571976178812
-2.500136092256261,-2.5291106214492745
-2.074886761076131,2.3863772849434626
-1.2824893273908144,-1.1203897417530597
2.9151061880341045,-1.3408980755485382
2.8117835590702116,-0.956805339933228
3.4571764698569463,0.8918776357516409
-3.692546204518811,2.7817336521430054
1.4066485920137741,-0.8338251686069955
1.4549956524004843,-2.621448370782776
0.7702932941021743,-2.6426578037668085
-1.0734739882081914,-0.3626497961731343
-2.719040376204315,1.158039484017789
3.0809764341162014,-0.9060375673232132
-1.4822077222442054,1.137994254950308
-2.7122631952143887,1.3931984696924449
2.9299981806781528,0.9979555311827969
2.804006207609636,2.7750945351132703
3.045718940759276,2.058009316318619
3.3537736259575226,-2.511569574522475
-1.0147542289581397,0.6470908770032694
0.5141821302428085,-2.559426804202515
-3.1921468856603723,-1.3684825981643751
-0.7125591685809448,1.3791641036514937
3.0182332398814693,2.5697837236964363
2.6601256952056276,2.627249827288532
0.9834921766317523,-0.8923022395359709
-2.77244916296957,-2.6792624605145625
1.7790796133443865,-2.275322880297046
-0.9407979643803633,-0.9242762884899658
1.5675604863200334,-2.548328654677168
-1.3617822519483767,2.0869442123207733
-0.46762899205460745,1.3156393946910607
2.8686107184557033,0.23644083810333708
-2.4560019068178636,1.2837107400875023
-1.2278025251486357,0.5260913805491808
-1.084937523536231,2.4140658373549333
-2.7333627461057275,-3.1031853426371865
2.5725283497628952,2.7184167515967443
-2.6700130606673254,0.8190611687169894
3.2922432629568625,-1.0049354925898928
-0.9608177270030163,-0.9800684944187195
0.9132766154831145,0.9993465264519085
0.8869091206964638,0.858574561878878
-0.9030388170015607,-0.66431075645684
-0.967017735269056,-2.9424742901024588
-0.8937363888360939,1.1716176670572334
-2.593338806516058,2.943312533178418
1.4932600514410634,1.2144013032096315
2.954843897005254,-1.0204463816359721
2.8514678225931864,-2.3851353574402316
1.1552963857870933,2.4249073959769727
-2.869158725409531,-2.6406229589457717
-0.713935045431576,0.9592229641962999
2.5034433508160157,-3.1348524263657818
-2.734477173191591,-1.5357884198840215
2.9207564470731477,2.724680261784001
1.0945211394041017,0.886029031210366
-0.9529866084508988,-3.010886097434194
2.8039197059743377,-3.2386065057925006
-1.6768211570263438,1.3595371002995633
0.7448224219727118,3.052733433976213
-2.912329240418959,1.0365538046923009
-1.328430837143029,-2.7200121733417473
0.901922061718037,2.4797887027751755
3.3462943589290566,1.2451427746108246
2.7878095965475587,-2.6210730029497764
-1.24197142711171,-0.7310426430999586
2.6809903504212618,2.49799654001431
2.752032150325042,1.0202026875946322
0.704987151953129,2.693366833404607
-0.7209545538234912,1.2730429496229785
-2.054230147845311,3.1939171734497713
-2.6306417619514373,-2.2879289171768717
-0.3260688413922166,-1.2532830924636824
2.386273430430338,2.634469662993008
3.2151868971425266,-0.9250712787129423
2.857700420240733,2.751897104789471
-2.704322991013379,3.0113043147889944
2.810688640616987,1.714304631316389
-1.5341221874343214,2.9187630551820245
0.73301238041063,-2.5379913106539678
-0.7483310898237273,0.9386397436154738
3.3158964593981644,-2.5002651576638106
0.4793274642924454,-2.9508128772254585
-1.3017555822045002,0.8897016668349278
1.2413477583546293,1.5372507001079123
2.6340952601971224,-3.1205349387587726
2.696139042258526,3.302764122863955
-1.1163616155942122,-0.3895415079438741
1.2754203864727076,-1.177803740038698
1.1007680588683908,1.1790846940090562
1.0447693017414512,1.4808234346798301
0.31008693061250237,3.0469093961174885
0.8998219998465916,-0.7088890201901362
0.8275090250596886,-0.9125411359261525
1.1441368973245851,-0.4507372451201114
0.6642531228590727,1.1608214792248723
-0.7573883971180108,-2.464905907949342
-1.0245714311217533,2.5225585244381774
3.3827393634147813,-3.278148247254542
-0.7543867640437115,-1.649966446299641
-0.8347000171908209,1.7231319691556644
3.417669948419542,0.7410470764265186
0.38263636228614994,-0.5406342786690134
-0.3970354528552777,1.6061501883581282
-3.1455475073059733,3.102653359809277
-2.2899766229855536,1.7542243863802112
2.027784238517862,0.46492319460909187
-2.682598926197568,1.2783497711775054
2.6524369213346017,-1.6178931360773103
-2.563088725482985,-2.697422782343896
1.2379777566336159,-3.0021262788451435
1.6678430334895749,-0.802645448523668
-1.1432341848244103,3.2035407160214087
1.1879540953617052,-2.0749797941956607
-1.086880778785148,1.230760456054136
-1.223389062191834,-1.7273834066220262
0.7661017123250322,-3.411108966558447
2.5304597799640516,2.304423378329845
0.8843043209277287,-2.483250315207791
-2.7551124261097124,-0.24033282631519837
2.613113345389994,1.0998118539519186
-2.9922749953559227,2.1100764317591447
-2.588912680408526,-2.4445514467038847
1.064515388304005,-2.8950302172228364
2.9894516497771417,0.9268734943951819
3.0733247565314112,0.4950690438469527
2.60808314505518,2.340576622800822
-0.9245662740850099,-0.8889373453231844
1.992328529909489,-3.1258326150787705
-2.863046390427868,-0.14951873930644
-3.332043480142581,3.0583526337113356
-1.7211637790353391,2.9291373899938695
-1.3559156242614525,0.6841448767983229
1.1144293737855555,-0.6379073136522617
2.136190122137735,-2.937570160056356
-1.6804293450159602,3.1104880755064737
0.9346539971726516,-0.7204819994053462
2.8606470738172645,0.8340811675773772
-1.9732770233001682,-2.9523358861371767
0.7667689557175037,2.760336363426033
3.067737429024491,-2.4064752924755255
3.1733606823153373,-1.2079299688171916
0.8370768258228408,-0.5528100039822613
1.005282601531651,2.4917890184778133
2.608024139616212,0.539668176010456
-1.210520914498395,-0.42266631516608183
1.164419306196366,-2.4215845612809215
-3.22260846724801,0.9350618502657314
1.9612660322757842,0.9367111024129198
-3.2780680883900803,1.0810389532057574
3.4983990376021272,-2.7163094910883427
0.8751062777424556,1.0075687480955666
3.55977596394083,-2.5150452349697607
-1.265334734287579,0.4813263558847467
3.112386160112556,2.7260419315397537
2.8030434352197737,3.1040509632066495
2.998043490337791,-1.357107807167695
2.7851641156391413,1.6612574912833775
-0.40573456612599706,-2.569346944238756
-1.0288250365689833,-0.8219720861940352
-0.42334228875751734,-0.6772290452679095
3.1228083278364775,-1.2059650559396167
1.8301457655540079,-1.3572356406593526
2.3532265697046024,0.6055860034910318
-0.6474260038928203,-0.5208889532248837
3.3821580356693466,-1.5800438826778187
-0.9221223825460908,2.4957483527267628
-2.941557203492137,-3.062861762521417
-3.2102192993491117,-0.7264557127086441
-2.5918574925153575,2.8088807796596393
2.8535351617303317,2.472375116534329
-1.3419942141934122,0.9270399842887629
0.8406672615833902,-2.4829261008585917
-0.9814816572094555,-2.6781352067245114
-0.6601994770940288,-0.9896639965317165
-0.9479576163645056,1.0546101393564113
-2.3296856026968387,-0.5460775298343885
-3.017868254917486,-2.0656527798004416
-2.5145047926283346,-2.6345030943330134
0.9887448547123142,2.9006855779093432
-2.4417860959543822,-1.5899635492747728
-2.838240671260927,-3.3129017525985662
-1.0538896393732762,0.7274755416560043
3.0988805452976727,-0.9297121188236118
-2.492350482788892,2.963861300338636
3.7086406735427273,-2.4690684147051822
0.9315577079208288,2.580871998073162
-2.5526087306331937,-0.21482643821999622
-2.520177990290302,-2.963600927392876
0.3731466870520582,3.0387395886281903
-3.0309666888191615,-2.7462022381986437
-0.8292704785067248,1.7709964257627437
0.34784090677063634,3.201053030159111
-1.044476681645822,-3.0315656515895775
2.7022569767387523,0.6039467194248139
2.7052919214043425,-2.885130376223692
3.0582916398484024,0.40544674394208935
2.308963911878924,2.497287246612281
-2.534051934968341,-0.29250380697511386
2.855714509231612,-1.4287512763293266
-0.8744570832938432,1.2578669916776903
2.5224687027164205,-0.32487969450468246
-3.180686610048063,3.0087129730909776
-0.11654614087446606,-3.2437579614031016
-2.817360643173754,2.64716299676058
-1.117790653408234,2.9260161109583787
-1.000814163206414,-2.9422357170024154
1.0410492138819656,2.7986269715964154
3.3973907387869393,1.2247762351458353
0.6134083929879792,-3.3920321072501767
-2.6078865704511105,-2.710778546168594
3.06997376934029,-1.3641689501310768
2.092207605252007,3.319102480628814
-1.9310108407757043,-2.7294224654001584
2.6334266221996696,-2.9627498097128564
-2.5721688288768525,2.972339819366665
0.5520744537375228,1.232602215632165
-2.4228752215068106,-0.9561124440674154
-2.7582152885785307,2.83738793823917
0.8624332486671776,1.312094877555363
-3.1523559395459313,2.5531748526233895
-3.0191759305119987,1.1890956889450401
-0.14828848227025965,0.6271912329232712
0.8647627345029251,1.2350700003224802
3.0824877093580785,-1.0994092323204183
-0.6480913630381265,0.8018927333850676
2.3626177709796514,3.477539356698562
-2.442972902409699,-2.9924934960143252
-0.8187345625485031,1.1437317377149399
0.6157097837926555,-0.9336825858235254
-1.4502656617274916,-3.158780954176007
-3.1841865069938744,1.9225845657043306
-2.1443253431928877,-1.2881163094515853
2.428018313908558,3.0387686338935858
-1.6511364085861988,2.8587921867322357
-2.327864493077799,3.4161665985731715
-2.1976597574457544,-2.2847245881297407
0.9804798006815818,0.7394820332604092
-0.831009716227902,-1.1498200018437057
1.315296031543498,-2.0333512433810648
2.1746677109575883,0.3389005203761065
0.7003927407967374,-1.3541776176019578
-0.8464622509301604,3.353842654843686
-2.5614070312901096,1.888379737670332
0.35314446245137243,0.6733732765030505
0.7048844488219933,-0.5894555489381605
-2.165958164775849,-0.35478305385466924
2.911495316474988,0.7308886582229646
2.7868392808199345,0.43394968074841567
-1.1009891793897342,-0.06592366878141309
2.7235446045138847,-1.1377983428238698
-0.49745721266219506,-0.25686853599781545
1.0735299918533237,-2.78767947736668
-2.7450559821548706,-2.4651201829517118
3.070222870380628,2.560668682947244
-2.819253859625856,-2.2853527767437103
-0.9941230271641991,-2.7696324869154694
-3.267937457514576,3.565182975603231
-2.5673581689144145,-0.5150189496130166
2.4025828491007357,0.7364357843831089
0.7335667234202169,-1.3502007325855128
1.6072284563750638,-1.222971481096982
-3.2245574069784997,2.944728091189996
0.5739455143367252,1.0636396246226743
-3.3959665876458582,-0.7240735083325677
-0.5734319795160361,-1.2132273694473286
2.8554069610556314,0.35865528805492813
1.9900025595817499,3.5046806594256936
-3.392620837122389,0.7058543025704502
1.72732887854755,1.8777269778930084
3.3866392608316374,-2.886344233301955
-2.7102251794430057,0.6657558701538715
-1.052230772014611,-0.8825752624600745
2.7612511300226386,-2.972819878499504
0.9299120915527952,2.5499717515298688
0.9675099088113833,1.58919661437339
-2.8330158489041075,-0.6703637803629664
-1.0464169552480844,0.9996596289575294
-0.7553364563538528,-0.8378265844063794
-0.8807963266015785,-0.5852637575574152
2.948766157632679,-3.20734911288115
-0.6943177620832942,2.668520059816238
3.7831836505733203,-2.5854599929117392
1.276304905414335,-2.979284206431746
-1.0751229599280219,0.4714100363338418
2.1235172814896295,-0.965683333923995
3.1673079804269517,-2.3080137493742376
-3.680775216041562,0.8530971033573402
2.1167907773995243,-0.36359509830174774
-1.4281455276395558,-1.1669912187866498
-2.293673737243456,-0.8982518084240118
1.084588578705635,2.7305047880286413
-3.394381708947542,2.759512240167226
1.110362641190767,0.706872130257501
1.08445239724382,-2.715078849536252
-3.4971960636137283,0.9450141689184861
2.602691889215771,0.2823867886204473
3.4001438855069903,0.18669653688471333
1.0555525786391506,2.1987437821445206
0.6380059932851372,-2.6015474962508924
-0.2974508553393782,-3.1876585202497223
3.8086040805622297,0.8737629886542206
2.7031697289900105,1.3870517761284926
1.2227072510826442,-2.9941535364978082
2.48983910544438,2.8199614287781056
-3.3106252403445167,-2.3053388095925014
-2.529219127525803,2.4557388280956243
-1.9781215362438638,-0.39338972896835295
-2.662915654209896,-1.242872264003077
-0.8365552527217577,1.0134094824474769
-1.4804316532306232,0.4437242164675155
-0.6719710361371389,3.099805698361757
3.260156286871537,-3.250964474634444
1.0566618372270724,2.3027197187718467
1.247545933988437,-1.4292913108229266
3.182699554420183,-2.2221979458867507
-1.0757216586108636,1.807830826424843
-0.7836553686643584,-0.22919894775617514
-2.8632785320078353,-2.581487922525801
-2.8871861351749915,2.870840388671399
3.1543414539417696,-0.45540543402384503
-1.0892327408881808,-3.382386607976125
-1.1955637247858175,0.5898033595395856
2.90244587589342,2.967573132207328
-2.846662926144599,-3.0765328970628283
3.159946606145331,-1.463782352589049
-3.2533488292771215,-2.136805962577304
-1.9628986988544626,1.0992978015601806
2.83381762487043,-2.15180554149392
-2.780916777099259,-1.0917402696132084
2.135109784537995,-0.6045008234026703
3.007644394647823,2.4537337576648492
0.6582711773756054,1.6278175465536042
-2.666576548403117,-0.6214549279880733
-2.8140559664641707,3.407534785126859
-1.741274090119515,-1.0295874310513637
2.721666049396922,-0.9413381020350463
-2.5143430335874437,-3.272531903593326
-1.5784801298977382,0.5373609060459581
-2.8632759931320293,-0.5979908157351618
0.9185665387536484,-0.9700625426697378
-2.726830598570919,0.5104982663693708
-1.2096083119291308,2.6750800759441677
0.45369914123762123,1.458353131102413
0.729450375878897,-2.6246837047720946
-0.3317631090321307,-2.5352160321847386
-2.879337747288801,0.6115385268435296
2.4775859314128015,2.846252393913032
0.7152835956991638,-3.0931694779324
-0.7506821204519318,1.4151424109898312
-0.7385761845248003,-2.7893944552687646
2.9467636403561444,2.714877868395066
0.7930087944375372,1.401790159723219
0.6770899665164756,-1.186609270081284
-2.6491002799224375,-2.404566635506412
-2.739698033222698,3.0856376249705693
-2.754137158078501,-0.4134360652427487
0.5865250297213264,-3.0147298974196937
-1.2120461700413963,-1.0252370383844045
0.7828217883260299,-1.3299921561385026
-0.9077761611900442,3.257279265390313
-0.6401701508912288,0.906625467251824
2.7025959156686623,-3.633586901822319
-2.960239106189253,-0.9073145984764405
3.142925175275303,2.740578768055322
1.1651916504340336,-2.7678366607662874
0.4701653622468424,-2.8618115891015212
-2.464587024491677,1.1762280848408333
0.8174497585862527,-1.120368885725162
2.0284538187472667,2.5916207845723545
-3.3616696654497344,-0.28780590334295797
2.8539088658390317,-3.3506090995009497
0.8548405357798713,2.5924344775126453
2.6012223520880724,-1.5658976377075842
1.4822987937403669,0.44593153197955043
0.9440517184139459,-2.652372932874922
1.1726198894994961,-2.961607661763874
-1.4701650930036005,1.1443889281814068
-2.143374663659195,-0.11378375691007761
-2.613648521901187,-2.3923832632506445
1.2810374097644877,-3.0473223684607764
0.7358995950208191,-1.1551467759222618
0.6477120261387334,2.241580027594106
2.007587669141376,2.520900987403198
-0.8052318438800622,-0.7741268788297863
-2.2411150617639177,-2.342863848966896
2.9649882650938175,-2.996565958992551
-1.045015574533537,-3.0022412645578713
2.748684739213797,2.5495673838855155
-1.3237672647792755,-2.5752692786941442
-2.7139547227895373,2.5333054372102257
0.6016068942600319,-1.0318406279365662
-2.3757822887586064,1.1914739724172865
2.395520018703695,2.18429976516931
2.9280878101390995,2.971375431406973
-2.9858382443490785,2.2070213223233925
-2.661315315687559,-2.586922693663699
-0.6194481954966291,0.9229469415533195
-3.2284364007617836,2.439648068389738
-2.8021392056006844,-1.1600144148872014
-2.4080699186050603,-1.5287392545940157
-1.312097152269028,0.5946973612882871
-1.3262309957830052,-0.5877052193657601
-2.822021480182804,-1.0554173522664134
1.1691770433093538,-2.9111928654668144
2.5194372821725057,1.975811389867169
0.44385025008604495,2.375511733162357
-2.018670870566598,-1.2573779996200478
0.7516923424792097,2.2379428957033554
0.032037401678120234,2.1490640715550935
0.08735762957725882,0.4666747982022068
-3.22087190325189,0.7802932930847076
3.2938610705253164,-0.7274744239009394
1.398724956175591,-3.13312248200308
-2.278965403270777,-1.1030960335497313
2.603969000212351,2.569006316377204
-3.4073883832738328,2.5345486406235174
2.813487227172036,0.7727017368230167
-3.047376289735089,-2.7422461100332685
1.392449775900154,-0.3190293522435044
0.9938155579703245,-1.0620078376896693
2.7603329725611467,2.124778841425727
3.361110210275,1.0322191367531899
2.536270338567729,2.482693446978672
2.7864232264532527,-0.4696870612391472
3.530374198205203,3.097473302531483
-0.9821022153802472,0.5334226018198673
-3.1748031376183867,1.1336846844273898
3.2892016752994233,2.5282440296349598
4.169134961365366,-3.136754332359949
1.8317158383725587,2.1283041597869476
1.7881787203362138,-0.5247609221652637
0.5024748685584639,-2.324655248946783
-2.0294115453405506,1.290130159531087
2.127227781277868,-2.8148188795431834
3.3947254459541667,2.617283090340091
2.7554829919596626,2.580064319133839
3.899466850709097,-2.267464035253736
0.5322754275965506,2.0335666732919786
-2.4688914803188804,-2.24305355243729
-2.927836635782801,1.9514278172090034
1.3255307856470715,2.8581644951273963
0.9159463054560195,-2.5754118637545624
-0.9466884077069688,-0.29271203080011526
1.2327714675210406,2.6418915643331005
-2.7970323318867716,-2.382181383813792
-0.5952056960768619,-0.6090398490765113
-2.396201435893443,-2.8203207459355943
-1.9406106944221393,-3.386632713620736
2.0133368708575468,2.320141353346981
-2.6961478237309904,1.4428706297702099
1.476770299479235,-0.9124280651308286
-0.9591912042002494,3.2202872925366703
-2.753308427503418,-0.4635437649778175
-2.9001687751700547,1.5018402302529965
1.0945698710441198,-3.0200305145964514
-2.9929769867140052,2.5232590658111076
-1.038121458944155,1.1332437429437288
-2.238035786897512,1.190067099293419
-0.11911899604909236,-0.9892771388438832
0.9911740747223232,-2.6249468889313956
-2.837009598170309,1.3658206863387135
-1.2144057036566702,-3.355167161574084
-0.5936161385706608,-0.4752829986957243
-2.676437335975785,-2.950769239188396
2.6901872629347676,-1.44489258971983
2.9343214385079945,-0.3058088731508218
0.41169540810139743,3.2676519413240825
-3.028044828403976,0.9550534668995002
2.3141106746711384,1.1486704849853613
1.0733731205610513,-0.47171894770355915
0.9017932964632241,2.9770004758603212
1.4592453458848325,-0.41282523909159297
2.8827381028357775,-3.3828043245867074
-0.5767399712355458,1.5433393244635059
-2.5071882309933518,-2.8500934771217312
3.2121442395599136,-3.1017777623440845
2.9381359041355983,-2.572936152500439
-0.7455815515678799,-2.9131388496227766
-0.6558411062837689,-2.941578748487986
-2.528790986801445,-2.899132111082434
-2.0791411727681255,-1.389813969961701
1.2403971010833679,-1.0361442220589583
0.8985467789826225,3.5467333055482904
2.6615000362511148,-1.1526783696880603
2.620506909039955,0.6296138095339889
2.5572463745707537,-1.4990273487222558
2.6670122184205645,2.678767871044583
0.8428226050532102,-3.2227602912347515
0.8137018973539497,2.796812700167333
2.743031719787541,-0.968387784731292
-0.8657512439126755,0.263539002324168
0.846924325884439,1.3801739089253926
1.7053333502251713,2.2314594337067573
2.5972447641404672,3.245071396048611
1.1222917522660614,-3.4174342801926594
0.3650478802147484,-1.7523058430804994
-2.913540031850457,2.451714662011081
1.0313645574862167,-3.041957870896807
-2.4795850659511993,1.0061045509296664
2.66723920660049,-3.2263114123239114
-3.4434767417607905,-1.0898989486604773
2.974655967854767,-2.738104763453328
0.8424184539742461,-0.8900800088495376
1.3887948315566714,-3.1340070788190375
2.7039921192197056,1.1732157572523896
2.916916958808938,2.7928294358365
1.792903902456978,2.323544577953992
-2.7962328289398886,0.7935348581799173
0.8698577776132657,0.615215313893669
2.681407292952209,2.8215719053191957
-0.6267455154381911,-2.34667850342025
0.25700207702175015,-3.208171601767225
-0.6815775216191969,-3.1001307794529023
-1.3267029197735485,1.412790668664923
-0.48740096778438324,-1.2250987632155992
-2.738068115075231,0.8562173563655906
1.658926309317469,-3.0639923561603077
3.006387744537241,0.878297118496112
0.8512761563780461,2.7175355099766687
2.573638560496922,2.490834260238198
2.623047418938454,1.1347527463576146
1.8532972702942814,-1.211268881660246
0.4073362448687175,1.0364058192267247
-2.4602015777508703,-2.7988199337240545
3.220309013204535,0.44400574150229655
-0.10174852948290128,2.7087024558897514
-1.8984094099126951,-1.5939386602999686
1.1142619321612444,2.891193277493965
-0.7747663130216949,-2.36785578647013
-1.3168656386523883,2.731033779643586
1.0768964791043467,1.3481120047791786
0.8140870914800133,2.5768133570099003
-3.297430309566496,0.5332629796887408
-0.8347657476369391,2.979556910860258
-2.611647086095231,0.9994184593795719
3.203772315246213,-0.6063550001972575
3.636513834626348,-2.8940737299695725
0.46176667073073313,3.1944695914234895
3.7905530880202196,-3.042412929166545
-0.9025198609793319,1.2733874806134335
2.9100527319279483,-3.042390727515303
-2.0492533716767185,0.8363219072620606
-2.814016273265661,-0.793208362634809
0.7239452188716473,-1.1906255983412881
-3.054594302445208,3.26974546601414
-2.3631922714065894,-0.9466796932944814
-0.6673312490949506,3.3728033071945465
2.8802554420897146,-1.1342258168530976
1.347255724589232,-2.9596264840855513
-1.5048929926410912,-1.0967870608843244
-2.8225332539176353,-0.794143393652347
2.9136604814278253,-1.0969774137613917
2.7453933265769606,0.7237373149443006
3.028397043657763,-1.1655952409632324
3.179687483665593,2.535097184564217
-0.9495741202276017,1.8041615996419813
-0.8438135639080644,-2.4468747710561534
-1.1114200542073749,-2.8479664455344125
0.6747600508934383,2.9295912381331735
-1.1914023631283428,1.2669359683692905
2.938141602875672,-3.071235745686985
0.36151054939382116,2.5522114610829165
-2.810162127461745,3.2712521986695853
-1.2509496597535397,-0.8393327590048194
-1.3718503089136116,-0.604910517296838
1.2082374992740477,-2.9501137168742826
1.1608365750748673,-0.6093236866549679
2.7234122870413335,-1.4030058067171527
0.46671835644782267,-1.1376682564888756
-3.242842718300546,1.3244175000545029
1.560311407417088,-1.1282483838875168
-0.47177495525983126,-0.7528891544411069
-2.4240886571507545,2.850169131195132
0.4579969560987598,2.684030240519781
2.6599465683637433,2.1687697022847394
-3.7297843542221605,1.4027204512774591
-0.657634704834631,-2.8526941959754977
-0.9495670480925568,0.9792248240029586
0.8788223095715824,0.8961163163067871
-3.4734089660229923,-3.077255827574388
3.721248720600939,-1.3115525150456198
2.707778205825551,3.607461432947201
1.3394978972237335,2.2637424549735194
2.9395805467990708,-2.3717365708950022
-0.43143389527228504,-3.0366371411149315
-1.0783099860824872,1.040358199795863
3.02713648144148,0.886618815969216
0.8008781650660302,1.272021886433857
-1.2591267636656955,-3.0275341514513685
-1.428399030513518,-0.6274226981413054
-0.7829202709007624,0.9590288875492251
-0.9530223789576001,2.8291936906971493
0.9727032461147899,-2.9736156862268732
0.5398026062400234,1.2015342362924866
-3.5572020547837884,1.0752533372790587
-2.7145078886901395,1.1892813175378012
-1.2547492648944985,0.870365118308188
2.566367354200006,2.6714296767948604
3.2335262909833653,-0.6908658386200073
-2.405913444499735,-2.6709794378077265
3.264695959744453,-2.5062741934783994
2.852778170267455,-1.1493277653421616
1.5694857246840643,-0.6422222815571664
0.5302540868477155,-2.315465476719737
-1.0325272069494011,-3.0103495305075754
-1.1072964758973938,-0.6069066920441373
1.0362889820295278,2.9298483487067735
-2.4210744115958716,-0.6888581106345444
3.18123115357918,-1.076227731350026
0.8191506134490705,-0.11000597222503623
2.885858621416821,-3.115628674150211
1.2753732902138444,0.7693247492886264
-2.748932676883218,1.1231813272004616
-2.363004184058347,-2.4232335460205667
-1.4691045618357457,2.7986129296807207
-0.7019625258427067,1.1452715854046125
2.1243012173248768,-2.837647517716398
-0.9019795660436181,3.089426923667883
1.0359494615540863,-1.1348345915116167
-1.0560881170727021,1.6596100991331084
-0.6201999724238534,1.0285207208769147
-2.3735407195823375,2.8859335719699626
2.7383641469378643,-2.491155722172946
2.611819030772417,-1.1833636651386241
-2.621329677668968,-2.521668169245347
-0.6484477168570892,-1.3422447142597167
2.922340542400626,-0.7161232070676337
-0.3882532487750003,-2.8075741420885794
3.3538379065928505,-2.8605130362804974
2.4085496182957575,-2.537539881448265
-0.9811916139106247,-2.5782401183802266
-1.140783587278384,2.799668345374876
-2.4798382917402364,0.9182250154366944
-0.8730639573005375,0.8778558547980232
2.769333769704901,-3.231149938500003
-0.8565734866234462,-0.9151958700471436
1.4364093969717258,-0.8005179254527578
1.1179785227501386,-2.817688135054648
-2.6737703892034768,3.142498631756632
1.2041578410335012,-3.4147189701575194
-3.2759844398329587,0.8201726503051171
-2.8782086218254155,1.2819220455932383
-0.8914453347043044,1.4283239209195444
3.4588593551433027,-2.928572539037058
-0.9601430834605286,3.126794550358606
0.10290487524530842,-0.8499128409207717
-0.46827757381332447,0.449348185276029
-1.4855868295470553,2.4698633793460454
2.050647089642429,-1.1193605595193281
2.4794265288898356,-1.3714622080125354
-2.275663041666993,-3.273252380645957
-0.7363756833342767,-0.6138856672182732
-1.0056093618410005,-0.47912345141459617
2.005007555513806,2.8506298833643626
0.6613618573789881,2.3954288488694866
-1.266469021428548,-2.6280989130188117
-0.8695335093137904,2.6872199589803962
1.9553986405050505,2.666779812136021
2.732824035587304,3.134176689093269
-2.8086103169653276,3.155122638496468
2.572829530610872,0.20167226551393344
1.2511733002603556,-3.235930442906896
2.3409356759531064,-0.8311553156606031
-1.2956701082237663,-2.9602412393093176
3.051724092321209,2.6772797284785748
3.117486424441934,-0.7431286666502416
1.2458973462983467,-0.5525725367648981
-0.9350206814826827,-1.1110791957717439
1.1394998011914865,0.9267211881987942
3.0760533418044758,-2.989024329365703
-1.69450210829364,1.0398104536895159
-1.3781371386112524,2.771264943227059
-2.7543104658322726,-0.9468820622420031
-1.2040853328211127,2.769700044700008
0.22403980354043657,-3.0488685759085823
-2.477226341197116,2.9509368356875885
1.3798865255215091,-2.656440300583614
-2.5591147923470334,-2.259184116271373
-2.889822080790212,3.066412125784702
-0.9508708455959443,1.1413389568518797
-2.8207315874465237,2.9873345833416165
1.3608160183027167,-3.145562175350941
0.7123762882519055,-1.4319873214234893
-2.674780300467599,3.0401457003670136
-1.144198709405033,1.5265473622187267
-3.0568617181561617,2.399594894941007
3.3139637891107943,-1.3389123059512058
2.9640368381175004,-1.317482375822746
3.091989186849803,1.8299686111811264
0.7705521449950159,-3.36381241389083
-0.8193072357846551,1.77331273410388
0.5514155399529096,-3.2725654725849225
-1.130330023188663,2.6601833441299276
2.504457016851455,0.510577550980351
3.022653502536457,0.8749694519634134
2.620291136640159,1.2178437935184778
2.9614446864838153,-2.50817233087471
2.188489923364237,-0.151176071927424
-0.6235326591618382,-2.530778934949444
0.769104801665438,-2.4691619653545143
-2.961920521480701,-0.3696541642026772
-0.6894164244398943,1.1402158925434698
1.112144271501757,-0.9797767572952303
2.1839859739594947,0.6401879097095141
3.007635535611047,-3.0019314038318243
1.4653077756813915,-0.8415478015825686
-2.8971725517414693,-2.057645969409695
-3.156482335403599,-2.815610004449114
-0.485868905035143,0.5421097478140793
1.1395715800036292,2.6511592803109587
-1.2455609014896565,2.352897753606341
3.914200144089722,-2.6860016422574207
-2.596168705951628,1.3806224594627468
1.4014325081083865,-2.7252894141640365
-1.3087288093847347,-2.7614653932075157
-0.5946972889576069,-3.075140980746217
2.8073977774293053,-3.280784938674755
-2.952835279822833,-1.1581868202188956
-1.0740202893734683,-1.1653209963728215
2.9443744657706783,-1.960375358650965
-2.962872310645777,2.5163980283541854
2.939861110718256,-3.1265491601437203
-3.2615037521736774,0.7165315024889706
0.9148427035027503,1.2887013823365416
0.6117260976648241,-0.8176286951741191
-0.8475114559646171,0.5922993873837815
2.737391206849884,-0.7042234599724191
-3.0210924507899843,-3.4794191389174842
1.271159103548029,-1.020876445151396
1.001016100023235,1.129470148603727
-2.5959466674327656,-1.2244858894955006
1.2782615457045006,-0.8666296531412548
0.3383608485534858,1.0555915426389575
-0.7293944380591579,-1.1831393568562005
2.395626325102462,-0.7199457489073312
1.4740901286766324,0.7000122998576722
2.6999376851476478,-1.3325799903055566
-0.8032512980839446,2.9783847512056596
2.8776608593602346,-3.192700345062826
2.8016770364476917,0.8154382059985049
-1.0676325522572343,-0.5308663620604398
1.3596979710734323,1.2575752547531962
2.4451412942959485,-3.315994850535359
-1.0614083297039227,2.2247218967808786
-3.0241470652628943,-0.972881505404193
-0.5085044065102204,-0.9955024037203898
0.752747744687664,-2.2526123953844013
-2.4324918717942543,2.3045464991619524
-2.5834691618124634,3.350407345600676
1.5462908284194274,-3.14327640243499
0.9866879534863929,-0.7580523397300309
0.9711860723410392,-1.532658856428579
-2.8850346191494527,3.282688593373089
-2.539771277189445,-1.1506573093777437
-1.4229287299585487,3.0530288133315167
-2.5062974032074714,-0.6624889707970948
-2.6417035194584164,0.9729405098658537
-1.8747963206250189,2.8196291246137215
2.793827281921463,-3.3193172869382512
-0.9422953956900849,-1.6132137873673145
-0.9971099898994704,-1.054044314056824
-2.746271469278624,2.5317263681201507
-3.2454697969274497,2.2520272676545474
-3.4945698606186455,0.9622229444037286
2.8733461300490166,2.489769323279639
0.7009574762678853,-2.4603765321830844
2.743141496374784,2.112616776694789
2.5976589193889668,0.869205912100368
0.8581891946169603,3.1717547126602117
3.0260763513087725,-1.0693213529602097
0.4286977970732806,-1.4227814294555405
-1.6742078179052062,2.7336724543247057
-2.5564115939057337,3.4452564826760894
-1.165493746646896,1.3501926708643492
2.9693415731633563,2.1923485981750526
1.150199056737545,-0.8654170552306271
1.6380619731217219,-3.1246200018458397
-1.0714281176054827,2.6466163110455185
-0.8528935013847331,3.5071099056347075
2.545468746369346,-1.2569131672256126
-0.37073949503977893,-3.32798870239234
0.9856538967396884,1.1586864588054393
0.9726982187322886,-1.1194411480930597
-2.9614014654065177,0.9951755775311774
-3.107910946208425,-2.2845678487103394
-0.3161239622309138,-1.4421925929127004
1.9539631698240518,0.7854554785591414
-1.178077316636154,-0.9512651830588579
2.25078804251199,2.3009982523261647
-3.45325401419305,3.1096149157050097
-2.5932312485652873,1.13478665696769
-2.6793400490252433,2.357099714831597
2.669531757218793,2.9835230165863984
2.845858329786186,-0.6355091970313439
0.533705955714495,2.1744788819762664
0.44711761062358585,3.201237031731284
-0.936461058205909,-2.8959722217424813
-0.8883771428613246,3.6170267949202355
2.043024080108605,0.8669839912781224
-2.9892740493818057,3.2059435138858836
0.7576546257271101,-2.6208350231755544
-4.169045227778062,3.1244519833540254
0.9171863005638337,0.9409626356157625
-0.5693455907588187,-2.7962625484615526
-1.569644314836505,3.1053355003086653
-1.2703172639896958,-0.8889578408681992
2.972340312888302,0.9081192190377979
1.018616013626292,-1.3248411837181584
-0.6648439625566129,1.5009220694109058
-1.3914882267092634,1.2108010224759447
0.9914255572380714,3.111890839119508
3.2717128386318306,-2.677065907551303
-2.7255992368910182,1.4111677474596838
-3.1103886226878292,1.2542553544669754
-0.8772120049194533,0.41855662217334505
-1.3899398781644787,-2.684898840556965
-3.5415332924944862,-2.673357232704498
-0.5380621849170534,3.189035873642486
2.8264581604259145,-0.9242860408975597
3.0829456677136937,-0.7653095519837838
1.176571807358739,-0.8330207334100801
-2.4773984490377017,-0.6670948335881115
-3.297680984258814,1.0579624297625412
-2.160062142562213,1.33806486327693
2.5740991982290837,0.7901982769167074
-3.014171770430877,2.960973522507416
1.1677722409584461,-3.212663546334433
-2.696882225128402,-2.925517945275888
-2.929403197922178,-0.2794527609333635
-2.6308988457494893,1.3772491032172653
0.9744183882187409,1.4472512386054517
1.1743548092334735,-1.370797147384278
0.8328944081053657,-0.7254723101720469
-3.4146809579192823,1.4761112013491244
1.6602749718074212,-1.0246338088776021
1.1394638959110484,-3.0082415353983842
1.028526284417864,2.8134359092156074
3.2968741302244813,-2.585777218907084
3.3815064956805383,-2.585918946374221
2.7437230128979766,-2.384600812700121
3.128113971605568,-2.675507635961701
-3.58880960921289,2.702792073055174
0.9560826810943716,0.7917164884757912
-3.3847115282807136,-0.7663010456291471
-3.2688007719898784,2.397378307901659
2.5080287073301735,1.11487505498122
1.2309641649064793,2.778621513748933
1.4830765160570625,-0.8233894459217418
-0.7107014033213446,2.2492711021665523
2.6280261046179936,-2.8669296436235157
3.462274405317685,-2.5540474449488144
-2.8336429515731094,-0.027109476403165744
-2.770604844316314,2.985553212093164
0.3682496041289545,2.2455057318862908
2.53666209181838,3.1232263326074894
1.2814058407525777,-2.5379089480859798
-3.2273063610289126,-0.12136012851728332
0.8201733063404791,0.8334593948382294
3.0036292369122446,0.7161991999801058
3.1605395093958037,-0.7974937954680447
-1.0420314492320981,-0.9022224288936517
-3.296792409497474,0.9515739267560966
3.1516650557239525,0.9136644665121882
2.9142833167746773,-1.8016448512963485
-0.63002479519684,1.3952075595385627
1.2165970963115673,-0.16544140312676459
-1.0002660131041026,0.4001182922511274
2.958045581843895,-0.7645320530888423
-1.156658174467258,3.2399313621862023
-0.1917203941593451,0.8280946614254286
-1.3350918433117256,-0.9993086606713008
0.8640237531165395,-3.3133118002873436
0.9102982207688795,2.1552308617205647
-0.8343631967961765,3.016272466846802
3.5419754846867866,0.575833270214882
1.2116178347989353,1.0494366996921332
-0.4950185558465651,0.9212815370943285
1.3067684997189613,2.7726155223960895
2.5472862230449462,0.8156574060104549
-0.930154612275505,-3.108460729706068
1.1069125008729386,0.5095297881873099
1.139457057443962,-2.6845251402220773
-0.8214304265240479,0.9376647885706598
0.4639753655180967,-3.1313822058378387
-2.583600849170163,-1.0075794352141354
1.3033635295990555,0.9615328012378939
2.9116369081714466,1.0654592074927542
-2.795689107269578,0.9593310376067684
-2.773665189689824,0.5142372766722386
-0.8126258186814037,2.590870439898208
-2.7166896467316244,-2.359243416661568
-2.1505271230922514,3.2901306841770017
0.38298891597565204,-3.0423328676270427
-2.2669710295375576,-1.0709181014747746
2.3207493941821355,2.954235429293391
-2.4360356564314167,2.8275218356889886
-2.0752041748934866,-0.776968189045068
2.852790181007142,2.809269089081891
2.9307353863979064,-2.694251638646082
-1.0927371906810515,0.6712150591971102
1.1232334588463015,-2.982179136725849
-0.5187218712058044,2.209383591660502
-0.9173983831522036,1.6594323291685515
-2.245185177800539,-0.8722410262598904
0.3909385342022376,2.6044646249883923
0.9609509108669776,-1.2650492443200876
0.6505786041900016,2.913878936725241
-2.4292790231934673,-2.4763958866890765
0.4036482105056444,0.41423058118143913
2.700213497799582,2.7413583998624778
-0.5106701231041438,1.5163909266936084
-2.506764776923424,-2.3567616419828097
1.2399300143592098,-3.350823695100027
0.5283703825397111,1.2356849719442704
2.30692994061817,2.4457017878074145
-2.5216654682926545,1.513513656340053
-2.9314506762429913,1.1422799327114095
2.860863258098877,-2.3858150563892195
2.672736020366416,2.497699058924522
0.27031897449670383,3.2656773898378244
1.1290149247947368,-0.8019568384374276
2.950351346719475,-0.5923371362881887
2.173286186092691,2.8424187889585077
0.9687219390929149,-2.4590207154015418
3.5062035517083348,-2.806502123832669
0.5191480202019179,2.69674005051205
-3.0751562923967044,3.240932837437252
-2.394343322146502,3.150591474528596
-1.3561944783362812,2.058214197066576
1.1903012350539994,-3.2882685997521186
0.7597415724396449,2.8300744648316734
-3.2145728254573283,-2.7516480062805786
-1.434965231520394,-2.771034965195455
0.24528256065434217,2.7945862117704903
-1.0474819971591107,-2.5101816254459925
0.5284979969338588,-3.1423098027707903
3.014015442230904,-3.2378249915176616
-2.9983522792874426,-2.3622707079628813
3.146971545728766,0.4357499172274675
-1.3415903835290381,2.3751570332623024
1.127177527965062,-2.9612089033585307
-3.2956890359208866,1.4160277723279953
0.9047549388709379,2.5598811866353315
-1.1229281686752546,1.2954842940722509
-2.2211132935142497,-0.4398860100370845
0.22501571541086735,3.077337759048639
-2.646512584473184,-0.2682067961870349
-2.646163268226044,-2.673769625072052
-1.5626964931004,2.747587681484969
3.2056563004050163,-3.225681889978301
-2.935122138444103,-0.7175865498957086
2.763976327699164,-3.199559185654759
-2.913064370776658,1.8046381712885808
3.347409700568682,-1.1752683926156713
-3.0381150797304093,-0.9090968685197964
-1.1759721278491113,-0.10041050949177815
-0.873721574300813,-3.2887708906540523
0.6156518046212701,0.7474805698993661
1.4474689710533988,-0.9109869036506035
3.6482716066042946,-1.2223636960372726
-3.513721346156983,2.508511455760508
-1.168543100230801,-2.678602640888713
-0.776386386125979,-1.5261921610132159
0.3489305618108788,3.7290945519092125
-1.4420387971320914,-0.8880350095829799
-1.0103295851999432,2.543056902663966
-0.8712583679384616,3.134557125088821
3.2780263167128045,-1.3526907492330156
2.567253885942273,2.600042205112963
2.500672896223604,3.1687982270847157
-0.8399933547730664,-2.96610762532863
-0.6955595842114131,-3.3345806001788523
3.209960417759016,-2.6624519368541413
-3.783775753485622,0.8971627139508526
-1.3944321450386366,-1.5162992365262074
-1.2108731361144147,1.2381546039219673
0.8918561727416903,1.0380903147631766
2.936876705002797,-2.597088261872447
2.5297795799102087,0.6724356718258044
-2.1107052413923233,-2.291888987846595
-1.321862730693745,-2.525172566236761
-0.7669468440759702,2.41274872199578
3.3850508345648613,-1.244707720236178
1.3010325211850235,-0.7805333863353627
3.0586983682769264,-2.553899260393209
-0.8513990008565242,-1.0791998669904985
-2.7977942667766653,-0.8686914166081775
0.8434379561792408,0.7374745383447874
0.876910407517826,-2.8732443008297666
-0.7791320667020174,-3.21776595602603
2.925263149543207,-2.7388265326713923
-0.8102741047379926,3.0009347721492112
0.47409568770146143,-1.1187573020522543
3.3811654784143745,1.1071885741210161
2.734088728237811,-3.060390563007575
-2.272216320363807,0.9654841456985968
0.9370388796870115,2.9981476833464207
0.9256016765611198,-3.1100031900892535
-1.4386288785308692,2.6661438118932397
-1.0374189543487924,-3.366817742524524
1.5615521256280884,-0.6298375010187445
-1.9356182905700194,2.361317157192199
2.4618544961166307,2.0201774675063087
-2.7719675863693722,-2.3971458652837394
0.44572533553049626,1.8644441653552768
3.5079865338289538,0.8610709896203357
2.3691482865052347,2.3528683092572993
-2.1807543414988317,2.5967678564387184
0.7159560468691821,1.6864727761511096
1.4583467946006492,-1.094492230991087
2.9102726290897682,2.317053393244569
2.06206479815314,-0.8037227708493032
-2.6111893888870994,2.1660025305585573
3.5509921661677724,0.904292764072254
-1.7142935071796113,-1.1595290423835718
-0.7501013087023413,3.1974795810743624
-2.89176163354954,-2.5343097299321573
1.553178703566154,1.1997155694350299
0.7333389807829852,-2.547997796042936
-3.1451083756704805,2.9942581046842327
0.9420244102626646,2.7715715701811146
-2.5955719026401,-2.681688610040441
-0.3468733593754665,2.386055313181956
0.615535088022428,3.3284477703421276
-2.6759578707275855,-0.9869489465757799
2.6668526633919813,2.225950961231204
2.479425648404721,2.8273844117500158
-2.5627985877953825,-0.9040015108200447
-3.327970294748521,-2.83163661635862
-0.9460566380540882,-3.5455083295665055
0.6688969862675497,0.5622091422529617
-0.8609389449066035,1.3675862621262413
-0.7567698863995072,-0.9475785958419419
-0.7549944540811694,-2.818184620147035
-0.509789837706132,2.9142374856557356
2.979691848622384,-0.8955420027354953
-0.8233693794108564,-3.066042749859408
-0.6068248933716045,-0.4901875606256111
-0.7410673376703841,1.3342552705145423
-2.145477555149446,-2.409672212008531
0.7576965755433017,-2.7611215120250288
-0.10320062892221071,0.9400107881358835
-0.8964127424297983,-0.3347460016137457
-2.669203200932682,2.6939314925346562
-3.5271408455468323,2.9459561329415345
-1.4269904057989382,3.115265425824292
0.49395795922996816,2.684162456099641
-0.67490427769471,0.8551686055227463
-2.1442795095597846,-0.8030611014081932
1.3680363334887038,0.9092228390077309
0.5499873686230299,3.077099650863941
0.6450475164444819,-1.3902462704893683
-2.7260296204367807,0.7181958044469521
-1.3043509362377321,2.7424124613344683
0.31735688700833387,2.326754574284551
-1.0838184430177036,1.6362052968951384
0.5128818581690973,-2.509120500297893
1.1689784095756754,-0.6809016879249088
-2.624727927807937,3.2644494741118515
3.069137363761835,2.447967036640596
2.217206196404686,2.6775593706365353
-1.2612167005070918,-0.8607415109092935
2.8558778393945388,2.2474154346471886
0.7459220610923123,-1.476487781897266
-2.180142680562265,1.7168869399584872
-0.9683964324643126,-2.5892230493998523
-2.8132711363384484,-0.7663992734448729
2.754228923178521,-0.3235886921456092
2.8030293578628442,1.9366040311723207
-1.1659575520250638,3.159642526224551
-2.6392639969068683,-2.7653400069440712
-2.818936487411348,1.6782515614978688
2.776529217297191,-1.0473423368891013
-0.8356536952659509,-2.836008906113741
-1.0571327890306472,-0.8538546565702796
2.9191591213840185,-2.359954045795558
0.3080499370540334,3.0635948370535555
-1.0699884066045096,2.7325967338429544
-2.829782428970201,-0.21210302450281712
-2.6471676471441334,-0.9477014686011564
2.048758829972353,3.0212569542893513
-2.6039122408928286,-0.5814186457841817
0.8581278164592763,0.9590944437730567
-3.0277582387171758,1.1619293849651042
1.736394593526566,-1.3725288913962077
-2.654669970768944,1.4774690660471659
2.012601641293735,2.627514348632103
1.0210974046710846,1.4683737594009958
1.2178021593082617,-3.5952148834360647
0.9891094740624401,-1.628994768109671
0.8340754917260704,1.2302972191100128
-3.037817348266981,0.9890631671841282
-2.991719608447111,2.7967803446956836
2.9934346991969965,-1.483420306251538
0.5207734449909012,-0.9281730568741483
3.164986129500174,-0.9563327519862029
2.850149383150412,-0.4992644706467087
3.819114250081243,-2.8304274676663708
-2.8224122242171696,-0.7051284073674688
2.0510550262468428,2.722801282744681
2.838054774323777,-3.050328193003207
-1.380633184704291,2.6994926731730815
3.2440253131143413,0.8666099643755775
0.8782930862820518,2.760487752262488
0.725021302453272,-1.0271982747724984
-0.5900544823654073,1.2776970045787115
-0.2886866781136784,-2.7710694685978376
3.1443813444401534,1.2497004696640084
3.0045904386818396,1.0851319406570616
-1.1126740900615864,2.830208784521949
0.8351575654677776,0.9988266952919534
3.0962832171860697,1.06745343006401
-3.30750514747476,0.8464181657275958
-2.459678688675417,2.6658468331636413
1.1902213340485626,1.1079648306155045
3.2387686718426427,-3.5578381546920785
-1.0031120481924405,-0.6716157393731481
1.359589421300625,-2.503308360450172
1.3022475269651823,-2.432157298678296
-3.151200766123264,2.8730117078370365
-1.4905175960698285,-0.7538099687664094
-2.454393690057099,2.411877060785407
1.8171932235114259,2.768884277128009
3.34697053581638,-2.843977003611133
-2.4442697346442754,-0.22050352447580387
-0.47126204412372025,-2.8488228071966115
-2.4936321118392475,-0.8332554682974912
-3.0567773869303765,2.8601032758259612
3.090953225203431,0.8659349760063052
2.845645399978078,0.8828337544143255
2.8404293008865973,-2.861273893980794
-2.797694866593956,-2.8512658027865903
-2.665875095998051,2.5003234204785705
-0.3683749209386392,-3.1580420851662385
2.7923927337290646,-1.6446542556533577
-1.1082859044273927,-0.889864854783349
0.4569323878612978,0.3979476066793109
-3.2000390294113683,-2.7870918810915755
-0.8526461831699711,1.1202875043478238
3.299269268988684,2.5412447441984534
1.0900662470419475,-2.778920148406484
-3.363678389467575,0.8331437881358092
-2.07198770494239,2.591176034745995
-0.8053851313781598,-0.772108405901753
2.732379093020971,2.0962107345113417
-1.0101682262184866,2.5468393178989808
-1.2625156818075924,2.355092593143429
-1.4316595664732203,-0.28497008366669824
1.0638127470189456,3.2878945252826126
2.829602428036472,2.44434255369512
-2.9745625562756475,-0.6785022538651915
0.626683534102854,2.191642003249612
2.778434263665625,2.25529955696394
-2.3673057545617,-2.674375443808833
-2.881210484877844,0.9585521895007023
-2.892356574854145,-0.2715866374988019
-1.3999782147786113,0.6410382695863859
-2.595197046283315,-0.7209222950944755
-0.44570120877893904,1.3275895573402403
-0.8425807589722161,1.1041372800433886
2.5653884915755727,1.1369590277509805
-0.7258011385253127,-2.6264362574016973
0.9120995707974915,1.1405239002340177
-1.0593108364952075,-0.8739114848415535
-1.3796087724790167,-2.6940204626828144
-2.1206109172432233,-1.2220077058189858
-0.9807660176243604,-2.6461352469586945
3.4280427332058236,-2.271831306690423
-2.526494409674807,-2.558800410912301
-0.6563180059163589,0.5502344163490359
2.447636983782155,1.2850329128235318
-0.7944576246534841,-2.923836606724102
1.321318933633416,-0.9405521927227829
2.0774818746292714,2.930438994736766
-2.501254915274781,-0.8315453524389651
-2.4657578540688427,-2.957859151839854
-2.450542977419654,-2.508831362842085
0.731382705826589,2.5776176241525013
-1.115261037166288,0.07648284098286047
-1.9753847075714346,-1.036760193436672
1.1112392697356304,0.8321653379436007
3.116710050037216,-3.4258000013821994
1.7145134780758522,-3.1318612188755623
2.64167925251442,-3.7974009689593466
-3.216348056206877,1.3964221086247284
0.540604374962325,3.0349640587770117
-0.7837062655390423,2.8552227737260933
-2.632802644535929,-2.863503809002616
0.6720754571762747,-3.5974151294722843
1.0211702953448754,2.2422960229922113
-2.914039774310393,3.2919753149695232
0.9370056873946,0.9425524860361132
-1.3947043710164715,-0.35692112599688114
-2.5064402410613345,-1.3286730442567434
0.6091627525400882,1.3783047401578676
-1.4354321125478624,-1.1254223147423348
3.680797779534398,-1.051780421938082
0.5690828123661064,-3.1479422581055463
-0.9786510559978135,-0.6279756318698491
2.156512563554542,0.9169391819225092
-2.752359561250377,3.145482964231739
-2.7260000020600823,3.322797855981889
0.7402277944893382,-0.7560156977542692
1.0058413649044644,-3.188542722002008
-1.2056107441069428,3.098120422625751
-1.2149315676526216,1.2944762380647727
0.8690501398832452,-3.517077159469823
-1.5100484699124348,2.930469904461177
-1.008143586132359,-0.455832211496702
-0.8590750568004957,-3.1299247836816346
0.8661255641521162,0.7836978339222986
0.4607071915318751,1.7884702081808195
-0.7936248424992743,-2.6928245719750663
2.7526843286064038,-1.4603985715249643
2.936206920573309,0.2810185120043485
2.677329849191431,2.711791149225173
3.0467108430850764,-0.6860025080027441
3.0375913874421236,-0.7047966932732785
2.9021494337608824,-0.9929528115540927
1.2610775352399848,0.9830022273800423
-1.1867675624242824,-2.682776410367663
1.317608866915694,-3.3403485208066273
-3.156130779247743,2.767149180113425
3.0658915959108035,2.349560148362849
0.5530744916810837,0.762544610270787
-1.109402063983692,3.142515363862378
3.7862505717233375,-3.091938930478651
-2.11093883101458,0.3835312991576
1.8588348299669946,2.772039401411122
-0.8746187607270143,0.9661189393836235
2.7063491496472767,0.7297073039003483
3.388564264425178,-1.0706827311566323
4.3384878762909445,-1.197455664506658
2.6699974397388533,1.3357543781962213
2.752528457309054,2.721839680294546
-0.5772869309790097,-0.6610412244084573
2.9494852531319777,2.6280330708442428
3.164989090876259,-0.3545053115952054
2.9665157913788467,0.7868703066726376
-0.786343533792559,1.3478556011977465
-1.007363624008428,0.7078950316646451
-2.3700860399719135,-2.4644760554678813
0.9082375818225926,1.5598492142738076
1.1508918828048724,-2.828722802202587
2.934247205188406,-2.6930295273662965
3.00983951213952,-2.6682730879907774
2.9705133755708015,0.6505242656908936
-2.2990458911157505,-0.5729331914286551
-3.084187269881475,2.322096930295817
-2.3860262404036647,-0.6145163778331764
-0.6818962063051935,2.723002206203454
3.53735119270878,0.6196386658435824
-1.4392503753870531,0.9361861064151871
-0.18022943413406187,-0.4313177569879361
-1.6986826658223417,0.7164374604939615
-2.295304464020613,0.681623529524373
-2.4901985425600346,-2.919148078331069
-0.9912235832778433,1.0019440958930481
0.8766614134242087,-0.44376382505052164
-0.6591236834207617,-2.6363741402704712
-1.0644888583354017,1.1600363386627253
1.502628391921943,-0.6344804438905142
-2.4788739494050644,-2.7438434915821825
3.383516606900746,-1.3383868004992197
0.8897261057931873,1.1495508654208895
-1.2677262491280974,0.9237911293471784
1.1413759493390834,0.9326572989487594
0.9376335893246277,2.6235846450088305
3.4158646119964566,-2.772474411329722
1.0173950668051137,0.8023073919484365
2.753692891389981,-2.6590814873247473
-3.66887418166918,-0.728839708726496
-2.6316636324411364,1.517433895007271
-1.8447894102545346,-3.1367022071132458
-1.1472889754244937,1.5208213611767147
1.3186904298629405,-2.761056111845468
0.5959822156114134,-1.0057662545627237
-2.5144041572674567,0.8261884943421766
2.6757611271065898,-0.6503053852370659
-1.0279823768806107,-0.7586872956583453
-0.8385886576073854,3.2347153519338354
3.075708525393624,-1.2113001461586081
-2.8571950024231763,2.159897851584771
-0.7556067240660241,0.8438217567283083
0.8010322461444668,-2.8689520419203056
2.584526962112925,1.1154901250771627
0.4346220181434959,0.7151466262575614
-0.14753124554950905,0.914795758584424
2.3228006659993663,0.5936522607549445
2.474904535562858,2.669640341111184
-2.2943960683848794,0.9310571465193629
0.3390692731437451,1.0942298514760833
3.1260417028046015,-2.870797727041983
2.5878367404839877,-2.8541801563043734
-3.415723741682238,-0.6851681233309704
0.7231609063703645,-0.7276204554950507
-1.447950998317285,0.3538061871204951
1.046095181422319,0.817516237152699
-2.7475669000523784,2.8717529014149155
3.363828928419169,-1.6228295140606026
-1.3626320803685583,-3.200348507155675
-2.6690923019883592,-0.944678541476561
2.3084122970557575,-1.6072199886145144
-2.8347470409335145,0.810008996650088
-2.1915200549528895,2.4627963185699957
0.21890160151230978,0.7974820676993863
-2.6464168876814114,-0.7843275938871214
-2.297792647512926,1.1270249896998223
-2.6736236152231423,0.41512436749413567
1.2131170860784286,-1.115502665186028
1.8777213022795103,-1.3614414106033057
-1.089369866689374,2.912143538476258
1.0836476445555916,-3.4058041035317976
-1.1730919277949394,2.5127677682179206
-0.8454023442825187,-2.264986372093041
0.22569286269381036,-3.2974599993981295
-0.8265627711357377,-3.0766519946006667
0.34836467052574166,2.6258083704246453
2.8746210744737875,-2.6747906969812862
0.6740491800021504,-1.3422102780058092
1.1649110674230296,2.939197297036192
0.8873820203613412,1.096892873911701
-3.4812665846569555,-0.960145732357271
-1.2940956728449249,-0.6772255290581388
-2.8961025591335403,-0.8019536586769331
2.543251518597677,-3.3381900651559815
0.5641144734193663,-3.28401513042469
-2.457791684941562,1.2129347068964493
3.608992714405131,-3.2811893163780605
2.9530441780270427,-2.821929023418335
-2.4122911728269614,0.9772071654399719
-2.9382259966315587,3.175376947657137
-0.34344582173753574,-0.38989383559321705
0.32662046390935384,-0.5060651295116477
-2.1108220119387946,2.6353959480426408
-1.4820111575923711,-0.6389472166919437
-2.124077652797936,-2.7762137905994457
-2.580480124876925,-1.5767590212073292
-0.9936596578521489,1.0753043388320072
-1.209434917546357,1.0420335053483727
-1.2489881272415992,2.5796764707132813
3.3083615639443007,-1.6936877770270788
-2.906365910231386,1.141762939173286
2.5862685520587707,-2.938479023314813
2.3868222129915466,2.3689429103249475
-1.3259392888893684,2.7451357405857397
-2.4514907082049398,-1.2291234949651038
3.906231367097262,-3.604561989234721
2.534565401484911,0.4653571358933336
-3.2142533198960694,2.6878263516279777
-2.7429700233631142,-0.8839753873526028
2.6149777711715667,2.412959632700142
2.0779593228814086,0.7765788904116887
1.2387620488502824,-2.6446673724427296
1.7294380060160264,-3.1430023649168697
2.7386834894212897,-1.4880743446174995
3.020843844846542,-1.7166300768650773
-2.9893952227407508,2.8918130096305017
1.8235076365814962,3.9398833692821245
3.013572075638816,-3.254067983982655
3.2113698358696507,-1.5002175338709602
3.2115753357021224,-1.3977954737764897
-0.698303284362338,0.7135119953329901
2.604964458770132,-1.0733782175624529
3.4624408692862705,-2.981771210279925
0.7390018844249621,2.8938233269156877
-2.042159856120518,-2.764951518484285
2.5596581345790446,0.9695157053216252
-0.7671932018644904,-2.5896591131305406
3.0359472584279406,0.8446274358357143
-1.2914499099098482,2.6382854932313484
3.186134861617171,1.5722902663049814
-1.64846406539776,3.059743226711356
3.3803787555636213,0.5849366745894927
-0.8286178485689828,-2.7149788144674014
-3.510916127422015,0.7069393845159706
0.403009694607887,2.7541307683679634
2.815893188818125,2.624758580206179
-0.9701062820958881,-0.950247901890411
-0.4852195237786374,2.2479213623880434
1.430250029411465,2.0637708366628957
2.8429129975053606,2.5343358936884237
-3.027657897155747,2.8666854656204315
2.836074587809546,-1.3166756405363509
-0.46056535814580707,0.8829862784050788
1.3165238655340004,2.685296611463294
-0.8445363653228821,1.348774597336481
-0.3026967644391368,-0.6778736463433773
3.611962693144057,-3.23983601256235
2.6430094466948097,-0.9138399091396947
-2.26784258469606,3.172533722791375
-1.0054026854307174,2.8521478621091574
-3.3383373828750784,-0.4105872934439939
1.131664781374844,-1.167189007907556
0.6001375851638426,2.974035863143733
3.525261212127897,-0.7524237728050867
2.700062796529353,0.16304791263510382
1.3068486278367013,0.9030070579631941
3.5565971050264933,-2.854927033033191
-0.9403390981755114,-0.8593632502852582
1.6307687251451268,-2.7686196580669526
0.35680186936502506,2.0587689517029544
-1.6015245334388528,2.2561172193929155
-2.8930554760252147,1.4011299973507374
0.882252685130167,-2.924191029172297
-2.479207371635159,-2.253164094219998
-2.523637099457466,0.49265649017094665
1.4366024878514458,2.8630381843257577
2.729450587732371,-2.74560783050439
3.3703230822222183,-3.066110208444978
-3.142285264646209,0.7844572581948764
-1.1116416790255736,2.570151544547897
-1.1412807182049,-0.5869592668912179
-2.262463324096162,1.0009090150413475
0.7003431449012764,2.822121827791711
-1.0178639824759375,1.3771291356652218
0.6175605395015675,-0.18723124945389052
1.0049046024039912,-3.3226348354380946
0.72866181721022,2.1111489913303787
0.5628895846432815,2.3932727264963174
-2.5107672070516505,-0.565250580642112
2.355557878547858,2.8655883351182685
-1.4208492241057542,3.104256620653832
-2.722795690514383,-0.9768935533036794
2.630862329775462,-2.393443911372789
-2.792951353579039,1.059496346365116
-2.7180403010337737,-2.0546643627788614
3.0405761650862373,-3.6869999607732544
0.9133475553942362,2.9471685523919477
-1.2888458161696883,-0.8828408845336397
0.14942562267502507,-0.840159469131513
-2.809720887415779,3.1893645317172665
0.8846962066006484,-1.8053192401278095
1.0311320852397345,2.589792557915392
-1.1920528638158905,-0.72297725191202
-1.2474209214821237,0.5159073568362903
3.1612998177495406,-0.6366773648270997
-0.9543080805312747,0.9903943985526094
-0.7084347090851193,-2.703080087088222
2.6948823611205266,-2.26529314998641
0.39020971809300226,3.3949582132204617
1.0512072916171094,-2.704465249136766
-2.977959850773328,-1.0899038845853197
1.3187372082163695,3.542986590750722
-1.467348908903772,-3.5098584773336987
-1.0670754158759894,-3.3946864295604704
-3.3323550162491595,3.424504983856342
-2.8438903915568443,-2.722371545146499
-0.8581847884262714,0.9452989789547602
2.4573059605072793,-3.1332976628202256
-2.435324325881201,3.0271175686435488
1.057235447966402,-0.8905065854483883
0.793025067800054,-0.3192235324946886
0.5381772109564525,2.6009833824429274
2.5008508728711742,0.5990177509844704
2.657012497542604,2.731201593332158
-1.063050390591341,2.248987391891219
2.5024021910326417,1.2333929356340494
2.952646238629971,-4.049889102415203
2.454228568316692,2.6593186037185803
1.2357040409713793,2.8072014418469204
-3.2443562709997864,1.8364993267534027
-0.33699430738155245,-0.9168292975118831
0.12508604098985843,2.7588732315911155
-0.647563169080408,0.9681602390553484
0.2208943760913211,-0.794510461443745
-1.1408299321988382,0.5140928633364333
-2.6630041670835927,0.046284265657842966
0.6996932813707183,-3.168378802123673
-2.232750540249412,1.1071050255237387
0.9850953609882224,-1.6157927778715953
-2.6110754498303006,3.148005922031181
-1.01162723863417,-1.8608181146503562
-2.6587419275687854,2.4020143550867687
-2.944357823663757,1.0137002681671825
2.544202330495831,0.3094449077692536
1.9389840457779786,2.5828942665480628
2.805384369826111,-1.1911493678538845
0.6967619951405015,2.7968165088556574
-2.7600442996077694,-1.0497090577320496
0.536570409857335,2.56475845507334
3.1001437156428313,-1.1756259615894218
2.684841569288956,2.477983401274428
-1.6843546518437302,1.1899798229169933
0.2715463327072899,0.9167169645427579
-2.8517068749928836,-0.5928468827700596
0.8444898593275264,2.902658669672055
-2.549316499449324,-0.5132487387365273
-2.7490155320430225,-2.3465115571535495
-3.0023993760731877,-2.2752280439616253
-2.5312051576513803,2.6743992340829155
3.3000195711663847,-3.497140240288421
-0.9235000100538605,-1.2061100638761524
-2.177832145802467,-2.37553003085936
1.0564311492368441,-1.06059066742138
2.7145774853759113,1.0545612416653989
0.2394241800102812,2.7847509300831934
1.3109857792324855,0.9428728671737943
0.8160319765545375,-0.718245542023585
-3.6725843631246615,2.4609122438818285
-2.6516873897377344,-0.48619900426617774
2.3941076329409543,1.7318673822257904
0.8580015056992815,-1.16268113223265
-1.498211937657523,3.1128575360977435
3.268422194611749,-3.189887080079716
0.4197027962062107,2.920474492726258
2.860095891410567,-1.0496603300957896
1.4337947487064755,0.2909164572142852
-0.8499862213994422,2.518866570892984
2.911809137931085,0.9008110780252976
-3.159040850424732,-0.5334762917933177
1.0292441369809435,0.6177830029552978
0.8193777836007893,-0.7428020457428853
2.5308950021577346,0.7056929480138182
-2.9836560426164906,-0.054970736054361265
1.3311956262466194,-1.3313333882567608
1.1350993940634795,-2.48746987537943
-1.4329948288204337,1.1379182147256925
1.382594595434643,3.137791999214118
2.7735327693962115,-3.4147837005459967
-0.9889921344525076,2.993730412179916
3.131656127575705,2.9267260847345984
-2.9838439170923676,-0.07568741071652169
-3.505562979393185,3.547602466896581
0.9923190200352213,0.6686893400874496
-3.1569993436345527,0.9039550545441382
-2.7138500919836197,3.2403884322118803
-2.305684894343286,-2.2979781994210122
2.5726378218320662,2.7684462462668873
0.6830045137058142,2.6730726620323026
0.2408603073278412,2.970492690059391
-3.0395384280743647,-0.6680145262124139
-2.951067803864599,1.717028641775221
-2.7664318176285843,-0.5590696394050304
-2.7762327489951386,-2.929801029346698
-0.561363040799397,0.7789983460411486
-3.2731240237362647,1.1402458689570683
3.4053558100649948,-0.8720844771231153
2.3852888885264902,2.870195140536574
2.748141788543322,-0.7600221213124928
2.999952335222268,-1.0775640938367048
-2.843873373681138,2.8806034021727216
0.9290349251137243,-0.6530184624684007
2.964421082095897,-0.8458245612271637
-3.704655773935974,0.7348548887827927
2.878710287194361,0.7295467980231914
3.004098021386295,-1.2120223521444053
-2.4729295314224586,2.418487044463546
1.9321463408446928,2.789965798057893
0.9653838207138129,-0.31014106002351044
0.5788271631541468,2.5123378050804672
-3.3518105086148116,2.529574746297546
-0.38456462602661995,2.8584882498462756
-2.6560628338110113,-2.0604163078944775
-2.027780851037761,-1.0760931225959869
3.2557270012636663,-2.0824881440902976
2.62415437478802,0.36066534229105923
3.179511787707255,-0.2621156655385853
0.3641317910053192,0.8060817093020344
-2.888449732949675,2.7257180403153654
-0.749200155086271,-1.0943714713408716
2.824358337696752,-2.1538069917709346
-2.87466760794822,-0.8142408177831292
-2.7577184297024577,1.177605596772768
2.5393576027911116,-0.5529285895380429
0.9442575614347615,-2.6220186492966437
-1.2670491827834123,0.7433856473048372
2.398433122870197,2.9867794512093875
2.594781513943242,2.881941682715975
2.716292389424528,-0.9422666829465702
-3.199808201031402,0.7633153315916833
2.8726908514159,2.6262427930874983
1.300629602880274,2.3783263228047486
-1.1752789793101883,0.7876587168428859
-0.7945164063588201,-3.061219892956548
2.7252503977624936,-1.5383916951492758
1.7171856237279934,1.2562490349621858
1.1575934707915605,-2.85146062156289
-0.9071901607313978,0.9024934193449909
-2.8872342699110325,0.9463977448733548
-2.9844005631227866,1.1203707212996405
-2.4346922086949823,-0.7438899851859566
-0.7392048941766928,2.7900352602810976
-1.307536632747541,3.0552969571565733
-0.8290868813557726,2.620581081059309
0.919665631063351,2.7934718524709026
2.8036774087436487,1.2298083047329884
-0.999893319977314,-3.2804039545461263
-2.7786623908542345,1.4844639546425136
-2.5184315349220374,2.6467568941444117
-2.704934828840006,-2.549503557450381
2.85263007128024,0.3541169688951335
2.2006772697796775,2.722300301252155
3.2935588706610424,0.44733187877657443
-0.8186770584099886,-1.0043194784389187
-2.645973428125862,1.2250541200916325
-1.1959835707620128,-3.4665618816865953
-2.4150639067230864,1.3928128332955831
0.923236472710185,-1.9597998467834497
-2.326426471438023,-3.100181416225504
-2.3986630687313073,-3.375126795964265
-3.2217150722327337,2.6914061707517143
-2.600327198803058,-2.499023790995238
2.4585116605072797,-3.8916694289599167
-2.5410961008680704,1.6468388061130965
0.5505883553201133,-2.891775605761595
1.9021355359223575,-2.286646156183806
-0.9720891816405025,2.522574141955705
-1.3120798864695342,2.9729073090614415
-2.277571006344128,-2.5118205168162215
-0.9054748836340806,1.2594474472875916
2.9463375991081464,-2.961180646069124
-2.761247021729904,-2.367128316337244
-0.4713088239325624,-3.1177847615147734
0.36835641105468486,2.495273473554314
-0.8197036513397349,-2.64848656360704
2.315408793496502,2.7672926950876735
-2.9410821330841537,2.645421525499626
0.9264844672264375,0.5521408885251737
1.1056931465870867,3.0857697832109805
0.775828211670544,0.7443450350293411
-1.0970551639518462,-1.00257188080368
-1.6383044604679693,-0.23975485639330077
-2.492901247614891,-3.145991373130902
0.5921386028125326,-1.0571202931526353
-1.3263760348352298,2.7639742602991606
2.2495393650971,-0.7959684315215597
-1.9479265151182954,-2.8705537308543825
-1.5435182409462804,2.602419972992657
-1.3318295638344613,-0.35943743070717965
-1.022768489301002,1.8757038298297573
2.881217215074759,0.933475922062517
-3.1339813510178547,0.9199533843203644
-2.2413061280300464,-1.3297301352239785
2.4300483540330835,2.4746820101436953
-2.949845763142973,1.3366769846912492
2.4204320490699476,-1.3560267230972218
-2.1968803271025377,-2.7660290187054324
-0.6432695595075651,1.3655200289035414
-1.514597569988253,-2.3534784598715652
0.9099726370814898,-1.4369218101409447
0.04743946011433984,0.6902794400548437
-2.802534456370231,2.685281748369904
0.8012693576197678,3.364556704060435
2.5995939847975684,-0.25318768328232555
-1.162946660083006,2.721030805909998
-3.521006705932888,-0.2668688265807203
2.3133759637114752,2.4354282453225986
-3.177030049304205,3.338924157437501
-2.338779574396039,0.7486361836927793
2.5563405251815876,-2.8432622636836378
-3.0621383608811894,1.0684857867461919
-1.1265730821346953,2.8166498376975317
-0.23040485126299964,1.0957540386512763
-2.7315613360786695,-2.637371577069287
-1.2251046862250188,0.9622542245640202
-2.899781106620697,-2.054391185448552
-2.8939906646055964,-1.006933765096791
0.4823164051916944,3.269909147829225
1.1946749105346621,-3.4251901553893296
3.1917647299295413,2.529163768932799
-3.0650605276692384,1.5200247739131332
-0.5020454749877274,0.9230491766066397
3.0076659815411726,-3.123087415109938
1.4487547545315718,3.41019709474797
0.9735771326225746,-2.616717978809394
-2.8722184352973366,1.9577225080835983
-2.55802830100939,2.999739133549907
3.662510275473021,-3.246733167909175
3.332819195083116,-3.30533521987449
-0.17906958985268911,-1.251122045289696
1.4576758971352675,-0.5370316278927629
1.3165361864696628,-3.082249846413426
0.5160013623935839,-3.266505895431651
-1.3811753193478677,1.037345789123366
-2.4395475980691748,-2.223886163659509
2.4995045527924993,-2.6371583038977735
-2.551531085935981,-0.7459722402634877
2.9529065919232083,-2.82805607175805
0.654026523070709,2.776240711852121
-0.8369837232356042,0.7236147747966483
2.985351744978842,-2.887386484832964
2.457408744419049,2.3609821061165204
0.34343003198341465,1.5300295023382984
-2.578952688055317,-0.9888627997508405
0.030742873116461424,0.45892305848470505
0.20811576043930488,2.810881549453061
0.9424183679201191,-2.7950911773881764
0.4976255524241673,2.3107753680995797
3.4922870761076994,-3.0067179832668467
2.8663878962623,-2.876437951423495
-0.8331908405533768,2.25048106811591
2.7788759608026035,-3.198362922783207
-1.3040143896020062,0.4592144521278069
3.240537749289619,0.8525635874676739
1.2240438350993743,-1.2423591774907583
2.7056411913588407,-2.3394321004460874
3.2371033375079685,1.008696096237721
-1.4298972282804214,-0.7818428504690237
-3.189953587637021,-1.0230253640054068
1.2777412711685645,-0.08718451437537063
2.950662998427687,-3.124485206384302
1.395159123930753,0.8602168558498795
0.3519050861771246,2.1758366824043462
-2.6783579113393503,1.1916226779817287
-2.6812288135252684,-0.22739006493814082
3.245442303273497,2.96689435933165
-1.0304225762090131,0.8617018689442058
-0.6322186976494473,-0.9233315296668468
1.112881427546761,2.4034420843170983
-2.677484676374276,2.9931640642418533
1.3104280966584565,-0.8253641634389344
-0.8520549563126082,0.6277946195854639
3.0955840129838355,2.2264482211901364
0.5982596347752208,-1.230217099814797
1.8677971972162797,-2.414826784645112
2.4548793934594744,1.364848807639477
3.243189228290825,-3.2772966509246215
2.911835345215009,-1.0674467071610838
-0.47352163472172515,-0.6789986744777472
-1.7285174179550402,1.3086925108789818
-0.6416107586578423,-0.9297241931663655
0.2375267352754085,-3.400103604148548
-2.7636419644858514,0.7799381525049055
1.3564214365737028,3.113183626620263
-0.7954757848137471,-3.3024899131690812
3.2720871952389103,2.3648437926403925
3.266732403785938,0.9101892296846007
1.208213385212425,-0.7737988145944835
-0.7709449997012345,-0.975679539735436
-0.3434517404267491,-2.5175020633619525
3.144846405015302,-2.873197919662968
-0.7655759272604871,-2.821536081245243
3.200001189575194,-0.4445938341047317
0.8234516716748264,1.0823878481067084
-0.9539853744801073,-2.7468459659271787
1.4097939574529332,0.3762144222434546
-0.979748526267641,1.4948449630436793
1.0179622364783378,1.3561579967128727
-1.1442380856258425,1.19616440867838
-0.8654754710496819,2.5624601556098674
-0.9640372449888925,1.3004336310532862
-0.7628631715712422,2.6063918167987024
-3.0935516570876955,3.2307848080687163
1.4221969856650505,-1.4785201828929329
3.4182838794289254,2.82045344480561
1.217174379800633,2.6344929359604587
1.2114062637100982,0.8475291961997065
2.250517987156218,2.8166712883994913
-2.752614480139275,-0.4468298663812626
2.6875765693880926,2.3768203061823123
-1.1839400024297946,3.221186017965871
1.1670936272088694,-2.8621640721181034
2.7525863748487995,-0.9774333529041644
-2.146588579330561,-0.8640095061776417
2.6311977996994016,0.6316587139528197
-2.491943297063496,-0.651738578784032
-2.399467396333924,-2.5160891160598475
-0.6235499696391278,-2.675278577431812
-1.0588757522275125,2.836543900797626
2.5943320797076233,-0.6759316346824552
3.7457978372664904,-2.457772784799139
0.6251240961017144,-3.1555759987075893
-2.878000134662971,-2.3127471773635304
-2.505449632532877,1.3072112468904042
-2.5973425754238892,-0.60304860213653
0.34335096222138606,0.5875809985996804
-0.6435241591685888,1.5962993406641244
2.715145621120179,-1.112693499446155
2.5784646995866294,2.3431417959902086
0.9974937818288635,3.1839577996912674
3.4879684406798006,-1.3619470185834655
0.7751761530891619,-0.9088114118445163
3.233452733745192,-2.782297772919033
3.2493663165063325,0.7374816860945862
0.9359296272933763,-0.8681718806405926
-0.9843652826483349,-2.4919894788967305
3.2970391255540425,0.9226971642211607
-1.352026544255765,-1.2625457907414595
-0.7574408364036959,1.5522358507466516
0.25210292343183416,-1.1107389869607713
-1.2968097208057912,-2.6828836448324282
3.3864099156656793,-1.118769760093614
1.433876822569227,-1.2178986264258713
3.0817763560110314,2.836521422959303
-2.5098255561435794,-0.3816843818058071
-2.342460014095085,0.6343305802469184
-0.9372239870245215,-2.5247698102079403
-2.5957661689119047,-2.4741321090957267
2.8165227952081566,1.2098855219599045
-1.015788628916419,-2.8632491537041176
-1.111891659666269,3.186791491646485
-3.07059534649023,-2.236450958389827
0.9097862072877114,0.9654489918466465
1.5568208148033287,-0.665055870090766
2.7023909323272712,1.3140411381114971
-1.3953258635651908,-0.11736068727431705
-3.038971307337444,3.2320897450328405
-1.0456599699682292,0.43447868816180196
1.6063274977585742,-2.6263928436500605
3.287058792148967,-0.46735200437049124
0.685644207102862,1.989903746648302
-3.0449109619391703,2.9520632624282457
1.6065024629253168,-2.4243857295855267
-0.7368510941798344,1.3538266981110698
-2.685200497999123,-2.704683077787681
-1.0991176230679647,0.7109120690517505
1.343918189199122,-2.4256532757917655
-2.4188627631672786,-0.892051415034255
-0.5294327708111114,-3.0224872906750018
-2.927951870363945,1.2675149536838017
-0.511678824210805,-2.1600228427106885
1.0234457722124013,-1.48107706119302
-1.017873875294929,1.3843004268074295
-0.9004704642928878,-1.0102521252839474
2.9207500558004917,0.4961691465600486
-2.919978393902834,2.536286166130631
1.1553023816808086,1.278988747085998
2.751819347047048,2.6186217543678962
-0.32176730663869474,1.0215200657298278
-2.955674275360655,-3.152601276931346
0.6381357917972299,1.290709005027239
-2.3807596616237685,-3.4052784285278683
-1.0471926224813224,2.1682817663611753
-1.2028306788125827,-1.5552743406935436
0.61615635528595,-0.8022764285599356
-2.9245506249031767,-2.0366062026398772
2.5350100852441755,2.490729847597783
-1.8757622730966004,1.1067194360983295
3.53565950634385,2.5225488983790827
-3.0264841533306615,1.578379406205795
2.6546733735660077,-1.2618785902960392
-0.9455198427852688,1.174713308849067
1.213635903262532,-1.3977943358923282
-1.3838555100691998,-0.559850206764714
-2.056054384379549,2.7605852997153533
0.7204695037780593,-2.6068236988784648
-3.088309889259696,-3.32231339967769
1.172068734772255,1.2231692619163768
-1.6697061694934863,0.7817018017349592
-0.9806959793526773,2.375868767036416
0.2547143829036488,-3.435458309025488
3.607369340096736,1.1874524907021409
-2.9312192617587667,0.09732809135495446
-0.7538811150321197,-0.5574712637017006
2.5306378059281918,-2.7052957662383403
1.1703241960444934,2.032390068218566
-2.94386785605322,2.8076635000385806
0.49649835447931634,-0.619460540143356
0.9642320190997121,3.229412365061363
-2.6894737704351113,-3.222244387088199
3.445445490248798,-3.1787419865859685
-1.4464392713180547,-0.9522072560283174
-0.7677335190963743,-0.6230792377931879
-1.209491446719068,-3.2044330935239222
-0.2748313636984019,-2.722258154399757
-0.7089909030294916,-0.8693740325021118
1.0066995426957122,3.168047637415046
-2.8531757778425937,-2.250293370848646
-2.394872090098829,-3.864024923920121
2.888827598025035,1.3435037386834918
-3.0795877213473144,-2.4361867272355675
0.7593296092445351,1.0276597003510228
-2.7140573416352853,3.0841713092324645
-0.656062546191688,-1.0808607047949044
-2.572053711775713,1.060788468104731
3.177437941387707,-3.321337973231875
-0.908020967646409,0.9138215046439027
-3.0934750614742703,3.110288938283009
-2.7707658787831413,1.130947596252464
-2.832945456890508,3.3265573609469885
0.9404977020206029,-1.4320152966447404
2.77007312501988,1.0094123526517995
-2.2066808963436677,-2.8072521561839996
-0.7037443882094502,0.6924652769618402
2.4020025215845666,2.8614291977855344
0.7497151627029291,1.2083281006094688
-2.3416817951510462,-2.458899113270519
-3.0084559431680424,-0.6267138240326634
1.1067038902891233,-2.279733902853204
3.3853695579276093,-3.5211808645233673
-2.480503292085481,-2.3802922512708022
3.5197193261449713,-3.4138062575097265
-3.2641920751033195,3.1013280262741323
-3.1542716185967112,-0.4475836249271765
0.41422297699129396,0.9799472747659387
-0.753692801193134,-2.914762632071878
1.808621472299885,-2.7583900980031593
1.1069967578652793,0.933637054447457
-1.120144992972843,-2.4183866257539686
0.6761390537174405,0.4986374662496691
3.3358006092334214,1.0539699148922663
-2.7643912431667346,-0.8655898063406967
-2.3106311848319137,-2.6383716467446647
-3.184689452604064,-0.4116382085772569
-0.5374723456579427,-0.43602960371223165
-1.2659435743764405,3.444861605280741
0.8718130192018049,-1.800342726974976
-2.815584599285949,-0.6419439957052564
-0.6705762117886985,-3.2155891467623015
-0.8177437995469663,3.075090541636416
0.5069227272027088,-1.1111180631301698
1.3476852919468343,-0.8781407725672206
-1.0338859775703455,-2.8971287539110353
-2.4577417525203797,-2.8988153569199686
-0.5516765384773759,-1.9281841617202184
0.9479150624578557,0.7592562484445755
-3.5108406452030705,1.3839778860428418
-1.1523089835776787,-1.4905150498254431
2.7748875293648476,-3.3846029616483273
-0.6860371234789366,-1.091745385439257
-0.8104433108967135,3.3897051123149575
-0.8552268548474742,-2.4274377126778632
-2.2636748460593132,-3.046782827543419
-2.634072496612047,-0.6061900421715498
-1.1164313609289405,1.1009881331769282
-2.677987976035386,2.68614171809153
2.7311914112072735,0.40850245533771673
-3.1943590728815834,-2.5879228134516654
1.4832437784193913,0.23196388722743755
2.5054877672058398,2.4197205971066973
3.689491986182813,-3.225531802445027
-1.0705317147926057,0.8868341971186376
1.06479474502219,-3.240888655102951
3.3765029233756536,-1.2834753945793833
-1.395879028955002,-0.8714986108034315
1.2422987118721311,-3.082976499508725
-3.1370266561234854,2.4649360357200805
-2.0781182907710662,-0.5956264780988619
-0.9825296056920073,0.6578630761590366
-1.2770287114203256,3.1081559714372093
2.7870785370837896,-3.2066888261701743
-0.0854550045982712,-3.7272523920614877
0.9048037375817898,-2.8803803846379323
1.0249177736194028,-0.8971549858111643
-0.5111928006643615,-2.377083262333372
2.5888184638432503,-2.5746522618410332
3.2328770374405194,-2.278486949618467
-0.9941773777554502,0.698476772618238
-1.4406491028000434,3.105910579317862
-2.014491986477167,-0.5153246783176492
2.609344018943808,2.1536319039960623
-2.5339485250612843,0.517154455329405
2.324951078305685,-0.9277845707096222
-3.0071490400293626,-1.3102380314251958
-3.0334379840809786,-1.146857102346918
-1.2729578618984172,1.6580694480270648
-1.5013395486892047,0.9049691761399545
-2.342477976678833,1.9521674463102783
-0.31120137601584286,3.020534239451303
-1.4023127220245266,-0.7886666206687908
-0.9010117451890362,-2.4574669185126634
-0.9530098671454765,-2.5001789048994576
-0.9994706779245061,-0.5334921307432384
-0.44784922752907264,2.279538326238463
-2.671072288341641,2.4936528603280785
3.1776030149466243,2.8858127388367714
-0.6040448597373741,-0.8707860970905292
1.2658806500517958,-1.0655908710888717
2.8420193577432924,-3.0676070659908796
0.9319087894524282,-3.1836706608343115
3.4310234945438585,-1.8577294148799737
-3.136112148918436,-2.23706192839521
-0.9754961663178778,2.8978633299882772
-2.487361509675637,2.871560635466774
0.8302063378556769,0.6894872688087703
-1.0165265729908368,0.6162882020617932
0.9602345139674031,2.3952639541195127
2.830223899011293,-3.3672150574256325
3.0134350304737945,-1.2216648173173745
0.8504569557316631,0.7663109477795381
1.4868755015926174,-0.8833381253236766
3.2074160516471384,-1.0603809968973097
0.5003236208711216,1.42851602768072
-1.239648954009563,2.86461604331176
3.439261425816224,-0.6621600403775663
2.881903096350326,-2.500961337127432
1.2829736672326366,1.5609869414444049
0.5424279331669409,-2.934097872136042
-2.9750001213042383,-1.197203672964562
-2.570537537912665,-0.9928450847854269
-0.8806073787499543,-0.901078729331313
-1.1087110424314985,1.7979732634023147
2.9968340976404577,-0.774960091244106
0.42349629279775675,3.4005329996992337
2.876795634417825,-2.348729847807645
0.5185891645346329,0.7362794805542285
-0.5785323174706499,-2.8669281714073165
2.599087890152578,2.437017760319591
-2.577497122728381,3.028387417758671
1.462454699943627,2.712476231459993
0.6539145339072898,-2.4252768567502883
2.5494990475862944,2.3238057800662784
0.8655759373089856,2.9976082532089046
1.1224349281927715,3.038383054286835
0.696729251187293,-0.326998642365975
-0.7797979955240879,2.475694023923244
-0.8036829078620932,2.8558889136421723
-0.41652658769076234,-1.0831913864255491
-0.5395387824541359,-0.4655287883445094
-0.880038159119241,3.422594646894013
2.7714531920672614,1.0590099128815649
-2.148528618017849,-0.5745052513729502
-2.3652176022229714,-0.4487668665228483
-1.0377694671795366,0.6012900948240143
3.1836967154109996,-2.7216556489974093
-1.0908885138999167,0.8963522957510603
-1.2505377516143819,2.9323601792900655
-0.5381031911151943,1.4973547802994958
-1.6114662235739003,3.684788304710659
3.163021430383987,-2.610022824234301
-0.954600209962231,1.2569393001647886
-0.4480170969658846,-0.9066873703930735
1.1232060000707302,1.1248775231275836
3.4241039617230866,-0.9935817134103717
1.0040067425310957,-2.964910350846079
-2.4693326277849543,-2.922880670253546
2.5897033811991927,1.1588533234743705
-1.2487550868684092,-0.6199295942507226
1.3201769665616638,0.6209972234012759
2.6058021856143054,2.767181353733434
1.5830429752271258,0.761556160251048
2.287152292937471,2.6149849995165924
-1.0070679986058608,2.971620276795348
0.5687024362325722,-2.9563320144308896
2.7696003484260814,-0.9470446038883853
1.3354418289546983,-2.4977247801140456
2.9310930623803113,-0.07176757599539402
0.6850421411614067,-2.5047852213295188
1.2038322259437138,0.4570902348367305
2.7999004483326484,-0.9606545091471842
0.8567416278243172,-1.880157682579844
2.8623373431063777,1.2487388976820788
-0.39663763292170406,-0.6984430661258213
0.5617338667782172,1.3000519238325616
-2.8229986909678795,1.454094312565186
2.536548138910025,1.9148031148978129
0.5525986030075524,0.8641098786313065
1.5215034100587927,-0.5679736769181293
-0.9274692138477608,-0.7450862319367524
-0.24677369549338515,-0.9658674115560958
-0.7554246957180041,-3.027020315114689
-0.6633866703542626,1.4915177953362786
-1.0699120158792326,-0.7058672104202567
-2.517014543342301,-2.426024696690396
-2.212183863150765,0.4048101622435286
2.6361806024572725,2.6731053399311047
-3.004044291341731,-2.4335503972527683
0.6855653057781259,1.0384805674269841
0.07699261420543704,-2.338806010356506
-1.0149373896887621,-3.1313201705818994
2.967777852704006,-3.6851535473278623
-3.152036896086022,-2.909050316231396
0.27394328607588686,2.6362298690348362
-2.867222974295188,-0.8971556993555387
-0.797407439648518,2.4243700339806096
-1.1156884941653176,-2.9393760962532345
-0.5611153998961861,0.4684737118316815
-2.316305440799562,2.5984745933080613
1.3332380742448664,-3.148214949936111
0.5607008989816689,-1.382738480633522
-0.9614755560136854,-0.8955600704836548
2.45964133459581,2.3599963887382063
1.0357764314205138,-1.3013308799929517
-1.088704533691586,0.9655861872501543
-1.1482051413037242,2.581146117785031
2.7421296252091953,-1.0071678816818312
1.069734560990586,2.4482171403435897
1.127481929880844,-1.208816359173056
3.345326901705048,2.1806637494144274
-1.9776669382275704,2.5622282840045227
-0.8669113725084991,-0.6878201896402842
0.7997596802349951,-1.3926223049129227
0.7448174741447686,2.9899359579075298
0.7658505325469958,-1.0658533662660805
-0.77173137149804,-2.170779516435684
2.971922923819926,1.340796470685783
-2.970320586692072,2.7597546658278636
-1.2669396950029277,-0.830364954195698
-0.87918079635243,-2.7485486096563236
-1.188821857220634,2.76130917126872
1.9830290719771855,2.7423393709677684
3.163901128071936,2.5400143808056312
0.8758610407361354,2.914429396811485
-0.9238815689059406,0.6629659867668654
0.9308076271209024,-0.7274027803582156
-0.9874642927486631,-2.9989586512216344
-0.08161353401450785,-2.5322389030394192
1.4382416008696957,-1.670697404707178
-3.0541970145268076,3.0565518671722143
-2.829371429310171,-2.6646976019716573
0.7865127063550484,2.9190636326855586
3.2812002882269966,-0.7171996777260693
0.7290323223858604,0.6918902418508878
0.8564963215926374,-0.5213644103057448
-1.2664419481610745,1.9258987952646804
3.309951970034416,2.5011513726370596
-2.8465462039826206,2.9280352711891973
-1.0749008934210649,-0.9002641274889269
-1.4788311698130934,-0.8744043097799636
-1.3737735103131872,-2.9826896714429867
-3.6229813347879176,2.413463912248875
2.881475320080899,0.42739681976121513
-0.9884661466309755,1.5680677668455831
2.706639958977596,-2.7612983072983144
2.6047194372704583,1.3160867758747243
3.438301519711446,-2.886039176533141
0.04963225760860027,-3.354625795177787
1.178892435452282,2.107338131807739
2.4152096160610084,2.8736044402836654
2.18206174318049,-2.5979545234936037
0.858270801203426,0.8203845532119858
-1.2487156915301516,-0.8317043484420592
1.071550293784169,2.133747207426089
-0.6946822489087339,-0.6555228140735402
-0.5246929981397481,-2.7817819323002104
3.168376063772969,-3.0426651407812475
2.907800877225154,3.285234385370113
1.896547489826525,-2.471412812822456
-1.219638618079826,2.2453556515315087
-2.215302250544559,1.6737701502055216
-1.5907596227024547,-1.688128839281579
1.2441059143825162,2.7924568279735427
3.0431392305673697,2.8348977670580395
-2.3531071917900364,1.796787610204417
-2.678007004673273,0.6604295131429871
1.1430619566391338,-0.6270422619652167
-2.349431481017649,-0.8623104576238452
-1.1408830220258162,-2.9405348597483227
3.0098305827759044,2.4351783610126954
1.0060185553800336,3.0358344106836586
0.8137889061787668,-1.7755531972544165
-2.636591746307876,-0.5915783286216297
1.052731026147043,2.960726663402981
3.0695432718262428,-0.6348553701716732
-1.0244123401326863,0.6726114844601405
-1.090205536142848,3.1623931489593913
-1.509276823888658,2.4854885001838274
-2.874996200186796,0.14876598547080014
-2.4961925134319185,2.540859935394523
-1.203641321329225,-0.6342085056897574
0.4415507235313361,-0.930632234622882
3.130849055213609,-2.410674447226284
2.364344461852763,0.8580324568208653
3.417395710538029,-2.5176720759593105
-2.9719634095519014,2.851588183109148
0.42694111583895694,-2.6040625722832136
0.9784635313694092,-1.2715945200415892
-0.9784092458557403,-0.45817434216214287
-3.5725368656701355,2.637880904440048
-2.855254578186181,1.5973390044342723
1.0872569040264743,-3.9323509063108992
2.914686348072385,-2.618677868668842
2.0629533994954303,-3.009424842571711
-2.7727670055691194,1.316066007321313
1.2619607653039973,-2.6568644338637126
-3.247359106243812,2.816565774062465
3.129680331292107,2.8149488241843836
0.7348032277783832,0.9882743443733658
-2.726662651738542,1.3750308616019087
1.187883359434511,-2.3144504035283058
-0.6573200670996275,-3.0115543010751313
1.0999985545518873,-2.382009192870769
2.2331397506894226,-1.1018583202415664
-2.835131225367553,1.3274404208602406
-2.668377087973061,-0.8013092067291727
-2.5074426095099858,2.760665083729356
-1.6613925499153073,-0.6629628774986049
-2.562505393084089,1.041952471142662
2.2162427668686226,3.4334563176115336
-0.9864912773788023,-0.7708781163340931
1.111721788250888,-2.704752606971587
-1.2753903728379263,2.9265206498544867
-3.3052988732305946,1.9064539217599938
-2.9265393630771017,1.4934827318968071
-1.1254899343959348,2.7286108651807854
-1.288482684312401,3.124543523036263
-1.1842025474838536,2.674545432661663
-2.990651252123607,-0.747391924179857
0.6773128699612512,-0.5732499175844484
-2.4037714211030927,-2.6624133330545092
-0.6287520512967714,2.77684046514881
-2.698344774679375,-2.858203163231129
-0.9438025888039566,-0.9046079959415161
-2.5796478265287726,3.376142634560011
1.06163152279268,1.112078683810741
2.0413276793991373,2.8052853434252527
2.8606951526032893,-3.2547909328827807
-1.9593934517885263,-1.1267324559395102
0.8848972365581057,-2.445386568338827
3.286252588768931,-2.686813961967637
2.6967490990366167,-0.9673188756669104
-2.6702832288503786,-2.983782900820105
2.710841812675678,-0.9398505987485051
-3.0381270158988816,1.1056533490183769
0.6566995200833382,-1.201215254183011
3.6127835089180578,0.1972053021176193
-1.3579775654873036,-0.3225083379278524
0.6298571809857847,2.3965200858750833
-3.2347620424675094,-1.6564001426673143
3.179626768880888,-2.6729448773828435
-0.7735732605688146,-0.23223000353393722
2.723053869332311,2.3311168832141167
3.8126620741651114,-2.6307295946933107
3.3947195978444986,-3.2204074880696356
1.0549058864441112,-2.653161262064397
2.8778269498114435,-1.6784262619642671
-1.040213338474747,-2.39449973966292
-1.0945640438314093,0.39433284119514433
3.2901644130136796,-2.352385474018167
-2.467245733233538,-3.0749588209867746
-0.4214904040937308,0.9363405054117139
2.5485150460080526,-1.0620429561545173
-0.928443453654585,1.1187180237900844
-0.6986319642370089,-0.45689599265798053
1.5133273627742243,-2.662763976630981
2.757843652971164,-2.0338474454159363
-2.4573451063819025,-0.40272422626588555
1.5062952638108622,-2.746267811836636
-1.535434245233389,-2.017576163159656
3.0262826798565046,-0.9581359327336906
1.316705896244568,-1.5112557882103392
1.1327028309590754,0.946313653195743
0.7734475861875956,-2.913688289246304
-3.4759428804614934,-2.828245390484114
-1.9589945305047853,0.44083031408047746
2.983034604225926,-2.9488432242363687
-2.9745238654570714,-0.9190511030687035
-2.4149070571437976,-1.0626792510703924
-3.3904508679432475,-0.8359331324454721
-1.1382609913233952,-2.6520476517272162
-0.3210983805286962,-0.46056570547672476
-2.063949056298591,-0.8926057611013728
1.1738272515093673,-1.6765340047082369
-0.7599845894305227,0.6368285102115102
-1.46487310790448,2.226542628264722
3.8988744900395464,2.1381489683329082
0.5369249146698047,1.217226805695439
-1.3025433398865685,-1.3503219158658621
-2.6152212666590846,-2.824442919645347
-2.408383626039895,0.6356153985164434
-0.9114791422814614,-2.898506038027289
-0.42759060635020923,0.7184911301516633
-1.0156176014293081,1.1712251113300693
-1.2323253841241877,0.9857828313849595
1.1505147567777394,-2.6395328006474355
-2.7449984992885588,0.4709576072476844
3.612293265159207,-0.812573352700398
0.4437989528417347,2.5994724647220773
-2.55673319291015,0.5335795181102883
0.5363733455569867,-3.0139894331163184
3.216026845890102,-1.0758916309440705
-0.4285061492975991,1.4570195906292713
3.191045868418691,2.6055012507899504
2.7369371437819323,-1.2859867053005771
0.7816336244063573,-1.080063687719965
-1.3973803699520047,-0.8032189666076986
2.515013411264757,-1.1895723377231873
-1.5109396003334181,-0.8617682891619187
0.5705599954329171,-3.0130312262097765
2.5635733812708494,0.8501076538550263
2.977877719892744,1.0589820042913467
3.021191005001344,1.056229960305986
2.8405261829052137,-0.5904356851925207
-2.9421411159592474,2.9120854347185037
-2.6416240009364067,3.42054700899288
-2.332760884200108,-1.1528661797840254
2.1029598722776206,-3.016611305917769
3.019798496699495,-0.4700283840829963
0.6911367161529439,0.7394722208208685
-2.836517824446142,2.877219950649234
2.6316146560653344,-3.1122752547766743
2.416966838550518,2.9678289020089887
1.001602345559085,-2.3716221665636734
0.7066888272673766,0.6164246634066276
-2.27633695918836,2.007865912344766
2.576073500543468,3.024874700970213
3.2330655809839968,2.2238109386985956
1.1274196428315626,3.076629954507101
-0.4311831572731292,1.185400752890377
-1.1037719927010075,2.736482663564543
-2.676034906200301,-0.374481009941729
3.5410311812212547,-1.6222931566934824
-3.224926242843403,3.328943002143202
-2.10917423248339,-0.31290098060387533
0.7477827005296133,2.859453456080405
-2.7419443101814713,1.1922489784697357
1.2494903849138057,-0.6419624643510327
-2.593680109721353,-0.5326768237066806
1.0675592692388547,-2.8968005243103043
1.2927297173497299,0.4618225677089237
0.8650656294876824,1.2552047476532924
-0.6023380372699323,-1.1073217547318965
3.0200094111118108,-1.5052182774487863
2.8342266527735416,-0.6828256556679636
-0.17690206983735518,-0.7529952376411877
3.3000158376178375,-0.836727995094051
1.5599451485002358,-0.9575552146518015
3.0894405160754195,0.8825420426048437
-2.7211102525678608,-0.5486530946119204
-2.6290606600139976,3.7920614849736984
0.8864319156961497,-2.9742184110469374
3.113501811533173,-1.0645845378726675
3.6830759831705198,-1.0862319290731122
0.343128273448685,2.3846759171537393
-0.8496931345411912,2.9833099189640406
0.8076392563951934,-0.48725153486137235
1.3376600274958745,-2.544695611637509
2.4342441251277984,-1.0730456557801447
-0.3191810669907137,-2.911874681869727
-1.161662154320888,1.0446033380602562
1.1334942142416138,-0.46004299889597916
-2.741934442555764,-2.356298191720756
-2.486844778587903,-0.4764365008775445
2.783899814204142,2.7002180903383524
-3.062205585026952,0.9705324601608473
1.8034008467025926,3.481495654909368
-0.44461103387626055,-2.314448753880057
0.8815442488412318,1.9775834901998792
2.255754773640402,2.8028008230733845
0.4608388759810042,2.6211206435807872
-2.542697233264458,-0.05063654468326386
-2.710086238648229,2.7221701410762047
-2.4790788274945594,-0.7769346582067728
-2.2845083860838584,-2.3758564967227107
-1.6383033505251259,-0.38863148866274805
0.46216914319827007,2.396709227167129
3.054771579145809,-0.39293938294013014
-1.764865799480554,2.5967871483303684
1.7900284907576267,-2.4508458447428407
3.034722658262535,-2.7100058330921395
1.2708738394035943,3.129683943483415
-1.6819351453477351,1.175399654458802
-2.4953143037821452,-3.0246496053028546
0.4142606853000602,-0.6800796520564463
0.7568339163522397,2.5583965167147213
-0.7687061606274662,0.999813069188095
-2.5756301595345414,-0.8063851607810806
1.2184768865611273,2.582575825975344
0.9246000684504425,0.6898750400700853
1.2679835746928525,-1.3093459391426494
1.1478336671898062,-0.8185564636797449
-0.6504071433710715,-0.6057241032998879
2.8074039744457058,-1.4014988976265719
-2.9886082513978875,0.9327492950128177
1.1040745497415634,0.6094798725789126
3.2889922750778062,-0.0033404011467081966
0.9469793557625948,2.8814772872172734
-1.21915203594869,-0.5502209033814328
1.0301212476122499,-2.8539265458408813
-0.9901548007712361,-0.8705797713665964
-2.72161680644798,1.326267944819027
-0.6592113274325033,-3.1048705875494162
3.0446977438732974,0.738016718964049
-0.9633004061791689,-2.382147177209635
-0.687940088884655,0.6318094572856608
0.9475765272131108,-0.5103041111294699
-3.289950986253937,-2.1389767254487144
-1.0430388926108154,2.6315809166514983
-3.1751574732120473,2.1372495714097757
-0.7907485188903295,2.9778115527659352
2.94696305638751,0.5232876192955106
-1.229657305171996,3.293497938933827
0.3112229787664864,2.6582113891776022
2.6846375166206204,2.5240637829435886
2.8446234755716553,-1.392920033929983
1.2712583795827443,-2.268864334021253
-2.8341403339522513,-3.1914917541918153
3.066476358262041,0.551753577721508
1.4641793385015711,-0.8394498814765003
0.7421049331110486,-1.353113210844866
-1.288394795775326,2.602917328292371
-3.0514036512760674,0.7861132664072716
-2.7681000005757017,2.96482641547116
2.693206486394971,2.3288482462823437
0.9057942923163234,2.717259801821202
-3.2017394454749972,-1.3750790281673233
1.1613418877161241,3.0446051744840332
-3.3166147166043753,-1.0279428648762614
-0.33504717991762234,1.2994714611866827
-1.3482984740774038,-2.5190592987008213
-1.14446293716082,-1.260796087598689
2.91037790502124,1.420746276613386
1.113330457566086,3.028431108702507
3.356150356725884,1.1430828961776545
-2.851757193200463,2.9844855958769654
1.2982131636098428,-2.884739126728253
1.000315034535608,-0.8740255176740417
3.301376014185926,-2.5466151320999875
-3.6406129904959124,1.126479117350156
-1.180792159716503,-2.8025330475612917
-1.4125826540079662,0.46530713730675627
-0.920051881379791,-2.661067890947624
-2.4664120775275933,-2.9996867539612313
-0.7756866917938261,2.46762625182982
-2.6577347084624052,-0.5893026617302441
1.1373455477792764,-3.054180692642159
-1.05921679619288,-2.4107315257479196
3.0872314163289882,1.103330933045244
-2.8815474373127725,-2.574233078534806
-1.8659307812290389,-1.5486517780164881
-2.680121905263007,0.35548969716881
-2.1861181101986342,-2.879694629512493
2.456326201884258,-3.082507778670323
2.645664089803047,-3.6523989706354523
1.091802528183313,3.697262127822435
-3.2738400087930146,-2.5638377579433898
-1.3250612085091769,0.8517565374662128
2.975538923978833,2.536625451592212
1.3573320785412117,2.4150121424877944
-2.806545592021904,3.004519372485463
-3.0261318675659035,-2.3164999052863173
-2.874612319471404,-0.7367791110218226
-0.9226001406685399,-2.5299855065736505
0.4380338543131352,-1.6182401351833713
1.0667856568435292,2.314167412063403
2.6782594291576625,1.349447050848533
-1.0834232787109341,-2.89799374791044
1.3014441192947643,-1.7743976384555613
2.7969913627100533,2.7961390876476107
0.8253542223310036,-1.1943182263369831
-3.2540673865034413,-2.132008569725374
-2.7011015226255277,-2.886072992953895
2.222040633068563,2.7025166601230657
0.6578447680328845,-1.0648848176775367
-2.523002322259357,2.6934392156700553
-3.208524510387375,3.217510061412616
-1.829708058674434,-0.9820427874497052
-0.5678513166931174,-2.7328477741633583
0.5394097599092458,1.1133059927716427
2.0835128781489987,-1.2010170302607115
2.330769900027388,2.7563733538273296
-3.2484678769702535,-1.3578209315992564
0.9962539806530125,0.3257364790707789
0.24447549826833279,1.2106602829172488
0.6976559702190492,2.990637792039881
0.8528428458319027,-0.7679104261995885
-1.3868130972465573,2.2932187819430943
2.8868396820855784,3.102875528077382
2.556488956554874,2.2019605083483342
3.125652496135981,-0.6547945022335973
0.8165848384123374,2.100820463242553
3.0577884288093307,0.9879471449242507
2.4130760642911704,2.4025563364131566
0.165646933772553,0.9837049549458823
-2.8658263044748695,0.7733223855831481
-2.366002670040041,2.868430158413231
2.4488328868590954,2.694722692226574
-0.49533574025466054,-0.9614529546470035
-1.0814516275444603,3.6416262061857294
1.6502039329851295,-2.6513625041335143
-0.46162549826643695,0.651198690372225
-0.6154474241966819,1.8373301623485394
-2.871988903999256,-2.9376698407430495
-2.785090955743362,-0.06867865242633968
-0.8235236857513405,-3.136142715393979
-1.4387228847660214,-1.291504586569779
2.0281203653109223,3.364839402297432
-0.20599451424282814,-2.6408980580516763
0.8698384353301376,-0.947575590872885
-0.19344753306504814,-2.718212993347546
2.979965445533581,-1.5356668298278233
1.382197263988704,-2.51932841803506
-1.7001122419870054,2.9344265406696404
3.1206242060012035,1.2751371990298728
0.4711138036292696,2.539425581477353
-2.247914997216318,1.086060358028742
2.7726942985317047,2.3532784131644853
-1.182234775161165,3.2472656899400922
-2.5466023404980405,-2.3702350317510534
-2.2825503012398065,2.2953714449710416
2.96384289272168,2.394592285783093
-1.3411192848656552,-2.4470888947699136
-0.9126150371537577,2.908129730655282
-2.5340176633526714,-1.0453876965372422
1.1157568493411785,2.5762571002711714
-3.2247385352889295,1.6028819910756629
0.773197969290733,3.00765444518603
-0.8414021638345875,-2.3144528868189584
-0.7328604998797695,-3.2262217046053125
-2.998374965457656,-2.8383773456129426
3.5121286874445095,-0.7791264971226691
-1.1186192774276629,1.4148492087313869
-2.6116223768546005,-2.575835604226653
3.4128454991296033,-2.9511672235614994
-0.6491029168592685,-0.27699238396549286
0.991593353899196,-0.3598020457426601
-3.055471268679983,-0.5324226895855813
-0.8014671894987326,-2.70141682481799
0.3684783441113538,1.1246287169373173
1.204801135517759,-2.9515706307764127
0.838106280349348,-1.0074357673051106
0.4701346326265918,3.2248570675195825
2.342018163549642,2.6549342902548103
-1.0872430049948154,-0.8434440153926033
3.123459706849998,-2.2840564155511216
-2.9148930176174432,-0.3658667510517995
1.2527305882968545,0.6568291271911925
-3.046437928234586,1.1872723900227848
1.4642784735631926,-1.2274314122151773
2.8352780524988797,-1.0538665283481643
1.2884747262757648,-0.6017823327448941
2.5461622508367063,-3.0688337038133713
-2.929575729403292,-1.0715047415158483
0.9309133505502348,-0.9547013530837183
-1.1679073716342805,-2.2760297377084973
3.348775629266851,-3.012834513682152
-3.147526880547998,2.564112458000759
-0.932531678935655,-1.0751632175459664
-0.7263414827738589,-0.7622389455539527
1.4140147528088027,1.0356655639469166
0.5886001484532641,2.1425801535101754
2.390239495852311,2.9110034879506275
0.8815582296182509,2.5473960722097653
3.2152241979221534,2.748116517822706
-3.3208108670016783,-1.1145757302664319
-0.6477715323218276,-2.747708542128859
0.7769913335874326,2.220051620322673
2.4744207444959874,-2.4655447469755027
0.9766395116194251,-2.8990377012609843
0.8184615644455993,1.0622254245020522
-2.708517967944556,2.728669037295181
-0.9698015401401935,0.5234160403470544
0.9378572089541916,0.755855213960329
-0.5805348864724889,3.0287217488814857
-2.713499145075703,0.5266379026857773
3.402799726418535,-0.3441506528667745
3.1527111896120634,-0.9874235855652768
2.6739486332616558,2.7181995235356555
-1.0322025284860157,-1.045439680240674
0.41164256892220763,-3.026656459651572
1.2589604361567386,0.519927376323584
2.944599600944745,-2.734502652633763
-2.1690709883311885,2.771914670336695
3.20204441543082,-2.6491219434625397
-0.6067016113839928,-2.673300640846268
-2.576015497624639,2.9759685079107316
-2.721073624382549,1.0148613096211214
0.7306282043598618,3.2756394713856922
0.6287102911612227,-0.767752670396678
1.3741982611245593,2.8536120447097173
3.416803992200534,-0.9922444401250575
0.966841683366037,-1.2257545733699118
-0.761014580588618,-3.085251087080246
1.2484431740206319,-1.273424986555825
-1.5168776789937881,1.4789148510387136
1.0444664153435512,-3.818953073556137
2.8564949269973896,-0.8029315319834583
2.780298379873283,2.880941776121283
-2.5539176464514157,2.9749006947941217
3.371944158015488,-0.5189866331978621
1.1023693438498523,-1.072061842067219
-1.674098393670813,-3.0700037266569793
2.659536471929584,0.4758422391893165
-2.788224252397282,1.2067470965707188
1.0310233963189142,-1.2547196218047443
-1.4490357376230871,-1.0569199340353153
0.8872474792746465,-3.4631550974413776
-2.916109493910196,-0.5001512021329615
-0.5569356832676019,3.151472494581456
-0.9406736448815307,1.4615306526705747
-0.8031173219431634,-3.042777416418695
-2.5267721678504684,-1.386677293001403
0.37025519193583173,3.469760299498895
-1.057685254804776,-0.7039032208884094
1.3415682259685313,-0.9125473998258329
2.137943411362522,3.307513323622851
2.6520084938668713,1.0338430639914535
-2.975653952637428,-0.964718336111125
-0.4163059111367309,-0.5436654068184538
3.377670379306231,0.7058095509343473
1.0069060611418186,1.2377380946072902
3.1925526195262113,-1.4490849334741125
-0.6479347711411674,3.452435374569436
0.9829945189624407,-2.6466563587971486
-3.0377204459512406,1.0028123163892118
1.1024337669163626,-0.9916159807121329
-1.6418220773339482,0.829606357522192
-0.5038870423432158,-0.7177368104764111
0.5913016543934392,2.2954049027809362
0.08264460022892509,2.394611693347353
-2.5519673098312854,0.6930704972314323
-1.3211004855921078,0.7757582018243664
1.2150168659916512,0.7433427029592165
2.065619272138171,2.1847307188945257
-2.746718337918276,-0.3488220243916384
0.777109989052617,3.480833912557923
-3.1180100956352668,0.9695266612117396
-1.7100664564104762,3.372532288011
1.1087668177351613,-3.253166542249262
1.353178438434654,0.790803945377365
-0.9775325942652039,-0.6514579014375097
-2.7313685688745757,0.992009760908483
-3.2072456203119004,2.5117119481424433
-0.44811982498256603,3.1800372286075564
2.37319906772326,1.000450716649128
-1.1500572185252649,-0.588549604220461
0.7372898337226244,2.332722888253738
-2.967267711357421,-0.5489855830096347
3.195924809235929,-2.9024518209462418
-3.2188388488208792,0.976750958423862
0.8536683630226265,1.3526448430245623
0.9412069832686828,-0.4129117110474015
2.522435445496722,0.8077581279456911
-0.7919999203162233,-2.593961938190372
1.338377352321191,-0.8234683234826938
-2.5819503551877627,1.4604989761758649
-1.2392795994150212,2.3959021616376526
-2.4890086480886082,-2.2747928069119334
-2.1890482227092116,-0.2539939790956672
-2.6854956173007505,-0.13021303899461212
1.0038593532045732,-0.8246552800953704
-2.7944049790412566,-0.3783719770262165
-0.8896947684835301,-2.8053368567438373
-1.2286482378835282,2.7109901481853345
-2.679088753459383,2.664794521141498
-0.9974518827853693,1.402923127140948
0.09609693182676637,-2.812391227532225
2.712018677845556,2.2315259925109374
2.70292950687099,2.398541608721347
2.638755961878709,-1.183336837489309
2.6854553896583067,1.319493364889986
-1.1790677509523102,-0.8006870644550621
2.5287985440509595,2.1128266513856304
0.6621997681373684,-2.389603200765008
0.5479576931681465,2.597032805512395
3.5115941316308263,-1.0049912328373758
-1.1315090879154828,2.6219448638899965
3.4452182435950505,-2.440711807793981
1.1503005555184507,-1.5528245829706129
3.264955617022889,3.1239747089401653
-3.2325071748692027,-0.7119206524271672
3.270002829448812,-0.8720791087084967
-1.0173036549438865,-2.794227625009642
1.683216792230338,-2.7032886289399602
-2.8429544160251297,2.605329445769407
0.6013265460377742,1.0115109872504484
-3.0607795283902934,-1.0125940873458978
-2.7207969051715404,-2.2232624725221726
-2.985530040738167,-1.231801764970533
-2.6760522067122356,-1.199044798762625
2.3192923536871874,2.555775072088338
-2.6912084605924913,1.264303088759935
-0.8237895109636513,-2.4053449204008923
2.7828984141902,2.190641750418178
-2.6229232050864764,2.1596122780913514
1.130009747878111,-2.1499260494635335
3.586870334651573,-3.0036263009396325
2.982204927934861,-1.2220927267128097
0.9881093431574243,0.8571546283470443
0.9263651739465969,2.7754020518125366
2.6795391095512286,-0.5812137243604074
0.9504046413783936,2.703134045215045
1.1491408417853708,2.9393882827618407
-1.415887646826966,0.6324912650275204
-1.7534845617058552,2.743121334720382
-0.5796309443968242,-2.8049067144007087
2.918996827714266,1.193143445119817
-1.7934553964777775,-2.4472714310844847
-1.0630328698115274,-2.635088010054419
-3.099383262767419,-2.1500218935363895
2.8918988618920887,-3.2614812706965446
1.2712714312374613,2.663159034041764
-2.6110248843872546,-1.1944178119286368
3.542062375508032,2.6498627325486175
-0.6685793616127284,1.707956592345667
-3.0161451599426674,-3.1498647809934393
1.6078864542593039,1.1086215740880905
0.857094590498487,-2.508718693889099
-3.171782537523463,-3.061624491856004
2.777381038261615,0.8704297067004815
0.3694838426281447,-3.024462836286718
-1.2973894366089676,-0.6604144686902568
-0.45095516572273686,2.4778681438392485
-0.7515287566768994,3.1888479631767277
-2.0541142720868746,0.19505093338225063
2.8496379097699807,-3.085865954840007
-0.9504314319379068,3.2408867971302575
-0.9394096506457265,1.0366448276340303
-0.7013456930571188,-0.861923006834077
2.5766035430412404,2.307495314784476
-0.6200437271090097,2.9545498136200488
2.9613636085782145,-1.27556746523828
-0.44288770916412623,-1.4118891450245576
-0.8873137006485887,-1.1167243654384267
1.1017609815315443,-1.2457932523136714
2.919119255387774,0.7781855240763887
0.6127559671552455,2.906849746144461
2.632983283265034,2.5326528559547894
1.175359486866382,0.630797308931923
3.1293915082420325,-1.0305166192213127
-0.8019353157563478,-2.743725037764175
0.43046092330634617,2.630051030713779
-3.16222827804029,1.062306905426629
2.8712509945034212,-2.8684805988556037
-0.7633378645211176,-3.059394329300843
3.259399343066513,-0.8270120335297384
2.36866874381283,-1.863278911272054
-2.417392519579394,0.5341452567010898
3.1188825972733456,3.141601516259564
-0.8663000885017816,0.803888231295533
2.9597464147097328,-1.4177133639745294
3.1147657849240633,-2.6877901355593763
-1.14053481109755,1.5350238809737056
-2.41193272388008,-0.6495866344542176
1.2247272789845272,-0.7060785908940328
-2.2553515164577416,-1.3155288124496902
-1.6251186842220178,0.5932349043600068
-2.250751057871062,-1.2459986040907503
-0.28005309887930674,-3.0028888147647317
-0.9441390977129,-2.8832612475775594
-1.430987150128629,0.8440061902667779
0.8208340051754486,-0.8715047655566083
-2.366335940561871,-2.8417984113142585
3.402823338513542,-2.864972089765935
-2.704839400070195,1.4191963491381494
3.2071706732155567,1.0198365572449226
0.3565709209377432,1.8423947261138032
-2.022157396544417,-1.1598626640696765
-1.3441476008031914,-0.8965322093940932
3.2660060377446944,-0.3895033346491052
2.930456774994266,-2.7565695747798937
1.160367379206565,-1.1506927722966216
-2.195142423127237,1.141450917690281
-2.7171526460053297,1.3331405814924269
1.3968519615543282,-0.843837035179895
0.9323096954236385,1.1456498790137963
2.9355136197105667,-1.179481495491895
1.1797184356382333,-3.231551369245839
2.41516575159017,-1.5678380252940785
-0.7374497203251079,-1.0461166178968557
-2.933679817074963,-0.8634983944174731
0.8485634686585679,-0.9594176573766481
-0.7857947311814495,-2.5977433394794014
1.0861338299988879,-2.3111713101528246
-0.9472922075067319,-2.787802447860447
3.2755829247078068,-2.560273561872799
-3.4946227961595913,0.7226907456609386
2.420464370117614,0.6773101938362734
3.168799154305402,0.6089968547840394
2.741502064149896,-1.324220528802959
-2.6989139967418003,-1.0980218404827378
0.8323712019833963,0.6075704711697902
1.1752298055589896,2.1822117917175006
-1.2854352183649438,-0.7588526665214419
-2.589809157983308,-1.0479705790585712
-2.951798712961325,1.0488337001069277
-2.5862048230148904,-2.596977517053475
0.9108656708606452,2.4284885178690394
-2.2111677225158877,-0.7111302359989156
0.29538052403483744,0.7979458428932785
-2.4594808713580467,-3.1293120971862067
-0.4521301484520016,-0.6267664029528169
1.0284495584391342,1.2777565169970968
1.3714332826383138,-3.8091555172034615
-1.2741051244737707,0.8113778023013081
2.795838414738704,-1.9047394585892372
0.5098996924134521,-3.2227714055025323
0.28043758985135453,-0.8245396741825427
-1.6417920823075771,0.925717497934787
0.42681525181137403,-0.6998672754553895
-2.9752009064186473,2.617496595646878
-2.43806409947069,-0.628775374649817
-1.5862024694538792,0.9925499173574582
1.371194904350817,-0.7236270750723305
2.1500898624309293,-2.7145120823366766
-1.8077470062940666,3.042197831310524
1.0946968083303557,0.2604880963613917
-1.4908038428355368,2.6522157104231527
-0.9652356117456793,-1.127180257099971
2.0337517448292943,3.191944375261306
-2.6425046828917944,-2.1953870682685337
0.6103162546521815,-2.341111566456778
2.8728438476537748,2.5072480203158936
-2.7494736852206367,-2.5050661933255705
3.3162721377820814,2.634821342571401
0.798956256446557,1.5728779389762086
-2.5320121534123197,-3.0323317353680586
-3.1494961493352034,2.9662053106496953
2.8997195165527616,-2.794581110559051
-0.6383595936346887,-0.8248472482120414
-0.7069783207666954,2.5641099423432485
3.4158986555230553,-1.6513663635012812
-3.937837088838422,0.9345550662870723
0.5430623776506041,-2.1458650011647022
-0.8096151717873811,0.5617091499947097
3.3846274946198958,2.7817756667298785
3.004788814677556,-1.2424780798091883
-2.52385126747986,-0.38310882179873373
-1.5068832896818003,-3.3999678041549557
2.8944702337889434,-3.281319753445464
-0.9151665886099561,-2.823578143949023
0.9153481894641077,2.7426279878475084
2.5944851516373615,2.3723278842601547
-1.4294756503375516,0.893998726100401
-1.414725785881591,-1.0310436797304932
-0.9837671643175125,-0.22840512142736794
1.2187146757856504,2.902037979578289
2.5081780123167845,1.3249624118359944
3.25609577571472,1.2058021259811091
-0.8293979037109881,2.2510108858138045
0.9575464551696181,-3.1731439273588924
0.9108901916772445,-1.3258559726429648
3.1628597689396507,-0.5138133553573195
-1.5772199442356254,-1.7583648962231433
3.183954042810209,2.2748743342467406
0.9287399581494882,-1.1749707917703558
-1.077444731500244,-1.2460362584371756
3.317939257349974,2.644814488341786
1.3584210178330727,-2.98472672494542
-2.852163928363621,-1.3241968514006461
0.6052553833579101,-0.8184702650340973
-2.630791157890485,0.5527272493546038
-1.0598574424984655,-3.1354129436222418
3.073785367696841,-1.4281173164841252
-0.7263039299458764,-2.4121144910537904
2.771083220644624,-3.307332722677667
2.720815165867718,1.3267910711487272
-2.208394499431893,-2.604738083279497
2.5131520126095483,1.4637877973360804
-2.749734080389066,-2.1682940385681753
2.011893135704828,2.187319588007473
1.1025626073460044,3.0518383359407464
3.1106660775529154,-3.442462111648608
-2.951238265664972,-1.126299554979044
-1.1135137621622735,0.8443308206660438
3.277300783434771,-0.5342031954251134
-1.0809747163864378,-0.7263235181687548
2.188498490294976,-2.932374926879245
3.284290107619525,2.318463568686691
2.6680277232013836,1.1346810826022993
-2.5977051184514974,2.6200367934978392
-2.6246202426144354,3.4307530541494966
2.8559145495429865,-0.4143838445668657
-2.2365490104124506,2.834627960294504
-3.118274638323357,2.293148209833255
-2.8878962650946964,2.1478948612810487
-2.8211713251924713,-1.2710396857556965
-0.5666153333089258,2.659207116364469
2.7867654678844413,-2.449613669244354
1.3749037036850364,-1.434205183026855
-2.3288052054527975,-2.3472809309623814
1.2296144022109843,1.046853535803824
1.9602244895681797,0.8623723259344122
-1.677367926608549,0.9769493236306589
-2.839775066438288,-0.3683445321691606
-2.488595733775208,-3.2824125945998985
2.938887184796336,-2.824715636275591
-2.363260101606135,-2.962290374605948
-2.1792061656562742,-2.343482768727812
-2.9992735008169036,1.5851832405408652
-0.4154900523009327,-0.634596157060301
-0.4589230885047833,3.173529742938731
-1.078188029423501,3.0406371485783557
-2.765131417474456,0.9356739150165831
0.5938700754315189,-3.439115305016548
-2.857422832897649,-0.454949351409163
3.2317854827617083,-3.8613370327051997
0.5443846487197133,3.472513661715394
-2.7204262998842736,1.1807435767372758
-1.1338326881469958,1.3589804021567693
-0.8712081691098511,-2.9856096485401675
3.166009337690012,1.0095398262440776
0.9193527980462086,-0.7624794470862122
-0.8119401224295774,-2.978028444131737
-0.9052637506463088,-1.259171192699098
2.634114368940222,-1.1768855076289353
-1.1900629745550793,-0.26609559908562186
-1.066151249024466,1.381086502685655
2.8317165554265764,-3.413427743836429
-0.9419778980420112,1.2241426620583276
2.3695820292379333,1.5095495917454516
-1.1678177072654883,2.9804336134018885
3.353531455623281,-1.202031434483686
-1.5558391177552007,0.706103745321563
0.5438417815177067,-0.8225779531198508
-1.0833012942693505,-3.310972505644311
-2.820728104560595,1.8959988639139271
-2.4450753921055166,-2.9286279029951663
0.8200563162330065,0.6690309438624923
2.822517711316664,-1.2857224505914377
-1.5287607920482722,0.8903012772692976
-2.228847064094821,0.024486303314647212
-0.9262409169776183,0.7342902259583801
1.6942593989666215,-1.0735696270240125
-1.0525393896176063,2.357274675435363
2.732282906043993,2.905396364509732
2.4471545241523676,2.482188895075143
3.086404147476088,1.2146520195286494
3.0777342404161963,-3.1701303194540658
-2.741065693931853,-0.8428195106708359
-1.932915006130056,2.7603498106067064
-3.305749189911378,-0.858494250874333
2.7141691793037896,0.6796998195589307
2.6175909671679114,-1.380733991959998
-3.168229871186243,3.114152893572524
1.1115879046250388,-0.5876998603353153
-0.908850106346536,2.42260683691284
-0.9022033004096974,3.5640613990851424
0.8525602802919908,-2.734330370801163
-1.1603773525044563,2.2893027036183686
-1.1920315112586493,-0.7713692237433866
-2.122017914581096,-2.5422520500589716
-3.888968311604982,0.5409310602279018
1.0019937796867286,-0.746427567682416
3.4594326456733087,-2.678648343299254
3.0372611402471583,-2.7457593703137486
-2.4667880504241775,1.5545615279538305
-3.479565440607026,3.13461284366601
-1.1102784531800438,2.6372583767015283
-1.6676367980855515,-0.7821275592660252
3.77770061316788,-2.9668252203550844
3.099625656044065,0.6693281049809704
3.7212969002551164,-0.7739819148455735
2.7144275056957503,2.3761222498782426
1.1331773515720356,-0.6805889777694294
2.755351659672073,-0.7549865630817588
-3.0355895850901455,-0.4996101955434482
-1.130836723471521,-0.9681508788907645
0.7126385214500328,-2.9489873708531595
1.1426877315352755,-3.0924262394295194
-2.977256650107303,1.0473352010200396
-0.2465744253709995,-2.954050794778447
0.9671659631754672,3.3374701087383776
-0.24513074174439975,-2.7355264849403973
0.8780269832959069,0.9657610943805325
-3.006028505174311,-0.523850567118734
-3.0085488764356842,-0.30858222849203376
-2.9766276601736177,1.4010764639220554
1.4255853371052278,-0.9646808783261879
0.13493360657458847,1.1676493734929838
2.978495460466585,-3.2511331240550434
2.548119421407412,2.8519040304274283
-3.0888634250801075,-2.3804489863181186
1.4885890771272574,-2.806342889233472
-1.0480329754525426,1.0374919093799118
0.8487650724438742,1.061455057989522
2.9978953091873346,2.3949710986561628
-0.203719954398442,3.2324152962599992
1.1726673929485913,2.426239731461757
3.0627883253982775,2.6402622280748567
-3.3059493817847136,-2.3591975216376198
-1.2725552354587826,-1.0161982454503509
2.7516529031883903,-3.23367169579647
2.2941488080473205,0.8440782611208433
-0.7049597927691748,-0.4693385809134037
2.6651482102321955,2.5711593791235186
-2.8965746441995015,2.767665053946292
-0.6221150968421513,1.609546650377139
-3.424647117039333,1.138399566147806
-0.7792323999055853,2.9056418735075553
-2.6957002149208975,0.7822152902248429
-0.34389639686493456,-2.9169425163960008
-3.5284843889391486,2.44263532057983
1.4681822495917147,3.1158066536011755
3.0585116793451035,-3.240132481814905
2.3861280353483636,3.2631960418520314
-3.0092001190530406,2.413039354226717
-3.3351042390297194,2.5321170177687793
-2.7464061724622186,-0.8969954658369
2.3837608263562986,1.079179340778366
3.0942748197437764,1.0466474410398148
-3.4854570300974617,-0.9620618481929222
-1.2877501118224304,2.9925070356164873
-0.8028441846832268,1.0657046725911974
0.9109248190224156,-3.2738371166292817
0.7897879891457974,0.22743877533698362
1.4788019306130735,-0.2868504189923019
2.7454133934884544,-2.9442383627855047
-3.008425121617105,2.671398523515097
2.92615615498684,0.04087762883660372
1.1541233952582384,-3.511666790195866
0.4732389896787265,1.013694083845417
-0.713996500353525,-0.35847200716140093
3.2515337930325905,-3.071049490801038
-0.9037558805610159,-2.768611297215645
-2.57000264374194,-1.785468479611558
-1.671695464379659,1.2003384270015378
-2.3268274442793837,-0.4811084377761926
-2.23748654665821,2.7793887194826845
1.021971769016641,0.6929916251343436
-0.9112875833787378,-1.9663529888387652
-2.154922941210575,2.818476524548477
0.8094654752759239,-0.7701784908199488
-3.1413732466439073,3.2726017433419
1.1534009191743042,-2.9016414400278476
-2.820261953424979,-3.441565201496388
1.3571216297053894,-2.498473071548491
-2.421810087636457,1.1837684452908475
3.215370489929981,3.007509968831491
0.8111511698244022,-0.35046305233086683
-2.6744465869552694,1.3271743635874227
-2.6625652279641754,2.659138580105221
-2.9038957596433286,-0.7772238733180309
-0.7512345402894961,2.7991954009302615
0.36309169052550994,0.7987433209747691
-2.8527877859356248,1.5441901498075792
-1.21285965209342,1.1340313247654354
1.1412733669571884,-1.0807227948624387
0.9608549712009916,-3.0278848560133462
-0.6925844494555691,1.2287768084947326
0.8224861992698801,-0.9119245990613117
3.0902825843723445,-3.8504683458740865
1.044171990350698,-3.3156859976114426
-3.10960745469016,-2.9640903428280136
-3.593964939366955,1.4570659845319969
-2.6409169507295354,1.2913683620224652
3.0590496091472676,-0.5772520562673747
2.8303942104602315,0.3953053787419712
-1.0715263535414825,3.1013357822941106
1.0616507465140197,0.8465795940677854
-0.8486729893781483,-2.922189130172879
-2.5928973409174456,-0.8427028334884362
0.67653620715542,0.9688839084803883
-1.9679233507285234,-1.2486662466263223
2.8765283195900997,-3.389346006313396
-1.1750984592849774,2.9624943478965244
3.4508924270119903,-1.2333056740599402
2.4547311257137787,1.0799662538473151
-3.01223490793837,-0.5518452828635477
-2.42321922337357,-0.9975120637928321
2.512038986056647,-2.8400777317907493
0.7260204998374776,2.488932145389592
-0.9965796130092242,-2.427584368612412
-2.896063649833278,2.5311512388242075
3.2892459335306525,-2.471484315631784
3.2489532204222153,-1.532207630500997
1.2180341092140405,-1.2509708079305697
-1.8573113201618587,2.397626106661668
1.6110533437818229,-0.3100130442424068
2.8990894962733362,2.79984947294367
-3.0139491449144873,2.7325262385851348
-4.07735019958607,0.6017602578050978
1.0865737858139901,-0.3872813491192465
3.174984036456285,-3.3612201745969936
-2.7064559168607314,-1.0894480989594775
0.9082293195210953,1.0646320161207008
-0.7115991754747159,1.1356342416459797
-1.6524848290212217,2.628758491010911
-0.8620403513276415,2.6419270140132927
-3.1253435803918683,2.7435280591567
-0.3958053071340553,-2.8491995246795803
0.7689550874270078,-2.6443325357846983
-3.128044899439771,-2.283364633093714
0.6731516938913162,-3.183584186877499
-0.9967781703958215,-2.991828317808391
1.1362097474945207,-3.3290310642647536
-0.6602129349601331,1.406844468003379
-0.7332564363385388,-0.6675182311930669
3.3990955523528443,-2.9279493923971227
-1.5361620607527227,-0.8133750410797257
-3.387193389916781,3.0004534980622384
-1.2063485134295022,-0.9252568078163491
3.4072070784277715,2.303786283689201
-1.3334517707058684,-0.8783703958886251
3.295777178474246,-1.7413396024890615
1.2520882288795876,1.205493568963087
-2.549123952689978,2.848746529377034
0.9329854009152072,-2.68440966165151
3.209158904620501,-1.621374660705875
0.4558565891412489,1.049638842968095
-0.8411281545496485,0.3027134293520634
-1.271295856811146,3.363795824525496
3.062313628762998,2.9368422565563015
-3.2213881458184366,1.1996754745123714
-0.731576716318353,-2.5845484480185177
0.29290018882970886,1.993501849954722
1.681188606481694,-1.3465016177679405
3.456409968169589,-1.1034333675320147
-2.823970578434949,-0.8652495767380642
3.4333747120621063,-3.9443817926585205
1.1742422892821864,-0.199041928627045
-0.8809503639741098,-2.8746476475454
1.0262701947999402,-2.3768974021175966
2.9995005945581057,2.5879173749262985
-1.2501714977635312,2.7523385975348953
-0.7150560647554853,0.7016875714958385
-1.3149528743361114,2.9761543944377467
-2.8317994865357656,0.4814710444956237
-1.9812988850309419,-0.39341826020731063
0.8622349851903474,-0.6165306328653062
-2.4589992326211076,-2.655789906736591
3.1940333153602505,-2.7722897754283995
-0.5354651430349496,-2.8551519351565475
-2.373233919499868,-0.6885236256719267
1.4233257748136334,2.9961589293924
-1.351558412459189,0.37325062667323083
-2.746843466688752,3.13347496665275
0.9043863909710387,0.7935156525065287
0.642674415900529,-0.835673929713766
-3.1111491410340952,1.7916564661559315
-2.1113076280589027,-0.7283673162184687
-1.3415512251576691,0.9506839528248797
-2.162130079388461,-2.7765457618385962
0.043609337022475096,1.3586920303513181
-2.3975404619541285,-3.1311827172092337
1.4636940415405166,-1.4578132576576956
2.1267110561362474,1.1388966174581452
-3.1746830345523773,2.806684773673067
1.4035765353555918,-2.91763945293468
2.7530996439063107,-3.4985817584109715
-0.9607668931738363,1.1866932836993496
3.310007658124777,3.013355705289682
3.3532330711463296,-1.2317877098451362
-1.1485298342955936,1.238523270500149
-2.4186288148601163,-2.903684596184244
-1.615794598316308,1.0032925985615195
-2.856966905582317,3.7950312267399826
1.6655414699769446,2.8609283922367426
2.120664092517376,-3.0917345700756447
-2.7515199367283185,-0.6629333194831618
0.6645292698102895,1.5638066163283149
1.089388598411596,-1.4020721009635027
1.4846407079081512,-1.7158508780966868
2.4888262628067808,2.8960322836666825
-3.5347597368711594,-2.2703929528376023
-0.8002333367772383,1.1000325738505914
2.5859010810373304,-3.179554925249034
0.6722088789594609,2.947910897411107
0.09907540118645473,3.0895814462939297
-0.53764149393864,-2.477208835738961
-1.6996744110879833,-0.737754069103446
1.026399351149245,-0.7383478188434687
0.2632148642534766,3.486271091491296
2.42396543934676,-0.5897173823481339
2.617089684894998,2.445696970061282
-0.6373623483098573,2.916945932525557
1.2971669874223786,-2.6853431852252725
-0.1426491842513228,3.1867256587687676
-3.806290321737757,1.8775181939616858
-2.2177873757427595,-2.582797326460334
1.9889009682856549,0.48623578373226367
3.1219744558575715,2.7833433722991847
-1.8333518801766777,1.2809040012065789
-0.5981329998155336,1.0712046674951812
2.6644248945995117,1.237728162575212
-1.0148397281188437,-0.34116064879277114
1.1048280292272517,0.7216239728625651
0.7910859055606091,2.9444321693709057
-1.343830163786858,1.182274749313232
2.870793114839163,-0.7261596849420513
-2.5777119675393494,0.7511961780301881
-2.6321093396720947,-0.7342146746285534
0.5651230684100083,-0.947537838660271
-2.369201221952447,-2.1063745288125406
2.3922950586555287,2.6844184829125814
-1.7302142986998392,1.5312484999945337
0.5797740339954758,2.575792449234444
0.3432441325269509,2.7204685843186494
-3.363518661154723,2.1475015845059677
-3.2089720750125794,2.666203831289121
-2.8242493755807745,1.0313370598204952
-2.5020920422883264,-2.381266546255349
-1.3917864041404735,2.321264350062816
0.7780995751188761,3.2226008038917904
-0.6173588265157144,-2.5675335175753746
1.3508473694538903,2.507009048890441
2.8891846362655222,-2.9325734526616456
-0.982658173744507,2.936023985067318
2.966753886044833,-0.8380286420605365
-3.872639268784193,2.941707992405446
1.7870234778098137,-1.7723291058312154
-1.1398438648870601,0.6967066285585294
-2.9060558214018277,-0.11370501436569971
-0.8451951579995016,-2.7183179432291498
3.4385240897923066,-0.853732160772049
-0.9876182977187754,0.8690448153045468
0.8891518884920498,2.9529142729053177
-3.1429372381624123,-1.0051325355858989
-0.5241258002408893,1.3304754103888665
0.49785125694346777,-2.5744185018273296
2.9663871867642797,-1.1645200165823981
0.9172204405198509,2.7525497714143548
3.0083920120396472,-0.6682094228083587
2.910012824277783,2.7201072977128287
3.6631205797614066,-1.6423694240101374
1.5078841507296878,0.7825963683120911
0.7438702747117284,-3.3083447566412985
0.45198824441419005,-0.9003583292063456
-0.8014838565836907,1.2009003335455406
0.8747568261301315,-1.2290269948469563
-0.9120095280509131,1.1043613943481183
0.515540340439857,-2.8352635555712165
-0.5613477201794993,3.0975328074013655
-1.1519082712534727,-0.5616388073312415
0.8770934680332869,-0.1756162186380531
2.8412924692664148,2.888962342865674
1.9155608981408103,0.45320125973029957
0.8468061694199089,-1.3950269434484504
1.1875063943986501,2.7445136664999774
-1.1997153881706561,-0.6711596087989697
3.5574568488522944,-1.5053954702316459
-1.6916080143704555,3.1790111592612287
-2.833460880912021,2.4663240601945575
2.6967122004867163,-0.9966876214777454
-1.9516687385687215,-0.8538969808463476
-2.895419791644691,3.055722262661143
3.034071453871823,2.736444688082972
0.7873658414846014,-1.0727923395879257
3.4793260307408818,-2.7060204344348002
2.766570391329441,-0.777355042328674
-2.7458169493525024,-2.6572171792953965
3.557542680080132,2.1961311224109177
3.7174880584755106,-2.492240204287873
-2.5789122748512248,-2.256423917747382
-1.1676778713894882,-2.2254877368983634
0.49484996382235236,-1.6699430887495632
2.8565736979010934,-0.9062086848908898
-2.745176496114056,2.735938987121787
2.797033898214113,-2.6272673042748864
-0.9931569387757547,2.216211849391991
-2.260561345060005,-2.6229662150746345
-0.6798401305537781,-2.8431501701777564
-2.7462651242214573,0.5977694338973764
0.4237314461645466,0.5355439136713996
-2.892510003200954,2.0550054976408
3.008393362640445,2.618626001016684
2.9348332253534637,2.5290564669009847
3.073786196920204,2.8100046519994226
0.8790732109966507,1.3368515586799647
-0.8677081280574054,0.6006474599177286
-2.6039213917081128,2.427285281810484
2.3999731848232657,2.3934084762943164
-2.3043524610135333,-3.4712971620239728
-3.1996427855017937,2.712884680315121
0.7826668506579142,-2.4979600638814197
2.451310197026355,2.2490875117168745
1.54343479824664,-0.4878409717286089
0.3756448691789481,2.4861322957299437
-2.993057062622489,0.8394942782915894
3.3234100923344663,0.899306326059968
1.5970732250722923,-2.7927501422216925
0.8538161183413516,-3.0340818187832523
-3.2575370389557703,1.1647490843002004
-0.878494506283614,-1.0772256614573819
-1.0245905317972457,-0.22152157760484537
-2.582162860800342,1.238369340100818
1.2291887965958221,3.0728746647759153
-1.744352477060817,-3.2692914586343864
2.7196407910527327,-1.4325017409036502
2.8602081673255317,-2.405936751405216
3.4423268384188694,-1.7619675840452451
0.7463462901098578,-2.658213422424356
-0.5742547473108864,0.40690654126137127
3.1089050453763365,2.6192748521661215
0.8161414213670168,-1.0967022313212607
-1.3423072050454774,2.4380003592242634
-2.285888765287227,2.391727325726983
0.6872575042438228,-3.180200098685141
-2.1103267552541505,2.951177200878344
-1.2839474810462612,-1.0458685034533597
-2.536177716327018,-3.1475683228711393
0.5181696560580574,-2.732063663612494
-0.9320638121583066,-1.1290508966874622
-2.030854614254202,2.579553108253118
2.562444736992824,2.9150319087854686
-0.029797432932918186,1.025608730100042
1.407318162371034,1.2195430845460389
0.927327884651605,1.986208057378206
2.677482045951941,1.261442414200789
2.6898972844490965,0.9880579345489537
-1.0702566188224092,-1.273249609376947
-1.06546250621667,2.616600131077629
0.9588579641371882,-1.1554784455656144
2.4082238686736677,3.5452237142210983
0.6516346565589574,0.8104770302300908
-0.6520585222673165,3.0915320608561583
-2.9486402476303817,-2.6897276394972165
-0.6003651981425718,1.1971987807736288
2.916089341775878,-0.8017077662696799
-0.770663192721895,1.44364350763432
0.8660007820957589,-0.639131488315175
-2.5618678573399176,1.1913525667674574
-0.8006589052281812,1.114697601398858
-1.2382192507603575,-0.58388139283708
3.112832009791908,-2.9849662091866223
3.0316551558849056,-1.0098197320631093
-0.348582734079356,-0.774479163547264
2.735591910233412,1.8128410819581369
1.722859780680001,3.694824457423525
2.6995281429332576,-2.9190690248837194
-0.29944532086686526,-2.8423475926942223
1.1356554172469837,-1.4725917696702095
-0.07018445825149862,-0.6381198207969199
1.4548465026964565,-0.6642471305438963
3.174327613972285,0.9293099449510906
1.1465634955102535,-0.8473620221968762
2.687481140468299,1.458399881946209
2.0029237654199306,-3.033465826212003
-0.7556025832503898,-2.7452797464947643
2.6537580674431855,1.1429613596541897
0.9818652411605854,0.8461513955500747
-2.709944903090355,2.682375290932503
0.47783061378564323,3.198918467170128
-2.903048155034063,0.9533269012007258
3.372770193336796,-2.6775670999901564
3.656453317766816,-2.817177025806401
3.008752236206739,-0.3335738345706294
0.6786735175417524,-3.376944258223556
-0.5049775125675872,2.371383304109767
0.9811034566728325,-1.3621822649582531
2.6540146405318885,2.6141106585688165
0.8660171720734853,-2.4990419232790275
3.3682868148991085,-1.30275590722343
-2.3946044120908527,-0.3043158715760665
-2.459919467917429,-2.319987464225359
2.5672323003409976,-3.2769322008721917
3.160167010803649,0.3390468507465685
-3.131055772884416,-0.4897573145943735
-1.0892026859406678,-2.576016176254699
-0.6431331238733543,1.2149478992580405
4.021152883761733,-3.92375805780123
-2.693098228987297,1.5109285786420201
-1.0330094008913926,-1.0060091063839947
3.13404754624816,2.5540782107913174
2.5924317817586444,-2.0214097915265063
-1.2491107386415268,-0.38920395305150784
1.4543316321442463,-1.172110515391594
1.138496375833102,2.6923184312287756
-1.1861992573412221,0.6153484104921298
-0.7768180864745788,-2.5282475559456503
-1.0288058094977746,-0.8878113599348537
2.7374199766216565,2.1927322352602703
-2.8648786171420237,1.1279043509430315
-0.8989628036015228,-2.867617141367813
1.0779869244880522,2.589946826144523
3.5070141616558717,-3.00085035059509
2.77949194195419,2.5842731095476523
-2.8331857141108805,2.236788239336449
3.5185661968512734,1.2145509346182863
-1.0228453469296521,2.8958847799910146
-1.0232651733854643,-2.4228000886066585
1.1763095704179194,-2.399759391751836
3.5063720771313283,-3.0030832389666897
-3.256542814209346,2.546318645456004
3.4068072571124564,-3.1291721270432373
-2.7991262742308782,-2.7533789728673113
-3.0257542492719556,2.621824531511929
3.43525608672461,-2.6330898909610534
0.9592169789826992,0.8551759823892471
2.7006825462466995,1.0373383089195143
3.266052288526275,-2.4350900063571057
-2.1282068866940524,0.8884798561043896
-1.3122416313815266,-1.3750425573351672
1.6464644848135095,-1.3000985598735297
2.650615401438761,0.7253354560986582
-2.734199619135169,-0.29273476632455186
2.6769944074172276,-0.8810204021656638
-0.16292388016249773,-2.9004887619837665
-2.5333002545227896,2.2838635406741963
-2.8205067012261997,-0.5198358794132817
-2.5995416604314965,-2.218171224442266
-1.5131429144606383,-1.4838903931222505
-2.799602067195155,-2.7977116282513887
0.6070881771273414,0.753955243964585
0.7002504448850219,-0.7385013354424576
3.249903661915947,-2.7476551451119557
3.0006060296087247,2.9474064617017564
-0.6930201365617245,-3.1507481590048667
-2.7675105425492768,-1.1660070189406244
1.0319057179955378,1.1745756200591362
-1.342800012997642,-0.928359323059426
0.7496092491425781,0.9127416286887144
-3.285356942010452,-0.5744136140569929
-2.231513597301349,0.5988947902735032
0.28509068224821915,-0.5810551599150648
-2.1586508096152666,-2.945594279112062
2.976995142214367,2.965458768419655
-2.1993215191440294,2.803445982302034
2.9797109859975235,2.8094156595492055
2.4357389795746105,-1.2021195833915799
2.9767419818303003,0.4622005488706549
2.2684847863665447,-2.6467693559035395
-2.579983222857349,2.838887162094322
-0.8542931098039188,2.4016191002867537
-2.594954532350167,-1.17693097712501
-1.2827245914740595,-0.604141950909388
-1.4709619613152147,-0.5288219675972043
-2.2606213888296964,-2.6254041777875115
-0.5267742546861158,-1.0812185646140733
3.075941087181852,-0.9669627312767904
-3.06988027574459,1.0913779255335492
1.3798672664298461,-1.2879998126352563
0.5090304489898423,3.304819970046963
0.9054857297413764,-2.918989593317124
0.400004695594164,2.712076085142573
-2.644240444124469,-2.1342039658130973
-2.683866809546065,2.7500795063535044
0.8022716115455213,1.3221906723289925
-3.0941800784342743,2.098599737712573
0.804366636615206,2.5309585256681633
-0.8318359353727859,1.1842102501462624
-0.927115402333045,-2.925893552792683
0.677433760896322,2.877932076759542
-0.8280470653830223,-2.228581070051825
0.7397774377323514,-1.5680285170087438
1.2042631644129287,1.0197692160609821
3.288798375580325,-3.2183596247967903
2.4726219073788562,-0.7676420392589405
0.7356168507346237,1.2302848696386652
1.1048647654601456,2.73041913477638
3.057303964782956,0.8898563870404599
-1.2140112593350605,-0.7506995669820278
-2.779548951663277,3.4927285805837323
-2.715070765568138,-2.5505970819139168
0.632503073746292,-1.5500677811179144
-3.003211391774293,2.9886633350139733
-1.0063820917097708,-0.9635886277426327
-2.9243853564065443,-1.1474764951283136
-1.7988651156212987,-0.7631888875585761
3.082422712943446,-2.473416399412241
-1.181576320085921,-0.8706879998745275
-2.791132732404406,3.3299146147085037
-2.7517508243638558,-0.3977232938780409
-1.3096141378157216,3.106325470024038
-2.920882320094633,2.47669657507516
-1.0682507738471012,0.9907673960108762
-2.586282110707877,-2.8027238532253054
1.678059362252362,-0.4764651110521537
2.284668894633495,0.46128587307695945
-0.6980488814769078,-0.8493230949688643
0.45869428227819076,0.8093514221572408
-0.780929813728759,-2.344675728885065
1.4464463589692487,-3.3547420841928584
1.0391806730584587,0.08629421848433322
-1.4160901362035865,-1.336591877717617
0.8773816090794015,-1.2409367961323123
3.0551824173380573,1.478031037081885
-0.9770812955226481,-2.5098408293041246
-3.057616432414389,0.606409547561546
1.2654736816776682,2.926221002894629
0.6888277915276884,-0.8847827351492945
-1.2733307703451424,0.07045608652057571
-0.4006286528812649,-3.2106181708233876
0.45575851320704747,2.828322144530156
-1.3637874745302314,-1.2591397124272359
-3.0186755816971518,-0.382112022450868
2.9889452992764656,2.696754062678018
-3.086186564545333,0.27181085875618755
-2.746283481193148,3.248359370715837
-1.4567791516162945,-3.068809509787724
1.6647554788205297,-3.666324434653402
0.6606951459322489,-3.0375216610371636
1.0938101109316143,-1.3407368873432077
2.858028007767995,-2.9433347045666185
-1.1586533245763222,2.3123188865496944
2.492767078848247,1.0496082789872299
-1.137991523612154,3.006532657939152
1.2301797962688998,-0.7657346393132722
-2.2662123072971507,0.8823247337932365
2.769572010089104,2.723486103774857
3.204207634118063,0.6149611616974278
0.9879742203306517,2.8545776019285296
-0.811112335496184,-1.05311813288054
3.435243758419982,-1.4432640069486353
-3.0067741441780247,1.3046452071983077
1.5669588824917169,-0.7870547948155263
-2.8718621467594416,2.8291749134639694
-2.275810349947268,1.2153508116088494
-1.3013397626912837,-0.22998592438173887
1.3023066362497455,-1.198360780947181
1.0699621229754914,2.8259955270175587
-3.3242074552174627,2.8045366145163966
-2.116578776879133,2.3556856082298316
1.0461775143034062,-2.768663290571374
2.7051874797290876,2.3698362261489074
2.632384575024397,2.461709024764119
-2.3796127100520033,2.922493707373399
1.1468751068457879,-0.3506819783145535
0.7733984978446082,2.4465757360589513
-1.0548392419603465,-0.8604594108759556
1.1319766330883891,3.0426828079326715
-1.1389242237408324,-0.15803052377635154
-2.866578685355029,-3.343940915049383
-3.201257168043148,1.5561686503955043
-3.113757701228897,-0.7905701628826598
1.1499859931238838,-1.0530549166076315
-3.1169553849372003,0.7062005038579277
1.1837209957542993,1.2448737997433599
0.6039153030890525,-3.012005800531904
0.6616471107825513,-2.7461598859642535
-1.0274360458376557,0.48230806068381343
-2.5523961086481477,-3.3660915979565673
-1.1043394798944717,-0.9130764543371267
2.7134397010142894,-2.6483918302372365
2.780213458214314,2.0350049500578034
2.6539506644557105,1.2687386896531798
2.548463028346088,0.8444470058331084
3.042222418365641,2.6570489204570658
-0.7460121247806969,-3.1386781488629394
-0.5880942784694584,2.726999205246376
0.3844620391262985,-0.469376999591605
-2.6066222854485974,1.1494412047456857
-1.3010997753587064,1.7501623608899564
0.3161211935973421,3.238543473527482
2.6539239996529136,-2.602677810508998
-0.5796471732665976,2.106149289691353
-0.9785556976817119,3.256234043052694
-2.7386865915319363,-1.1988477446948276
-1.0984759579104244,-2.5000314862032305
3.392101297953276,-2.727477137907322
1.0444865931723801,0.8542778157301307
0.9766238731642938,-2.2075195848866764
0.879978770617962,-3.346586355903115
-0.7201907976896011,-2.3999078220612526
-3.195661414218732,-1.398943210929249
-2.351395590401612,-1.1192312209326536
0.7000892547826326,1.2842325148697475
-2.559289629500537,3.1800360652678052
-3.2980139464918095,2.53492906810467
-0.6090517802238938,1.0733104333775694
0.5942448970353795,0.5438572658772454
0.894125128720073,2.784030757408286
1.1764584306764256,0.9536100110858567
-3.017252333275723,-1.1291024895903878
0.2711476154869912,2.386567665599413
1.1795445521620513,-2.854897025065476
0.7657503368269355,-2.6923121456264494
3.0782932070372775,2.4826993668350963
-0.7510218118553693,1.262595173146494
2.3918382325640377,-0.9989946591335623
-0.7030915563609889,3.2076192031323076
-1.371400445812046,1.1052613641317277
-0.7229736461443648,1.3156075435128105
-0.6380300622447161,2.9666309243921343
-0.6817954777577235,-3.0247419942980853
2.5572574487670443,-1.157864104497249
2.2128368338713447,1.3818684802223298
1.4826710513516448,1.5378295558476138
-3.1740912961445935,-3.037689417162882
0.9545404589839527,0.5586162780118838
-1.9164291311036545,2.9902318435114004
-2.2844280365537246,3.340561617458754
-2.721337237289743,1.1508569546832503
-3.0655189575833743,-2.544418216010244
2.7734035462348627,-2.9537507696814616
0.5463250610852808,-2.997474176237901
-0.5945717723556067,-3.39121445185729
0.8894087782403054,-2.9379258447984182
-0.7764689241767796,-0.9770475296366025
-0.6052269719174165,0.5668196979120825
-0.7942535629589521,-3.0810307428228336
1.7026335278842624,0.6157841117010241
2.8654444761951274,2.230500032610311
-0.9878617873790828,3.15883751605826
-1.3142082023854271,-3.1028551984552144
-1.336303055364801,-3.129476080357143
1.6103003998607939,-2.8233452968203694
2.292908880444416,2.1333382694863645
-1.117349850359705,3.031678401537544
-2.304455110439167,-2.3318317193877505
-2.570393846828367,-2.8568432564345785
-0.9795437086496505,3.103757644953028
1.043565660375198,1.0127918000401561
3.17268696695722,1.8733381810756073
3.0337417617079985,-3.9938193023333772
0.9712302931879631,3.3652038584944677
-2.5414311470870508,-1.7431539612749964
1.0299802479698197,0.3128250571067637
3.204638887505307,-2.749448680516894
-2.183945577569666,-3.504444949640568
1.3266994523871987,1.3239872427067816
0.3737120944901337,-2.9689606263048716
-2.7108347881807986,1.5244295787536668
-3.20550375007389,1.4145619747713407
-0.08655799775224561,3.3722116553323835
0.35824235067253135,-0.6602993378471004
-2.8339896279399874,-2.4155180613431733
-2.6081796531070056,2.601315843346776
-0.7168309241924299,2.8714697475365014
2.6523836888677192,-0.4433608312019797
1.3386705709945417,-3.1518526055258627
-0.04892098605039087,2.2060910017990247
0.5146108678596936,2.7747690761651738
3.4083226898142223,-2.4975283051466994
1.283129898778467,-2.8445003919898175
3.2577424698634356,0.6092407779458792
-1.0974135877763351,1.225010114841061
2.83794391821489,0.6189463147003483
-2.3643438721846044,0.9592451198468478
-2.6143262601504795,-2.431302278349698
-0.7783576715570023,-0.8850824206416911
1.1176815987396644,-0.4745784773131937
-1.4619744784238662,0.8399381775928048
2.914615401095421,2.54140942829697
2.549257049881999,-1.3667626613994723
3.186704650460095,-2.6940928807578453
3.1398787138701163,0.657895607442568
-0.9219923062747543,-0.7490642605467358
0.8873181452367391,0.9543636846154898
1.0367089554174753,-3.2082899156115463
-3.0575207121792443,-2.8549504121567897
2.3160074369261,-3.287238316371717
-1.268748459188379,1.7251724913945756
-1.1341562827796903,1.3022304039662485
2.8221384902126068,-1.6673486314692016
1.6088675179791334,-2.889132204032585
-0.46080370931404613,-0.45457816226572345
3.966618340763884,-0.4567933750170487
-2.5931023611459914,-0.7702301911481517
2.37517650370023,-0.8501215152139783
-1.3568736662470775,1.1872741788068384
-3.165554959173977,-0.9938899775849711
0.4785691185998433,-0.630509857783958
2.7459913714207875,-3.059534674983306
2.595178949937156,-3.014728089694715
-1.3701451942143883,3.0141508759936326
1.0339383708408723,-1.2192516146335486
-0.9125622727310783,-2.594589783263039
-2.5811091936537056,3.277143802122415
0.17353039995918002,2.894896900903743
-2.786651324199042,1.065076163657009
-2.959970647903,2.345149742935175
1.2837568605344127,3.3810950713303476
-0.5575077157260819,-2.449423925519266
-1.0354313040691812,-1.3990606419580949
-0.9583770013890868,0.9144691047685266
-3.066192795550119,-1.3567694170985258
0.7716039145140958,0.9209389965387522
-1.1762991411571786,-0.09134513337911189
-2.5326475940835618,-1.118360199483073
2.9437305147320387,-2.7773536372449525
-2.7333240159075536,-2.388783692089312
3.8061181907261084,3.1672488855649394
-1.1668058678571225,1.1480868532930717
-2.3359134549274163,1.0483525876659865
2.4475474235891324,2.7433956263610537
-0.9195517233852049,2.62021018886269
0.055092018575824714,-3.1348375023192725
1.3659544591284867,0.5041681674712561
0.5806193668453752,-0.9804894895884093
-2.754491311699953,-2.830228548857172
1.0502359263885135,2.5402849576126183
1.00399744146088,-0.9860932777730187
2.909015207855009,1.169391258681367
-3.404647522251714,-3.016369367441056
2.704513397195864,1.7450841951757212
2.87484711309916,3.1648472606817415
3.0212946140804116,-3.06794343366743
2.1737254367343253,-2.427713161115023
3.191702519657612,-3.155099369477859
2.920406400370583,1.388315758052649
-2.3054447935810085,0.6726038221119452
-1.4844749093198915,-1.540904064706035
0.8009209737089024,-3.447014872803778
1.979146008912676,0.5855964151837475
-1.0500113738390098,1.3508192873336156
0.5609801613326013,-0.9201555514054179
0.9464804942950672,0.7639640189050338
0.48053497433366604,1.5969668415244218
-0.713025090128189,-3.0662370013763818
-0.7875388366589403,-0.8595736235300354
1.1621080349805715,1.377007336657465
-2.510132979604243,-0.8887766763949254
0.8300890487200502,-1.954729645798323
0.6583147840131726,2.898513336069602
1.2482369443469792,-3.4050619310676074
2.433909598241562,-0.8464756651574912
-2.593621493845023,-2.9910967911572497
-1.5688927838571753,-0.7166209521591173
0.2739621101305525,3.0584038138673906
-1.2458856685206696,-0.4934532119050625
-0.8705926079418208,-3.246461402192139
1.2295335183075398,0.9924477152445015
1.2750682313734703,-2.9757711048431084
2.561446714417378,-1.0902369899329494
2.4947075252604747,1.541339997157547
0.8938752887317625,-0.9530950977503115
-2.816162737043966,1.6065999878973558
-2.570129660374325,-2.9493066235213306
-0.8045352719092713,-1.287673204641177
1.0322915635895988,0.10466670178622162
-0.876341189804856,3.185705823726728
-2.408200853014969,-2.029358731217932
0.967196381242741,-1.1715851162020299
1.062889223515126,-0.8030572058336575
1.5084245965538463,-3.0051746425309553
-2.085834454563528,-1.041958018897309
-0.8961901753773047,-1.0379243145305908
1.4659777866246446,-0.982142350430464
-2.557267493276782,2.5571631483052033
0.9168405214306672,-1.46269940043225
0.9713601523429278,-1.2468036358721724
1.0479144463920795,-0.6968365059150585
0.6618514420429973,2.428895074563505
1.2731558528984734,-0.5695335766104632
2.6454886690532957,0.45460953583848607
1.1128272420685994,1.0060377380835486
-3.187625076836854,2.8802240415237725
1.2721802720943916,-3.38018451374681
-1.1947512324822718,2.5498013779391786
2.5419724597225497,1.1007623554242825
2.3551068238966932,0.7171101155100226
0.6260619305368127,-0.38222240427103593
-1.0113338932306992,-1.4328237412239393
-0.7038080297625725,-0.559439132695177
-0.8151488225732285,0.5943857079668241
-0.8954234911490603,-0.7842399694515935
-3.0483164057297523,2.672871710634591
3.0564005368065565,0.7725719332276572
-2.441143828791202,-2.6460369090584215
-1.072430100189977,-2.6271277576822496
2.815833669979395,-1.4116792619745107
0.9689807958675527,1.1331133232522166
-3.437605899917609,1.3181858630711232
-2.656922770365258,-2.3969929319332377
-3.583003565895023,-0.7277421542597631
-1.5220716466943278,2.936303786130155
-2.456703658204369,-2.1660304723078614
-0.7567577385750621,2.6313988464560008
2.1196673208468244,-1.1351507795533693
-3.0018410577717947,-2.4065670382791597
-1.3713537323222385,-2.6622173382694725
-0.296499755944377,-2.7232485706117706
3.031492458480626,2.5826578467874914
0.8856966505298745,1.0408804947412553
-0.8915151295597519,-2.589910335785346
-2.7650908899413698,-2.9833327668998795
-2.5193568584016757,0.9814128080718987
-0.9114473035816169,-2.9904662319605433
2.904092242929219,2.440702185531173
-1.8154015641427101,2.5281652954302225
2.2474881608897603,2.7222692105284874
-2.441426387124041,-0.2576094264429134
-2.900351636214756,-0.7701638783433208
0.9055854505442814,2.4644391899601374
2.8428369402496907,-1.163409986539869
0.9913014496721786,-0.8436385643144434
0.7396002720461683,-3.0163099419316532
3.144183511871977,1.008556426815367
-2.8057048504420004,-0.8903244492286363
-3.1778569983876572,1.0259007126365387
2.949304266161325,-0.7600915262016125
-2.7763987485358452,-0.6276095096307706
-0.7674369308251192,-0.7557657619035106
1.073470666183681,-2.6761799527786625
-2.8803207129070594,2.089211221201572
-2.8604191471941536,-2.3834589342946977
-2.5509162507296956,-3.0808340848337354
-1.4131381765442823,2.505087462771542
-3.0272339919527975,-2.4722178956693006
-3.537336349993293,0.6047302890825802
3.283245962377462,-0.237935011616992
2.8595430367304515,-3.303431840983569
-3.232246068123725,2.8524706992184434
2.8394426077614456,-0.8371613515327784
-1.2874448804858003,-3.3448861863993122
-3.1549751152217294,-2.4390981932128044
0.6130031774893109,0.6103233385580277
-1.779585619600424,3.246490705409911
-1.3931114700506602,-0.9611717907389183
-2.44602379216373,0.6655305043960741
1.1365978331861422,0.6782912905740037
-1.3262141855572533,2.4574468890720085
-0.9168073840165449,1.4407996491657333
2.835708358357459,2.655788846583786
2.3636195931723365,-0.989478416751568
-3.291927778475182,-2.590312429076567
-1.2805536495759848,0.5894775539332937
-1.103079599063311,-2.0413159328655732
-2.786085546832887,-2.8408660217543105
-0.809326989538874,2.973422637558292
-0.9163417240286954,-3.4408476079168295
2.4109761515057038,1.0211284278273125
3.361981973408558,3.3149121733770706
2.5988857734459168,-1.2263987454280232
-3.1661953559000744,2.6441236042948137
2.9656998451780505,0.883094613235356
0.7059701976747028,-2.830324913645267
-1.093534577447829,-2.844816201223426
-1.3257630168951127,2.5246276020225586
2.42038294563115,-3.2611102442056326
3.032608227558967,-0.6717804984029453
0.8389026279348213,-1.163149900846154
1.0336997041561076,0.7490400251080471
-2.551431431506051,-2.9734060300203566
-0.837713220368237,-1.1737555797296653
-2.1095596811195207,3.1320647737761567
-2.655176217710535,2.988157397191971
-0.7690586662260959,-2.8691650259112844
-1.0026994219631802,0.8829959160175671
-2.729387722589473,-1.2090785216232491
-1.1830030867178745,-2.8150980340759624
-1.0616051958464032,-2.7617355967834
1.0872020106460658,-2.972019272859324
1.5367485592606984,-2.863103179294451
0.15831448699094866,-2.905034527787988
-2.722318862162071,-0.6463109342819109
1.0413667879064141,-0.9335220192008283
0.7131719678687412,-1.109559675518234
3.2054594483580265,-2.537913053687657
-0.9522018778502604,1.9927709661333743
2.2391164208049346,1.9561453181699713
-2.321941394552742,-2.5352212183186267
1.2781946526045689,0.44854027339191094
2.4056701867970323,-3.110112876324233
-2.1580459584012157,-1.0357581051007052
3.292317866735841,1.7067944534628905
2.9041883858767226,-3.223627367097651
2.3408254340616845,2.654677219877886
-0.5233806387268453,0.666352591874647
0.7115302979322754,-0.9001989288425162
2.753144129360956,0.820692795618645
-0.8838352877487875,-2.8615675286508258
-2.163508828688078,-3.1658825264420263
-1.869839344288423,2.5981459486599427
2.6377855345558805,-2.827517817139253
-0.6885290466014019,-2.9171246034663536
2.4866501772592113,0.6012386160076889
-2.449812788014561,1.1426811364134133
-2.688469744829998,2.6704741201482474
-2.2295821270436313,2.6774625219776396
-3.003124239949338,2.6590198650473575
1.4928570136268915,-0.7403011337536718
2.0806733882424786,0.3895650827917167
1.2961421388892143,0.4710174302426306
1.1451940194876902,2.9721290706205434
1.1228836107029447,-1.1055441749503192
1.2326445806965345,0.2841661158420057
0.57667608930667,-1.3633468241280509
-1.4594300464043668,2.864469546418964
-2.9629007087877635,2.3406289665985693
-1.8557745130134535,0.5851571177467231
-2.5701443837157076,3.11199159382609
-3.0159074074627426,1.2504797527743279
1.5228297132924442,-0.8596831875647993
2.395389571057865,-2.5417278901368086
3.0757276169218786,-1.3309845894026278
-1.029903919337678,-0.7884351854644452
-0.33782589958412235,-3.0041429495262406
0.5966403611437726,-2.8951201404803535
-0.9648510501523787,-0.36796856610032835
-2.8843202305714675,-2.419411400612751
-1.894008899156554,-2.4611544041158084
-0.9543598858971811,-2.5139106463702547
2.50865941177805,-1.1049672050573633
2.5936598784416796,3.1074114878240695
3.0781581133593017,-1.0548781408441035
0.17879485991765753,2.559565031065125
-2.202805113006936,-2.280906949133414
2.6809278420883325,2.3666356933331882
2.3775626025088195,-2.722816103748557
-3.218753954942371,-2.484385690124466
-2.8735898443990093,-2.8980849648044376
-0.16452580233447422,-3.0261434528702984
-2.3714413197947772,0.4759229302256481
-1.1691672520073697,1.4658782128815184
-2.944321036925428,-2.5951186353494777
-0.7602839247390193,-3.030230701113716
-0.6553213445770654,-1.236140564999195
0.8130613997382345,-2.572256686900055
0.8037915385760644,-2.983610441294966
1.4122779334554372,-1.3159436107239544
3.1100991015250736,-1.1227169165200497
3.351682520069344,-2.40526053230036
-0.8623316700959736,-2.8242034006593064
-2.533441521972554,-1.0976786410250257
1.188631984573241,-2.9368091203117586
-3.4232172234882827,-2.0779007561034604
3.199555618622692,-1.0950751868026152
0.8836851879523069,-0.9429446649445214
3.375740492120365,-3.022031482592657
2.895567820418536,-1.4670342297202976
2.993099611685239,-2.686367953889332
-2.1235830793502983,-2.7833545859886173
-2.809512893825925,0.6884144817574458
-1.694219180940945,1.806423983969638
-3.4380625301960497,1.2104548973444134
0.7609567742793466,-0.9319483286602811
3.539962927211212,-2.8725460719098215
-1.5694905770505772,1.9800535325037238
-3.483892090573531,-1.0868862292779429
-2.7248199280367276,-0.7620830072994912
-0.18665972408526443,-1.1306764775622438
-2.545583236672723,-2.4980710017148646
0.4607668210095316,-3.0444171193820244
2.7554925777932198,-0.9912755903273421
2.5896036917796907,0.46176768028685433
-3.2755551819026447,-2.8868485607773544
2.7903780140654124,2.6025444084988067
-0.6423520070327511,-2.510525405206711
-3.4158284918283415,-1.1024580663647774
-1.0845361011199075,2.8420082484220073
0.8977716474064908,2.0847084699125884
-1.3164569928909662,0.9485367329872294
-0.843896484198057,0.8069422859657744
1.2064908881524525,-1.2151760604847508
-2.5833762068984463,-0.6045570266466855
2.9969079705888704,-1.4186327767500777
-0.7090231113939528,-2.6432532816061736
2.650378074515079,-1.0387797789213935
-0.8408222336338135,0.8238556895303215
-0.9751194294707277,-0.9429070802342018
2.629884243803954,2.2027340646360414
1.310964042535799,3.1919915216930312
2.2604048144861713,-2.959318421995779
0.555314223418907,-2.2463284013809677
-3.0439356233182755,-2.985486046876432
0.5763961923892419,-2.8742421644838316
0.11896615403443161,2.624407254861314
-1.6091176963394267,2.3204758500243456
2.661245664211982,-2.8643187349902424
0.8387785865352727,-3.2656427009162776
-2.6604460474557126,-2.8535737918627335
3.514812090003731,-3.182944252300467
0.9843886690673019,-2.3330774611808303
-1.6040909994207964,-0.9690581923585938
2.3345481449176684,2.4920761020378035
-2.392843948931714,2.83723216316165
2.067862836939893,2.1727457053632446
-1.133405759714719,3.1345395433294536
-2.94645964353024,-0.5404491292970017
-2.7500433520662955,2.5679397088678275
3.395819558655018,-2.6018422721503525
2.9887535768348465,0.9048979406330163
-1.1312632743430096,2.765236540993307
-1.2943219960657562,0.7929539639556549
1.3951703313162505,-0.9167729719745348
2.821872735215395,-0.7374746422431951
-2.7821755253047433,-1.067621614321438
0.6947117684298296,-1.2398728257802076
1.3724224908007858,-0.6111041483881735
2.881380389141046,1.0729329100198748
-1.1103391863040335,1.3304422537890497
0.9182996999492735,2.883148173709588
2.3607612083163563,2.890510921097746
3.4044917676233384,-0.761739229507878
2.469242944298545,2.3471335957206754
0.5292931214259089,2.3702546527057113
-1.3425290514107755,0.9129167183948825
-2.4746858008489427,-2.3906194114704835
2.827527962989198,0.9408107030002782
0.8174392468184489,-2.808524710982228
0.6211032164952905,-1.2896558192925685
-0.6417147529070812,-3.389922157478387
-2.6301113534000997,3.041737785763729
1.5123059359781217,-2.0113447523476142
3.0660719847032194,0.6250881554330397
1.221619547474639,1.8945408693920933
1.0502174558652129,-1.3131959180684214
2.7812451984826487,-0.6655188110853631
-2.561826827434717,-2.7337725166567552
2.9919030706858667,2.482381143659875
-1.415624385315074,1.4687931904294942
3.1964252752819093,2.6444762423760646
3.076551235085413,0.8126546303393499
0.9356545186255706,3.398901237731683
-3.019128135825545,3.1814873306856506
-3.4051961124705756,-0.6063172762260891
-2.605554622470281,3.1318174821145526
1.1240964723965394,-0.15589880681616808
-0.9782411718189834,-2.688050480565667
-1.20643053858223,1.188381890767315
-0.5568855682127664,-2.77299183720434
-2.7916493480779256,1.55146727399029
-2.810252054768615,1.7218477820888622
-1.3445449603600668,1.2052527622909166
0.8960299880666532,-3.1478070574510606
-1.3828075971791194,1.835442342787636
3.22717194906082,-3.377199283339685
-0.4444440789988293,-2.692373778476272
-3.002507446621259,3.3514848163132247
1.302090520867057,1.581910968265043
2.5341008045117035,2.3629509723510806
-3.210607196633175,1.3208553933607743
-2.478296968822143,-2.277430625883084
0.45196355755916945,2.290889904939167
-1.190825826034322,3.193746895812188
-2.7166565199091313,1.4971236987073158
-0.9149309701023962,3.0411889459834467
-1.3129667450475078,-0.7924163215160427
3.7172248939349166,-3.011169549550087
2.5514274454705164,2.811853297862334
0.7992784284873785,2.4102669191327344
2.2340080717068793,2.832216946781027
-2.704997324330133,-0.4912154836743692
2.4725999979319058,0.895301593818745
-0.7003957945301893,-2.73589818000581
2.4602440099478087,-1.0885678328686397
-0.5661853440198159,-0.7506530480072944
0.7060293064907147,-0.9742828012511454
-3.3386658227831427,0.8269404488160841
-2.334695742500949,-0.40852121352066345
2.44897749946713,0.9040208324470282
2.985082874197738,-2.445729961700923
-0.483793833756593,1.320558939630931
1.9775260573494164,2.6241338150564446
1.549145522321932,-1.0483430102327533
2.929118652003237,1.6174701024547562
-0.6287901872039392,-3.3748151676167177
-2.9894944371867163,3.0807499576016077
-1.2354114355550732,-2.773582088389833
1.5619897323448189,-3.297994776462273
2.6652905353232947,0.7029824595308067
-3.239204415135874,0.9397775254261533
-1.1202130599492384,0.7281208899626794
-3.231344420836009,1.39079490263351
-3.0522752227448833,1.2813160291924364
-0.5866618418753414,-1.0069864626432457
2.615705922903598,2.1478611327016934
3.1311860312776,-0.7336090573678719
2.7393576443032677,-0.9747029134158262
-1.026538208427745,-1.1848702605579653
3.061900175479409,-3.2572131428415245
0.3439762620189164,2.953479848931609
-1.451803433361076,-2.337798630296352
1.1679633785721288,-2.766940552114105
-3.341537402964658,1.1855582839346936
-0.4158814448494966,1.64577153744034
0.14023947547260143,1.8568992107305111
1.2995310360102161,1.0652368880063674
3.2510976746160023,-3.115681424007432
-3.1738556204930637,2.5298844222252246
-0.8247484600989123,3.368667139541796
2.4421247145323317,2.8791842249747117
-0.6691262798454307,-2.330549980862694
0.14107172675501387,-3.446938343277721
-0.786272144316664,-0.17139977046356683
3.624225218135372,0.13185744769331648
-0.7987742706203228,3.0632724131189537
-3.1161935432273262,2.489278690814911
-3.420450175810328,-0.6006513694652958
-1.5813341253596274,2.8440907036951253
-3.1279040779417717,3.238034359759227
0.9659850144433262,1.1029917075520903
-0.9462463238990478,-0.6780090203042455
-0.9776765199183454,1.0976617649891616
-0.827339126025057,-2.7511643020366923
-1.591668444489071,-1.1710915489378955
-2.2857906459214807,1.562149654025792
0.7685185454408753,-0.6366197354583557
3.212648999505972,0.8470870487268285
2.6300122249859914,-3.395273567678912
-2.8369500556463243,2.7428469755294502
3.010059201375956,-3.388694051370184
-1.4183432044717452,1.137574631995139
2.401185232639441,2.1880812257361324
1.2252129047930616,3.049937965567466
-2.224405917717355,-2.85174799029434
3.1461101150205013,-2.5982198326619286
-1.1899488956569482,0.5307578642829581
-3.446675878348325,2.807278268873498
0.6823973827606703,-1.0903985060317805
-2.6676572970751615,-3.4106354975725446
3.2896565337364727,0.12693134936501527
2.771423061134115,3.309717695490648
3.3531695087702236,0.9641965072439149
0.8276674011650328,2.886636339216417
0.7358200071150373,-0.9679960690158349
0.6600466944223179,3.1686023938766406
-0.9503893063605687,1.1867462613458843
2.610154892226583,3.1440319175605658
-0.7436087294954068,1.1483954920796646
0.9603635373480665,-0.9124930851093833
-2.0376692170335824,1.0255329475185142
1.0831264091695185,-1.001840119308061
0.9609788888360883,-2.336314409998366
-3.294732658159182,2.8196260445505374
1.0907086753067448,1.1674974781232943
2.877359492388196,-0.9386534179673361
2.6216927437873747,3.3265085641021606
0.576933559296316,1.377889441847938
-3.3041909909996257,2.762434850012691
-2.4102598791025285,1.516479629590201
0.6846450622831138,-0.9742276130707757
-2.698568816805759,2.944357050230179
-0.9431247484436682,-0.5709658483065496
0.893900360620051,2.969756382202656
2.7076235953515884,-1.3366562312040102
2.8323767455975766,-2.8626569103759323
-2.3798187751884186,-0.47520698303545905
-2.8374749408857993,-0.678704624708785
-2.321996248090584,1.787263625900601
0.9699671237143221,-0.8155407545747096
2.7437681629333626,0.6285650243985457
0.8661590131993521,-2.7357575398571523
-0.6170090882602793,2.591122507922928
0.5054490882423833,-0.4968963687104855
1.300105335157389,0.875576771469747
0.6948192185727223,-0.5634556749890874
-0.9222192385287856,0.6368158006873421
-1.0285654233914845,-0.1408831077600405
-1.901393212378113,0.5772724607636933
2.118210956332719,-0.8509744063784489
-2.592781966707331,-2.80946835115119
-0.9158902489512684,2.868828132750849
1.0732230366864641,2.6461683907031133
-2.1656035467973873,-2.057963947883423
-0.43289901820153115,0.4503446228964236
-1.0260635168247014,-2.4700727573597403
1.5049762278509826,-1.1843181862468832
-2.858269442555484,-0.5079397046316331
-2.245256471838987,-1.0743883597637962
2.8577709238091904,-1.2265534513940735
1.0594311596716417,2.9786162602911004
3.0135409653914085,1.1721729353640784
-2.8942834285769843,1.8641026707689288
-0.23073196904872686,-0.7160409268191772
2.7296386117685882,0.9593972462833641
-0.828533117989088,-2.5490076906024415
-2.996250293299081,1.130379760889338
3.3559463401332037,-3.2759177519315474
3.202318003564651,-0.8421825199205911
-3.184466636149541,2.7598610066018283
2.7759434630407185,0.7930114451622616
-1.2368061744492824,-0.9677576148498711
3.6715584798302108,-1.3297012861510913
0.23444193977027208,2.6791194499927546
0.7750739130109561,-2.793701098793952
1.470255045959113,-3.2033380578066035
-0.7870067607742358,-2.4640597111493205
2.8870271564658787,0.7913746656810415
-1.4948989295205117,1.1044252588629178
-2.669199661256617,-2.9559966314409025
1.2036779840221665,-1.1417050662440733
0.7723175471869151,-2.9596960726958343
-3.557483619875423,3.2599263772570315
2.556231416511777,2.815833501917319
-2.2965731895483774,-2.8194204133820766
0.46718293595610666,2.2247887819912897
1.3715699075481176,-2.7744276857708328
0.9024510602737976,-0.9409783328897001
-0.21241836327729263,2.5051509260059026
3.091023087701157,-0.5474797442018117
1.3799260018810102,-0.775656338541078
-1.0676844992399577,-1.0177404355719353
2.927690533011153,-3.0531796084750025
-3.2168067677707057,1.0909973114267453
-1.0280078004289208,2.6638827740659115
-2.534830698035873,-0.4331392849824519
-0.857073657146295,2.891507242116915
-1.0281526568136938,-2.5457511144836227
-0.2975776365399916,-3.56654829302923
0.8086163459349496,0.7774675391396951
-2.6655399051239033,2.7186315764206306
-2.1310883836744083,-1.6560810531965608
0.38606055034956915,-2.676201792496378
-3.1530574682949486,-0.6565309475621813
0.5464105754635434,0.5605973054088451
-2.7428558433869874,-0.7058440951370419
2.9225600588218144,2.667889986446362
-2.3969931980486514,-0.9208455422304074
-3.0427122060539804,-2.4864648612131375
-1.991383304952066,2.581073454143552
2.973309147783237,0.9074317663989004
-1.0004041983425433,2.627533875771738
-3.1747491686654272,3.048820619363434
-2.5876935082249077,2.4684813048441074
0.9165961286280573,2.1211344054568686
-2.530645639275212,1.2590929309734635
-1.235666473691958,1.2821250837112483
2.69491913278246,2.749417296042529
-0.29724157869689977,-0.9455296059577634
-2.4747118125035317,-2.6238934962657194
0.6549874842189144,1.267256494017028
-2.288042647535002,2.5740572137843487
2.1975702825997905,-0.6848166263190791
1.3088451174635425,2.09190993641181
2.7560504192223747,1.169492995703997
-3.260414475210918,2.103677254865193
1.2950572190069405,3.269907893380493
-2.5652711801229446,-2.491995693924829
-1.0896108851472124,-2.1246441157756655
1.0727126973944292,-1.289978410135753
0.5645423616024873,2.706545066561726
-0.9361309265361814,0.84091985559583
-0.7061590834409739,-3.325802151579748
3.149007107920942,-3.05865089284575
-1.823108181173675,1.4848007584490734
-1.6592502407634364,0.933253529878918
-1.3987228444034079,2.7760810659045965
2.791187385298643,-1.0602767140546518
-1.058683907555941,-2.1811446522441136
-1.1040338224475108,-2.846260537344972
1.3131571709592345,1.0858130595035844
1.0497051074954986,-0.96768841274782
-0.5106023137575245,-0.13999135110610197
-3.0707146656040756,1.281298346390711
2.594161973637606,-2.521840161068599
-3.320570588750994,-2.6777348169530026
-1.1923027220871187,-2.248849780969119
-1.2126717655748847,-2.8943396737502414
-0.823758592652182,-1.0369141245174387
-1.3159267852000969,-2.643612615854414
-2.768564180701725,0.6151184217806963
2.295597006557571,0.9602738117567095
-0.7000298514755936,-3.0547242066993885
0.8491038064406501,1.9939045406233533
-0.0022392714589234346,3.177792386655419
3.1278108792983237,-2.8861147333302166
1.0981428053565678,-0.44182488251663815
3.3539399105997267,-0.6966589855851536
0.6336489536815516,-0.8414270049227549
3.2199669932018806,1.993472678762106
-3.314296516104456,-2.275433961514671
-0.607821924923426,-1.1396727154977966
2.076188210524624,-1.4101968441079757
-0.8309498076406612,1.2797032850694208
1.0021553792278508,1.407516367728464
2.9802786558617105,-1.108276756604999
-2.820813440971583,2.9944146281942707
0.9725716710587947,2.775914183888095
-0.8671246999296529,-2.2752496522622168
0.28156226636151,-3.089718770738644
1.1650992947838068,2.5584940856172915
0.4745373114810551,0.9340110302279813
0.6512016058464043,2.948214742898843
-0.6431870256254588,-0.9457911275491061
1.1711566634461992,1.2142809909956784
-0.45708144319700406,0.9482934491415095
-2.7055618049623633,3.441813382988449
0.7384062290408894,-2.541728262588972
2.668892371450459,-1.8012125133681063
3.053152058539624,2.8289517656429415
1.1035836485225454,-1.1090419365977042
2.45375545890333,2.9770247217654426
-1.298859305748486,-1.5738729406120606
1.3292187920639218,1.2046647522170375
-0.8772726871834526,-0.9411069716547246
2.915627692832808,-0.8744756754508566
-0.6412696601437845,-2.1761962691343832
-2.5808722707878333,2.3118746738135982
-1.0126263948903915,0.8096157229247523
-2.6750659670806813,0.7827293017193588
-2.3989117030310645,-2.2345030231410727
1.5120688787153242,-2.652135363300366
-0.9178820800988813,2.8054132177621702
3.4167805170833443,-2.369090369658719
1.1548844412132415,-2.382081813058191
2.735414425836421,2.6113542304497868
-1.2640047643399104,-0.7633444640371808
2.456608038956317,-3.4029813044988404
2.295553226162648,-1.3891474541027007
-2.727601037373793,2.8705542104357105
1.4412300789998294,-2.4691249272101046
0.7161977218296796,-0.9657303786638145
-2.742460511611527,-0.24764195356366403
3.532495647554091,-3.1192962305635543
-0.6247585516806831,-1.2015629288862077
-2.536425501844572,-0.8539106146216041
2.366820804789879,1.313855684834609
-2.541205276217475,-1.2893235505452698
-2.6593088173400052,0.7510273493957123
-0.697215747619402,-2.799529736025106
-1.5445284128230228,3.1972766422607273
3.43002611077044,-3.152099808229124
-0.9150221158817909,-0.7803591555374123
1.2799769076955867,-2.5065606987398144
-1.5098300862173137,2.2403819432250303
-1.212051987402215,3.0694839349159717
2.2145069440436083,0.6657547395977922
-2.9288776603256195,1.8686016707854458
-2.7479828090986484,-0.8427337528839206
0.5520774429142385,2.757136787412191
-1.4200058837565952,1.1230618604342526
-0.9751298699714624,-2.8389108544937285
-0.7150230192742308,-3.4207141763205144
-2.946871915679717,2.411336181479733
-2.8586450328693775,-0.9093827095839179
1.0429711586518553,-0.9036717961518074
-2.0068912379477504,2.4438635133211557
3.1394795502909143,-1.7670500411313492
0.5409959241910932,2.4846098507466707
-2.5225186466422205,-0.38916234502708713
-0.751783451666764,-1.4201602173630574
2.9573830875396903,-1.537220755636775
-2.4898934060527926,-0.8662984800512289
1.161304296046363,0.7247889649009799
2.774399350117962,1.5092403931812428
2.3406688992210447,2.459394130578385
2.4528579341968553,-2.812262136562764
-1.8074548974955127,-2.2161018826980494
-1.2576940891868145,-1.1900643967940008
-1.225740793893528,1.5520118666121225
-2.5324561025671843,-3.108220614809072
-1.2233993279646502,0.9694720763004565
-0.3516307954723612,-1.3033561171895918
3.057673075370537,0.495160198191404
1.3073146716077686,-2.867309369140151
0.407885528119433,0.6032148288081682
-0.7985593175529043,1.388401799202613
0.6815811666775069,0.19242920603344196
3.2253766976066855,-3.2218179628883035
3.50932680743751,-3.0642025908583883
1.1825035491872353,-3.0378695488565164
-1.7429125643480707,2.9584795177810896
-3.1487313909325545,1.885611600657575
-1.5639902210971732,-1.5494939257919325
-2.9280679245296235,-0.6322703445688439
1.708420681045578,-2.9448828827911395
-0.9511210568060888,-2.705373468689487
-0.12343525374296367,1.2698957213304505
-3.8621089860589577,-2.260619724132724
-1.2327451038531485,0.7993917899368231
2.4585783931343475,-1.2605671832794483
-0.9315353998667338,2.507155262448697
2.9002108247499074,1.220318681630085
-1.9379478516127375,2.67202805221978
1.0277743535195152,0.923138821096017
2.772589259280887,1.0806164614083746
-0.8689773182964823,-2.950442447056238
2.816911932454573,2.542444801438377
-2.6470031361576685,2.440015586785256
2.8695627448504832,-3.1052093492187427
-2.5972100177531434,2.937464787633234
1.0172577937126976,-0.5624950932094086
-2.605219733833353,-2.2842026845757295
1.119459808212625,-1.423799698577771
2.5341631101186866,3.376294814380782
0.8331207771946316,1.0108225844455598
2.898556418505808,-2.487357855967831
3.0932844711898957,1.8215317473525487
1.1451274484828136,1.0040595217703232
2.5412250288628115,-2.6134908501472687
-3.264218748327568,2.022373797241668
-2.9866573686646256,1.4182267735398617
-2.405464824204663,0.3289938581889209
-1.5983399691631905,2.9104489296487612
0.9575162624258061,-2.851140151914416
-0.7706252297426301,-1.4069678077368897
0.9166501273864653,-0.9796672316015779
3.019678154083418,0.777706575562821
-1.2455634880185549,0.8651656870814453
1.3155574980149634,0.7068593629939992
2.401836657548355,2.883855436862177
2.622371045621233,1.213071300765534
-2.866791595957048,3.1327113183934703
1.0327567310915404,-1.4694841633305131
-3.4687155641419567,-2.802456915422716
-1.3695450722270053,0.7474549634014023
-1.5409846046139628,-2.7260184429104055
-0.6174687117654077,-1.5241247413690975
-1.0898854924013743,-0.3223678921620995
2.6808058212308734,2.766342226512494
-2.9812272210629254,3.5289661522025866
-0.7956024458107334,-0.6769975494999809
0.7025661623282846,-1.097824267399919
1.1405080784962607,2.6221111491815385
3.2915929881744748,-2.8017809470319133
1.3230532262474326,-3.280176473817822
3.201251037677282,1.167976071775868
-2.7506182085944526,-2.7462969249138394
1.178436915182703,0.2783154567774632
0.8510923217880433,2.3979953201883273
0.8675772436005165,2.850828865166519
2.7961728630244522,-0.6786819290034581
-2.503364015787295,1.4818795580479187
-1.2461426630012873,-3.01316745848835
-2.416499866410631,0.49880284193502344
3.21264831886521,-2.4545399278445714
-2.624022333565536,1.1406891958064884
-0.9695823753700624,1.293464771430531
-1.1492500831896908,0.8053014831849632
-2.6738997625295147,1.4670916892434527
-1.055817054548667,-2.8020008868110406
-2.8157219457051754,-0.38903252151193995
3.1949406305282717,0.5115624318016567
-1.4409543862850613,3.01963964750813
-1.3726665477714985,-1.4218498142789617
2.778961997439885,1.1915789213333978
-0.9379562890205163,-0.7490982797990638
-1.0673994409153822,-0.7010492333356341
-0.3032027080346842,0.6817345421530001
0.4833748942337432,3.088385225823692
-0.568444997812018,-2.6768633112762332
-3.0936433351331787,2.537518873284514
-3.083746332747143,2.7240048273021857
2.958201569587691,-3.037021882708346
-1.1618067846997147,-3.709512059459852
0.8752461291896163,-1.3696014028148644
2.732409089868822,-1.443964518973055
-1.349068083573639,2.984564891585198
-2.4872883895717113,-2.9035452425240305
-2.7765938970004393,-1.3144026783582476
2.443065477065149,2.276681178009997
3.383218541147461,-3.629659723160223
-1.073978026741128,1.0842704092775894
0.6366649136728872,1.0741941923913043
-2.2222148053119466,-3.0021361562102356
-0.7158783543728018,-2.550929651025446
2.7517638292163857,2.300966393030337
3.0445738003686214,-3.3981161850482575
-0.8279302115428862,1.0097423376644847
0.7813991747149861,-2.308605718534397
3.1760448632445377,-1.5417895640642436
-2.6095845476265165,2.65906170086775
-2.668779511932419,-2.8761962496606546
-1.4630650275576573,-0.8562608326345218
2.645829877662875,2.245924991822374
-1.0264920610031032,-0.4271905237765548
3.05372851101921,-3.8754844079590254
2.5158128411036893,-1.044297307982991
2.6866681074604033,1.8091247832330486
-3.381222294762028,-0.4910179248667685
2.9215536020049617,0.8094146069224182
-0.6492240321717689,-1.1318672429323438
-2.6281309489543654,0.25286977082760476
-1.01052755487172,0.9638295529679926
0.7109866907718514,2.839066459569012
-1.7385947449343002,-2.7549256851788586
1.4655050042555497,1.0559990705013098
-2.81171985233415,-2.3926987508949624
1.479352575984761,-3.15838759203209
-2.43429029321667,-0.9514644510081793
2.536520431924483,-1.302731722647221
0.9318523141121828,-0.001364445025679535
-0.49929292378048323,0.9039119705713247
3.679996005052503,-3.0663739789416855
0.6674792973450392,-2.465512146719754
-3.001171559342969,1.0658637366652068
0.38701651605617676,-0.8027322175421973
1.3075057728277457,-1.0606302910899021
0.8651953439909437,-2.625610418419034
-2.356450686322249,-2.5831785106001077
-3.36615497809387,2.5185667291755895
-1.6331664196527977,1.4325134673967375
0.8912519323262456,-3.39965695416468
-0.9506030726231829,0.9172518275375074
-2.61514203203546,-2.8086910368193787
0.770587586473582,-2.943837531233394
-1.0136630181296709,2.624977174765332
-0.6038717038852942,0.7926529598252486
-2.6508425520692462,0.9349174880880122
1.1201847555715971,2.48948537072904
0.4895575306041212,-1.1665251601882152
-1.142703277226797,-0.6773542737388232
2.5801792526810288,3.0813119366500294
-3.0424482524116487,-2.553144320509387
2.7062161766314508,-1.2858025858595281
-2.4818907597764186,0.7693913518422597
3.447404774423753,-1.3046248363576642
-1.3318589546904613,2.577236935609067
1.0056819171966538,2.7672714546690047
-0.8439419224710578,-3.117345575569886
2.752630675157105,-0.9203672425072591
2.749979472763752,-0.5950646700684603
-1.3689987716827825,2.7070581861293777
1.1958335140335257,0.475398680351183
-1.1011572681353214,1.6714943704596317
3.8982529010686537,-0.4813867026433897
2.7495565974911407,1.2220262457076299
-0.455880678373522,-2.626503986270903
-3.11197277720853,0.4434994702419084
2.9501019725239352,-2.835893875530498
2.4649171845214237,-3.124937713203666
-2.7136082303510487,-0.929498575520211
3.120634210912194,2.5125341953703786
-3.246982261429096,0.7616994215109808
-0.9686612993003691,-2.7988671344722773
0.5753338578002062,-3.145097703289454
1.315101798001117,1.2751355606543788
-1.2326802851285599,2.4536835248007507
-2.863115562374413,-1.0134891888548652
2.7748915393085136,1.051873231759312
-1.3306154700856478,1.0688698441138522
-1.371722159642076,-1.7432120415939363
-0.27064326194456617,1.4433343852414002
3.0896511578266215,-1.8309127688561
-3.3119515364729497,-2.428183410350012
2.9214041982519894,-2.6573558464089477
1.0943829867451498,-0.8860605299866984
-3.065143618300051,-0.7207317503551639
1.0661554800702806,-0.6749627414803192
2.843392046106846,-0.48226363375798115
0.10173537706107155,0.7821248372038649
-3.2861074607866723,0.9714857313444506
-1.090846091140419,-0.6975801986517782
-1.4198792388044337,0.8578354443070435
-2.6835425416450276,-3.12499402960461
2.1082635153873817,2.7275070635752763
1.5689752296896795,3.2250480018048555
1.0918999067038613,-0.7118422373653046
2.815450307307542,-2.5796129648671617
-0.9491902752521892,0.991354140599295
1.1461039994304727,-2.872593086250109
2.3421617502379926,-1.3327681781999154
-2.7621326967323245,1.7392396476474468
3.223481651591919,0.680688753240373
0.6224666274290506,2.568804272917699
1.2316719132864515,-3.2595511834742594
2.45722540276306,2.1777482556515566
1.1324875722838863,3.192678388042326
3.0489489696373666,-3.3896724937702074
2.7669201084678527,-2.6987794442096966
-3.1001482515861425,-2.6522670122952516
-0.44204127782708563,-1.5526457039059536
-1.0220316268348213,-0.9194317025952083
-2.9530424000713973,2.730344213147568
0.7124101428272279,0.3151174532120592
-2.2947882748389676,-2.615328478847156
-0.43731039326359183,-2.6570621917379755
1.3805172473412781,0.9149751509901588
3.417991521315768,-3.16728542478573
2.637466504108081,-1.039249708476914
1.0298229241259593,-2.5003018395687007
-2.691717316124011,1.392596546761592
-1.4833529690689005,3.144624005089939
-2.2542757512105953,-1.0277575552561287
-1.122161827256408,1.1273249055754282
-2.788456045958067,2.6443147272489287
-0.8649361584663242,-0.3266843149555107
0.261504623920628,-3.2973772755629924
1.070892943256088,-2.383804167219813
-2.173926463079006,-2.92618817665312
-0.6595856230386095,-0.9693220642959562
-2.9557299853038765,3.0399664035274028
2.533040801784742,3.333909054682348
-2.773128951622392,1.321741643319339
-1.044272063963725,1.3520832362625914
-1.014801983144389,-2.4910563247424453
-2.9143878771872282,-2.43814676423914
0.9856785136167665,0.9945174703844877
-0.4461936574906479,-2.4295184126360883
0.7450265663483588,-3.8151687585187073
0.5761415829473923,2.8605327213365586
-1.2850411022878396,0.7935831304902277
1.2580443200123972,-2.9369402542898793
2.6673784107577654,-1.6656128537573114
0.36838199061106824,-0.636182737214955
0.8594414601378418,2.974359188766803
3.2949282081391233,-3.783774784423573
-2.9152594613728327,-0.4506301863136506
2.340845710236774,-2.562434861815437
-2.8960068350906947,-3.1498452424805836
1.0631119367122823,-0.7634500521377852
3.0416658805262538,-3.8035464328255926
2.9163832099058498,-0.9650190502439006
-3.292116512940148,-0.4032339550112022
-1.0240635913979783,3.191781125192204
2.9975046510871652,-1.0893188142198427
2.728196500673271,-3.4627278321257635
-2.613043531187099,-2.265153534127127
-1.0314489345828632,0.5762429481301643
2.702625133254029,1.2781822379177015
-1.678669470657374,2.3735727900130192
-1.114677670917994,3.0352491955348313
-3.258650216504668,-0.5151724440945953
0.8983586667731996,-2.961563546878703
-3.725373433005091,3.280739157882329
1.4404139719271838,1.5718058161203072
3.1906223463257013,1.6148059352060369
0.376838604605523,1.1675863269409832
0.8002026841751559,2.031416216840869
0.9944635893732197,-2.3989832028104963
2.5703166122922263,-3.1484624780108974
3.106371286428673,-1.0415191300645101
2.854574870981198,-1.25510258425732
1.3392628362511716,0.6823363013892676
2.974718896746548,-3.1278315331729947
0.9654032841237515,0.6100459751162688
2.940626362500815,2.296435950065803
-0.7293415902643394,0.06772451206217833
-3.2997467312878657,0.34717506645981994
3.3738798207204983,-3.1752123843685998
2.959598743788853,-3.02405085016726
-0.5802762143525172,0.44586532551423297
0.48269804940212924,2.568978677123497
3.4374840248307885,-2.648154723448426
-1.3570735895739403,-0.83225180917629
3.025474502107711,-0.5098567413457921
0.91363986931837,-1.188688680877281
3.5268014116219044,0.9974040162315381
-1.432984910769671,-1.845227728748421
3.39541977055826,-1.7663581765475451
1.5159134478400886,0.9413678207678646
-0.5121139413171039,-2.4702646079093307
-0.8536040034211511,1.9573985840952104
-3.371598381559972,1.897252422111227
3.367948568272276,0.906234974813717
-0.21230335641596554,-3.02837056003218
-3.1475657778508808,0.4308879078066363
0.6994675782235146,2.5801062823023484
1.1613900292705597,-0.8249485480581312
1.057712706524791,2.7260476549844537
-1.4261068928300078,-3.0267442993083282
-3.612369135079726,3.2005754665752133
1.8366228054185114,-1.878757411099893
3.0884188123074137,2.556416432082
-0.9904009568771535,2.7167353263866536
1.7136713323116433,0.31995149721101634
0.7297830350136655,-2.103816294591466
3.311275176709558,0.5771914256874954
0.4959060988424234,-2.433461562975923
-0.801420778371918,2.2507781454755778
0.9227739530478947,2.8938652022503195
-1.2951980510357182,0.9683673929966479
1.6406909745632003,1.1650809664709825
1.6175737624487738,-3.163716110972719
-1.0395604030576482,-1.8481244572436835
-2.3344892985985273,-2.737625202866093
0.42995476499368557,0.717507512928178
-2.9314491946000203,2.8851971795882805
-2.8110188296452563,0.9242928988880447
-2.9347316647833814,-2.395811219636179
-0.4709071336015992,-0.45699264798562955
1.022664403134543,0.9407469703343784
2.7411000245738006,0.8504144522612741
0.6441703240358168,-0.753211055750122
0.7582742120035749,-3.102800220856275
1.407251513236222,0.7980673671956526
0.6613124980328057,-2.5745166971085203
2.6967206025894166,2.081008858455892
-2.8546070856725128,3.4592251550392494
-1.075074226931881,0.7783538229869708
-1.0513908340158622,2.7430162758775576
-2.1220664704737198,0.9888838862330362
0.9884201768269937,0.7640104188452417
-2.9733311379321328,2.455483949799573
-1.0526058430926037,-0.12275552927485053
-3.077119702542512,2.2808548379647777
-2.852040542512572,3.290424271145287
-2.7101280916821326,1.0150769901634693
-2.201357927370882,0.6956811374612799
-2.614148639847187,1.0769747487826413
-2.6711144152279283,0.8796510288276338
0.9247190399821186,-0.7457841021505356
2.8882271198060168,2.651446697691966
-0.9564084128744668,-1.2858133343060616
-2.766764785529088,-0.7740701809951368
-2.6420841719793864,-2.951964355836781
-2.4238935780785598,0.9688565363894224
-0.5916483964304682,1.2295344686197194
0.4409274957707344,1.2173035841234707
2.66821100207997,0.6276269518592295
0.8291442613717389,-2.756238018012573
-2.881097504763133,0.8639970191485818
-0.7764721282917473,0.9986291329321441
0.6703078166239896,-3.1080431957384267
-1.4760314957133835,-0.9769183939540498
-0.5536150646877863,-2.7772590351757254
2.5566387243882764,3.347372297129098
-1.0092600231346722,-0.44600359913412463
0.41389330257139817,3.2349201190050803
2.912296687259198,-2.9460874103629333
-3.27165635418662,2.1024228954870567
0.4429003041393163,2.8917763137028714
0.9019708221420628,-1.477722516268259
-0.8462235487666828,-0.39174379783118457
0.9830989482037019,0.6837478158527139
-2.402036393119631,-0.8287700633090751
0.6808983658839255,0.5849870039227711
2.6866009779770326,2.7692213213519
-1.3816319065509004,-0.901407530497498
-2.668716339174361,3.178862795394641
-3.7322328351835288,1.3050444883145496
-0.956951418257835,1.5575491337592633
2.2692592910716867,0.4524923028537752
0.9121319434946699,2.820674649410406
-1.4372534300598794,2.9684065177290786
1.1095672248505049,0.5526720944499344
-3.0453916627884086,-0.39261033158570524
1.221832232371706,-0.9388388432366028
-2.9543880829680274,2.2594329064391374
-3.2507676811681465,0.5893604541695677
-2.4814645244543914,0.36388095012037547
-0.5009992106438922,2.557744115004787
0.8446585450049118,-2.5914734599774416
-3.2599738599225208,-1.1497936047082413
-1.2209497982113466,-0.6464322196109754
-2.50080916418862,-0.6100804148421544
3.3143779248444827,-3.529837297868941
1.4068610443630438,2.128324922532708
-2.6541288652607573,-0.7127619472494162
-2.6925705378273093,-1.093409942810649
-2.366227616407872,3.308190642499015
-1.2908445498787875,-2.6391724225983935
2.992249791840506,-0.7006055948177826
-0.9974914400846334,-2.8632838138698045
-3.330744792103896,2.443220805089578
-0.7392480393450139,-0.6562205494816952
-0.8521201581152555,2.7500589053459397
-1.5084008257725063,-1.3104062297498424
3.324737043940304,-0.6490882263149519
2.2184679004404915,0.794880801410788
-1.0544795371199864,-0.5094083147366995
2.4305581244091505,2.6127595522532823
-3.387464154193121,-0.7594302190088249
-2.577480409118946,2.6155366692754964
1.2228674049084722,-3.012409434800292
-2.479510932683774,0.8908794322873717
-0.690176164458303,-1.8914705478542222
2.951002828486237,-1.0593406781816566
1.058787881266143,-0.4449260408506655
-3.165079813872914,2.758015825399568
3.2301977063419014,2.499525726820656
3.5615909686621814,-2.859046887625422
-2.01868383982349,-2.387090247340925
-2.3673218048667373,-0.6802965710828033
-2.3135731563268007,-2.347182216534098
-1.5498954427712677,2.4832031401290435
-2.8191635354505356,0.9240249617760209
-2.5255385327432567,-1.3584983112708926
3.359113247633417,1.2574542347265425
-1.0041466514573651,1.3379294460485753
-2.5900106521488597,-0.5952376030857309
-2.498385664682164,1.1784319066047557
-2.6883675186771394,2.3242228677712085
-1.0056869192836035,-3.0459365567442593
3.0055245041380174,0.7224170123306489
-1.0841980854782878,-0.11520464328219705
-2.9905498034168043,-3.273292641733216
-2.9341833879022703,-0.8735703473186377
-2.5699319143541066,0.7821849069789788
3.0465127289526537,-2.7404100710626627
2.989652705290137,-3.391757373787286
-0.8173410815542758,1.2172763946231155
1.3639000513536,-0.7130246930344493
2.593100583164133,2.176383545003175
2.3024314799826033,1.1431252330867288
-3.0363405620201656,1.035791684995663
-2.399132665415008,2.3961864318155586
2.731543575967276,0.6584614191908297
-1.4525026853704075,-2.440113620107969
-2.2105823087048093,1.212193002277756
2.7004142356813348,-2.383229098485573
-0.9498295609545997,-1.2164391847307725
3.3356624766596554,2.1203816976640537
0.9096231948493145,2.456573719418796
-2.6044345273778227,3.084630490033558
2.9446800857043813,-1.084009938191266
1.0482425694615438,-0.9379981480245188
-0.8809018715020414,2.9707963946184317
1.5235286005447295,1.2514380911810474
3.072771016550456,-2.3696097245964682
-2.390603550472913,-2.934097311576599
1.5151092913361501,2.7224100024322637
3.336534339026722,-2.4327096615263306
0.868298635099973,-2.7715558042045743
-0.492670262086111,0.6921411772279777
-3.173652088687603,1.5416709934355979
-0.2578883041356883,-2.437752259315546
-0.7172606501437406,-0.17925705175847487
-2.049329507842262,-0.9010384463866057
-0.927038388834665,3.0628146611116795
-2.4704712898620342,-0.42366835759137655
3.209202444667941,0.9998684374588649
-0.7273825458344215,-0.7619004534385964
3.6112212949842295,0.757078343546207
2.823153955605485,-2.942253565980313
0.7885860635541753,-2.495435490469447
-1.1335846116334676,0.8639624410786296
2.518446932823457,2.532711241796326
2.505624874024028,2.585290526021686
-2.8245598607907003,2.883470986231945
1.2622577671443431,-0.3980494913230786
2.506089950356002,-0.681755795929379
2.5350803402474913,0.9170817578607702
-1.3412661224844438,3.3240712450033185
1.65280280637143,1.9471015479290275
1.0741621705406872,1.0840942787782957
-3.0704896922176603,-0.9479372655420055
2.9229812886303126,1.5387897325634046
-0.933195661974075,-0.5637230577310978
-1.0426517258355918,-3.316695165340437
2.7413764915152212,2.6649192588823163
-0.441826460879465,-3.0665402879677406
-2.3909659396859744,2.1609333371431654
2.526254676215992,2.644245317128606
-2.39801249011044,-3.183197724485356
-1.4675748670647752,-2.510137972006669
-0.5946927618599185,-3.0548173977906243
-0.7409855743967108,0.7477212554786846
-2.7704647170260497,0.8845992013079821
-1.2772103151417018,2.4867652471133206
-2.772858826956148,2.0686647849027398
-2.3966384949665813,-1.663645388656598
-0.4541424119842846,0.7140649794107207
-2.7149897587972944,-0.6115082059291059
0.10171076591101758,-2.9906597155094135
1.7001048028829466,3.0897539388403517
-0.5411924575717857,3.1817246452153656
-2.33935651710264,-1.4887881010596407
2.241289170123461,2.3310733317765484
-3.1097234214636194,-0.03913213080849804
-2.4058362838608582,1.0191270516633708
-1.1215945140988262,1.5796363485951257
-0.541644154709191,-3.3743890399841936
1.2728640692668696,1.2167706894835049
-2.5910201629026637,-0.9848229056442427
3.046008326736707,0.9981149627885398
-1.0330276307324058,0.7910438884613352
-3.0153692419608715,3.0831938310102283
-2.719454881770303,-0.8411629344568284
0.9396491243970708,2.7955014385876105
0.46465951629094626,2.4708135146776424
-2.984399243925992,-0.5707716184691288
0.7195006834175667,0.7656860267794765
1.158863992277777,0.5924565493710974
-2.848379925622364,3.4829743972488516
3.028280574516895,-2.656592992928593
0.8274409949245911,-1.0563982580397195
-1.942168869209251,2.7663049671647175
-0.7907440942194641,1.0489071800119294
-1.752333335036171,-2.9142421279686235
0.560457114630736,-2.6017808857150273
-0.9887027845267583,-0.5917335524469487
1.847595052891836,0.37971385799889545
2.3200816399531146,2.4372992296187816
-2.883661004740835,1.133936391610102
-2.5982316533214584,-2.2306584588076315
1.4853293996616954,-1.0864750810050579
0.3560127907831688,3.151960668020572
-1.1400081113873306,-0.8251163259488536
-1.6098079306067938,-0.601372002339318
-0.7627690363876284,-2.8780093126745268
3.3714612470930105,-2.675102259086778
2.247815568737029,-3.3164219923575327
-1.5197885820111008,0.45001278347831736
2.62105493685563,-2.8577436196893276
0.8466262161855116,-2.9676154547042364
-2.9205082643018714,-3.0977196957851
3.707175272087173,-2.7273909661337976
-1.6596705788366115,-0.7737864353348937
-2.7397445144483616,-2.0092042715515124
2.6242993212481225,-1.7802027368636233
-2.780422967023888,2.3177836246345804
-2.8915408858107687,1.1289082117382
0.5774136695820609,0.9512990359906169
-1.6814987388748868,-1.2294036314717134
0.8821629544893136,2.7295675785818827
1.1634849755193246,0.8491495782922838
-2.8042388425034486,-2.724750343817446
-1.2281377587534499,-0.7730239976421551
1.425448612140419,-2.8291825551852017
-1.8364140017364783,-0.6895034309909941
0.7849953617552006,1.0616786004738652
-1.4073546390945004,2.1646743152082455
-2.780225555811452,0.970083322859152
3.055058644521015,-0.607363386254605
3.074157094755749,-2.6121797630500123
2.9339789695308176,-2.5993696036399148
0.7899292211068522,2.769867166029977
2.902620443973837,-3.0864725960605925
-1.2015957278746845,2.8496201022042906
-3.112296549335873,2.7515458655450415
-1.0925286515063575,0.48841352536201726
-0.7255481261470381,2.7997733608542874
-1.3069201607914402,2.670720939526103
-3.4399613813292587,-2.38151299965465
-0.9356068046383877,-3.0978275124709675
-0.6957633139093117,2.596591738891341
3.543995290124506,2.5119613612565366
2.596464674216754,2.0530586120152976
0.8371983537895562,2.3980613814153533
-2.9661692781115705,2.6223598433206354
3.3058732163660474,2.280477617286769
2.8393807932358595,-0.8931953470000521
-3.066555322440497,2.73908882538353
-2.7007294892165814,-1.3037611644326828
3.011905696271127,2.128576476578456
-2.6374814233381256,-0.6635104387775093
3.1186890250575083,1.3222617091050441
0.8678752292331835,1.3766801465646614
-1.3016494680790955,-0.777580392555526
1.2653987951279828,-0.7156389695907519
3.0942227247820693,0.46522855320981427
2.9444082018388062,-1.137326846853807
-3.2900271398320524,3.1536867570595635
-1.177991280871187,-2.592204214523213
-2.9903994292584666,1.2356356922244645
-0.7706730188940946,0.007994194848985873
-2.917397656680159,2.814504995258492
0.35804988156524264,0.9777699499053177
-1.167702733128417,2.4187332139541877
0.8952351225278269,1.7761660104310406
-3.10142806956355,2.695009990500026
-0.839729982057085,-2.9667017474718413
0.8027595469426053,-0.319290978370689
-2.80252353412927,1.0560892300215763
-2.318672322077618,1.206194531419402
-2.7347993773273993,0.951061079564307
-0.6460216531852224,1.3553231908440444
0.6798497430774861,1.2500824570577647
0.6604319916799543,3.12102414366154
-2.9877894934608054,1.5507930150798415
2.42155364334159,-0.7749641041216843
-2.87769680118253,-0.7634571889484392
0.9781676544797526,-1.3110868929400794
3.14861368171699,-2.584144683906524
-1.438024630053187,0.9311430703951336
-0.9177989308030436,2.982886511355033
-1.0480240019213518,-2.3048714550710923
-2.284961744834752,-2.8981020201549685
2.9130232051168643,3.4262284986583373
-0.8644720145320355,-2.6184713546004854
-1.1714749818600967,-3.112618987615818
-2.8124525960847317,0.8536283196434191
-1.0055457720352463,1.4559733733141451
-1.1391235925607202,1.5949151658422924
-2.666598478167108,1.16158667788093
-1.4177206164697342,2.2682843750185433
1.38206335850266,0.9074486139472205
2.9127491071230214,-1.0683625685639444
2.4134391238180917,3.691784868095647
0.7342041932042602,-2.65175120401631
-1.400283535657741,0.9878053965910618
0.8010101540689849,1.0377425670953655
-0.8146881746869112,-0.9231933811673737
1.7955109395391893,0.5262485707633046
2.3176420134251883,-3.1920146644819107
-3.0580694105303743,-2.651394747343394
-2.4407793807664624,3.2569717561774163
-0.7454366827950326,0.8960908579741154
-2.301733227708305,-0.6226174464554224
-0.7425828277955124,0.709336121890229
2.1775420893540702,2.32501338570625
-1.3033043278933822,-2.7205543650948574
3.288907573691585,-2.947635810007489
3.28233371750953,-1.9274654748688744
2.5828852808113836,2.89516137955011
-2.8500193380860854,1.3969100950927786
3.446435498119932,2.254918625603417
-0.817765515087797,-2.804289434836707
0.49016218256769445,-1.6454270912071105
-1.6721648166915315,3.4861433064853222
3.005786066832747,-1.1565480740216398
2.640707995778986,2.2774762561725894
-1.5625002441624907,2.4137904318135646
-0.5032170108162121,-0.5985428421790063
-2.823599890461364,1.3178379180218764
-2.236248607374814,-2.5494824987258866
-3.0217116829275255,-2.816398041780608
-2.2165339707565463,-0.46871399844604944
2.645078177325621,2.25279762595282
-1.3474975369062967,2.48755554024865
1.0116610311023897,2.946444689215629
0.3362920090585677,1.308763801841896
-0.40295864129279774,-3.4089634855259563
2.7699380967607103,-2.9613647709449187
0.7483790614667073,-0.8219553348114269
2.335380816971125,0.7086353072456502
0.9973601095913217,0.40557768038626707
0.4529970621752966,2.8220001602194844
0.46914254072789935,-0.9417420175055385
1.1378028605881594,0.8729641878784038
-0.5622163168590015,-2.957830440777709
2.8968883813667956,0.9834529631007533
2.4939144123519155,1.9971931841031778
-1.095471461580647,2.2928903147991204
-0.4389224981283806,-1.1480781214609306
-0.49594308391241665,-1.0280961078168547
-1.4531143195187983,2.7479531293688666
-2.8871956200497793,2.7706295949796966
0.858657541526066,1.0240670538078898
2.5441490508715128,2.187400457604825
-3.087050144068452,0.793080341169682
-0.49362727005718393,3.441851578332571
1.9688382154208437,-2.605316091107506
0.5971692416037161,0.4124630879215718
-2.4113378448361584,-2.0446690368165905
-3.4447712046007,2.8079599694293815
3.2052295495752507,1.7096579967953514
2.497603253027383,2.4888709227353876
0.6287999292708498,1.2252704983060096
2.455816623769564,1.5243454756967623
2.8186631978055625,0.8910667662167489
0.5898424504769473,0.7416296535881844
1.4085421844012962,-2.5346022390689305
0.564753460396019,1.1086335608994284
1.1413477185060001,0.7783698282829296
1.1850934181125763,-2.4951487520471947
1.164430131770134,-0.9796237749261036
-0.9636084116122755,-0.3864370922501344
0.6710455112101779,0.7332586375852569
0.6350862771845829,2.718467250465795
-2.8014568916111213,1.4862090254517077
2.6355002268104704,-3.36171312442176
-2.501015996866594,1.2809778256507633
2.545913153098885,-1.5108806076879526
-2.686093496959335,1.4170429445182111
-2.5371348621015377,-0.5569635291037313
-3.080062513703945,-0.7568530004520345
-0.8009912464962949,2.7493589223538897
-1.2525633417988646,2.8469601106175473
-2.5510059926391615,-2.314880200963017
3.37752401937348,-0.5656248061636665
-3.2774923601153314,2.9091883227313007
-0.7214585730186248,-2.8760731728967985
-2.9897921997356858,-2.6797305714268504
-0.9352673512071484,-2.590033053123817
-3.123984355563802,-1.563732216465598
3.2069441161955017,-1.339559102878135
-0.9913254041587656,1.503907058181335
-2.9919359914441896,2.8548754111397514
2.6717141240156423,2.4313699419749324
-0.6617092842435197,-2.459087296556732
1.0230655828490947,2.62337599733516
0.7294377344490045,-2.3202913007933934
-2.783781192413475,-1.5128855021208945
-0.5405656102966533,3.0042180191512777
3.1124503832036985,-2.9645724068150927
-2.8286698624457225,2.6874566613499797
-1.1086238166137041,0.7698034186585416
-2.579324334456248,-2.846035109226254
-1.2239296936817925,-2.9577464272865
-0.9901146381782628,-2.5451603330776242
-1.5243901572480916,-2.7275956958515266
3.112097971889616,2.3708063457348607
-3.367719429168967,0.6084638588986375
0.6471044662759995,0.9930391281051573
-0.8702838745271565,-2.8038989409735007
1.041589109741886,3.0171336418823786
2.3884589833270358,-0.6016264556716582
-2.977823600127302,-3.1737501549671685
2.8314823209507884,2.786063804855562
-0.8116859271437521,-2.7943995727349225
0.35949410782951857,2.6130989110683878
-3.0910558165669983,-1.6525608540785715
-2.669264184548475,0.5395929469101612
-3.2215947034374004,-1.105036147715794
2.876225268060075,0.6735119838407029
3.0575869469506656,1.8634745633201286
-0.817188668040369,2.778860976487014
-0.8904974253413395,0.8036800673054396
0.40765091939504405,0.6588881213594336
0.9731031184536199,0.873079191254712
0.31573817640091906,-1.2223258022185504
1.787839006542328,-2.6396999603504896
2.601555916788117,2.9809264378863327
-1.214226888057952,-1.1324385337896694
-1.5275965824188218,0.7847127981525609
-3.0328531275325092,1.2139690489416952
0.11812894908368338,1.1527348840376492
0.9496347052924927,-1.0919719273199935
-1.257842121273241,0.8781866470711857
-0.7550871686117233,1.199683899659912
3.174305971448359,3.304850625645249
-0.9978940692170889,-0.6994081552398919
-2.691288880763497,-3.2415745920981647
1.1040489937588038,-2.726868558727795
2.938919026236312,0.0874496681632209
-1.0025092765558552,-2.081574131070855
2.4818248585343676,-3.8662328274128503
1.1459234712903923,2.9270513811784724
-2.6086031923783497,-2.3056834431703948
0.8175092042333216,2.4871253101033455
0.8009029600233178,2.868085549841714
-2.4625441046301657,1.4095116692518683
-0.6661521246706327,1.3324445183720455
-2.311873367090927,0.7902462445839099
3.122246058990289,2.6209268570723823
2.934227955440701,2.541362621046718
-2.205565008533319,1.589735933104818
-1.836127209726695,-1.1940393202169568
2.7481612026870157,-3.0281224245297014
-2.8294379347744245,2.869716867766122
-0.7160619646076726,-2.653687452747533
2.8426019619494625,0.7890678807963677
2.6625907790547068,1.0354487816320108
1.0325845156273417,2.7555984938016804
0.6548432907457983,-0.6725847225587517
0.4582219011710562,-2.7576673324263474
-0.7931123804072262,-2.5368572797376205
-1.0352624619064674,-3.036591076664555
-2.5383532060873315,-0.41277435208656477
0.697614064731319,-3.287062908913807
0.8565526306012718,1.476754034450867
2.7273518305433657,-3.235650241023552
-1.9408324802166783,2.50585710541327
2.8013599670846894,3.4398507568644705
-2.526706999983566,-0.23823001029111687
-0.34375745489110776,-2.66814656737031
-0.8417897394144029,-1.5014079669788665
2.577141778934712,2.3600316330852045
2.768855174951833,-2.6120835987272963
-2.73348673632694,-1.129911887383939
2.592706313125424,2.4806479382299407
2.2885938135499004,1.3389158515010355
2.867224444875377,0.9814978523308892
-1.1180271735283607,2.8361080654351696
-1.2546079662225125,3.1609025707487186
3.3301708017731118,0.8529754266375245
2.895084360422914,-2.884643208787186
2.499530839095464,2.582526234032889
-0.943845025719106,-2.7070460736058974
-2.355792090108589,-2.452556307322786
-0.5359447002077317,-2.7589383576234288
2.8484710591904445,2.409881642749446
-3.193898549035932,0.769025009392324
-0.31832510779908957,-0.846010295331516
3.220527464124914,-2.546736637008536
-0.9721908072885918,0.48455641135425237
3.5123137858609925,-2.8851960560687027
-0.8060033523810552,-0.9676367359037605
1.1285226266303803,-1.4332331425616682
3.170846425112249,-0.9321292415890362
0.4826428948031027,2.930409730267324
-2.2704890526841273,-3.051707494832886
1.5272923347441865,-2.4839367408304223
-1.012234242092381,-2.875371804080931
1.0734088285372614,0.9618035720602777
1.2204749504040504,-1.2341496876565543
1.5837735236890689,-1.2534077250345945
0.968467188124892,-3.152798577268369
2.272558467544944,2.049078077129601
0.759403229746039,2.426810424841804
-0.3341970641195134,1.544649283860359
1.296307594762572,-2.95484679213901
1.6892127977956795,2.156170684296202
3.3852052875922007,-1.14307160040246
-0.5746662375600352,-0.7544360168121976
-0.8783892877089818,-2.521654368670055
-3.453625694560671,0.7453521775382997
2.372594101576354,2.372451310914981
-0.9276796637285872,1.8170579556845825
-0.3320213800871095,0.895244409001089
3.488284514666966,0.1541265523507942
0.7893157488909996,2.540480409365818
-1.1705666914027848,1.1179159303508825
-3.194449766899994,-0.6457607338720394
-3.062659399745478,1.2709839222616175
-2.670620265618851,1.0681801752410627
-2.792892487620952,-0.777920034368727
2.655304711311008,-2.8983896071787023
0.40871940681075164,0.48956526454024446
1.1925013638035147,1.3977928837722808
-1.3219820605431083,1.7274597449530982
-2.4068831132295556,-2.76101729611269
-2.9877367616494053,2.3804562266332803
-0.855650907299683,0.9399805776007973
-1.605976823281952,2.7582706572549025
2.97944576061911,-1.3258803684901233
0.7279407936420964,-1.0332451101344358
1.1092373248266703,-0.6419879013659755
1.336731650925105,-3.0936407706751647
0.7989566207230048,-1.1801678837552563
-3.0381872863385904,1.2345581164397255
-0.6076550902222121,-0.7353866313592906
3.1157580502101214,-2.6910649379644447
0.171660293578711,-1.0833228750068733
-0.954549728495712,-1.0664913153729783
2.8557020096827896,-2.382240085748565
1.7635323063001442,-2.8567124849763963
-0.06434944038288927,2.42638826879508
-2.2454623195609837,-0.5890374290344637
1.1631872300046207,3.027265022565621
-2.917887392406618,1.8045295072860879
-0.9874224325980774,-0.29104432265343966
-3.1542696337554736,2.9193696650160734
-1.1171017801261236,0.9752019001793952
-1.836424950696205,2.3768595339736263
-2.155453704479869,-2.060835486219073
-1.5565415232738369,2.6033231368087355
1.0667670740263782,-3.2016575415235584
2.1744868022746178,-2.696487945277156
-1.6421577488161119,0.12942673573797953
-2.470847271303515,0.7021167204034744
-1.3368429784464477,-0.7275136017063606
-1.2473201298109045,-3.015941671100371
-0.7330631333171579,3.219984319640199
0.9022746501338862,-2.9416790926850727
-0.9331280787647198,-0.9528489503925999
2.5754011856660726,1.1415949659215139
-2.9217259146165686,2.2825831119016193
0.8680163575223415,0.7438333854236867
-1.1839034992419315,-1.2179409400357266
-3.34699676719422,-0.9692740944926284
2.9722925037947,0.4769607182267998
2.523760956230392,1.4853545468873917
-3.139131663490637,1.3079210248621653
-2.4522309463518717,-0.8992863460620524
-0.9629512337930999,-2.4753793352383124
-0.6698097252874441,1.035399305936862
-2.8461210033772777,-3.2323942157920587
-1.0058700975116537,0.2462405885178688
0.9922809118753826,1.0776409270199954
-0.0581812557560017,0.9557618909856461
-2.7785769287899376,3.3584846126401016
-2.8219051156809525,-0.8701752270652993
-1.038464387415577,-0.6872333909125175
2.185586119616649,-3.5471148693362338
2.1477919676955737,-2.7447599857287863
-2.4623847649885895,-2.6417623966063273
-1.3962225758151976,-3.6786395143963593
-1.7823812848596545,1.865478017822712
-2.925264005388984,1.2403663737807462
-2.330809597814477,-2.8307527811833393
-1.0412295799113371,-2.7582355467458273
-2.9910867460421207,-0.7146456739482642
1.2288495466919025,-1.7710384482501935
1.1651959677683774,1.090911313508705
2.716543713641828,2.243138739854669
2.5580547793620307,1.8677087607130716
0.6640052498673904,2.8082802778752924
2.290456267970464,1.2794242793306623
-3.0249139561531724,-1.1415131772681137
0.6798364234926045,3.2863236725584812
0.7202405032553679,-1.0473435257698185
-1.5287818741612058,0.9280472473255025
-1.6356160281879957,-2.921144777668021
2.8629210286052182,0.8355717306354083
2.5803966129818283,1.7254208024038964
0.6649794390706868,0.690224474569767
-3.139420927245107,1.1823072766356904
2.61492726352313,-2.5709590130042312
-2.1513217579397566,-0.5758561580475103
-2.819513396793586,0.7349777558807482
-2.854903172864475,-3.074317246102296
-2.5720398515615366,-2.7625811280047734
0.7154923816102569,-0.807476055374236
3.6619934907534235,-1.310549733613371
-3.2434890678888983,1.14547090280583
0.5521242155648645,0.8287292580163991
2.7863890827655444,-3.248514007323522
0.9925437993616405,0.6499298711112564
-3.226923444855387,-2.9243830462516605
0.6586662081144613,0.7117163822144399
-0.6301338519550812,-2.425370980302512
-1.4112016631786959,1.0516715413607007
-0.7228413285720837,-2.022061528624552
3.0935773426286817,0.1908909447523781
-1.6450488281276163,2.424697783503543
3.3149322565730275,0.7918561375194189
2.223859242717306,1.1636389893639243
-1.4095747446397269,3.054353075440814
3.223104376004781,-2.6896738797721578
-3.1210642199032392,0.8392098812659878
1.2008732716390198,-2.475592827017716
1.0119152298739607,-3.2080692241123003
-1.3959403477691608,2.675343630013982
-2.6204632597252404,-0.24304975102706303
2.8516041968106705,-3.6212799626667893
-0.4320969955253681,-2.8428283706226014
2.852923665003215,-3.6458754118485515
-0.8725522890472015,-2.761234457341578
-2.5252076933098215,-0.4973350162774518
2.7350658378666464,0.8098364030883484
-1.3668868956227969,-0.70792072061226
3.946362771366251,-3.398859923972412
-1.459114005166762,-1.1400030060457405
3.3904934041808596,-1.3613384913635964
-3.1669480005122526,-3.054405644889059
3.5370045294957273,-1.476835619822601
-1.549353596628812,1.005603336332065
2.6676675743835343,-3.1706122214492507
-1.0994773213074305,-2.6873846056693353
-2.3600396207157255,1.171784883706181
-2.9845156959332066,-0.8710371309672852
-2.4690013486264832,1.125315001340489
-1.6074299409757307,1.2214563840862551
-1.1271787077144502,2.3146908149660232
0.8257926152722083,1.448824724364942
-0.7849901156253182,2.83768662493861
2.913648968273348,-0.36706275117624776
3.1008890935816704,1.7940846729460127
3.0821426049583356,2.408801517095046
1.1507598687506704,-1.4894869166638764
2.838722528865013,-2.5265796849798927
1.133449973319823,-1.6722591870354593
-0.7818544394472868,-2.9277667670594107
0.9289090646052077,0.6441938036405648
0.4255886607134464,-2.279051357046269
0.93353559541981,-3.027887853288261
1.5252348706512195,2.904936242225089
-3.1555739626467885,-1.3009178422577656
2.5185679025686025,1.9930052718776756
-1.495341666659954,-0.752055743632376
-1.2551639210175791,-1.5660163288975053
-2.9944627603858156,2.2174775647228775
-1.4929851121790074,3.0049780556859598
0.9738175520816783,-0.3571031222861886
2.923412450960955,0.6897104763705056
3.0024026243208306,-2.687006198425235
2.794153624283203,-3.7813930096213184
2.5894530146067063,1.1975796943803716
-2.988253157344538,-1.1820918442031343
0.5602035111318369,0.9140461653283544
-3.0330428303335566,-0.6418944717354708
3.2885447725719317,1.0575766413754084
-1.234294700578964,0.6420541718001993
1.6242995840622414,-3.340403416635295
0.8250168436596378,-0.8778151567940248
-2.4818841238559344,-2.756600155702818
-1.950426765108833,2.812513555509795
1.3640534592910571,2.828699612201909
2.938384104489003,-2.3385495975299615
1.2954440042923567,-3.0705141166210503
0.8494154408395811,0.7994379517836457
3.1197606915843976,0.8892045691321645
0.9384579597246027,-0.88365493431216
-3.3135690404339564,-3.22980649207482
-0.8231452577997441,0.7892561371313095
0.7450574498619715,3.2194792743972203
-2.678219339274078,2.253402904279494
-2.930710493713769,-2.4541580593017285
-2.3324066419125553,-0.5882075581522382
0.5459017800350576,-3.0660138850162095
-0.5396744803907589,1.0769153917039582
-1.0349338012698093,-2.589700845711301
-0.4676909593006511,0.7244649865150564
3.0993350311218504,2.589998152190543
-2.711620923088105,2.5561691571318943
-0.6184708962620712,2.621798819524612
-1.3577755466512205,-1.0354808293365163
-0.8600760801507419,2.3471305340704243
-2.547518784504901,3.181442351599496
-2.2117543061469935,-0.6078543139054748
-1.0966816188487738,-2.0126734533304855
2.9560256406544165,-3.692723770366912
0.711168522127899,-0.5356441333756783
-1.0020978787986483,-3.151674042410799
1.0268616873467207,3.0969773818555852
2.6822345225740167,-2.7367442667770523
-2.673440815885655,2.777488241638847
-0.21336903502828147,1.05402009762187
0.7644537372707032,-1.0902202226583793
0.8834083582263736,-2.336203994462818
0.6725972875189468,-0.9273699025256275
-2.8614881429499226,-0.3463522811977488
3.4384168988162083,-3.239555430460159
0.8340568994905496,1.5389839935562337
-2.3931935139129217,-0.9941038346847495
2.6606884757634917,2.936595048797358
-2.8522664437620415,-0.36656781329551547
0.7528840310650448,-0.5456667016483787
-1.0113094347867313,0.9707538051206338
0.4498597596293511,1.046366720312343
1.1702357767430025,-2.6294683746839254
2.9901657623222593,-3.2506709030695644
-3.0768940893544325,-0.8608316635934422
2.6045646563477094,-3.817115622260767
3.0553774042670607,1.0436886261436464
0.519813374792203,0.7975501331201301
-3.2398356389981884,3.5559550790860945
-1.5068753632887335,-0.7867291548426398
-3.4531784019349616,2.563840200889111
-1.7407799216004634,-2.63749341042441
3.353872277481598,-3.062058961753624
-1.0936258899348916,0.8769856898850015
3.0768270544238168,-2.932168484298447
-3.206406035672218,2.9417887051154965
1.2776362587713217,-2.6754129761161374
2.405080390669363,1.8795276463059882
2.762548623088828,3.0941274408100234
-1.423496934976911,0.8070765500269396
-1.5320741521049344,-0.7712166776741488
-1.981440202092275,-2.896443611261141
-2.798990343680423,0.7655879774894
-2.9541599750742797,2.8489504038999827
0.9989840018485815,-0.6326789412564302
1.0664582428784606,1.1199210220065383
2.6709055140536684,-0.5146269480482981
1.4323300772967147,-3.020406721685469
-0.8495992348647362,-3.0082196499499037
-2.595694965010206,0.7440056289746981
3.5577709773150694,-0.9218319260016081
0.3164020064926544,-1.0018794216255127
-0.9317506449160864,-2.253795376836039
0.44818275890063713,-3.365248214912694
-0.8342643627597646,0.9647946470984362
0.7249000930204298,-2.808669531096934
-0.8295071865626814,0.8097144490254348
3.326839627755197,-1.2357928339571533
-0.7379000869511206,-0.4569518121659002
-0.39814231276573153,-2.399557696987009
1.9231184924638887,2.579711303934525
2.7692028966108873,-2.43094333272114
0.13992854738781105,1.4199015802909734
-0.6334144822926399,1.4178125940760207
-2.957177264419412,-2.6485128579648824
3.139595068638248,-0.9787495586130156
3.3277833793711435,-2.9273434004400305
3.0780741390716235,0.8312960458286545
-0.9421375553977239,1.3970735351073338
1.3791114368675346,2.567114538700652
0.6658909269294745,2.6821292083453305
-2.4297786361514095,-0.504003518114532
-3.460994376127352,3.139652376776414
-2.874752231867306,0.8099122703369621
0.6867852525405411,-1.2210081521264085
-2.704727319380685,-2.333266369617414
3.0063201717975288,2.6732499133847765
-1.4464449117566334,1.182899530793345
-0.3869474406064659,-0.9168173328523076
-1.421486001626825,-0.608992444765637
1.3793681861767484,2.0532935114961752
0.9812501839363335,1.1361391001398884
3.368987946274442,-1.2945059231386824
0.6002011283851215,-0.5971691953156718
2.8470519130014678,2.691075203473029
-1.397442815107561,1.2330059378691742
-1.4124035548417346,2.52547031611755
-3.209400906561462,1.107725544063398
3.04716808496481,-2.513929685199252
-1.0301399221522807,0.9346213803981391
-1.628426445923646,-2.4064740676380394
-2.559705331964107,-2.93537524822862
-2.9047846308637695,2.438022595061506
1.3087852581271688,-0.32075903914104065
3.617793617607469,-2.6304496140781444
2.7230414483599183,-3.218447441026393
1.0496204406946854,-0.9240587603757848
2.6826016476583154,2.526196185571036
-2.7626714308444877,-0.2466850524362057
-1.1012161066135564,-3.1696218402382286
-0.8917483595652094,-1.051209864734253
0.9984413475356139,2.8037068153076063
-3.2163242663823732,2.7526741630752483
-2.528889951289678,-3.01937983421297
-0.7808444668483661,2.3865206187963643
2.935661083339347,1.356050755478977
-0.9611621649871775,-1.274078525812435
-3.3928921448208107,2.560595001050903
0.8200818042498927,2.2786077251525816
-1.2773920898615783,0.5493165833011391
-0.9785955117423846,2.707858765135004
1.3222242164109939,-1.7566915397172702
2.8509146173930953,-1.0785890026419547
-1.2864706492434548,1.2788296645140846
3.8199641642040136,-1.200496954254052
2.6348234008370746,0.72704694074296
-0.8638210857965227,1.261733984042308
-1.1836334451509165,-1.0537082363480552
-1.0824031110959047,3.1397982452657383
0.9789811998495972,-0.8368566566726584
1.281439463866298,-2.8632387975845943
1.519613615007949,3.6401603878918505
0.5946556324235929,0.6063981506622343
0.8536148324738488,-1.1867065657445404
-3.038976514188397,1.3939109199843818
3.04776030769201,-1.227941544337212
-3.004050038057685,-0.7998669295527766
-0.8150255778672564,1.5551823455795095
0.9127215622844708,-1.2870796383986876
-1.2105219294499374,0.5438653487066848
-2.7400265600627316,2.211758022190047
-2.485037744479952,3.330171411670527
3.003393281936084,2.768829345475289
-0.7536309695332627,2.257786820802415
3.0284891365931212,2.4822016591895246
-2.4983702996438932,-2.467711980833377
-3.03096342516029,2.6112137769212636
0.9724240819356667,3.254516896371258
-1.3739949514091796,0.6527796760063983
-2.675333065416482,-2.669143902895488
-2.4825473591443985,1.2191070912721818
-0.8808953212185715,-2.9053642189481956
0.9672719177958867,-0.7996130082278934
0.9805793498726709,-1.329073130986195
-0.7956649444161483,-2.6779293078985593
0.4621584642886994,2.6280910813562013
-1.5280658687996134,2.9380307403791464
-1.36176612486697,2.620194029364113
1.0918421952268893,-0.22336580669212322
0.5067353706062333,2.3910528431145215
-2.7388996688838128,3.148158314873439
-0.7967628106508935,-1.0126575495573011
0.7893367068568174,-2.974675438259373
2.3080739713760114,2.1019306808485205
1.1596746205830972,3.194123563394207
2.526786500772148,0.875224028072789
-2.9359020537213896,1.100977711594445
-2.710365518199868,1.27231463933952
2.995840295625279,-0.39504772439721725
0.9695930929273392,1.0127989507562023
0.5153942381413117,1.2017138869694568
-2.9304393488824165,2.9565861520234002
-2.405649756744488,-0.7757960025419812
-0.6246374980182683,-2.776789513200324
-1.0072344837762075,-2.268724921558964
2.9239688542954547,-2.7692621018279056
0.8351419365964526,-2.9442551729556072
1.1336068873146798,-2.438448162000425
0.9452948617067684,-0.9084199392773447
1.2933382922705552,-2.792396431331591
2.1972776335580844,-2.22456976465685
2.9531423810033104,-3.2626462427831773
-3.310329100247091,-1.1714464933711735
3.13090726077451,-3.1464032641665853
0.39228110789955906,1.2608790758051585
2.1056776801818184,-0.6236924471170985
2.99332665030847,-1.1047814595779908
-1.4823584003030195,3.1705745583169356
3.1533322864168314,0.7620687494365721
-1.2297624942453842,2.6208891477099976
-0.5191413652064191,1.272158659628056
0.6351835157817395,2.6796880486305534
-0.4867132456669969,-2.877450588116503
-2.8589944480029157,-2.4731575471765823
0.9415153960912088,1.600065080437085
3.2275965571033023,0.6757949119133817
3.0920475160316325,0.8350647933940045
-2.834925335633763,3.2782631553819446
-0.29323922552842624,-0.718671145275442
3.2851704511393045,-3.180889602477913
0.7473088085824946,-2.9536080361906736
-0.9213775276412646,-1.2623794109173667
-2.577337194068218,2.9391393942786266
3.406903991721734,-3.2416324392264513
-2.9086951286860696,-0.5779163850133516
1.079170495293945,1.4801290557342732
-0.6279235161677887,1.2876825103495668
3.1787935268122367,-3.1776797131550203
1.4773458422961048,2.5690045826485473
1.2318945635109129,-0.8801150049629151
2.6465075963754816,2.292660397530033
2.547236607997933,2.4830228884687164
-2.574855294859465,-0.5412907704884278
2.586924327151127,-3.9926995880327856
0.7087621986235015,2.487352552171603
3.396568277975046,0.34167250702722185
-2.0369860040987633,-3.0880831950885574
-0.8757089286582872,-0.7754804171946913
3.094529796847009,1.3161189882568753
-0.3397753725530037,-2.856629296041249
-0.3349949958470681,2.7518272977690916
3.4233241594569392,-2.4843873806147654
-1.4788555255239801,0.36224302157108385
1.0604228733428325,2.9856605665884803
3.855029280998892,-1.5343734159141567
3.0152594558266457,1.8545010370265924
-0.7279627438068248,-0.5489988792841679
1.1612708954174535,-1.0490156594521884
-2.886557794875555,-0.1309120019478274
1.7643699498734902,-3.1751650390719406
2.973424146754167,2.713182458196112
2.381747504518711,2.6864448632135285
-1.456985478079934,1.3722026913013377
-0.30313973913133924,1.1831474374627398
2.739024538147492,2.3933434210852678
-0.5678291466123048,-0.6527479845861253
-0.9342836681224759,-3.1138202087428053
-0.38173839239140134,-2.6349094099985746
0.7680712355083505,0.1141924975003473
-2.673865549667419,-3.0988425899008196
1.0797971686923447,3.2426810299025295
3.4649530288422206,-0.7521109949785394
-0.8509037565191152,3.121408568551988
3.3656057951489324,-2.729216353659472
2.95264858993339,-2.38209437621041
3.40920589152778,-2.9594530660062137
2.476242906482786,-2.5081385788355566
-2.2576119725219437,-2.3935461352444434
-0.8817267276568987,-2.5076589788092525
-1.0542432723284298,2.576965354240276
-2.265978065708428,-2.5051343017414536
-2.5815160042150493,0.867107323311638
-2.7623587093894075,-0.31277663991887417
1.3862004340919396,2.5503169744059746
-1.5909732286974936,-2.123186025542475
-3.4699604179591925,2.47344190956995
-0.8350908399588026,-0.25523465583435767
-0.7177194125632859,-2.5403603605399634
-1.1749760984961626,0.8863969039582292
-2.553968654802652,-0.8634846866012771
3.054203466114989,1.039497976382562
-1.2992630484990928,1.3364636051164296
1.208810155744719,3.2624973887518727
2.78118853466573,-2.5163425233660917
-3.0723109590496867,-0.9775603855946166
1.260814997990494,1.0850302791266533
-0.6233189896324801,0.5177343285712944
-1.065329616193757,-1.13720750104778
2.3844298423739283,-1.2100226690751184
-0.5561331411652028,-2.689854056156726
-1.3334022999538513,-3.1704825748530348
-2.546029383159576,-0.7556101469407026
-2.403281724515504,-0.9618329862574813
-2.8082837064844375,-0.8087735772719571
-0.7233835432753133,-0.5972346175659148
0.6068717550163958,0.9320705663222727
-2.4290504558971935,3.3567461245947894
2.919241938103209,-0.9079517251350994
2.6239650662657907,-1.358511298243041
0.29519650778222906,0.863600553633056
-0.9817789958713039,2.4961856697399383
3.213121812111089,2.8878755159308276
-2.628035374456396,-2.6447054304565834
1.2167652383640377,1.1353582406535454
2.82843801423289,-1.22667694870302
-3.247061023003246,-1.1597367009512298
1.152721318260961,-0.5983875403682328
-0.5704522729647882,0.41366641103642315
-1.3901007798564775,-2.8499088789760987
-1.3173295055095209,-2.8747992139504666
0.8859797442409044,2.685082486654032
-1.0423005264287601,-0.9025332342572974
-1.2289182819930575,2.3172154191674452
0.3095661082955131,-1.3476701489654255
-1.724954673751643,0.6861308868327045
1.024075677808197,1.2617440913167868
-2.1290463959726633,-2.7399012671006386
1.351943338316522,-2.954534074724243
2.394012258584177,1.078891103446131
0.735929621304821,3.146088833060104
-1.2743316798907598,-0.5888181947153751
0.9697441947788619,-3.3466716508488688
1.0560074457868969,-0.34102971009756516
3.0677324507126627,-1.5917011387965012
0.31009067414375585,3.133037631333174
0.5908011898906029,0.936901444864053
0.4489996064225122,-3.0087633424264277
2.848957963160647,-0.8478103326150457
2.9813704238846075,-0.8461965318484364
2.153961895615067,2.448503541318862
-0.11841688679050968,1.2493431464642812
1.3062809200315746,-3.07134788145505
3.732759328187472,-2.8837202952997787
-1.453537325359814,-0.7182865458393002
-2.857477335523219,2.7894854652647063
-1.9848242296471905,1.1264859311398356
2.644370198822557,0.9280911603086528
-0.5818966084329987,2.7389158253587094
-1.0504005006693686,-2.2683261513342012
3.2479227418909526,-2.820872965990047
2.23561834626485,0.5521646860735739
-2.996730516917005,3.514209593145813
0.6438604000931292,0.14230557718885625
1.1337853193039604,2.873211249989726
1.0553426694708856,-0.7850190802314375
2.622072641886216,-1.6572112591682315
-2.5167824427180157,1.5152954972080854
-2.7619948322339836,-0.5677932850479
2.595174861492892,-3.2524293495155203
-0.21277334506543,3.154952859770154
-1.2202560790338826,-0.8774584636495744
-3.229233767744408,1.362353254562476
-0.9398320705024052,1.032008589687644
-0.8779712941458094,-0.6952618037147432
3.1094275812956798,2.673137249636382
2.8598308159179955,0.5723427617515903
0.7921137423364786,-2.765316420683905
2.3205642276154905,0.958190125304218
-1.2462081450013807,-1.1420706761383375
-0.9774928271577726,-1.3081517885661946
-2.533688916609428,-1.4194412453935827
-3.6630887520906863,3.0759957047255595
-0.9888879353275901,0.043861724625587066
-0.7272654925829257,-1.5870818423059112
-0.39984053664314584,1.5423954643920708
2.372929077704582,2.2910142771525908
-2.9645780813771383,1.2358953645114528
-0.9922016646889814,-2.266317594495348
0.6403615602034992,-1.1442336967019489
-1.2720589446805675,1.2713661928602742
0.2833618670364338,2.4389530730848383
-0.3126541794861021,-2.932072324883591
3.559895380899888,-3.1480433464758053
-0.9003643440444743,-0.7638436977089292
-2.2902159224335836,-0.3644604508780618
-2.6830393601009948,-3.0192618370406215
-0.8101980634124747,0.8406743480711137
-2.8333910155191866,0.7457946723239914
-0.6920428832334824,2.606083405443349
-3.111951922131225,1.0308578044458767
-1.493440869415729,2.8930362000598144
3.394158476811792,1.4324192451374183
2.725930244734404,0.3882510691596576
3.198367162576781,-2.647172450280809
-2.993204657480529,-0.7180413368673041
-1.7238033238203476,2.8207732794122573
-1.193295365528875,-1.435577357741075
3.4951679962211806,-2.61156412259255
2.3667002160117203,2.1272081563686513
-3.490411225211147,1.4151541089890771
-1.0692988409384596,-0.6170532281129817
-3.037333099915047,-0.6785369660595918
-1.274838535183809,2.788266813275922
2.623275081263711,-0.9717477258997551
-1.0411085746532254,-1.4933408685470153
2.612128018178968,-2.357510244879047
2.753627703061406,-1.1750942317833664
-2.878887818359169,-3.1328213122944275
-1.4779605856826417,2.8464133782634895
3.1212623532378307,-1.0691035213277424
0.7767192440851576,-2.4778957445413865
-2.895690827774614,-0.6841250065458765
2.641138693918698,2.5756372031612016
-0.5763784440884783,-0.7132929621211852
0.8999208501783453,1.1542312648590247
-2.859400388741064,-0.40644511500269304
-2.6985455246584196,2.409953656373795
2.7505183727891143,-2.8519652933054633
0.504809867752129,-3.29543320510116
-1.0557105171014367,-0.7990510084300739
-0.8122328970279707,-2.864571194820038
0.6741760544382079,0.631169571526389
3.180094601289356,2.4869222140100975
0.8127222255903666,-2.4645302355044554
0.05988575753082263,1.0075274759777277
2.7392717486300167,0.7401861555634652
0.40926009068595287,2.694430434847047
-0.9154978481409706,-2.5483209566015743
-2.5928562045459635,-2.769282813681014
2.9453996563650517,2.5212158687416655
-0.5218284464158769,2.9031631368877875
1.2938532535055853,2.5821144719987013
2.5521583265923065,-1.0145685488725174
-2.3386992669481317,0.7883387427106009
-2.955616214404356,-2.61382088933401
-2.141057513584787,-1.1334649510119281
0.9949973010104138,1.1921868256191466
-2.517387707092321,1.2573179646959438
-1.2436241163120922,-1.152521653961414
-2.7634246207407873,-3.063428657004029
2.2545192052208676,2.6090462442202558
2.785184175666979,-0.7243951282298083
2.8731082015496696,-1.0356475797396216
0.7509674793909461,-0.6382986044607551
-2.8625934084920024,-3.2777804116599683
-1.3934261356417086,3.5033250466447137
2.6939856216743485,-2.5958432385461534
0.9137408494300693,-1.0849672630278318
2.10424139154798,2.93601611733522
-0.5041430396137071,-0.6334722196937389
-0.9455215486586548,-3.335982266629416
-2.5215829481592356,0.9253793479849246
3.092808182488368,-1.192209502125001
-3.1303550931565693,1.41231997513392
3.009028517725069,2.3738652993411
0.9395310778428585,2.9864805137472863
-0.6389002643796248,0.8398326938967874
2.58654606593173,2.747683877424442
2.6541716028917417,-3.3066654748989133
0.8835389623501962,2.352434905160511
-2.661222578811507,0.9098747256293002
0.900158699410052,1.2077931443630316
-3.1075063669325274,3.0305848892480483
-2.7779755364740333,-2.9723119228873314
-0.5259427531833625,-3.2000684479879453
1.0676082138358332,1.5691307752672137
-2.793603345388873,-2.8417409251068233
-0.7957715225359933,-1.0167348668081622
-1.2843482683491239,2.5283815325069665
2.714257982128487,0.20942629479537989
-2.5439368281362458,-1.20923897634353
-0.7597647212629685,-2.7570293286255736
-1.2704768772457946,1.3909240328142918
1.2993466160960963,-0.30403173964942404
1.7685364837478281,2.5131037728499233
-2.84483336469765,3.322956090223372
-2.279269024145121,2.226387893082614
0.3546935965578679,1.1185154917774829
-2.287161068057203,-2.9701602675456873
2.399305696958932,-1.6394333121756408
2.93063874629239,0.9465705468109992
-1.550382075606933,2.932645525989297
-2.5368031206857817,1.6685577319264686
-0.41422033576336603,-1.1365005644455117
-2.5338484939535806,3.591995117481741
1.558205526327111,-1.2694109381483027
1.0249199280564747,1.9519868384282792
3.2476935041851096,-2.3533150412942683
0.9875093322124219,2.838602856663521
-2.314425943048477,2.5785388879616495
2.5099663829183236,-2.571945654856674
-3.2218647251201533,3.4701136579690677
2.8608762064902744,-1.1003744385301604
-2.845584837561313,3.7178501133950457
-1.984297167751005,-1.210533192495592
2.8234349476490097,-1.1473675110667108
-2.2610310736635473,-2.292893673203632
0.3833654532643095,2.5404020054103635
2.3551080507103412,-0.4728038380977576
2.291146464028324,-2.8170632520574506
-0.4453203146206382,-0.5845083636474057
3.159717866549662,2.6607331105941605
-1.041066073334279,1.2413970627519293
3.1839522028264793,-0.9419631643364575
-2.287147400402632,-1.222027357782625
-3.2748565816330952,-0.6266335721445384
-2.5351997505353916,-0.3648820103717522
3.299869366900417,-2.7265741348620454
1.5181495563787477,-2.462548959850455
-3.4279751748720124,-2.4878999338036496
0.6805567989689869,-3.040433131314137
1.2454687595803202,-0.6884354159094301
2.76613730336222,3.0161315711562025
-2.5120041513854847,-2.6798486288869445
2.913724341708551,-2.9406145694161494
-3.412550674856611,-0.40604399101268
0.12821800829594177,0.8643655923414766
0.7778574175119901,-0.4356515918268518
2.89088764480724,-3.4848691181672167
3.2427477361489143,1.044607933398805
-2.45573353021118,-2.7409108696821556
-2.690808001554878,-0.6494992102287646
3.749228059113125,-2.8608654866079832
-3.35687929581214,2.955653746803418
0.5977863258332068,0.8594791055600742
3.111204737029945,-2.7094046983561912
-0.42823508193704996,-3.097852286380272
-2.6353242126270744,3.0572936993146
3.16816662229354,-0.9390273070891626
-0.9226219686000231,-3.1168585216236795
1.151102947369905,-0.8000989876531667
0.8787393183037884,-2.8132802541804414
-2.1043308335089312,2.2882517523124184
1.0212281463683561,-1.3322111010199709
1.137844556321792,-0.8147615625526821
1.3921862140470207,-2.6952420214465818
0.5770831602027224,3.011122982818695
3.1286265340234314,-0.8089774429195532
3.6713544554832493,-1.1360643602862213
-3.231331116026007,2.9242115494375907
1.7464707136181041,2.177165859992833
0.9815113642417325,-3.3541265912121174
0.6127600703029099,-1.3295210490674412
2.6599078684369677,0.7181272040111403
-3.2316841070305933,0.7720476729213438
-0.8055770910480219,-3.0676746568837086
2.8888141480753897,2.252427844905687
0.9437241721971494,-2.279914340409949
0.4909148858158128,0.5138900013162528
-0.7689041904987673,0.4742464984214097
2.7074922538812283,-1.3292499417696022
-0.6932685381249067,3.1694222105773946
1.1417210206373387,1.5052523280317838
3.124936338109976,-1.1012335728189584
3.231755547808865,-3.0769769186200806
0.6920809611717635,2.4314023694325932
0.9535784401307803,-2.553106513598156
-0.7962293744018388,-2.7432785592433766
-0.3882443025145093,2.5946496769921787
-0.779884275325145,2.8041547894546164
1.1809575552684641,0.5926616098902657
-1.0991082247701538,-2.7627284452637233
-0.9138547586701508,-2.7745695469613447
-2.411261897677083,0.7063834649567469
3.0214422913398487,-0.27494793564659636
-0.9467857851696624,-2.8356004730434083
1.0876774099270914,-1.5045799497865107
0.5380356130804947,-1.0793526094311419
-2.528809531405736,1.2023280658892572
-3.214411158588865,1.0203171167774332
3.2732106441743745,-1.0775376115785782
2.6045235464859746,2.176237258177811
-1.1001988671014888,-0.7165523554714894
1.379624826152845,2.4278764866707614
1.0232716112227553,-2.4927691235916516
-0.8376917869830711,1.0473967386919865
2.8658018237272604,-2.3574127182552793
1.3105155857385198,-1.0607295672023656
-1.0202321689540457,1.518664427029352
-1.2568034895316682,0.9559417050094012
-1.7414221995976389,2.913446036233227
1.612741882576117,-0.9390569002861645
0.16885720953456035,1.0897180580326413
-2.9360986249010965,2.8930032166965804
-0.5850479999721708,2.86583948695582
-3.180886549310727,-0.909871925200788
1.4273941633002314,-1.079460752496212
0.8425991415079581,0.7799533522949397
2.612211548138934,2.768224280725638
-3.422054707875073,3.1420838966108477
-0.6649900824740516,1.1541931717394251
0.9421542301280877,-1.2517341628315177
-1.287581688386223,2.6254312015345502
-2.648151576634885,-0.4572504775706974
-2.135058860009609,-2.711447924534529
0.6474294855163755,1.7228744476583986
-2.7286169756481837,2.3490394496439246
-1.53012808228505,1.580070236055789
-1.9082293785462048,-3.7425781252622747
0.8136801480782553,-2.8993021239869936
-2.7716487914691434,2.5984206451711835
2.5497194150851477,-2.437833274547658
-1.967397139934258,0.3909033321565604
-2.6794776245724727,1.6788059883774582
-2.7132796646586193,2.206196807886279
-3.3836355664683024,3.673518566213985
-2.9524522580711148,-2.230802049632555
2.038941436218511,-3.3153754829688435
-2.5880114968521495,0.8048019970101113
-0.5585485198408574,3.3523785217813504
0.6100907043419006,0.9325639076745891
-1.2601436698022268,-3.0766515540822104
-2.4168848827117744,1.4840875006294167
2.5355747716732076,1.047792897136943
-1.1282987759837162,1.7675531146367607
0.7606036291412201,-2.85997512008195
-0.9254372158510614,-2.8830255346017557
-1.261805618636347,2.6278475717493968
0.6260402642211678,-2.363565326739224
0.4587975621826805,-3.2387972626999373
2.5031456907000997,2.9270780481796623
2.7545018163352153,2.5929767611266197
-1.0630397130091638,-1.9713594769667222
-0.9627262979943332,-0.8901554147404851
-1.003704780218699,1.755442859281809
-2.531665500434173,-2.9758989534226314
-1.501216653857209,3.5059875731267516
-1.3430275778836172,3.3215522309648287
0.9751960558099794,-2.888762222461597
-2.4688885889070495,-2.4090492961154486
-1.2113544653603259,2.5816807196148246
-3.0547073349950353,2.687891783291794
2.3713981966041104,-2.760063878199224
3.066015704491404,-1.048000870753046
-2.4294269378726354,-3.4989945396514037
-3.085943675702521,-2.4494145456350314
0.7282371297176363,-2.710206146599598
-3.0458976530964335,-2.6085722257745902
2.334369885450446,3.3490497626353894
2.6518945478197775,1.1830389356741784
-3.449154965907608,2.717503105776713
0.5756186998309153,-2.042080279334971
3.0356946891276606,-2.182739505114465
0.8760545224067635,2.5802483298919996
-0.00020940802739559806,0.8848978283675323
-1.2315604558469961,3.023578791328163
2.8818212166505366,-2.580462790081585
-0.7878498971441175,-0.9515427549820553
2.4275557184659404,0.6057220130569823
-1.3269876067000157,1.0743973746664703
2.8605046579508024,-1.2739059948956402
-1.0447193818845075,-1.0560767986734352
-0.755078308713574,1.1162222863116555
-0.7936191039145414,0.34926796064004156
-3.066115056791598,-2.371902827387609
2.6903779179903546,1.0340131593899224
2.791623606428628,-2.8203916279905648
3.3730113751233075,0.07838732464588587
-2.4342973784340782,-2.4350945068176597
3.4019790605763807,0.790557183308395
-2.8945832665880307,-1.0305884048485712
0.10527285384112632,-2.805451911472569
2.5003338128763177,0.8862362169803968
-1.637060189179464,3.1552644991596774
3.278687371183572,-2.3313723941169955
-0.8771541348056435,-1.5068556967541868
1.1246400348782857,1.231845665765333
1.127017660922203,-0.9183039892712712
3.1968900478959834,2.267259861502262
-1.1050050200677246,-2.6963682080704343
1.0309127931367812,-3.2358130800667615
-1.2158250701911215,1.1702500963824298
-1.3992985609075987,-0.9088537725353111
3.2033138663772576,1.0610981225314295
-1.017269896250403,-2.882900367972227
3.4491717201879104,0.24666996602636465
-3.922748184385553,3.3264285996673024
-0.7571916775660386,-2.0548448774661985
-1.4076334551923946,-0.8882265459334799
3.7306807030071565,1.8624178659176496
-3.144486616728073,2.7613412688059746
2.967409601396545,2.6086642544446126
-3.1031594091048693,2.83860487990427
3.5496518463653515,-3.101044168644115
2.9649993406431063,2.3221871227847024
2.9012257908086196,-2.5934329209264293
1.8452978688803636,-0.963935256556372
2.61580698550259,1.227713451940739
2.9542788469393932,2.7494125689406013
-2.697363004648,2.61249566396044
2.7034190386576666,0.4725782386485927
0.6787470199342507,-0.6910559726654061
1.2389547724908003,-2.6988047980435526
1.3121390197348213,-2.024156002685895
-0.7594323792255794,-3.020115993476244
3.4211156007630605,2.677507193764147
1.1333740163328307,0.9307840585333281
-2.4643254546152993,-2.6244375292686235
-1.4157665631895542,-2.368660375793407
-0.3528509641148235,0.20517038666303855
2.696988085699075,2.550023584076757
-2.29152609940599,-3.052165447754108
2.595773673963256,2.4639910393656645
-2.770313135511985,1.1034985279247322
-0.6548030051930658,2.8439834878407515
1.3614597974491687,2.2995057055542785
-2.8118671500688794,-3.2817619975879384
2.7407520416653304,-0.9151415448688991
0.96450045418723,-2.5474657193720818
3.513217779823097,-1.7024777788435501
2.4620268549767546,-3.0558861910980544
1.1875910369847997,-1.126299723100545
2.8165130238535916,-0.7237148053948482
-2.559015726145744,-2.867291898634428
-0.5793010323777648,-2.2225497738922244
0.8740587547425922,2.2609540054848476
2.5727334377497475,1.0280539340659975
2.7115098192874654,-0.9787275295897535
-3.4897479651389607,1.0065988199470979
-0.4429329241062681,1.2760263922338246
2.444942424288929,-0.3763035756144287
-1.1118249089973928,1.9654688137709204
-2.195429201818272,-2.5258440172665417
1.2240897252499374,2.2532964876832504
0.8137596137149,1.7247380804226113
-2.349274707164542,-1.3149289725111353
2.1964537630130403,1.0984078626764198
-2.738034393374544,-2.8459253912065394
3.2262492793185475,-2.40620175131396
3.25590642519207,-1.3357617288520895
-2.553966160024869,-2.5385480592007665
-3.0356087060769514,0.45272025251106335
-0.48881377787461966,1.1857670083577374
2.693666152962472,-0.6942276773202624
1.8934946996814086,-0.9463459362488691
2.763774789238763,-1.2713879973233198
-1.3810150278778026,3.117592830001977
0.9003277440140544,0.46626405858544046
0.4791112493707468,-3.6855060884960285
-2.778886399873721,1.6414780802867563
2.296813605616588,-3.8225550593341535
-0.6560829679922118,1.125232620962523
0.7233279819445954,-0.5438956979549068
0.8594475995097929,-3.0475987705345706
2.9512764418419417,0.9396566168596474
-2.9150554360159955,0.5374269181091791
-0.8073483680844383,-0.20865168224938
-1.3066056721004333,2.815940397142335
0.9248294315312132,1.5971126729019554
2.7092185758693828,-3.0631384436190583
-2.742458681369859,1.0073096387352578
2.6355388342161015,0.816391080509093
1.1550656927247267,-1.0300779017667203
0.9713721946681891,0.8921503272017548
-3.1022805098995883,1.5282223590015198
2.8494865935544182,-3.44189204900182
3.0436372454054323,-0.7192836159290356
-1.1961934225146207,1.1069565463845057
1.2247903885873286,1.320559348524254
2.2512225856557992,-1.2490273366119922
1.714926681642966,0.816912828028982
2.765389240427,-3.0948149328089056
-2.6741910602808527,3.019182596963501
2.5914385286383648,-2.8224224618086033
-0.9134903181790283,0.45903001155542306
0.8257385353157382,-2.8305952331283746
-2.360045780911758,1.9357272951943814
-1.19832164565587,1.5819655298974304
-2.1510734476396007,-2.9084454676744387
-1.25641130018407,0.9874994416583225
-0.5769257755422583,-3.2033414549901096
-1.1600049355967557,0.621596097009063
3.2943008613844063,0.3883819252528571
-3.4877656804890758,0.7949865278013861
-1.7619061860359948,-1.0196084265571146
0.923078745924476,2.6007837649104997
-3.297955225203023,2.4185088894465143
-2.453062014584791,-0.858314105341266
-0.662870219307317,-2.311466865378004
-2.1445506917456565,2.0594311093255997
0.9367072563013188,-2.6271579185987517
2.7121278387630627,2.7649959708377225
-1.5417843688423463,0.863929136092419
0.15592082351027958,1.9476272193393038
0.7309674704649277,1.443924667065064
0.8807933968564984,-2.814789154526289
-1.1325203486196482,2.8026932688233055
-1.591158423856277,2.390720160064455
-3.217607833948813,1.228303236241933
-1.1178489476710596,0.5563106506172528
2.345494943792734,2.275934750654508
2.987604869699269,-0.8661634932675617
-1.4491184496781961,1.288527696313733
1.2937820387742145,-2.313365481391321
-2.5157422987887017,0.22290222452854155
0.5009467768348975,2.9941873518870596
-2.6185434846086126,1.094247186451447
0.6423211684277653,1.1884096302149867
-2.9966046776430715,2.6138396593161985
-2.5273607787163352,3.009517619043612
1.2442672628041926,-3.1145570176607893
0.9501286733767498,1.314626053636289
-1.2294187350821837,-0.6734899463880005
0.6825704432779823,2.199136118307737
2.891906962961056,2.7293943385485173
-2.870857676541527,-0.04949906459729535
1.3638247982401248,-1.010917386851345
-3.3760095112140593,-2.483541494031693
-1.0545362641890887,1.7583555884812485
0.7182258550489832,2.831679640479889
0.6313226939942512,0.9842432289458727
0.7033485178968533,-0.700358649697242
1.1583272537456544,-0.828035786925392
-0.1348849411508666,-0.5234801094625836
-1.0412662499805556,2.4780574391886834
-0.6022865940224039,-2.3005700754192144
0.6608896181430944,0.34206971510043016
-3.1571982144918955,-0.39419430420177376
-1.2298938897227027,-1.153951340778958
-2.7549168592192017,-1.0292047104137543
0.12838576960592998,0.7040812243450978
-3.1264297634536145,3.021305775030658
-2.996193435571472,0.5136285420232917
-1.2625645544450796,1.5765239826337558
3.5414185289293156,-1.1504770018562163
-1.0092461040045446,1.4484320309263128
2.7525573346487877,2.299315077564056
-1.012324614730372,-0.4003203043936273
-2.7060548536304156,-2.3453716788474295
-3.2793410373077045,3.4005080158322865
0.7650047083987684,-0.5991217453396098
-3.0870196174695606,-0.5753096663145224
-1.102753574785407,0.6129260450214894
-1.1071711597728768,-2.0134477512637807
-3.190581245651691,2.6665591707068614
-2.826501146838348,-2.8392657565403066
0.8360916661048722,0.6124325720334577
2.5237867326892314,-0.4664116358754836
-3.1045530301691664,-3.281178798574301
-3.094359517009336,1.8260771019556368
0.8098261041292337,3.0400604351556897
1.0406797258158549,-2.418095213118182
1.2895854039978765,-1.1304189591449556
2.5959459276641565,-0.977036891904342
1.3494142521349504,0.7089240437640099
0.005382460015665252,2.3042805427493063
3.200936094748736,2.6139554167556347
0.7701073198331286,-3.020670390479161
-1.955388398281183,2.616187655147641
-2.103571588568136,-2.488976955717507
0.7826072872968732,2.411109348872312
-1.348290248679153,0.9840584204120547
-1.2310114789124436,2.729338997713341
2.8426326656637784,0.26743725666100837
-2.2841517895123142,-3.3114436943487138
2.689591095733189,-2.382004460023622
-0.8125105555703878,-1.4389439705503497
-0.8319846552207852,1.277729173757632
-3.0483067852888035,-1.0419112747170958
-0.6964074643368624,2.9971558348986793
-1.106882276084959,2.4081453661282253
1.1580590933423716,-3.12533518715322
0.21543863689009912,-2.659836743602968
-2.7904850572507396,-0.6996811039193704
0.06418198063727673,-2.770314254796663
0.28509702401590004,-3.364283195337058
-0.7155703444505054,-1.0518007372106408
2.7864444373224737,2.669615769395192
3.0264490845183785,-2.0766282206289186
3.420756339467321,0.2505065979374597
-2.591886970126708,3.1324058592848125
0.40501041714251745,0.9099888480449131
3.058257359555431,-1.1217412106238158
0.27770246908253876,0.2863385404960865
2.697133230426938,2.5595467169886326
-2.3479694982049857,-1.0160837684174757
2.621482630458728,-3.661072852791127
2.394437080941918,-0.706467681222636
-0.7661685681836314,1.0420338043266393
2.732811381391857,-0.914101702666446
-2.709142192569579,1.2551188380539642
-2.779290405777104,2.887537691409043
0.9389266909310203,1.021251696504904
2.953792543135131,3.452540749415307
-3.135779159075871,0.9169042924608445
1.1938227758400612,3.2577571801511476
0.7258242859489771,-0.6482348171251333
3.8390125875014323,-1.2945121477491972
-1.1433754706723263,-2.7122748055481374
0.8147935437419018,0.013059767339440032
2.4742848051906954,-0.31552893691995765
2.62337298136113,0.6628342654922971
2.841950824999638,0.9799600487898718
2.5193308428109997,0.9954831860371904
2.9478516370347654,-3.0596719950425064
0.7801374408598656,1.043022210795017
-3.124665593798174,2.8721112541008296
-0.24778122582908216,1.020789739064954
0.9804195697556854,1.0859957636497097
-0.989172682488496,0.886199904559187
-2.4890528970996226,1.1522964515999743
-0.15871755034789092,0.608777636140559
2.552047950690751,0.5403477112885965
-2.269232429321379,-0.3736065538204599
2.7069655401560557,-1.5508408317234625
0.7885249197984411,0.9117211671829931
-0.47405094580422713,-1.7653306871079266
-0.8428933633605862,1.2796354157993088
3.1064807952469407,0.950991197966311
1.558256219537854,-0.38140967813452226
-0.8322095100874508,0.372901149799514
2.6373353277758533,2.5951989336211665
-0.9410608640315147,-0.37883739606784095
-2.478020515158093,0.9671746526015996
1.384383165359291,0.8485523132370794
-0.638942902623902,-3.0871475734968783
1.3910191066812008,-1.0323761244602279
-1.7242291789127502,2.5120075174164147
0.1919697916230944,3.2015602943043544
2.7177006422566334,0.6670021188597539
-2.436336010756633,-3.114499507272488
3.734401815446918,-2.300736345425137
3.5633831985527133,-3.052383038620096
2.5728181651633584,0.5967901523908881
-2.7603703507552484,-0.9289715372494564
-2.669921216897412,-2.19503166560019
-3.5133239904710183,-2.304638553960343
-1.0178601412843198,-0.7005445154533183
2.9837619669074336,0.670379439981605
3.259471882106964,0.7705514326681869
0.4212254825193769,-0.7547349638152708
0.6728879232965564,1.6212703570568199
2.9084636525090963,-3.4328179367825093
3.4297224730356626,-2.824038968420258
-2.770211474221067,-2.481190196812236
-0.7126612004135224,-2.1558559987555825
3.5110861778081657,-3.1749087684788595
3.266323331481243,-1.5438152586182714
2.4127835898314482,0.7159360230257308
-2.617250745659085,-1.989416910055251
-0.8621531893764434,-2.5172523186551254
1.1108691774468797,0.6759639507586143
1.7461056495605538,0.8143190471426044
2.8467740510675386,-2.623548283758727
0.8618405941892546,-1.3558398359434396
-1.17007021183872,-0.7440736685477558
-0.813989598128916,2.496527063202369
0.5299915962371085,-2.536033137495002
-2.9586775267946126,1.0013811872841125
-3.265566749464984,-0.5635150367457376
-2.4010349929064603,-2.5001385247350667
3.6277235721778784,-2.4904378052960454
-2.0199669170733805,-2.818852240201385
-2.104568130952144,-2.1770727556731257
0.22009141612980146,-1.2787875179651127
-3.360765220475442,2.344752173595954
3.003254003132782,-2.919726873613326
-2.767483132058287,-2.6481162409818952
-3.258609832718204,-1.3334864940775868
-1.1310966759473249,1.302498695763526
-3.163720297337309,0.7075442115027105
2.737033553436828,-0.9679167643153811
-3.267252784225531,-1.247374399645577
2.575931966850677,-3.5462809239107953
-1.3060679351223878,1.292945237244287
3.2920965128502746,-3.146582776629151
0.5714469417910122,2.4578202643122484
0.8875476223547398,1.301607535532851
0.5433121272942435,-3.385291985332641
0.8240891031415645,2.2950286842220877
-2.506657054779874,2.405075537635948
-2.766823758949319,-1.098828644745641
0.5931237527789134,2.388193631700033
1.2267115199580094,-2.830903062150606
-2.640121744485893,-0.977998106006033
2.019406388687166,-2.353816167709548
-3.134064044640999,0.9309721572855395
1.3883540110180694,-2.37062407329429
-0.6762488906678933,2.5247667566292793
-3.176584191997847,0.9528827755394663
-3.0583979878171235,-0.8670110303417088
-2.7713839547456343,0.6243459314341231
-0.7731582154349778,-3.1305401157296098
-0.6721591392595682,-0.6395121997573482
-1.9356172096809376,2.8162874570073657
2.956445388366868,0.44128794849699016
2.6748783855365588,0.8602335570852997
-3.001124194489696,-1.2649978648228806
-2.8813736411384387,2.647697242553962
1.1396930217664483,2.062511389086935
3.2288586868992875,0.7214384961819013
0.12895603469937603,0.6995807127370379
-2.862625934419634,2.85412780412824
-1.2777835931869197,-3.007601448861524
-2.6695487726251743,0.8314939403993789
-2.5431140541139348,-0.7988977294896855
-1.2301980202752671,-3.3393220952953757
-1.8417526686236887,-3.043828753641422
0.4929976307745821,0.9032294837934419
3.758679022316621,1.7856827278699832
0.8247325293872662,-0.7652558203585103
-0.8010435297153652,1.7002827017209217
-0.8693398417849056,-2.8860553560187436
0.2108049475504761,3.7218634810248554
2.390475492254374,-2.8139189262478914
2.8256283880384863,1.238232139863564
-3.174848744581181,-2.592533155049932
-2.856842939382493,3.0958099661283467
-1.9901550571631796,-0.08773065076933362
-2.3274140657720372,-3.4032710023223287
2.187654271766026,-2.1594787037771117
-3.146889059602569,-0.7046647344642788
-2.604179116224605,-1.829377892654487
2.87548619377289,2.7214089260068386
3.5088004348544843,0.8316866109727372
1.2755035646535458,-3.939479143964
-2.9762248174517763,-0.5264483701390922
-1.3025793143424713,3.0171357524508307
-2.9633584407035034,-0.32439517838367554
0.5904990891497399,-0.6809579270500054
-1.3778218772925057,-2.9480022762321676
-1.7572073632085636,1.1246928846843651
-2.808991668276378,1.0076690123399938
3.621275860032517,-1.051258863137604
2.2673572556995194,1.7737151221392047
-2.6660442144885717,-0.5753355525311652
-2.6025504468308207,1.4456278074062041
0.8156593576543625,1.2840876664671974
-2.40642324048203,-0.9912739206273645
-2.7291505420485547,2.0690553447406685
-0.39868073530547427,0.8545609359038894
2.765294603171424,-1.3625316188412002
-2.3210515154691933,-2.8475254796668383
-0.8126363315795508,-2.4812198374425423
-2.204649349672889,-3.2704788452783684
0.20042644793132283,2.8150948881555617
-2.694283896466297,0.9234944561914122
-3.10767498477011,2.8966876485420423
1.2141273999921007,-0.750141436873855
-1.629231778819642,1.086971118498061
-2.82342603168935,1.5004846563694003
-3.16327417341648,3.021762184128867
2.5134281270699144,1.4116289834546896
0.32825500339520447,1.1211588841466382
-2.5546988430983517,-0.7926988143884499
-0.9340702606426252,-1.0624230578336944
2.206175906944219,-2.969519737289551
-1.1217450676701588,-1.237621184139
-2.9328918567957203,1.2033246039508083
-3.0324531175320026,-0.3569849276614455
-2.5010053381634036,-2.2761061925664485
-2.571347067664685,-0.5517551939249048
-0.7208137583068003,0.9543561752546975
1.3191337744642655,-3.1028358013827186
0.6604788462159996,2.5114197984377755
-1.4299404776900957,1.1172006659893157
0.8445008230224101,-3.5189159423494596
0.7768018222780825,2.7660275380692427
1.1683296178997278,0.596142957238948
2.6806317747002875,-0.8459885483439917
-0.20738973528386073,-2.34603949008683
-1.0993983862095913,-0.8072864208337103
0.6192783572005761,2.7744606657651096
-2.537286007422677,-3.0155545836184268
-0.7593413858736142,1.4221456526252483
-0.7773353812656509,2.414138674873139
1.2161696965459365,-1.1302192947094323
-2.872615521011491,-2.0563640855362353
-2.3916510690854813,-0.4753101092213767
1.2223269253083153,0.9505706164430792
0.6315291628201382,2.5215755007582423
-2.470690779472177,-0.30601724573875433
-0.8338359704154462,0.6339747898145338
-2.865596151401934,-2.1939514711666814
-2.4708275198704683,0.6883899756559996
-3.006774626522804,2.6939032500726223
2.699922977516423,-3.1943176389865946
-1.0575074564647797,0.9435595675895863
3.896643258236177,-3.1150003104029365
2.834597228730624,1.991701163532226
2.7777312713622075,0.1279599900976358
-0.7048973198886723,-0.5487936282140264
1.3550214213246365,-2.8367980117687766
-3.544941965227583,-1.0097870618056577
0.14681642029604625,2.3641083232752926
-2.8687169212500607,-2.7407311509857597
-1.1671668777934014,3.2093191841505218
-1.1750575684426214,-3.122943398674642
-2.5494521270477972,-3.1913564749801497
-2.375809045011457,0.8507196807647857
0.6036384692787702,2.3852415151232935
-3.020705158109546,-2.399550393114857
-0.5823340758789065,0.34793516972563754
2.734423653380986,2.583538665756518
0.867653708637548,1.4302303070092186
2.8709833383927457,1.2229751995445244
-1.5832557039298019,2.4254353832558793
0.8895726214293684,-1.1295522425992155
-3.7316377682442403,2.6108552618355008
-0.7255071037943285,-0.5139192928149213
3.053876393730704,0.5721882235557447
-1.6594257343919232,0.8475560085094376
2.8270312767088903,0.7285610731502467
1.464396951805067,-3.2785764037468943
3.3570761947861376,0.8813754903778872
0.2660790614922504,0.9318141966892151
-2.734012018653945,-0.6955137302817437
2.648124759893329,2.391382338231145
-0.6246992331639071,2.466981504963085
-2.7456821986640496,-2.562372063473568
3.0542566120616828,-3.146984496042886
-1.440683314699112,-3.04404110430162
3.3090418515260427,-1.2539226227254285
-1.0138585356776078,1.052137699190512
1.2230772873203797,2.9074131730674986
-1.7095596732492293,-2.608856109997656
1.09903056114933,2.63381780380805
-0.636320920085269,3.073731985803879
-3.0499677078867413,-2.5488590413726064
2.962636519313077,-1.2641297724214795
-1.3356215818311465,0.6594394095334362
1.0807795370879187,-3.2553183144928095
1.0324512278918565,-1.3201821408691827
1.073099366936703,1.3850908189898956
0.8872094639648688,2.6906737066392763
2.8230079303654496,-2.0482693606874602
-1.305000618377642,0.9248226039687923
-3.0548985182251993,0.9914171316732803
-1.5467029787027455,-1.6183086408955258
0.5028882146952213,-1.0273140013028255
1.1213565821239473,0.5356324885853904
0.6403805359364265,-0.45905159346874425
3.224161840418049,-2.6613056160682746
2.400925468274442,-2.560453759348619
-0.8098383579349975,2.613686355539545
-2.444590155578514,1.243309584223994
3.23176769412323,2.5507016344065345
-1.2218082676805504,-1.0076677098251963
0.8359710184286321,-3.077023640744053
-2.774554607109601,-0.9110540882137872
-0.2584769849549127,-2.552197917272286
2.125532272681974,-2.2343713551148845
-2.7088403041616465,-1.3696970043023413
3.0099284388810923,0.8269061314753511
2.7822376852055486,0.8931655586214412
-0.9371319003846834,2.651580232747577
-2.2882400705960473,-2.4635942798323893
-0.6842304017946061,-3.5604920639616466
-3.1636938385182756,-0.9112349250991655
1.1005679701974815,2.7546980875022284
-1.265315105166006,2.5937568060207905
-2.3362152054691094,-0.6133714257234786
2.3945432322945917,3.1676363690948137
-3.2145406296622148,2.140758430090943
-2.775247498705357,3.477894004583091
-2.2027013808989233,1.2375956327146496
3.671297476776596,-0.5439148886886941
0.8028508493720804,-3.939424884542307
-1.5271240347899213,-0.5689902159930343
2.3854522278061876,1.4686362342055588
-2.896298580831683,-1.020409535012257
2.562923098278114,-2.699975188208204
-2.4430411272145522,-0.8761300459061058
3.377959662737968,2.8758107812860185
0.832563312338725,0.8555435082870341
1.2071661265204405,-0.9952811628273872
0.40476494646987515,0.766888576014915
-1.150991624847881,-1.5059476595749424
-2.5698548653365467,2.4246992672587764
-0.7947843221778247,1.4828390216748912
-0.6446471005572614,0.1307875471702651
0.8938806879457404,1.1567571617873684
-2.9363660939652476,0.28395780325375575
1.0595710037805297,1.0958430297537847
-2.8053088026849293,-0.9035718567303307
-0.7459002058052506,-0.8741557909751324
1.143626560845998,-1.1139756727986725
-2.884120572907302,-2.653725704066112
-2.584529245229489,0.676885980084375
0.7837251550312014,-2.5780665701226546
-1.2367123707262493,-2.800303838018299
-1.039155669109112,0.885542710867126
-2.9842935460621667,1.1590148763534682
2.6832488109531525,-0.6775239981941023
2.3275576585298734,0.44225000009169135
-2.4938432237378425,-0.5732933638075022
0.8164140172503808,-0.6871323212366343
-3.036401701348743,-0.8422588705950639
2.7270245643739033,-1.1759593862338544
-1.6286935720908573,3.451091945509394
-2.5877278867274685,1.6587178852588367
-0.019388556173315863,3.117959328161649
-2.6944115934077857,-0.037083749789232505
-0.7992331706454017,2.631850782643686
-2.7372428383366825,-0.8576763535384831
2.423606352135302,3.0446458547375994
-3.3801560064830762,1.3026934715447642
1.02326072019735,2.110280498916044
2.8136505008078054,1.2545454361517245
0.6183467045219379,2.9138960749092853
-2.5778306984605983,-0.6568520060697425
0.6475084034366048,2.2607485223047328
2.3432587889305796,3.035912764016713
-0.4858602331607975,-0.9940743611328513
1.1519811110158433,-2.037659885002178
0.26260563866885583,2.6907906757603453
-3.218722348095672,-0.563659234737004
-2.669388447267579,1.3011765943254874
0.8200478044986568,1.114930028109385
0.7994249394813255,0.9730375421315492
-2.91123115108706,1.4597936345238092
2.7518609885255585,-2.6348811304032047
3.0451107985111032,2.494918879573455
2.4034799022908158,-2.9489880421147805
-1.3455393569720082,-0.4946589629418798
-0.9741988490352771,1.2120283854932716
0.8947889551057852,0.7256948323547304
-3.2921905947126215,0.9668991859140056
0.988934761120888,1.0402172806264092
-1.5026186674389095,2.6719802472807297
-2.8543217253551707,1.8664587970094133
-1.6037540229431446,0.927874904167525
-2.334048599756983,-2.2401217271720273
0.4515101087143111,1.1011383701760762
-2.9649907950070498,3.135376665638572
-2.742082409997318,0.8491552497496356
-1.237336437912007,2.702623199156967
0.41194396726345023,0.6927361737755631
-2.5512513620300727,-0.3376763109025588
1.3461465747759216,-0.8496104097168731
3.2822493023185784,-0.3164367542406807
0.5306109249171871,-2.4112535734629716
1.0729392249954586,-2.4921921394245214
-2.950951468750144,-2.9839696328048833
-2.570925851190201,0.9970847134972016
1.2643913866723961,-2.1702880825987605
-2.812782232738661,-2.883073146322692
1.3030904629579052,-3.122075721364975
0.9471921285668814,-2.416021660855494
3.2566807436859317,1.0758900737255825
2.786334436883798,1.2477223191074451
2.2947224797081742,2.9728800434344635
0.6821527280777671,2.3712327041825443
2.880897736729758,1.1713467382617355
0.9773733353998391,-1.130944695178639
2.9266597123037554,0.535578218904087
-2.9597640859805865,2.9375285701225238
1.1739827835022885,2.244113449984231
2.5664747502338305,0.7342432499076756
-2.9830468716615064,1.0442417691532593
-1.147022745909045,-0.33082987264771335
0.6007790873328858,0.9158886816755976
0.4385399352762449,-0.7840455689471261
-0.4907180266850669,2.6541083362682336
1.0349955590848288,-1.09878984461903
-0.9983140835753666,0.043985115575916
1.0330686879518707,-2.7672408299144235
0.5173254433545199,0.46696211370964524
-0.3565579656594895,-0.8951038195252876
0.7411707530386373,-2.46069662408099
-1.1054738411417957,2.892563228053876
1.0792518695970794,-2.85389022312263
2.741829859710481,-2.461635715676699
-1.0342772640377993,-3.4764593468921827
1.2472190676705017,-0.9466263713399227
-1.5135734628071496,-0.8298742393923728
-0.8881922272652505,-0.9476942285813688
1.0395297579660263,-3.4434557307079463
2.9213498241554805,-3.5971522224943144
2.443701536688053,-1.060842412935306
-0.49918445168788544,3.0170711086621296
-1.026450926968333,-0.9501245270632599
-0.7926882109436111,-1.0247469471806148
1.3540250739794983,-3.5508770426230787
-2.536611028765563,0.27776706727335554
-2.674632583412783,2.1493139835945283
2.377938075282868,2.6174040638864984
-2.7000348809479884,1.4557457066490833
1.3068368427290145,-3.037872391967268
2.6294895286959057,2.705973207708229
-2.791383144891054,-0.9996975370704851
-0.7422791344375964,1.566968025673811
-0.8111349426816629,0.5318816980731648
2.9062567572444644,2.5217298391632634
0.48262201398842336,0.9674076868688776
-2.625655244761523,2.4392748801737194
1.2212189928498332,-2.5953656145774864
0.5912865492755107,2.7404706279736857
-0.5637657119620268,-2.6922621426800766
1.2683824308045195,0.5290075291984683
-2.928658643704247,-0.6724771557112775
-1.0805368204314658,-2.7948133815685883
-0.7466132891222186,0.7113940277603105
-0.466722929241907,2.732824576094753
2.844381002514856,2.5366154761018875
-1.0262398981915553,2.6509978733502004
0.9624729090435984,-1.118987657537959
-0.9536688203357089,-2.6516775512668094
-2.5087273260072447,-1.0376219304880532
0.39314087061483377,1.5369623608077096
-2.759947852635553,-1.9637196542750535
3.7970631469413894,-1.0315762939008746
0.8450528958507271,-1.3169316604785883
-2.6704826150905747,1.5035021442140182
-0.7157963108859297,-3.2206903564984204
-2.202574033765286,-3.5572845186831086
-0.3868247193478067,0.614311643394151
1.2056824334818501,3.207793306206333
-2.3788729149376717,1.2902078104912436
1.4151495846866677,2.4045752418942774
-2.9433154626982554,1.5528066154298152
2.983094733168922,-1.9569128148219965
0.3927380762261056,-0.9414283061093144
-1.159977928315674,-3.0158096871972573
-1.436293428230587,-2.5331565886733785
3.689094967851678,2.372419585527455
0.41043217859638464,1.3011617658680672
-2.518919029211749,-3.223793297187178
0.5912337059580748,1.0602698379823687
-2.5683021617071105,-2.37259323676732
3.0492999335982245,-3.0200461841742023
-0.8305777302802265,-2.7487523909336495
-1.1560188242553937,-1.1569399967686025
0.6704983048468705,-1.173607557848696
2.955357315524176,-1.4876551703905065
1.4063652059830567,-3.1223271886273314
-3.2868136277599684,2.6292335984153374
3.2875734551038778,-1.1478806316143504
0.7766979211295237,1.0100486305974157
-0.7655261940314793,2.6285415208984837
2.749890562992116,2.7142359302865047
1.825345342468405,-2.601105191953501
0.25274245385412053,-3.1409495343167073
-2.825224329957793,-0.8722505716422554
-0.4950099350541626,-2.9859616091673375
-3.0810489944522508,1.5152687854128286
2.839318970497311,-0.8219470578303174
-0.7455915959741545,-3.175545912229092
-0.9845408534774136,3.077792685831233
2.971692634514483,-0.6946650119130466
1.6469121257898058,-3.1744643282197016
-0.37270201608460574,-2.5771939450990744
0.5542446787099888,2.4005342718977527
0.9565932001636773,-0.44458762415533865
-1.378400229680028,-1.0943035872400835
-2.795332529827416,-2.3693022005342192
-2.7970136986802325,-0.955281816987472
3.056262324289259,0.7476173227812123
3.175699466607373,2.4175028181482334
0.9575028284223236,0.5543188461480703
0.6773709914402002,0.9106829529834813
1.4106973792447064,2.439057889642538
-3.177700499127599,0.9987038209319203
1.0856038898184632,1.6738129799401753
2.3425971341315823,2.3746717360525778
-2.803671684253002,1.1681061066995075
3.1441568324057947,0.9747170045899599
-2.774113973640231,-0.7847106529184543
3.399607102326899,-3.4142334303842845
-0.59736687677695,-2.40294634996118
-1.1309247560453146,2.287692400203304
2.792220039486982,0.7840419437788122
0.46609734771884515,2.9209415271847448
2.7490072557249356,1.1673944666477942
2.7972956938632794,2.5314219106248874
2.8168530861574665,2.718358076744685
-3.22383439650158,-0.9899723696237817
0.8221424480491571,0.6956623768364352
0.8373752797333344,2.8444844133075455
-2.9794002534798074,0.45709277866942266
-2.659820216733199,1.25434383759101
-2.655187812666954,1.171713047748697
2.873595043218567,-3.0303680233291383
-3.2883406467376997,-3.11702129802389
-0.3268670332022853,-2.5662795114224255
0.5487501461576879,-0.8961198655327337
4.195581053150161,0.6675422546386258
2.7714819305156158,-0.8634936081281366
-0.6095833889027049,-0.9798899538915448
-0.4041361275185698,2.847887357175722
2.649772471120627,-3.049876712567659
-1.0287766372991536,-2.518323094356072
-0.6370430094615664,-1.0709431474705313
3.547951519260065,0.4325464286636389
2.800594100856958,-0.13084791228468878
3.05916843621231,-3.3056769653375
2.780353142945679,0.7894603627376126
-0.8695084250580536,1.0751193813959006
3.1941954925182823,-2.624430961987092
-1.4760723246669831,-0.5465442338680219
-1.4024147108918201,0.284187448320603
-1.1438810810232343,-0.5873537575755718
-0.7503015683103373,2.9821446716014584
-2.3603169911515196,2.5939017583443955
2.4468544648246398,3.3559292455424794
3.070708424972496,1.0130949633221293
3.357917220692563,-2.4938449032539034
-2.994097018064999,2.644291144212423
-0.4176560003879706,-0.3074226249190571
3.530865015624276,2.3124094139543563
2.8259007816052852,2.7918432912999736
-2.9071028674748183,-0.4559968703325891
-2.8139384971644756,0.94270182286285
0.6617353323953048,-1.1214989922059064
-1.318618839489223,1.8143291185349966
1.248356038660038,2.5282576357760913
3.383932112555806,-0.43164321752040075
-2.7189819326148825,-0.7864046546787424
3.063788229171504,-2.2908180039234955
-2.180253615161846,-1.5687453659151158
2.9641793618159777,2.4999197612120487
-1.3903280830278877,0.5054854989871369
3.2096079851818136,1.0811560684767794
2.210849170888896,1.1039617322187014
-3.0420117833340643,1.5224420048256164
0.8168852998025448,-1.4861819858277183
1.0715828153972298,-0.9390022216786954
0.8589690664434289,2.635863613240467
0.9369636907621712,-0.998154525274324
2.976864733281068,-1.1016452652063324
-0.02818413087575017,1.248181343131185
2.839694108529986,2.3154030078605907
0.8693854918658341,1.2515995454794138
-2.3910316375563254,-3.4900735940672245
2.8357820890569214,-0.6200793094036953
-3.3959153899670955,0.226828672022653
1.4205560298466735,1.6042596505643238
2.9553056972980483,-2.16837877622394
1.5206315136310382,-3.5198171428508016
1.0462389290480827,0.7866726745402872
-0.9162702336552778,1.6608141075251233
-2.5543482407269535,2.991451037324495
3.128185493280266,-1.321105095406778
-0.8306456015316023,-0.880476236295966
2.7032894746709455,3.397870685393185
1.2963383470369194,1.374662531869437
-2.4375727737156314,0.10881818470811583
2.5124821567032534,0.9462425361488188
-3.044959705119718,1.9334092821815185
1.5842146763387635,2.3799902096225622
-2.952141791392194,3.1030766749498224
-2.751888483801518,1.3706564067953528
2.851765284234556,2.9008148176057817
-1.113196068780981,-1.1012666192322949
-2.1018880199375576,-0.46634201854681917
0.15943087154669897,2.496679134305619
3.3715403659372627,2.7912325515940792
2.54297440120948,2.4062526626491976
0.7990205536531828,3.076816072094776
-2.8649525228614934,-0.3382268968042876
1.4321702444688953,-1.5378686423830767
2.4340377245438503,-0.8276738805061001
-2.5077905722127456,-0.9191046190282106
2.822843877125308,3.071790286871895
-2.778559738062645,1.6718052252925744
-2.22343940927037,3.2684140194392484
0.7765175180497015,-0.5618448414498697
-2.6537537301627916,3.0077927972567204
1.0902748211680309,-0.6843788637656314
0.5503618846235662,0.3810520626183188
2.6483270029245576,0.9834380104616116
2.924103718565413,0.28314828349197435
2.753448103993283,0.9593642087371904
2.5493529995821844,2.1309613150973017
1.1513368560602113,-0.5414632218661558
0.8468905106470571,1.1490300289278308
-3.653943909499169,2.8645165169860336
2.239488022461804,2.7087639758264945
-2.6418231521117455,-0.5917404221556061
-2.4508496235034762,1.1771659869775766
0.33268133119105897,3.3543361500581312
0.7427955477292095,3.1801846615583376
2.855313137571906,-1.3356642011947772
-0.8626692066804506,1.6854052738988352
-3.194364511596802,3.078663535121318
-1.407767509637999,3.166458960284564
1.17950348541219,-2.175410779613665
-3.464097338604535,2.745399550276997
1.2398197712941639,-2.452659456761577
2.726074839113574,2.522003986752312
-1.6570579239068963,2.77207791011047
-2.614423579066221,-2.7421845234395636
1.255164359079408,1.2001417354113446
2.8149037564899992,2.2520737136112476
2.5744500030957713,2.67350101566791
2.8694828094254463,1.245623565658348
-1.3717989569689677,2.7603527190504824
-3.703378962679728,3.2176019290855855
-1.2413187689873597,0.5543291970909758
-1.3518765703382334,-0.5012287189448896
3.3433524593777966,0.6997715561691414
0.3734265821918396,1.0142743715694742
0.8633693337661201,2.3509347945027605
0.3402161613826473,1.3015391610804372
-2.2824698477383554,-2.022331752565123
3.487907389819311,-0.42976532806626855
-1.2550584620173302,-0.39814333838033855
2.9640799637309567,-2.6553341746148917
-1.4021690292117606,-0.7058752583085639
3.3048493027385937,-1.2466655679777026
-0.7224933162412019,1.808766101436083
0.9287292413471315,-1.4334192154707732
1.3451299397132932,-3.415053919349216
0.9506345334875567,2.755473501776382
-1.157498607338876,-0.7380548817863507
3.006908383367338,-1.2005917936483852
-1.1232002030049495,-0.995322400031089
-1.1126961546162721,-0.9972802326704384
3.2745290804957303,-1.140869543587925
-2.6239623280391595,-0.5145713059481547
3.0810847220244866,-2.79360432352721
0.8857413677306987,-1.052126263283458
1.4200813723195724,-0.5858506940428602
2.743795173657955,-2.8056324540889115
3.1251462406805897,-3.0469858793703803
-3.029040484683024,3.1618659717260855
0.8785855156481497,-1.441698546336753
-3.8587283636837797,2.9786781377720084
0.8210573375909312,-3.0586557200376623
-1.0180759175035277,2.739161971889274
1.1055181035898207,-2.4274763403320048
-1.0678256662533991,0.4621526759992956
2.3593504566972014,-2.5362287436724853
2.546957474034368,-3.886003559923172
-2.95030191709479,1.2070166520625372
-1.3465666752611616,-1.4195823300492936
-1.5089198337222363,2.3303367400786534
-2.15586969292849,-2.6174111668906983
-2.846534970646273,0.7671412983318285
3.3799627023946783,2.5320357506112416
0.8648613289785009,-3.0543694073310093
0.773318862411696,2.3436993744505314
-2.724215048393907,2.6861833316199033
-0.6781973259438027,2.8705007521580557
2.5842870286520316,-2.9344561438883137
-1.5651994759270724,-1.1590626166391718
-0.3478826502788576,-0.5032967068232425
-1.6635541447943247,0.7097984031160979
-2.670333476062535,2.842966464389988
-1.2832089788179233,-3.397510929520369
1.1198084564605224,2.9068313463519133
0.86534400836262,-2.6134992028399244
-3.0943447287366403,0.4234425768879925
-2.720109727698101,-0.053628182612107216
0.749215534849484,1.028209226823954
0.8536450125808275,-0.9577215273092474
3.3929127964159944,-2.9684720773497744
-0.9263500184077726,-2.573072464738228
-2.561810971819768,-1.682018208950962
2.88195180390162,1.3044805283334222
2.729546556623525,2.8098484269688284
-3.1312197269587116,2.244020623975134
2.416127262324594,-2.8215412810534377
2.2556745873747444,3.4685256582960537
-0.8438288223670298,-0.37868323659652176
0.8418037849710414,2.712221980901681
-3.142166022760722,-0.7650741244361775
-2.229550170047205,-0.6540201189506417
-2.887729636741901,-0.7398295197507819
-2.590957666071706,-1.0208684904045229
-0.6348974679898545,3.3694191067627353
0.43158816042217946,2.5993742762970866
-2.6319555494573845,-0.7365120266492968
-1.0974229726128149,-0.9332992047260538
3.118091564952407,2.176481576536638
2.5502761500329267,2.8515577703915667
-2.4110447617832347,-2.6964394412745665
2.6705439943765237,2.1095249432641237
-1.5541529335189552,0.8784045950697815
2.6996946417967753,-0.9681039668302178
-1.109983431916271,-2.564494752174129
-2.9786332093227923,-0.753109728879444
0.21806249746574533,3.2076601633883297
-2.4086475809564782,2.1597327712742422
2.5737950403251384,0.5176789061475886
1.246519908545071,1.1156469722238218
-1.9498873725811536,-1.0791668358262487
3.02814383235423,-1.2046283407585887
0.532052379683274,2.915484304986888
2.083705044951841,0.8728538841993783
2.4206085255554592,0.3837111217285705
-2.2353647350953643,1.0059440177893528
2.5491356700076127,2.9700390463191018
-3.2947115494788775,1.3227242881421681
0.599140780674197,3.2315032834279553
-2.524804393469804,-2.379997726873896
2.9588034151185694,0.3583609531178379
0.7304572077407486,-1.5382799919150811
-1.2765526620121348,-0.807968863263351
0.7797272431806601,-1.1013164266963065
3.2368616902238583,-3.4519557643189187
3.1435072991377626,-2.5547880254546396
-2.654043692749336,1.1395117429281143
-1.2051640776939754,-0.21151238838605205
-1.1189224972649137,-2.525812103291943
1.305052431459004,1.2089475248654589
1.2482487997105385,-2.710582788077691
-3.742815442568491,2.8428159397213055
2.897925987478933,2.7967990508617944
1.5972432563659136,-0.958031210162528
2.579711576620312,1.260648455844516
-2.1425621528526855,-0.8015703502612713
-3.3823070723150455,-0.2646155295729242
3.40752307932205,-3.3511972570476742
2.540003189743242,-0.672060481199356
-0.25971704933613565,-2.6361013704399587
2.415177900267052,-1.0178607793673724
-0.36623414011882116,2.9470386638031694
-1.0144143663743863,-0.8513310224876491
3.8828043112493984,-3.212217958030971
0.3592039090331086,-0.5765019549720238
2.728833810405474,2.4610255352598887
0.2833557252234374,2.5836484622954203
-0.8471999367353661,-0.6408750537835807
-2.7695321355267457,1.4592445281619302
-2.7066800183042226,1.0331463245092163
0.6985140653087256,-0.9289352032922306
-2.582245582338745,-3.2430151734741277
-2.4935753642260834,1.303344584969381
-1.0919249789070309,0.7607510007174056
-0.16770528340469762,-2.2238579493331962
0.8386863914769199,0.4403656576188491
0.894195863604752,0.9933350637247934
0.8222096899006062,0.9786626380120222
0.5418367416941126,-0.16945582126285846
-2.630337920279116,2.5752603519669224
1.324581307343413,-0.8617447996380863
2.872441220349545,-3.111999519721398
-1.5753600994632941,-2.6643615702947567
2.6772761086940906,-3.053153647327178
-0.6469983031054268,2.4786402742739497
3.134121983373769,2.153772642797994
2.6763378337181893,2.560471033668492
1.1997147668526107,0.7271716455396764
0.5636395028214166,-2.7905607591438804
0.874371858160402,0.335497175363571
-1.1367271026867924,-2.686136658616045
0.4638281732665935,-1.2234830034239281
0.5002477947216534,0.821548071878556
2.7294139686016954,1.9021836350367622
1.7576469531768062,-2.808689190426167
-3.1243216590748086,-0.8624043055486598
-2.3089877329814903,0.9335244162392023
-1.3713547192342388,-2.199443989916413
-3.1070162785983855,-0.97457344536696
-0.626835862153595,-0.9801146964284181
1.27640093118812,0.6343632081735688
-1.688862547174142,2.82380380587379
-0.6619003506913457,-2.256283292955498
-2.1672659124643565,-2.8436492682599517
-2.314720123056078,3.133292452832054
-2.9796826224526742,2.6867559519474695
-0.3253274939720279,-1.021943703895142
2.8151786950405175,-2.412434409345122
-3.3582906457920787,-2.481258409111696
1.5048609378209932,2.3210154622015913
1.723936961842388,3.1159865584106234
1.0006008773947526,-2.689871863939611
1.0130342823292695,-0.624575279791336
0.8651687417896361,-2.5921066447778287
2.8577582344581227,0.3290541000110959
2.315796541979702,0.5768419380083032
-0.4822351445748739,2.29390001651393
2.6886928702345796,0.9163077072290886
0.5669881929097974,-3.161950390274514
0.5788944308451208,-2.775942502823855
3.1428215827275787,-0.6885218488912184
-0.726501903146176,-1.0647016913091918
0.85398102243236,-3.205374002350989
-3.055354918591911,2.7601553994037045
-2.837915934906349,-2.405030823924814
1.77138247060943,2.155134313365942
1.1089164225713735,3.301001219080433
-0.5834460143387684,-3.2320365003442566
3.2637609286389138,-0.8461131401944768
-2.377399210268602,0.5990014480484163
-1.023564162637858,2.771161088389696
2.815108251124631,1.9049590419539792
0.139048257265379,2.5156599899377343
1.3974648969309984,-0.8598016747207349
2.7620529895257677,0.48909685693626775
-2.6676301643877207,2.898892686485667
2.636955195312046,1.6445157573934748
3.059302970894249,3.05647797774091
2.3671188461123105,1.5374397768045482
-1.024592262819936,2.841607032229121
0.892502328307158,-2.6506751306317042
0.7591722990178782,0.9085342299615963
-2.5242637396110372,-3.427304269291007
-2.442973995956244,-3.0926934730541995
-2.2060773417460444,-3.3824413983342327
2.5633957251819117,1.263995325033119
1.196521054032298,1.1279394017335478
3.8104554388559273,2.3868018575698553
2.451276258168692,-1.1927935065815234
3.317121630318901,2.724789333006021
2.9455185871528813,-0.8507567389982128
-2.4939479126635633,0.4749821765352261
2.8263635741847475,-0.7309959999076979
-0.5609146197386615,-2.8672502317761297
2.7000495302758067,3.0953160535764064
-3.494949132670773,-0.7349861457742538
1.2710147260994882,-0.7438212697032561
1.2568127090292227,3.44706373764241
-0.7766323024847838,1.5346587357681247
0.7890696467953833,-1.1563951347671735
1.2416703743197213,2.830725223794496
1.0489810856623902,0.04425046403836647
-2.649278736292173,2.8937062635452655
-3.1294423758883814,0.7294419511728059
1.2294387184365458,-1.7021148676075104
0.9690783897404497,-0.7860698630597187
-2.382848547814992,1.6418464929625949
2.618374633685867,0.5368563317925068
-0.7602631820958281,1.5653198398632053
-2.1378145253001994,3.1836213606469284
-1.1299204375195027,3.016994860928409
-1.2399456520249468,1.0957926584170055
-0.7608766418236931,-2.6186634453416886
-2.15417280979421,-2.34816932975295
2.9654779902735853,-2.7725677474091923
-0.8487219430627728,0.7752262397118587
-1.0938266307967277,2.6746406145307517
1.1123611266725506,-0.491191072809568
2.978523093399491,2.4407056340474393
0.12739865283091006,2.6964658779290502
-0.42767425836250733,-1.032055037333879
-3.0973612169666693,1.4557976403259925
-2.1641193200549784,-1.9839113586684345
2.682010529093154,-0.19333850297925953
2.6440029140704384,2.9551698058955522
-2.3617732768842443,-2.2436545259127723
-0.9428213714147818,2.66172484828428
2.8470983386930953,3.432898841334375
0.7803869037889493,0.9396641776030069
1.6894999473077543,-0.634613804782559
2.4236336859406284,0.9015339202440118
1.422938707119337,-1.0225345409219688
-0.6004185102654501,2.7569418279547797
3.386107950219258,-0.5403721425483772
3.2199934812971067,-1.0949234289635816
-1.0361773863104309,-0.9966192751671814
0.4055521275943511,2.2886710671422854
-3.216408928346013,1.1936703276813614
-2.728051708999835,0.9299382308222809
2.316811683053175,2.5111534904850266
-1.3186452975938436,3.1608319315414346
2.46220697306487,0.7392665117798795
3.598007259302292,-2.604599897195008
-1.3929477851488654,3.060470410682224
2.8965244722044696,2.6576994450224976
-1.4258577221875455,2.531290689870475
-1.5021872184731333,-1.0401157653267765
-2.935876155351102,0.3590392543006295
-2.80335573683675,1.5607203270829157
-0.9265198713380208,2.423966472657522
0.9336145401356367,0.6721282368878311
2.9088291534504203,-0.7318767753006094
0.890974833494987,-2.62285035578544
-3.028188609600405,-0.7068964200690514
-0.7300543227456731,1.5972510554969188
3.6305722277939094,-3.712265389792008
0.6169759413860056,1.425571438122025
1.4175484482916256,0.643348504640322
2.632252050640918,-3.0346288905870575
-2.9260749587993975,-2.1162967029087416
-2.4155277395614596,-2.5915852819521388
0.6006064163884597,1.311343060510691
-3.4266219978062353,2.861695183113924
-0.8963644506920871,2.6138228142395574
-2.8295529316363006,2.9347198045054097
-2.4344213746877883,-2.6868403387048487
3.1567689329114903,-1.8624943407759262
3.021681556337851,3.08066855843646
3.3560902407799786,0.9659766734395732
2.9583948635649864,-0.9718053867881674
2.924042935107544,1.1298457699960611
-0.7081739658081573,0.78546072985719
-1.4054715510101987,-0.25479542487288875
0.4937643579468761,2.464063239538949
1.0997899267903595,1.1014089701814347
-0.8194977547190342,-3.3843547603886686
-0.804255244888179,-2.860284245575853
1.240562518415994,2.9479468839794527
3.37018352606518,-2.4602276765917375
-0.5160882910961795,-0.23083287450341325
-2.810400851253719,-2.9964910033558882
2.5483672702640563,2.5311885751280014
3.8920177891995387,-1.2493327879892682
2.80994907427682,-1.0485109295247546
-2.6102152759538853,1.4962286014351087
1.067036870982809,3.3372988979626514
-0.9808453899014455,1.1438905013106127
-2.201242039759547,2.745216699532857
-2.8413769556199377,-3.006860353247436
1.9857812854466619,2.8288228407346327
3.2102026222773876,-0.28241323773748483
-1.8200712043887501,0.6383702570945875
-0.763468294677574,-0.8871008476279315
1.2650578571502686,-3.26231494753258
-2.9752002411948997,3.063101659719465
3.1067568933296026,-2.7784943082223186
-3.2313435406850046,2.447545359220229
-2.0732607707648443,1.199123994417024
2.650667833152508,-1.3247223538288129
1.1278744036351926,-2.8330238601800475
-3.0810739626752413,2.9878758250910433
-2.5147404443703607,0.7909088276360794
2.7125092742918375,2.735771599945902
0.9173031972904976,2.841672816101854
-3.233279064223361,2.846616477726123
-1.4142662139895739,1.3235851311214664
2.8832085179922537,2.110281962075996
0.6492449738947501,2.7604073037917556
-3.231402330713274,-0.9998831573562988
-0.776895497589514,-2.9698364391191117
3.060641243807089,2.959927609447059
-0.46026338670797806,-0.9348077806104614
-1.1340032923414831,-2.739089019893334
-0.9202975968597699,-3.181073936591557
2.6861600712302884,-1.507966446694333
-0.670533770107051,-0.7072621071621674
1.4645736473905855,3.0469237327190704
2.801171175962056,-0.9313688488181474
0.8652214446179339,-2.7243063614279177
-2.665999066547092,-0.7009407219357676
0.4087123145172713,-0.0681104220316279
2.7078105028872574,-3.407719855628568
2.6941788437088943,2.4099748993149834
0.6751339690711292,2.4781671323445718
0.5775824256748845,-2.6534980267334807
-0.8858008421929495,0.9876530926555177
2.5200683733205973,-2.4608085933345563
1.4386095561501613,2.7377077585533875
-0.08455884009075859,1.248187445918961
-2.9141650051097634,-3.2575260636418966
2.535461857193872,-0.7918129988863915
-0.8075777422464042,-0.7402461437009269
-1.0385171750419508,2.6450937357792497
3.347037712719393,0.8575390464148205
-3.5571775985830705,-0.6803325266326566
-1.0018654540189238,-1.0611750234858255
-1.396058048433266,0.7458090334545828
-0.7315536059300208,-2.9455506527970883
2.89042841166547,-1.4707117151779392
-0.6161474454088222,0.9852478005083251
-1.1816127307921656,0.8705093443671754
-0.9843104022562278,0.8738468072827621
3.2532975945381684,-3.1999453465902836
-3.1742064013383717,3.0968079321652193
-0.8399684445506604,-1.14491543310478
2.6191421257147294,0.25743222387135795
0.6520989292366022,3.034147345561763
-2.0324314127334313,-3.1717570131063417
-1.221223296556255,1.2414498690294415
2.846118529900036,-1.401548240479688
0.20041900148733788,1.1846163647727288
-0.9270852982831392,1.0264696792518544
-1.0587386527877451,-2.469710569354836
-2.4012185130881836,0.43864905789373776
2.583791312113556,-1.043975820376974
2.8513115135158205,-0.9406969451810266
1.4464700535441073,-3.1824280600683266
0.500630251431789,-3.152667859644013
-2.4893655612353305,-0.36077878526276796
-1.7433106653729338,2.6573172844204
-2.5256162542079292,0.526256590277941
-2.3620996980626146,-2.603678762664965
-0.5292560026745712,-0.9257987335765695
1.0570961082441075,0.45763866213582605
-0.9107018653913334,0.7094572955171655
0.8918729579138454,2.103624480789668
-3.4186388465907633,0.9035595184645149
1.401195371058995,-0.5414784882782329
2.94512912499873,-2.5614382971572476
0.8676771337329859,-1.164177654698715
-3.043566179660503,-2.438069982972299
0.10748118727704255,1.7272350598567494
2.2022657716631002,2.2550086795425726
-0.9040850664968633,-0.6972279352967609
0.8024716768313335,0.49890971881224916
2.7121553165516863,-0.3941727186483581
3.0047404212867983,-0.8165374565335338
1.3784907254720211,-1.0529035113179943
0.6704290228520484,1.0640218090454125
1.2869153723659799,2.57189598503426
0.7226446531382416,2.453687693582066
1.1838857181499636,-0.9785776245713768
2.630179917418718,-1.62828047588324
-2.663603442242994,3.3074007251389075
0.39959295694108954,-1.1429737492064616
-0.5705335535011324,2.5371935364101357
-2.621416099210068,1.028081576451596
1.9809763829021623,-1.2330822752407091
3.4501448158617376,-2.9682507750154827
1.2977603355746303,-2.508573441816583
-3.0984813968017075,1.4152983779508297
-3.1613870380463434,-0.8991020188272726
-1.2730515469811234,3.09626235383641
1.2832983134909666,-0.9543307322095312
3.17938235333564,2.4896377671880265
-1.778686510087772,-2.3243762687317915
2.3080740382387375,2.124748632521061
0.8483290162990204,-2.9139903220388508
1.2079019427065518,2.3059804198902514
2.7246246125892886,2.497473576313253
-0.6048678300023478,2.428346943823179
-0.7763322863924149,-2.5802108621209534
3.555914128524628,-1.2132318739087746
0.9928498970566564,-2.1525143974312404
0.6160172997443168,-3.541391766173461
0.8303289921805936,-2.5894713588158162
-0.454772794000529,2.4396359206200007
2.9961917602119885,3.037949405838297
0.9152732295072026,1.0720297327792274
2.7413804086647895,0.8514895731320612
1.6122601744290261,-3.021956418028874
-3.6426212500673234,0.07915877153025203
-1.4174201498023387,0.3972573513556715
2.9651147241687115,-3.1641112389708996
2.525674720835174,2.543287595842578
0.5339823338756364,0.6448418968819019
3.27842727179001,-1.0985149930055842
-2.792997676313542,0.7252615155751613
-2.4779182961105453,-0.26800007169005624
-1.6457686549147956,0.8762714851839496
-0.3942974936748205,-0.85899498556331
-0.9612744982446317,2.4610526177299237
0.8679407508412719,2.6501729384475814
2.8612666165743694,2.7233736325050706
-2.62365037132384,1.0875706596679273
1.0998628490428666,-2.6408776035556176
-2.2823524897718803,-1.0778646613917013
1.07621216890244,-0.3223224346780243
3.0191227137817753,-1.1044809272322853
2.655953343637708,2.7190933628960496
-2.9045179204994387,-0.7476326586170368
-2.5668337406410715,2.4419526019255833
-1.1247648510607076,-0.7817108957091802
0.6717308169539654,-0.8926464189132582
3.829543955085246,-0.8148558047996768
-0.3801438570389142,-2.540163261406329
2.319390958131625,-1.1232380755084577
2.7617623814313452,-0.3826587449578227
1.5734274504833936,-3.0517731920050735
2.492043995134004,3.303709752479159
-1.3188363794121751,0.9108480398805334
2.8211380361894642,-1.35486188082666
3.439884932073513,-3.066537122261518
2.7720814619887713,3.0012956755401734
2.806888241721619,-1.23637853727067
1.3315275506594249,0.7094368992408028
-0.8834527574338226,-3.0914273489366186
-1.3109224056357764,0.711731624773782
0.5683282019436312,2.3831262770309345
0.7661277369137807,-1.0769282163545286
0.6553395834484684,-2.990203124563455
-0.760577870896862,-2.1617900905262823
-0.4063313926769441,3.2082985565681277
2.4612390649777325,-2.482466917563474
2.937274735876903,-3.6667251175818865
3.0383332417498212,1.1826173485091733
-2.064033568833933,3.057947979506966
3.234502413632668,-1.3190934912885026
0.8996276095786023,2.9024744774766083
-2.517540700338462,2.874536900071139
0.43996944665207227,-1.331199860459798
-1.033575902698819,3.2443483328416534
0.7197928128542942,1.4710473845493734
-2.820564190141449,2.6352003786943317
-0.8076253613042448,-0.833766480095616
0.9023989732112851,2.4628915226298416
-2.63066887350349,-0.7752939229425846
-1.3447286815041462,-0.9061818239806236
-0.9635640101179684,-0.4688501275534315
-2.7468468933959604,0.9545805726387219
-0.8849395244223465,-0.33513182785570844
3.2707323201770677,-2.9151549269196657
-1.0082241205385276,1.2551140343037366
3.2954440768010564,1.1527771196301089
-2.4252065284032893,2.7657725190759863
0.8763002421965559,2.9884209627753124
-0.9253451419616119,-1.3836621905886626
-0.8578988334421408,0.7231720157752665
0.4231513560401322,-0.6087334303801556
-1.2514732713014551,2.4073166033031925
-1.1457356046433833,1.071848948051498
2.812349585005861,-0.9504682518695455
2.557264399299218,3.2912758736646746
-2.708422423637726,1.21424492834291
-1.3522572854627526,1.0303331840602192
0.7964196815961877,1.3552736174083766
0.9690425141405467,3.18335738312712
1.6252500260474003,-2.5726550776757295
0.9957265354139468,-2.753087157336311
3.390724088425913,-0.3969648582340098
-1.356527235110667,-3.6508846428651873
-2.683421642070569,-0.7289980361709137
1.0346536503642831,-3.3786972850509414
0.4923356308085453,2.5301379918812517
0.5422091675215914,3.082125267469225
-2.6151330228968366,2.238837847149164
0.6460581102448446,2.96077351416631
-3.2524139160566308,1.428214543611849
0.6955799338033873,-0.694653761911579
-2.8120352425482835,1.7787054118526768
-1.1872348014809804,1.1361347102732682
-1.5070724018544503,1.045666610819084
1.0853410209487067,0.8042974820233256
3.4352856646435472,-1.3779472914207078
-3.450854527223918,2.692144301123957
2.328686237453698,0.9210966758175547
2.0592323406121693,-1.2315308804381913
-2.6294616561969466,-0.26271520942721643
2.793440635642261,-3.4702730025905386
-0.5211737761210539,0.6937370047881862
-3.093788367456226,3.932013606504578
2.949981876385138,-2.793711629460402
2.3369237902816855,-3.1359143014437003
-2.5773281754676507,-0.9937784062270779
-2.095960600541548,1.1594671485418107
2.88783134228397,2.3742094757764893
2.376180232243975,0.8342319213391942
-2.7834145791813802,3.51460402973004
-3.7038730960476904,1.032249756663418
-1.4656322352336846,3.085585677158802
3.003063962099811,-3.2133716999560926
-2.270497831270311,-2.341881457178692
-0.6877009438058357,-2.729955681604024
-3.0901551220449766,0.8999391802767002
-1.9372062374429289,1.51351565405822
2.455333804618536,2.575794524643723
-1.564972936820264,1.4634559108488616
3.2176433130278914,-1.17218417188644
0.9230104819152007,2.5329118902659418
3.597412294761733,-2.7344342805347264
0.8576571408146645,0.5542111764690946
0.724844693766386,0.9422557624218232
2.7833199556279284,-1.5068024226509729
-0.6208877919534149,1.2155978441895974
2.41882880641013,1.0254632372688823
-0.7412181355920211,1.4003615753405778
2.8656493604423354,1.72831095227912
2.0158934126307044,2.42219192725581
-2.584178043596195,-2.609055532708098
0.7666157383912133,2.4543572284093926
-0.7596560185572607,0.6562135939591413
2.0432044834348235,2.003516650225389
-3.5307932222261713,2.1664780149461924
-2.1991459610490276,-2.3679903385556997
0.5279877998582192,-0.8093969104555693
-2.2827118903811914,1.8963283290213226
-0.9765605143767727,-0.6103863645940936
-2.7036687103500308,0.8953821226785643
-3.4215251147614962,2.643087198131045
-2.706263517699543,-2.7613258368414697
-2.868046146131842,-0.6045953155122866
0.9766479974640663,1.368321809592409
-2.1357988755580584,-2.2948579989643068
-2.648114755530444,-2.9985773282800134
1.4455942986258346,-2.4668510443784673
2.574623862170751,2.366810260421356
-3.306992322053147,0.9258459014110468
3.007513580867883,0.5709428428096043
-0.019290496770775024,2.4963273866299183
-1.3637185107275904,-2.6574715189594564
-1.2884665423080508,3.1387267662186233
-1.1124169428494628,1.1962324466604166
-0.948037959793677,1.1206745809609957
-2.7308465181116035,-2.5117195967968824
-2.7682738009841676,1.0653023670967496
2.649169511624861,-2.318657314014802
-3.255217193159763,-3.3198810873126905
2.8424231225360175,2.9058692928912557
2.4789451148377015,-0.46757366562241354
-2.8676723909897257,1.0734499107325206
0.8761058415382962,-0.7411405470682538
2.3780750186554083,-0.6172136840150759
0.5881845120579454,-0.7707768530681749
-1.3183974312009081,2.6530152398237576
-0.8567561678048043,2.594058013605628
0.8831834322047858,1.158463805310632
-0.6158571875492425,1.2251486656540407
0.45743736180447747,-1.2600046126353943
0.6334616246680188,-0.8694985906472797
1.125105288579818,-2.8295461723983237
-0.49594866045719427,0.7738185038038784
-2.5569140206675036,0.7962632113477884
-2.6341565217106466,3.153957539769673
2.299248821222468,-0.2167453730288639
2.3987338996854826,-1.3075668215682539
0.6997937794236981,1.3855854452290512
-1.6691017490843545,2.7191175550552025
-1.075763994266028,-0.8806450347333992
1.393405892990171,0.684149266661145
1.0353870094454922,-3.2409193523526065
-2.5782469866719397,-0.9235423776188308
-2.6155741691412246,1.2018420410137107
-1.0922025476651473,2.844125612553718
-2.679242908819052,-2.901145609369584
-1.3544847514005554,1.8395567705088742
0.4747988949345782,3.2035750656329416
-3.0513521660136473,-2.373749571265885
-2.8786246523749894,1.0855904055816248
-2.485101098477195,-2.9983506516791265
-2.6669914405860986,-0.3956166675654289
1.009592237632326,2.6422787919486392
2.7603749714324612,3.2469540944682724
2.8089292702113537,0.6396903809511528
2.5248172964450757,2.77422198640524
-3.1399749654873728,-3.276209132029679
2.511588935743779,-1.472671332074136
2.9300578844266854,-2.4924204003809325
2.6773099739952744,2.6038749274194632
-2.522753340812115,1.4239582543941993
2.370057253329173,0.6983854571782383
-1.2008433395846814,-3.0564450853478
-1.3985791409211468,3.215138454500481
-1.9510167906286717,-0.5369837840621696
-2.746911725682676,1.4562688213924104
-1.1778475752775024,-3.278504139871675
-0.9989624303502314,0.9370863850960445
2.2192408676651487,0.8865177294043269
-2.986254820390626,3.0718836279216437
1.3981093363321357,-2.3958309041324384
0.766506410816462,3.1990610248647915
-0.8057678888519678,-1.672178646342278
1.5079295308073954,-3.3467646983547352
-2.562638504303731,1.5004545633219664
-2.3049772861867734,-1.0177543373016658
-1.0498342489271206,1.5993928011700047
0.8794461919209144,-3.244191671923206
1.8176632244301603,-2.1732520963129693
2.3919765587946333,2.9080173284471567
2.07620592532622,-2.5906822948330306
2.8440200829303404,0.6322302430064669
-1.4400300427275692,2.4142539731468378
1.0350858953045958,-1.3524222042884617
0.9060379712220537,1.0752683422841762
-0.00047327019995819304,0.4519999760395354
-0.5060181487710533,-2.6596814726063154
2.890097994321788,1.2573899709804723
2.9832879573973194,-3.234716882898826
3.468465723077185,-0.061603091462756956
3.3640105802007394,0.4048516700673404
-3.0519532740018405,1.369177305700864
-0.7270636547055147,-2.2026482550726625
2.4384676639901626,0.5041997927010842
-0.8919464384618035,-1.3993605328871743
2.268574854334068,-3.0659381355794832
2.5327371777282517,0.6049499664547981
-2.87722623915697,-3.0061158501107794
-0.6822629430598358,2.5592945364382893
-0.694810065594679,-3.186554499158027
1.4534924328351833,-3.270574945074738
-2.1840839674027235,0.7744023853666981
0.9509633186161113,-2.677855444897692
-2.9256929960171845,-2.952675865872697
1.5684762884234986,-0.6748071195963183
1.2486192154446305,0.535311354818205
-3.3932401846282443,1.1044869158036936
1.7566366577768364,-3.7341336304947723
1.2652612360532933,2.0289257088459234
-1.1345557824329864,2.216673085364248
-0.9801687417874619,2.770397081238424
1.0387437890580393,-1.0094215421166126
0.7912815495350931,0.9477224465257353
3.0670506929599424,-1.1015459512072743
-3.388353529066908,-2.0648555357166964
0.799492299633317,-3.0416591517602702
3.585092540821176,-2.726508592207051
-2.680268662686552,-1.377486885310307
-0.8010749081224507,-3.2163150761370165
2.6962710576255073,-1.201960653542987
0.7198368603692551,-0.8411642546880026
-0.7108685021170104,2.747809160989976
3.075334709487135,-2.9808275341289594
-0.537985034683282,0.6068143141092185
3.9711687815452694,1.2746024612030338
3.283024964977526,0.5492769151009582
-3.1351772999914638,2.889758681354858
-1.2180276712430167,-1.3006792415714246
-1.0637223275215717,2.4954933253605587
-3.1348253258704593,-2.6343778004572393
2.232830804345333,2.408180735221349
1.5452952356703074,-1.2092903850881827
3.0725473408260373,-0.5204037250695831
-0.23937129433960605,1.0780698322236026
1.2677758411953801,1.2134838220842254
-0.9502026935008031,-0.8713328371773713
2.6010287042890052,2.743309604800531
-3.1339965344851577,-1.242096090433722
0.7446238176449862,2.784414229517574
-1.6524155417209119,-1.06715435665689
-1.2452815455968609,-1.0755007384865094
-2.3503363798918895,-2.699629898967911
-3.111073902056419,2.541767883252542
-0.7903770440540431,1.6322789935509465
1.295027616168693,-3.3451915900703897
0.9432132288453902,-1.5324133136129217
0.5627520581182918,2.573062948225007
-2.9858655564249776,1.0673409567455707
1.0653103421393637,-1.4881292013421377
2.597323049901903,-1.1196310594556462
2.2683629596620647,1.994608613735849
2.736238197257715,0.9211287191891723
-0.9435044692330087,-0.4835864362380574
-1.0350817524223639,0.5993787629938174
-0.9839406340864589,2.6556461871249217
-2.6261257377571696,-2.4726326510598287
0.4488486318550758,-2.982316948865858
0.8973661832106593,-3.5951344968016468
-0.578516424636484,-1.2927516477710586
2.774547678837812,-0.8791147264984417
-1.0765471004503528,2.781864200495642
3.3588018045645214,3.0450825171061378
-0.31081382349759284,-0.2735994565029115
0.7922891652557711,-0.9048457607194432
0.8955050728590908,2.3506704698275573
-3.3215385743062398,2.9447700123129046
-0.51511215972488,-2.7142063571722943
0.6602187564418927,-0.7040412760317818
-2.9682427816585393,-1.1961711299534872
-0.23253333932569564,-0.2713096992495938
2.827986371648359,0.905001829892684
0.5099505638816241,-3.2707379547688493
1.1717667024990064,2.3259875986401313
-2.3535634346197196,1.3325759058337376
-1.0079615712610026,-3.0668681394403023
-1.3266373882028832,-0.8708408871061346
3.0418293496625113,-2.872623641708098
-1.6125681477043003,0.9300147013214016
-0.9217637855363914,-1.067542077939343
-2.877219122769553,0.42861200290010915
-0.854500541452342,2.4999496369306065
-1.4311123461123127,2.290434978609915
3.045111264898964,-2.561317786209783
2.7439898303183523,2.5446919343833976
-2.946205920100081,-0.11154963715574398
0.9009789984757889,-3.2898819780147486
-1.1030455024827048,3.032933391872561
0.4387655468557749,-0.7904098790671829
-2.484749622039922,-0.5069741451981933
-2.5365540601336094,-3.032947742904833
2.769202031235425,-3.8565657434050946
-3.0621579053869272,1.146516859833007
-2.323182559329446,-2.777583043267904
0.753770813395629,2.7984212316273567
2.508870900784919,2.8651329626243442
-1.3210905922017164,-0.6608024445249807
2.963010930679559,-1.057787370449165
-3.0896019857558845,2.503733993568956
-0.44897406478131274,2.961396391275228
0.8210408663130478,0.811402397327528
0.6348270613950234,-0.6957104492857381
0.9700509790248557,0.26096877968080573
-1.0245752032870343,1.4960123478992116
-2.9791947481742307,-3.283070711547831
3.032521212385434,-3.059923216820614
3.0982323565264065,-1.4018999747317051
0.7514637223660646,3.8811930744965575
-1.3451029683352826,-0.9851193491334747
2.6379811839785394,-1.1638406435877775
-2.847854638244776,2.9547192257212838
2.258004986459543,1.0152874036750599
-1.423494237034844,2.2809443612823608
-2.8423016058458046,0.7649620405129475
-3.0185983259252716,3.775028952901679
3.2902667666388923,-0.9353424393489079
2.488482407194089,2.2127712890978253
-2.5341254738375554,-1.810401466323106
-0.8577790871450256,2.6499046728698894
-1.1481201338588811,1.3985978230108413
-0.7013096060422767,-1.3520895115638127
1.098902712821411,-0.7486289132080324
-3.1167226759728472,-0.5833862326182936
-0.6865930927999023,-2.9112726595430054
-3.0617840980787894,-0.9616175564944607
-0.8440432319474536,1.7985975154680756
3.234976204055026,-1.695994076185119
3.044096353026144,-0.24927214256066135
-0.9602102320358532,-0.6645485659204996
-3.010680975009896,3.077004770274321
-2.781207685113159,-2.4751977371443483
-2.405885325189507,-0.5515914501992837
0.7048499095806973,-1.0787109388312246
-2.548634480942514,0.9797931566813813
-2.1972122550475595,2.7296344857674835
-1.052018974546095,1.081700185925787
-1.8676505078063765,1.2577771499002
1.0183189078035,-0.9437363270448648
-0.9380700941175725,-0.4448734803564138
-1.8391290082602356,-1.2212706780026452
3.2744509128573474,2.459776224977941
0.5793066016381476,0.4753426715208445
0.4140180003354626,1.4764068914529997
-3.1696136731885933,-0.8615376377859282
-1.1436430235746509,0.9662339023232609
2.843483151770708,0.9070549881438351
-1.1887040153274635,3.065588103194456
2.937648234923126,0.1247325720500267
2.7843211389435023,0.9845523622810782
-2.4585536048672822,-2.5010445611358887
-1.2859245273114985,0.9147265533663989
1.3531407119296586,-1.3765325111750701
-3.298494209772405,1.2675568513773314
2.9594550558707136,0.5171924588622371
-3.1092136144825058,2.9048367474181545
-1.920448998402405,-2.2407411866161837
2.2763589196103675,0.9056691335588272
-0.19908026830625336,-2.7291438978641724
-0.9058859436098169,-1.397404736644556
-3.3517212240440477,2.770685122306532
-0.1512216850517029,-3.230444558670217
-1.0384428310597484,-2.6000932314137337
0.7836384887562773,-2.416528934183397
3.44162455674564,-1.0045441542565092
2.633314458978522,2.411339487562821
-2.328552653541388,-1.182889526235478
2.600728459045728,2.3592215523643616
1.0750401771145162,-0.6528382572320711
-2.4233782401390793,-3.084375793875957
0.9704794372814284,0.9858195862928778
-1.3903841873629632,2.490080146617228
2.9738840678475342,2.6034682754030114
2.707001763459848,-0.3114824495246519
-2.083435006078599,-2.912873775927885
-2.5303144769508585,-2.3238016746806327
-2.9846765805966404,-3.028608384220032
0.5521626024620846,-1.4902214422950428
-1.6444532683456765,1.1471176941253425
-2.3057407968436374,-1.1326416980310334
-3.4837416493526336,-3.3030603148199957
-2.2786403973101774,-2.311763592233706
0.8772858723076791,-3.123945435489608
2.8316018621122074,0.9488657827836456
0.5707151574997514,-1.0484216253392344
-0.5967261726934298,-2.8440147275822873
1.0330176949573622,1.2837267897167768
-2.8340206307452145,-0.4880979922975102
-2.0844860101936464,0.535878714106814
3.4267865091650336,1.1470764711651715
0.7700703424881868,2.973416804871282
-3.144523349668412,0.5977149821940206
1.2623179562810023,-0.5448155236684564
3.3626935169133727,-2.5276691268098865
0.7374471228082191,-0.9747766341165677
0.16069933431532188,-1.2709599612700335
-3.1435328770682083,-2.838209249889966
-0.8432488233601454,-1.1226107718105494
-1.3214827310484514,-2.610260761681288
3.148337888791959,0.5843827974071311
3.0594853952048973,2.898659673955862
-0.8468030587991695,-2.702646806063871
0.6863421574546515,2.5217492490620557
0.7936333020220394,-2.579856066710409
0.25782898672407645,-2.9382449666398878
-2.700083859864821,-2.642074568599901
3.2537317207869623,2.3240757469994953
2.2492746007142133,0.21925365214365258
0.5982321446219439,2.380461068288223
1.191851759469493,-2.8110546603277706
1.2725692088713303,2.4588122250553295
2.961730458476183,2.6037170434255446
0.8864567865538368,-2.701385867589315
-0.5281356645707989,2.1041155125715
2.9439810116396825,0.9605487228982373
-2.1470907627568705,-3.44312377015422
1.0246786357202502,3.568256817482123
-2.565834928432616,-1.0727658933214848
0.9765037774698228,3.214017046139878
1.4744858717616376,1.114699317059874
-2.8036942002941707,1.0092304903302176
-0.8141671693583362,2.4401759335624327
0.9070013778319675,3.311118708799915
1.0780126602864644,-3.1197656078904643
-0.4708397750096328,-3.100320014566428
-0.35543099157850494,-3.0415312233555163
3.0670942029867914,-3.1283362574938076
1.9981248600556438,2.9149183404209076
2.7411374835167672,-3.070024356951996
-2.631385064449237,-1.0386536507837412
3.6938453438721317,2.144365787336411
1.2150148746138785,0.8283215712696788
-2.8013486043644398,-2.748323391860463
-1.2979309685322535,2.812221997939162
1.2667366100430308,-0.9463878864351544
2.810110164033641,-0.9504012592123535
-2.5438287198725513,1.4000513134209054
-0.8992414835676932,-3.3968827386389
-0.969933216374408,0.5445152448322873
2.8469777713942372,0.6452406006849944
-0.15250039883568994,-2.968030410221263
-2.9228170394332613,1.4808350270064636
2.6050151310576513,-1.289495823606194
-0.6672545359580556,0.9751375363910365
2.4322955061197713,1.2328274828646295
-2.161353995469397,3.397255305337718
-0.8168205284825903,-0.4149630185814673
-3.0354247206913163,2.910959459749201
-0.5383182058046786,-3.1142748872695902
-2.4857465531054377,-3.521837808732604
-2.938614518430674,1.367023447063699
-0.8430111564681328,-1.015561980741966
0.4085909026910557,-3.352518042947282
-2.524759548690382,-2.045926290562113
-2.2988529374497157,0.7382763680018252
2.6166424067568492,0.8221142996133881
0.7176313615065779,0.945243185571634
1.1186283430096364,-0.7626739398729134
-1.0020031559521956,3.1860694002545906
-2.625312832988698,-0.5151062749749187
3.2526794342277587,-3.103032607821286
2.648496565861869,-0.912777368687175
-2.591030486594603,-1.123156323306826
-2.9901672228025036,-0.442587121141761
-2.239006583865207,-1.1982310854365577
0.6883279843425806,1.357342447590429
3.7029908236944142,-1.5132280077010223
2.192760087960101,2.9675374268169676
-1.3979854410270083,3.1433838197097344
-1.2459924380957095,1.0971577436252438
-0.4204052933591278,-3.257151488486266
-2.8183798670676397,3.11040768219535
3.149551179109417,-2.9815100518460005
-1.1615597251484542,2.930238689339682
0.718478177098655,-1.531983761454059
-1.1349167434176386,-2.353349443683374
-2.030595039476201,-0.25568590414033104
-3.546075035035571,3.0004491830633357
-0.5559218780480019,-2.506835132412375
0.9441764492129354,-1.42250144125398
2.9339815509335665,2.6872107957446527
2.2457791836252246,3.2858199629050175
2.824927108718387,-0.702312235311484
-1.2008080962552086,-0.7808038591352187
1.1772071881196342,-3.0432044695220553
2.3714414509485646,-0.9440291284726479
-2.9719224228019057,0.8167923038277147
-0.7117005317717041,-0.26400949731262896
3.188015028744282,-3.3899591364318344
-1.470705805023961,-1.1127853417289917
3.317726732185524,-1.2041531685816664
0.9138448005120154,1.507564373636748
2.649999806284033,-2.9025982770823284
3.1502631911551613,-1.0817030771013625
-3.048913692326888,-1.1668599229751815
-1.0203979326240011,0.9788789997781184
0.7000306006706315,1.137976667189655
2.6613598365882085,2.5486423944414205
-2.2022641363106215,2.510870380271552
3.407988472858235,-3.145624693897803
-0.7356028764257061,-2.557243232018382
2.7970580299477534,3.162554100831773
3.1541172414865883,-2.6258535730225003
-2.752359588839327,-0.6680136999520808
2.2564156842347542,1.0734320884028732
-0.34631147702231974,1.233898755565363
2.939384327379572,2.396344163815978
3.527962641629467,2.2319774853395766
-3.113169785144471,-2.0739584730328557
3.5606953270352157,-0.5258520150874421
-0.9273782308137827,-0.9115449666157329
-2.7147354091866718,2.8076238801113496
-2.896147744553186,-0.6249370336579622
-0.6903072915755649,-2.823035835888041
0.8833516361069599,2.812427414578085
-2.795813399316839,2.460679748712308
1.4228151066586636,-2.4035682169721304
0.4863860155344096,2.6203054295998203
3.2544360775147765,-2.2436579120776647
-2.7424677339998795,-3.048092444065682
-3.1472087689903057,0.8072662519004496
-1.4174661570219738,2.7645238964641337
3.2984519481413996,1.017821068313281
1.0369230490014694,2.7275562817124728
-1.0361901130249533,-0.6250563084889394
0.7205660565858095,0.7051423671585322
-0.5496637940009491,1.7713974994525192
3.161239404727226,0.6909747226160791
-2.7577413078285042,-2.347501809159153
1.334741640858262,-1.5235797668940676
-1.38837278710357,1.215944661268101
1.4121639833152992,-1.3300824385161827
0.7184099192726069,-1.161524918909024
0.6961201674069186,2.3382742983054605
-2.9405472647641897,-0.15861910587393147
-3.3662098589952523,0.8371502227721048
-1.0819456394470237,-2.480628939081471
-0.48182911559457314,0.8255788656528343
-0.20500500060925286,3.0890819036103982
2.155799101666068,0.9153585704605967
-2.6927502528079046,2.4780393671715855
0.5669002117733857,2.84624745436523
-0.8197191762961343,2.7369823055621674
2.8759376644217327,-2.5879031120875338
-2.9183128388421595,-1.220477489223329
-1.041046962258318,-2.977818651439619
-2.2242910724795704,2.675096491210082
-1.1080010186615559,3.354599034256857
-0.7037009714055507,-2.7237092300166372
-2.7664737150334706,1.1947560576600642
-2.3720855257826092,-1.299973957521781
-0.565246905520243,1.0547228586792374
-2.5853914666147135,0.8842043561831521
-1.2933691634636855,2.605850717200288
-2.619427029500484,2.22678005883617
0.9285737022201824,1.4105137493857869
0.640050804955723,0.6509393710459914
-3.0036726738888437,2.5830976085746093
-2.390289240622842,-2.719836533979251
2.4913511981447787,0.8813597044344761
-2.500176210786506,-1.007834974323884
-2.980166631640683,0.3468098675898312
-2.9906198570976357,1.4683006454142842
0.5296808134332901,2.538748185312932
-0.9350288257257254,1.48864481117074
-0.6401555621273162,2.507508404752128
2.794160663906355,2.1372116743592136
1.2883032432558978,0.3172624187548045
0.9892603046776012,1.6418197634043472
2.7082035511676157,0.47768166105055837
2.2757933859176602,1.5595449494773386
-3.085589239019914,-1.2586936772754245
-1.2444296949624143,1.4810387347769793
-0.5963902770020004,1.4769211204648558
1.8790204879659371,-0.8245434961915993
3.0962394043012247,2.5814647209115633
-1.0616891138271454,-2.2859526494477294
-0.9779374571166497,1.3288005890066754
2.750115863025248,1.1066849955303086
-3.388933417511812,2.668510481146013
0.7380435772472692,-0.8529365960307239
2.200583207318145,1.057947327166787
-3.187713664953928,2.099417394255289
0.26335848645019605,-1.2705529756610607
-0.5879767586955952,1.1125531202516035
-1.3061757699394554,3.502112800262324
0.8135847427292746,-2.93269359299344
2.9339735163705414,2.6078661513773693
-1.056747732492414,-2.3837851774950383
-0.9859615803272795,0.7503255215836586
-0.9665955998669444,0.9757304529257582
-0.9433405197567831,-3.2184223291306924
-3.174842782546008,-0.49477728938318855
-2.1814799088813244,1.2440968433538944
0.8952869359089808,1.3189746681143604
-3.4147488926382885,1.3956946352200694
-2.2671960866481604,-2.880133358549638
1.4006732662590278,1.471549875695077
2.8930441894883843,2.4224103697716557
3.229013390521069,-2.9929788827827264
2.7931732398455704,0.7229028190426757
0.931998125110778,-1.970286252733607
0.45464500556143295,-3.498791900034344
-0.6161471918521031,1.4063511144771688
0.7460408185093053,-1.51235458375528
-3.1943360500422853,3.434888447688991
2.924885951787779,-3.6039377353649127
1.8436983581419424,2.5969068043917205
3.041304292040585,-0.6409094709127596
0.5706664792599241,-1.3511760393392993
3.349671386039181,0.46894041168834105
2.870687762111516,-0.9654451424893297
1.1861447961167595,-2.879069542651405
0.8629853831492965,0.6464213238584785
3.2927287576134185,-1.1792062335651383
-0.9404554660621494,2.9359670698464746
3.4432190119951116,-2.8766062338338902
0.9642698712481561,-3.24326996956401
-0.45923512200909306,-2.5000479765000985
0.8255356283613533,-1.4845716607372323
-2.852380043224438,-0.4416890570111937
2.4145015859463768,3.0133544890309696
-2.5579273917051513,-2.6606740822442805
-3.1390973694570494,2.90478634249959
-1.6433440850006804,2.6556161503891285
-1.1412469473033444,3.4222507908830635
1.0038236097289612,-0.710378599396091
2.6733405583794165,-1.4137234766791718
1.5325671195177688,-2.6139276355946337
3.392213327859315,-3.0082521499200365
-1.8406149365167728,2.9298597002846667
-2.8116095039263365,-0.829148925484496
-2.8784321218995554,-1.3739565591689367
2.4416881505202515,2.5085691993531256
0.798866342713188,0.8466277705185882
-3.0052326129655333,-2.4928910501811834
0.9247828789015347,-0.918379689028151
3.378676662593921,1.2211319735470823
-0.8623677447090833,-2.814465220706434
1.1152644609841882,-0.7292324640620671
3.2021373659089445,2.260826358196001
1.5361677809892895,-2.01975989226101
-0.9878874971294322,0.9707222791470308
-2.985909815443411,-0.5518812370379996
1.0917697359900378,-1.5756192554597999
0.9994298093858682,-2.6690856532602454
-2.966498622643336,2.754155443048305
-0.7262048879907558,-1.019530824760743
3.1605879290925403,-1.3472036589686085
3.3442111851124103,-0.46030185935222184
3.285474444855118,0.5850620165253698
-1.1724772954237843,2.798681536192698
2.4895940408914767,-1.3447425299223568
-2.395878803178032,2.458515359127536
-0.9491921856326018,2.2107259848818797
-1.2099753584585728,-0.31677539365863444
-2.75617365449533,-0.9242430038228556
0.7768311541155491,2.552428493325457
-2.3291429438069517,-1.9567836141512278
-3.007647454521289,-3.1958984750109023
2.9562570941188615,2.5548287826956866
3.0474919217466945,-0.9069021460344145
-2.7137727338109805,2.5622322268380793
-0.9174901139924516,1.275768556818129
-1.138291782864205,-3.190653340237854
3.5033425638488453,-0.589286505298378
1.0798255531876513,0.628423119183217
-0.9021352952085506,-2.4678700887093648
-1.2738391898665828,0.7012865429952783
2.866890167464042,2.3267144064850824
0.4261957710741196,-0.8637855788300531
-3.1374366285852444,0.4636441544900762
1.3800295242985519,1.4213642636216395
0.6134314791422848,2.168184242405237
-2.326608894125249,-1.7817997105540977
0.6772010813170719,-3.2223627592879347
2.9642257192007038,-0.5953979255667595
0.7603401155254578,-3.1569611316537625
3.0378693770725933,1.1689931649668392
-3.1567033762899075,-2.78940078648732
0.8697310994231875,1.1876385935475662
0.8566168386292168,2.5980327528013465
-0.9158024163358837,-0.4875792328359085
0.2739049243504103,-2.793355028899768
-2.632431256177694,0.8556570396536407
-0.7480590272310697,-3.253771688526702
1.1904779300368729,0.4462179909477594
1.4793217713133526,-2.511592871429048
-3.3145122129409716,2.664204611302217
0.7900006768441782,-0.49637603653071866
-0.9835758302511912,0.011294770994514102
2.4394223893036244,2.5503525809658734
2.969307259729451,-0.8667547353105234
2.8832937517677615,2.3125278891224283
-1.5294988883293834,2.7214890262114
-2.9308920299992822,3.1367032598331357
-3.02475180713676,2.4864470890506873
2.5838161558957062,2.858855211135738
0.9254350503640473,-1.3998373838392213
0.7804569017812546,1.2707055309997086
2.553714015244081,-3.149641448857086
0.481212519491899,1.1991491906304168
-0.5799353760569851,1.533637293948491
0.9717946386445354,0.8076149542823022
3.028758910547343,0.40973881150711255
2.7974326859410663,1.0047798066501707
-1.124517384992928,-0.8138506775202141
-2.5547026035218097,1.1339940551465064
2.703726280756798,-0.9047499508943533
-0.6020292585735825,2.934728748942538
-0.9631771387883352,1.3233757719291626
-1.1989255728250103,1.1340684546523645
-3.294765938612663,3.2599657567369804
-2.390370038616304,-2.4540851895581466
-1.1670754162978465,1.2692757319357975
1.3668205310739119,2.6745227878829168
-1.4765475428544859,-2.8706877401461757
1.8737208539067371,-0.8862916429038672
1.5638382922668335,-0.8984918936214646
-2.264635502081313,1.2618837136234196
1.8437429472296694,1.3640491124832383
-2.746933077268074,0.5123630598763337
-2.052800238619118,-0.8381392580821828
2.195778217830118,3.380012607404231
-2.597888685143493,-2.473013251387418
0.9155498738617721,1.0207301448269352
-2.7482979090670714,-2.546645800429922
-2.6591663110802606,2.296323835982693
-1.0470491620829137,-0.2444605011978003
1.3972472544379304,-3.4062724561781645
2.8074458446355046,-0.8972820663093343
-0.40776566526189145,-0.8784765714121033
3.208524396987212,-3.2208462818093015
-2.661302270830185,-2.8351579290271824
-0.5258209203647944,3.139456320339927
0.20475072450752252,3.019093313957269
0.6767151188802586,2.9270647191137584
-1.8367568095883147,3.5070518106873725
2.986582165346163,0.7553615421512196
-2.939034320168444,1.1513891225997719
3.175478697756698,2.921272597054612
1.9353620782706142,0.7540998187744056
1.6255789970738888,-2.946132826352666
1.1051225720386375,-3.276770153335951
1.711498448811566,-0.927093793412808
-2.765488406420791,2.397303751321474
1.0213377826070316,-2.5436718691926776
2.5560045623907874,2.8244128435511655
-1.3389024227850936,-3.037056941668054
2.394986261419529,0.7264830978835223
3.285195174815686,-2.976561336903488
-2.886334715200003,3.1223450940633177
-3.386245992290381,1.2841932006004833
-1.358013369470696,2.5452444671900096
-1.3098280549803236,-0.48293809407452326
-0.9714808271875156,0.8363286169667686
-1.0965196573288893,-2.52820479658062
3.2072564162503814,2.172053372821862
0.8157023592547946,-0.3044026203688254
1.340200396291586,2.338266790523807
-2.485417159173738,1.2546385493650682
1.5057540443006416,-2.895439833567389
0.4054101703916907,2.4054139690085377
-0.688101775503385,2.53197020259869
-1.322847835812228,-0.5318440325782214
1.0155233226049922,1.2646456118969676
3.028639738347751,3.1854662072747835
-3.031471868616277,2.745774336684039
3.7643141421999893,0.5695530899590558
-0.8510306140380027,2.8369698591688
-3.002081144950392,-2.5872950502600363
-1.1409234298021158,-3.2277567841518002
-1.08716851665674,1.3417026616576657
-3.0316024644615487,-0.1272960490832779
-3.0009056653509387,1.6367426551867728
-2.3016838701040983,-0.7779275751995205
1.1531809465457976,2.3234170251926103
-2.649853693915539,-1.0050922526115447
-2.8394739803722193,-2.4371407804230385
-2.8986036531383252,0.9316272385631859
2.937191295255259,1.1541905352566537
-1.2770181377266958,2.301770828331145
-2.8559856954459306,-2.0245441899834513
-0.6480824938431524,2.4731812434222404
-2.827842808213101,2.8953971627380217
0.8120366347468098,-3.042955299999112
-2.92945811824576,1.036532741977839
0.8366322555799134,-2.3703384453798266
2.5290919824548266,2.2145870135552
-0.37273576919943835,0.8825663822447295
-3.2499150148405245,-2.994618270113864
2.770293172604878,2.4578504797022314
1.0343915412715783,-0.9949093490177767
2.932347905547271,1.839287513525389
0.9090544621521806,1.1121367809924323
-2.897436642470265,-1.1454036014400777
0.9512129145766433,1.8900575432534104
-1.039468723685791,-3.0471956119291086
0.8941446022058981,-2.316750114577972
-0.9147697846659358,0.8072666589605676
2.5140939003712157,0.8459043103044146
3.498290851573455,0.9737746304458855
-2.2781891866498842,3.537382849341682
-2.5461916725520117,-0.7177942505578304
3.441189900729154,-3.0585419428671208
0.9135522653589706,-2.7227817734148365
-2.7124577444310445,-3.0571149279618353
0.22324890334566008,2.8402119274368527
2.496506663258953,1.1027179904298487
1.0450630408092376,-1.0617238330210577
3.369777354875421,2.4543944771758235
-3.1649001914574724,-1.0054572922308411
-2.522752619136494,2.79476069388461
-2.367556148713799,-0.7667050827010095
-0.9688614032299441,2.3790114332374683
2.668829660473104,3.0762400105352294
2.860926759577002,-0.5628528371132161
-0.5244443380887069,-2.207815296212073
-2.982343896164572,0.7732955418238722
-2.858588059775282,1.0428175227962
1.8461399203823592,-2.9231657985647166
2.5450236941081013,2.9589038513318333
3.396461019294721,-2.6318502907293087
2.4553067404560176,-3.0827257664397174
-3.091609297502103,-0.8501046822407751
0.8090701856516197,3.0791529015549632
2.9899696493225347,-2.6084992579505655
0.7570945329946694,0.03276029045538349
1.3507571576862516,3.2031511859779864
0.7974525128300995,-3.114350561420407
3.146607179331055,0.5733603390427788
-1.1590354491982344,2.169870304011413
-2.709977165001218,3.246069099437203
0.6600730012762915,-1.1296066484836023
-0.8454867559383341,3.685510435450178
2.908497839833507,-3.0916340086887293
0.46799884151559207,-3.1993757046845177
-2.7799593064909645,-1.079603043008663
0.6547652328663467,-0.9370833004838034
-1.520490584639775,-2.5613153273501426
-0.9598260022291569,1.1317211912413974
-0.5156378707006989,-0.33130036199581053
1.017487223367634,-3.3016171361741335
-0.645633981344564,0.9613561669019838
3.281427838079106,1.6198903217211318
0.6354901692393696,1.0892679885856225
-0.8728731372204461,2.548583163908778
2.3503279520162446,-1.0158192343159906
-0.10594668273832587,-1.0455477674557772
-1.1058242761116457,3.2418885796693377
-2.7276364002640663,-0.9425184200672386
2.322897897103611,-1.1382885437209431
2.826870567640735,-0.9642496191844745
2.5978151157823453,-0.8004500662213263
-2.4626890862247444,-0.7767434370508175
-1.3116666455302017,3.0122820292479155
-0.1910241845057333,1.595734768743104
-1.958329032795967,-3.377258705482148
-0.05584670082970684,1.2819766399501802
2.132950632846095,2.994602430272974
-0.9225128237403087,-0.5470840231342726
1.5970704687785406,-3.146288973589361
1.3266795472093187,1.503679439349234
2.322929994175058,0.5683390161041718
-1.3485023059734809,3.0037044574609677
-1.3486438595327879,-1.4299514356695535
0.9905681775324112,-2.948358933450587
2.9237155118558515,2.4360165557424662
-2.565193675732334,1.9030984245101081
-1.275600302200863,-2.5425321955122335
-2.32252358098217,-2.563795964372467
-2.8270068672146174,-3.3920740622403067
-0.9676863070250112,2.9800435899672175
-2.5162945879304717,-0.236493438861023
-1.031466761030699,-1.9462717967197027
-3.06143703358266,1.9681826713589186
2.500332905215863,-3.328854881850949
2.6021715283625,1.6013401665231344
-3.1037627570636244,-0.8889967288850695
3.2173934333478837,-2.882999909667177
-3.253902575050439,0.8027903122633492
0.8339870844021574,-0.6551906219798053
0.8846124730556709,-1.2063101409058878
-3.5382839318917783,2.758440220887183
-3.2234863727593916,2.595658559544117
1.3535393808593477,-2.6777800491033332
1.0029859515395587,0.6834331348282093
0.5243034846901197,1.2173561598707732
1.5171976367150608,-3.1516918340685307
0.550843477914746,-0.9990578127248437
-0.9331830436946199,0.36505449887794905
2.362252406824884,-1.2680198158704057
3.059569801855178,-1.1551794646403881
2.276251268834482,-1.1402732042371013
-2.9577191046596876,1.62448997086944
-2.02640239031638,-2.448327439470325
3.001176007879139,-1.141687906239024
0.5639111139883048,2.874879542167457
-3.3735106859896593,1.1878547573624931
-0.788933419436898,2.4830829625044526
2.691314569332451,-1.5382340638867682
0.9458121869633103,2.251172484747748
-1.4587181943708605,3.015366740428278
-1.0150409661957163,-1.2572661485803296
2.853287318465961,-1.472814859916039
-2.6962983677263868,2.897251455382144
1.0559912496853732,-1.4643124441333808
2.937969022438267,-1.02627837300803
-1.1941308208762706,-2.3978552810684506
2.7610177201364547,2.577938857534331
0.7800557180716975,-2.9451083362357307
0.8745491972039519,1.0391787544433428
2.6106809651398937,0.7922878338230783
1.1941491149577954,-0.7771771026533575
2.5974535504632263,3.3116445540899373
3.4190963944684682,0.47465002659022565
-0.9262881142756063,1.1216895603164427
0.8042022408168019,-0.9604515989714085
-1.8489242321128687,2.803911637559622
2.9917245018440064,2.6713599713156744
-2.7503210713539996,1.207017481404507
-0.8847582992606372,0.9051964099835672
3.4458408803894747,-2.8228508168847943
2.9003315118489614,2.750011024410868
2.9742277817869875,2.7011070558443135
3.752790270478681,-2.9227634125513435
-1.3867225338710456,-2.548736671525037
-3.311538755022323,1.3227448423379868
-0.9879980643585785,2.602686800436589
3.2061371038303697,-1.479039870608468
-1.493654375535131,2.8372719964961504
-1.395079584740928,-0.23833540222531693
-1.1480329708057193,2.453159176717134
3.550349141402838,3.0215708244214494
-0.8367337080282103,-3.0014009261961965
-0.49431862754830214,-2.882171646141546
2.9841292142255176,-0.7084266615050842
-1.3122817814678664,3.3502698276837943
1.058540577595227,1.121976251339824
2.2139517925843775,0.748569082831027
-2.1994661364585375,-3.1237995960140723
-2.8642725493225645,1.7611392906466232
2.907563481494312,1.2798810995758367
0.8303018031513987,2.6781009661354434
1.3066060950552647,0.851685666275477
3.1702974576947387,-0.6554782529241784
1.2754772113824213,-1.174632605668337
2.8332433218063735,1.725232912831327
3.096503577354067,-0.6219744776190352
1.3487530312354037,-0.7081836817791227
-3.0713157824479245,-2.662074544967085
-0.34847801623510777,-0.4676875883770185
1.6183040312428274,-0.660471379549174
-2.3976786567360238,-2.7170561561480286
-2.423233596531847,-2.98689244179852
3.2902842081678823,3.0883205527645177
2.532301271497907,2.4696016166398285
-0.8266726724477154,2.5170491325842907
-0.7098057597397927,-1.0300320572267105
3.2461547268734243,-0.7211097744272084
2.9504376506197088,3.03937074307733
-1.193758366321199,2.1155562276620734
2.7023575993970126,2.5722665588781592
-1.6133082135916426,2.5685878973981366
-1.3249947591042919,-1.2580194638857236
-2.8500089512581117,-2.594382618485503
0.6424395217689582,-1.1603960466020329
2.4594101947981923,2.05677447835085
1.3357581087419943,2.286412422412073
3.1849348099170673,-2.9549069889381347
0.6853659061180002,2.4153494855473383
-2.353065911718578,0.7733901851665879
-1.3506231004659368,0.8744010780468843
-2.6155566102610295,-0.9493586979609198
-2.5453003243446113,2.8622588277519836
-1.215417317050251,-0.015704906063588115
-1.0708485498027425,-1.1907177328396403
-3.317759270201287,1.0121935706872527
-0.17599803264906932,0.8923643974324675
2.572566866698223,-0.5442174484719577
-2.6427510368641185,0.829999759647636
2.4320710054080723,-2.9926554383942414
-2.546414327454606,-3.3943021675300407
0.48586265235351234,-1.333015613416564
-0.8016255002307816,-2.85265467168038
3.1495987379946215,-3.0338014771527675
-1.1650704938808163,0.8949363862492776
-2.275915189751255,-0.5539613805886892
-2.886748332650671,0.6494998743906798
-2.4369915732774103,-0.8116492735685492
-2.3059986881170147,-1.0421556164766077
-1.210795428186408,2.625771262328749
0.7723578821057151,-1.3252892950116226
-2.3648689150224493,-0.8984638797406381
-2.1148149312330067,-1.1005776683480557
-1.333424824409559,-2.9095885801358947
-2.8276700207246415,2.552798963859486
2.0370515642018936,-1.3254945956881186
-0.7768886228124362,-1.7760974919581325
1.0856080312514838,0.5132295114060204
-0.9736005607753875,2.4591579277643305
0.019712554888198022,2.7629133521375704
2.5915574937425636,-0.8000624191060645
-2.330595020231425,2.971472161057887
-2.270546927157321,-3.337275498099165
1.3050343982776373,-0.8334041295161192
-0.6109598125490364,-2.901654216701746
0.7994734323191945,2.3134319056399417
-1.0964470339325816,-0.6020005696798785
3.1851524386724814,1.9934772755737378
-2.0898536271214296,3.177803919175583
0.8741378541901977,0.9036488797080672
0.5010086290609373,1.0628529493210737
2.565128964412256,0.7991318900564832
-1.3566453002648322,2.8347118301609338
1.1954581946305678,1.4083129187919554
3.117052427172242,-2.8209675591604118
-2.5106809865776962,-2.6564177355002196
-0.14653988895778874,2.468089579823733
-2.846383588280805,1.538515047472862
2.514102031216545,-3.3998916486146524
-3.1722765820862087,-0.8597517651699215
2.8562929554908445,0.8162385808293265
-2.9186422079602363,-0.2156844523121849
1.3226150705490425,-2.7067052313277613
-2.4820825383401406,1.1958662119244623
-2.6336567768938948,-0.6577869944465673
0.43736680242699927,-2.7023336923798977
-1.477731822884914,0.5203029968833373
-1.3324397699430344,2.7275899031901156
-0.4241918221464386,-0.616605811073404
3.0617749084443626,-3.1621068971632385
-3.386598634450186,-2.417136679071335
3.039452597666345,-2.4326604440224524
-2.5733760569018416,-0.7569677532920707
-2.1105155472228057,-2.571397608840566
2.453256667311267,-3.321229602637177
-2.7969319739371694,2.4698360121951244
-1.3709985187532159,1.30794522267258
-1.097986325946989,0.9156545026604508
2.859361343649384,2.23107565714867
0.9634975682205001,-0.4810150438336607
-1.359473345536556,-2.2417536621643177
-2.8625569853119375,2.631845252161291
-1.620561620448212,1.0410784647693072
-2.374733458006495,-2.9853948535491224
-0.0337631698448568,0.7224580183273855
-2.633395055006648,-2.665913629038862
1.1923025407664687,-1.1965792283742227
-1.38267107531526,2.8405742314474414
2.7581932235527273,2.739848732313074
2.3911585796116275,2.3516335591361575
1.489475291212036,0.3534185082477724
0.9681923995997365,-2.8540306055885147
-3.021699700672989,-0.6972040777145535
-1.023525676169246,-0.7433203557916259
-1.0896532561241556,-0.9837394800818278
-1.485773472928324,2.393277140702375
-2.717375439897829,0.7373494280704274
0.9251065375694374,2.4608291639687625
-3.5362723729576504,3.0878516342383855
1.0326500545454456,-1.1830455277966507
1.5693082947111812,1.1051276026064958
-3.310904527467727,-0.5909902911511136
2.6893607999367823,1.0430361105529293
2.7716353881421667,3.2278590171239627
-0.8176696779105789,-3.4052133122908863
1.3894409138161914,-0.9412247175265098
-1.371874773533998,-1.1052449276635539
-2.7725662045125534,-0.6596782928692809
1.0250898696390596,1.0093672524183444
-1.9800113185791672,3.006212710333556
3.272908454927259,-2.664759936521237
0.8188537685652181,2.54999128758415
-1.0081294325055832,-2.6359856081028266
-0.6828705842595861,-3.864223760908663
2.3764522478763763,3.2665201171312344
-2.1546068951171917,-2.843088462511262
-3.2282816166276445,-0.7620297780157822
2.84861766898312,-3.077468667791879
1.3118825210550986,1.2178815510993068
1.1427420049181112,-3.0071680536065353
0.7852554093905718,0.8564723730032916
-0.6811697735083074,-2.2917024797991536
-2.2626122342436665,-0.8685442671484743
2.3418206594422224,-3.4432199829080177
-0.7144672062145612,2.9228369826334024
-0.8217820862625296,0.8848309634627144
0.9537072044176912,-0.8158776263200906
3.36760982127676,1.3221512385020353
2.850482841753952,-2.2025187112246027
-1.0257558090259802,-1.0768534513057912
2.918223426071769,-3.1984268577438164
-1.524183701221341,-1.0290872136645113
-0.7796039422277348,2.120111732838956
-0.7565710528412041,2.915317306375031
-1.0049925809609035,1.5689314684121554
-2.9082597320159804,0.5744776960281892
0.6051485849078968,1.1804811662200638
2.4297348741514297,-3.046375050385533
-0.9747611957537747,3.0298346056192216
-2.4554155978545023,-0.7121895075961615
0.5067216973942654,1.0450211118759496
-2.7758369128527063,1.4552152014348163
2.846196706471994,-3.738224945891577
2.7061698520654947,0.6238771774105759
-0.4731255804261308,1.1475604589178596
2.828768703665095,1.108774291231473
-0.37261541170458307,-3.4153738008997987
1.0850982661720312,1.2800842408399769
2.2602059004710666,0.41528733581549065
-3.263773790028457,3.2733837778194865
1.7154772707042498,-3.759268189870253
0.47100496195023056,3.2769222556718995
0.6869652277381073,-0.7502544923655031
-0.570438674136221,3.013845084119074
-0.8053706055441475,-2.730097076564163
3.08682387654204,-1.5536379628952284
0.7209808390061383,2.682740177525866
3.2229958538879715,-2.7513327943864128
2.8731630694454706,0.06041258124479061
1.438838684856758,-2.947067832528441
-3.0483041267430107,0.6650865625163137
1.105735428987011,4.212628805101721
-1.0477852096393565,-2.750929653999289
1.5640487248923711,-0.26760848023061673
3.1098876619314697,-0.9986581869210357
2.5287156183086994,1.1534466779308614
-1.1564244257788017,-3.006009802677955
1.4739943853149693,-0.9853977960806983
-0.9384824883326331,1.2245202769955341
3.1246380187637577,0.3982952911017697
-0.7566041641013829,-0.609136169016434
-2.4568274227025304,-2.564714783276795
-1.390570023943852,0.9327087829739238
-0.5527269186650732,-1.1596696489461518
1.0337320020658856,0.89609731004595
2.9288378069147947,0.2149873751448795
-1.386207752519361,0.959372214937197
-3.0714868043072436,2.464364411347704
-2.9287851560125913,1.7717619298113416
-1.272885618549745,1.2962030907812385
-2.1665234677675915,-1.051186278662539
3.2974110327872324,-2.6376175172635836
-2.4727025288206668,-2.542297645247157
0.6217060459258716,3.0562932274013814
-2.903166767331635,-2.7557424469875937
-2.2869268470515496,-0.8787280740125405
-2.3786190677734016,-2.5943829417620052
1.035066362590487,2.305751700900307
0.9298424923184602,1.5638756609826439
0.5999961365915475,0.38512951582572574
-0.7767874252531017,3.667164143905908
-2.281033674510304,-1.0518101279202214
1.0966821987370017,0.9495774163903026
-3.15375924694641,-1.0708794378296218
-2.762111662897001,2.567557056430829
2.3435000385789455,2.4742213205712416
-2.922873579228448,1.236673489255618
2.6440106219197776,2.9742290208110727
0.8750960102157835,-0.0712829287793808
-2.981071389394951,-0.9653022951145238
2.813230085982647,-1.229815376770445
3.6364238664189106,-3.120495497758189
-2.5905576643074197,-2.4138502042128143
-1.0257046818054185,0.5592582631748804
-2.344625460927296,-2.359398888268885
2.647192590350644,-2.526095021602508
-3.512601469124498,-2.5951266136517392
0.8646853418431159,-1.1164954429958456
-3.2710249261297593,3.860854494615477
-3.082111448736645,3.0535071301722394
-2.5541934030195796,-2.214487789265588
-0.5525696274606556,-2.689838512716196
0.288879465979239,2.0050356477277362
-0.9895231627576675,1.4052682363275393
-0.7417006747871507,-3.117952501957604
-1.2776278515849517,-0.41962963463917213
1.3870773121108044,-3.309583932255738
0.5595306298661403,-1.031553647988878
-2.7910689540130593,-0.7845471373024486
0.628225956521679,1.9946395057629396
-1.4131958732456864,1.0996877568552916
-1.1290401723209773,2.628529890137381
0.9040411472109637,-0.46712769983827335
-1.8637323516032074,-2.771816035823532
-3.5149332813185143,0.596414760798337
0.7568387108196941,-1.1019796620039919
-1.8821932280576892,2.385954253427235
-2.931748371052964,1.2879711970689585
-2.988354039383506,-2.3892698979373854
-0.8980557653645508,-0.5747879119475923
0.3424371882489644,0.5239975909592279
-1.6195226206999964,0.9486243775092886
-2.858842446777331,-1.1401367083060692
0.8531319484942113,-1.377888273056504
-2.608598527415773,-2.5207384099828736
-2.778136289518172,2.352729185132698
-3.125480979019959,0.9886016706643208
1.0753300085908157,2.9572250844405543
-0.9334362771028312,-2.722729019367372
1.148228798131051,-3.2620751145816977
-2.52390911087861,0.977813051143824
-0.7848879722861675,-2.582403896491037
2.6537096294135747,-2.4617530112406443
-3.711291767118676,-3.4682863064286233
2.7955667390648338,3.106227900739676
1.1852565558871342,2.95214441921952
2.679621075317128,-2.225506003418308
-3.415855836732184,1.8031716071103825
0.8436145447047967,2.599271710099618
0.5825475984055419,-3.262130391665816
-2.6274260440998956,2.394546067874038
0.5713651871454926,0.9371026965259245
-0.5369127642913258,-3.1477589698960653
-1.5571677590743458,-2.6383370605549534
0.48446080322072466,1.0009164501540535
-0.26605824613646345,2.7032258070017012
-3.319395581442313,-0.9311342833620179
3.093357138937211,2.2092238801778454
0.36222869206243025,-1.235623864218404
3.086558489659155,0.6151250418817324
2.304369140897151,-0.4127729287622519
-3.0921320887586425,-0.9345386528511553
2.772510573956104,0.7594564797663432
1.3460548498846532,0.7322000487163551
0.7400963544531284,2.855498644695982
-0.964729343980104,2.5702373899563122
0.8845193972243656,2.824368279352533
-3.2810363088325762,-1.2274692963096019
3.4446273450631595,2.8840308817462
1.0960311466129509,-1.0889579211723424
-3.166709399122711,-0.756079241670676
-1.3155840019835998,2.788552604601299
-2.712101848493539,-0.8542524846489692
-1.0939532387497046,-1.1248291146441303
1.5829345329102487,-0.48272791435076146
2.8958068371126373,2.4844101680756934
0.5035376023572561,2.6198919099993567
1.2551299401038736,2.984971867962294
-0.7293609731469094,-0.9165079559097958
1.302482915282094,-2.8727122236158626
-1.3416998823078237,1.0876908420155267
-2.50840748604841,-0.6237430794984418
2.497199214535023,-0.527914609346797
2.4134660209491585,2.707258706562841
-0.6294110030783969,2.766084662429746
-2.3557826575491903,2.6376339848828962
-2.8814475222131657,3.046148288757484
3.2364825728689293,-2.674332131616658
1.0649868956144488,-3.421134419242376
0.9195939070882004,3.3554679354006227
-2.789856483890742,-0.2613183370072474
-0.6226968053937514,-1.199324626412109
0.8888540402512279,-1.9780150642400736
1.2484779552369614,-3.1266709890756057
1.0306919726052544,-2.724562627319966
-0.42042826012229545,-1.5781105042530785
-1.1936292401732096,-1.2278641022593935
1.243417128896075,1.0501408368489906
-1.0646308768954722,-0.45746549253560775
-2.8165657810987534,2.4740627004121016
2.535330711397586,3.1273139133686505
-2.1505711060903705,-2.1658231824733125
1.345070599627576,-0.9746373497758634
-0.4157602303541977,-2.9184396730237547
2.0751040821268747,2.7118358042326363
1.4164926432478762,1.1656826012216157
0.4203840098489729,2.8392013761575026
-0.74575382909158,-0.6759249492029784
1.0239025927119587,1.1089286109689473
3.06192358675739,-2.662262344213024
2.779895027831575,-1.4927705827658952
-0.9523873144289869,-2.535484475119516
-0.6770360620436124,-3.002689406926825
-2.9037116307912005,-2.295159547109866
-2.449284698686832,3.034931954062404
3.000139139013515,-1.539070373075679
2.8033783470816394,1.125320825490455
2.9645946778489756,-1.6501703040787679
1.2082972499682092,-0.7606984704845972
2.657178385325666,-2.9718635855517976
-1.4237976334722715,-2.990450272193964
-2.5629948662190976,1.519553080922246
2.533164702056603,-1.2719455389293572
0.9689717910128622,-3.1316709628858543
0.7296041150857211,0.6671358911548634
2.3924015230652214,0.356425747807975
-2.0147841659867085,-2.752892182102111
-2.7409991863240517,-2.4959645174365948
-2.59203136043954,0.9566822344007135
-1.0776489701322258,-0.9915388649266368
-2.6834840813994143,-0.5702262041428922
1.4520368070785243,-0.9451803571930554
0.651619358820791,-3.0491203530105953
-3.0926533700149546,-0.9004017235280901
-3.2499074004948,-3.034759109306601
-2.979482014835337,1.2102742485692457
-0.7255635225129707,-2.538826941266029
-0.9476276030906432,2.665754786381454
-0.7881405115806099,-2.245700982919204
2.7127438150328556,-0.11239816472978392
0.8512041582797505,-3.045474220449143
2.535978225353652,1.8283828994806877
3.3179423824348975,-1.2472577270398886
-3.469471922711755,2.5010541020332524
1.280237751693675,-3.1353724082564516
-0.8483144823312087,0.6069205356730717
-2.2371832701805556,2.308729701443197
2.384420812434219,2.4991326806796637
-2.948764009122779,-2.370027949287964
-1.6723465692478952,2.485776187334232
-2.7222417281081017,-2.7401284820286267
0.2509058001422858,2.4495851296065636
-2.9897136332275434,-0.9667959460023078
3.797843964900142,-3.1545028907086055
0.5241135223171206,3.1583447157817943
1.2540649038473928,-1.0483400119159125
-3.1630797799759343,0.7967174141318288
-3.1741020885771705,-2.8731010881001233
-2.491640801409735,0.8839924440993174
2.7999249612863166,-3.110555351714799
-1.414321395676895,2.655884563492364
2.3372946718034453,1.2878035299544766
3.5964866011998886,0.3978376173492215
0.6095174763756187,1.4401450769234236
-3.3937856123043404,2.6380790398234724
-0.38314053845779,1.0177764414550885
3.001897365392173,2.6594801417714593
2.548303107959359,-3.0849043203855735
1.0608515669434906,-0.23754453678410917
2.370735245723543,-0.9386695098445716
3.0547021379035884,-2.9233559089854433
-1.3185748645309578,1.2719697633881766
-0.42458178048042994,-3.0662158506722337
3.1677171225181358,0.6209518578705053
3.2613376515774295,0.9877569932339232
-1.0149296824649263,-1.111654298929443
-1.462813362936263,-3.020200102423875
0.5793978086785487,-2.8250947235478776
0.8147486096474694,0.9195305710409715
-2.7701446559323597,2.9101804468507706
-3.4568331603044857,-1.8189573377798542
-2.921506962805958,0.32989946428909384
2.7447341044002878,-0.2149643140428495
-1.581235160270649,-3.1473772516892997
-1.9597240524386077,-0.7958878242632031
-2.8821150246452727,-2.701032234366534
0.6405458246879586,-0.9082444234672374
-3.3755120906121596,-2.366841913840528
3.170927853713332,0.4378858470383214
0.6102791819806388,-0.7540046200207514
2.648117506258039,0.3423481418391378
3.160564350958527,-0.575192782387703
-3.059923990103106,-2.7418785018741434
-2.577263622999505,3.251706531985463
-2.6299370868161556,-0.7000819624370314
2.723298704824713,2.8191378420470343
-3.506885363800808,1.1178083502698495
3.087072180829902,0.44867947996565516
-1.3736804916064003,-2.72072262238743
-0.7820759231592403,0.462464978217573
-0.7921079244685474,1.5338754656141995
-2.571448414829318,-3.13453760445091
3.658807689622764,-2.7054171691499316
0.19859104854458454,0.9110711911513353
-2.6673279035560906,-2.262694577002558
0.10979376626793125,-2.2137513297432734
-2.8082698076188275,-3.2010631319851393
2.5756324781598834,2.3431808115668247
1.173816588971669,-0.7340122296340915
3.0273896555414646,-1.2199908111902908
1.4726489408126997,3.2052023558312257
2.743746770915881,2.9476058918963957
2.1825967960336925,3.0789901630607983
-2.6848598049405794,-0.5564451303112113
-3.2704625750440384,-1.041740128748066
3.487880412532174,0.030788236145966107
0.9397638143907348,1.8359849150123784
2.5951049557649886,2.6495277468199556
0.5121192404757362,-1.1982327834393585
-0.8768074945383529,-0.666896580747283
-0.443379642579671,-2.934700108340455
0.8818076894940035,-3.198305954222403
2.5764489556109367,3.311722786528643
-3.1456423416197823,1.2954735530611612
-0.6214673198462018,0.6919925719695013
-3.187484412797791,1.0590594547614713
-0.8872962789685264,2.434325992785686
2.4736263994444943,1.4462943085504638
-0.8041674352377126,-2.382205976758856
-3.0026905939559585,0.6850253840619807
-3.0256778582596717,-2.6798793843570516
-3.0131239792464353,2.531792716590011
-2.47737939436916,1.3960329296300882
0.6257224191601123,2.3969534312395835
0.4843097452385674,3.0227502510688984
1.0139705786465123,-2.622338183515759
2.5354553243553357,2.715508205925743
1.1394218314647688,0.9596044421613257
2.710408203456807,-2.8968822984332783
-2.865127535197806,-1.193418276991303
-0.974266391942609,3.1162048554276565
-1.6333889269552182,-0.3827338382970734
0.8195624525095938,-2.953781071977154
-0.8810453843386976,-0.1401540811883735
-2.8519125291265626,3.650847708048154
2.9804534906452287,-2.796738335128948
-1.3694417667964847,3.216242524967148
-0.9938127224786492,-2.2138390227467264
-1.5711957984674005,-0.9092049412924584
1.0294093303978253,-1.1519594774069348
-2.642018361509113,-0.39191502445595977
1.1409944145956372,0.4190613152677086
0.903984741410267,0.0463370359472452
-0.2856913507111904,-2.964296286399758
2.8339414996435446,-2.50261152101537
3.4725488466540178,-2.951160099846476
1.1781466151596676,-0.5603324944775776
-1.0758837201436826,3.2029880547731353
-2.5435047302519544,-3.2879166087540708
2.7554501320811267,-1.3879790572808715
0.7048930075367879,-1.1801318359813378
2.876432807237806,-0.9464092376282109
2.6470464395625912,0.6140427201690045
-2.7966638901936247,-2.1342172062013085
-0.7864704461893548,-2.849050376756295
2.854844213084386,0.4745739309926979
2.960981893519267,2.67112835628111
0.8912226801081373,2.5351203822152257
2.8839692855726424,2.3232073889022393
2.8111327221215863,0.33366390906929616
3.608545178097328,-2.9804193304323388
3.194325741170344,0.6199644294727737
-2.7331152110998778,1.0979050165640447
-1.656183405905898,3.108989187524815
-3.0324452873735983,3.4636720825577454
-1.39504126980924,2.0794152208746666
3.5570732489539525,-2.75765630222819
3.115301664106488,-1.3812553318686798
2.881161491039225,1.1731195185194216
-1.3163673303401573,3.259654117104176
-1.2137019025696114,-2.3023828673962914
-2.8814330815394533,-1.2659049075114905
-2.5896527561087237,-2.014082751989594
0.46058477339654486,-2.841594676823984
-2.8786346097165487,-0.6971072956761769
1.069380955083986,-0.80183731978682
1.0546304881260509,-0.37012250299990795
1.3464066989326513,-0.7039029869806326
-2.481465974287101,-3.015636409768382
-2.4216525506914426,-0.8408224088724475
2.9378458888487,-1.0754539620114563
-2.320366762216015,0.8192283392389208
-2.9593814291972613,1.3699195347789135
0.048882623636905646,-1.156143231114874
2.4115232353201383,2.513884915300803
3.641329922099644,-2.583166847443578
1.1360359807272185,0.7275250073518068
1.7711166287764213,-0.5571423547382237
3.1313837851673405,-1.7335791498591988
1.4434281198322954,-2.5639939342019455
-3.6327144825088413,2.3584316123223004
-2.704913267261697,-2.281164026600498
0.8379348053978649,-0.4241096228736408
-1.0340895918084767,-2.303010267162989
-0.4846530550387337,-3.0015166111795786
-2.9880177070012963,-0.8708427134138064
-2.231777056714994,3.53785511253646
-0.7905144437819259,1.5109479583947665
0.9614718897833936,-1.1039289123458538
1.0882347705167874,-1.048872643782976
-2.2779783415445913,-2.5742534239585106
-2.1184620965696515,-2.594708387755103
-3.1033498949149254,2.781725949114502
1.329840937230107,-0.43594653150572155
3.0356839703977254,0.528767446163936
2.4839198280239945,2.853729386455757
-0.7059049081759766,-0.8861521584421945
0.7863002047754255,-0.786458025131321
1.355017842799485,-0.9142453721453486
3.123029718108363,-1.471593461437767
3.20125178880825,0.38546485050103196
0.957478265556033,-2.2185528144367885
-2.9623948013104835,-2.9146527111461995
1.1670038177746604,1.0094746921618176
0.1809827829331059,2.461308765285746
3.088757614660346,0.7904724711654642
-3.0113448789640076,-2.7594185380688336
-0.43164931756800956,-2.6939974012117966
-2.6353833436280922,1.1167087435321577
0.27909627390328823,-0.31295581049073634
-1.402723456610277,0.5817101652125773
2.71731846212361,-0.9926923531193321
0.4637725908683475,-3.043457912203282
-2.131939831787799,0.8470188811621022
-3.157811406959626,-3.005106838998047
0.9618822294741823,-3.1428138977737574
2.7645584005491846,1.4741587414332546
-3.3856353561702996,-0.6996088477874252
2.270421403355306,-3.1577884446247846
2.2828353256589784,-2.9860572917771924
-2.399089928286642,-1.2554427985651864
1.3339656438443177,0.34770925626125676
-1.5223408492681485,2.882506804565438
-2.835741897657914,-2.2655468862873653
-2.2775943183781955,-3.351425631006204
-2.6859823336304363,1.9254970544152759
-2.439040015207987,0.6657763248723256
0.7973534599793051,1.077712999250424
3.6070317541453236,1.0113683402349551
-1.5511629175576416,2.7814279244206133
0.21981180315421028,-2.7116867562658347
0.7372863549362804,2.638259940696901
1.2412918729807623,-2.370327066144782
-1.4515103662482027,-2.786985896383982
-3.13472631061522,2.4465749570447892
2.3487697251633453,1.2496372069407908
-2.6737394219569723,-2.832576267894258
3.0675291192229697,0.44325153691954966
2.987731541838198,-2.1096569186353937
1.0706108216128762,-3.855457725649581
0.661190324027817,3.078931226755995
-1.1498039252886696,-2.8395681503994004
-0.8891950496491721,1.4397161867621964
-1.4082768630455218,-1.2460306575070945
1.4950720680201648,-0.9497557916006889
0.7627423646452063,0.6759517185402846
1.0507498610216046,-2.937853442512065
1.4411915275946057,-1.197881200791277
0.35862232717424486,1.2025661267513192
-2.685062799721854,-0.48858679660946597
-0.3155717102279874,0.7960226375841143
2.6437344445671576,0.7435650452949272
-0.9017829383835131,-3.2530319366039144
2.380600017573197,-1.1380750689523644
-2.4947303362344484,2.8441403051446565
-1.6744675542632728,-0.62597369723217
0.5386765088989761,-0.7737816805616563
-2.1784797515302174,-0.5242294354913826
2.261476236573504,-0.1330075184337908
-3.053999065276825,-0.3461937373879814
0.8017003621277621,2.2957233109086186
-2.712644401590238,-2.6691617517096766
-0.810074641803105,0.771987159601269
-0.6416504145704243,1.2648672793446174
2.6520425039194366,-0.6667072863503244
-2.958895346659068,2.418973919535687
-0.8131833693425351,2.6976256571841493
2.4250038109032848,-2.9280261483952823
3.0149753860524124,-1.781858079483119
2.9058828472497167,0.3640250973703047
1.066471781391827,-3.0288819643100147
-1.1779731590375382,-1.2493735189420658
2.8058133782913,3.061905540956309
-2.2342512080915484,-2.464292821486943
2.3393892284007807,-1.1050679663689866
2.8954568936828804,0.8558896667774943
2.4361286749638036,2.1495313580034083
1.0272855330834263,2.701077895322048
-2.9167405875933614,2.5553646488385118
1.4523198304714828,-2.913788460675624
-2.956024748154325,-0.4053432828064203
3.0218991726083244,-1.0097766321394448
-2.6111927816411376,-2.600248905451689
3.1997215998881074,-1.140981583741118
0.7342457748995619,2.3843122744080647
-3.24263264380229,3.0129343640500093
-2.550387967682988,-2.485849204744817
-3.303676441344582,2.505115437766324
3.1065998707035853,-2.4425887054072275
2.973521646666817,0.47804153551841744
-2.787886564109802,-0.6765968905975107
0.5693842867651466,-2.3482321380423556
1.0914553265992997,1.2594452632247488
-3.071430175735876,0.5773048913126713
-1.472346171363763,0.9503471199467155
-0.9571482367440894,2.9527048591075697
0.9535189435803982,-0.5999409708517416
-2.7020574328306255,1.2681717857567991
1.2887769800108468,0.9965212963493759
1.1924125361321702,-2.8270707998077005
0.8825699822376957,2.9955273397160536
2.991747020554924,-2.9106531586829796
-0.3418229640459149,-0.5656709274582257
-1.2397349648320095,-1.0171157151686698
-2.0794662864713227,-2.9729007605845097
-1.141809320106616,-0.6852437478720489
-2.8700608539778676,1.3085572702349628
-2.860817883591716,2.9530367944639035
3.2226680681311817,-1.472536464946339
2.414205769452636,1.3932294139870494
3.673650272191637,-2.9436528739466663
0.4349799136099582,2.9344235185665744
-2.4310453037381916,2.7113016986770435
-3.1949689766077256,-0.7721962487863393
-2.660677865288044,1.1189283292865144
1.943186159720277,0.9491402020141181
-2.9544680102081133,3.0088120326405012
-1.3600510385564035,-0.5109647680085087
-2.4580801478950973,3.373799254988861
-1.3031979470551682,-2.380750769123877
3.1081612441606805,2.0727290068949866
2.530876872265073,3.2039929536748364
-0.7057122205760906,-3.0571596272683976
2.4456537143944432,-1.051610602378783
3.3159647123459712,2.1959875888833977
2.2890425677894086,1.4188839522873993
-0.9425435820221328,-2.3709237217031354
1.2189532051545842,-2.7706657682933256
-0.9947094219302901,3.217520407071063
2.8378169938346116,-2.1357663021342055
-2.7813355685269445,3.3159843964016793
2.236434020469279,2.476512299780417
3.950480847981499,-3.0290976257222884
-2.7078925575601565,-2.5947657030645184
3.049187314009292,0.44870715549933093
-1.2824487678516248,3.1088962454213873
-2.5469072915845907,-0.4550191679795275
2.3417879034605824,0.8025760055988389
-0.9341755656834607,3.119666424365668
-0.7924107565019112,2.5904939848422384
-1.0717735898948508,2.404710309014964
0.8551827031888611,-0.4177272461304589
-1.2975800626962661,-3.3082836840171828
0.8754712943008642,0.646391903698691
-2.833261811462376,2.921829027954371
-2.6804630005992602,3.0948372885491438
-2.983529425472221,-0.9821133343668998
3.2530527834339753,-2.6866471427192122
-0.5504162076751776,0.947578737027488
0.9750758455044489,-2.9166309970206696
0.6658104764050192,2.4578246443328258
-1.6569617964397612,2.919122633243544
-0.7767703823980805,-0.7146001743802621
-3.1396031835863463,-1.1255477792892248
-0.6917183605128414,-0.2615766201765768
0.32078255197999284,-2.6472215986911207
-0.2585736045205037,2.3722913767299008
1.1622347714755656,-2.1693335193428966
-0.7993719885438105,-3.1073580182376537
3.0570725248972797,3.1748212569807865
-0.9649263751908035,2.5228587704060472
0.3188373008787921,-2.882868850626555
-0.7449730333267194,-1.1766534469673882
2.231419816871333,3.89498985340426
-3.0793533125126564,-0.3578191476485391
-3.1103313234420917,2.6667886185271747
-3.108058719320952,1.4508868470771201
2.515444546330586,-1.3859969283902909
0.9892011972988709,3.192242442586091
2.8340149794762346,2.4411275654002993
0.0771540224549279,2.923437934195657
-0.5622589880689358,-2.9569331583623106
3.0249649141080988,1.22952167121338
2.9405109147097805,1.1374733919033686
2.6403295159500875,-2.9900347206616202
-0.9221799493690047,-2.9212712903133364
-1.4168062154469467,0.4276965364641833
-2.486137208057283,1.4527625683124563
2.198786392685074,0.5232352367716945
2.8124785530615544,1.2041662050209847
0.5762348099566423,-2.57240044235546
-3.011083637147721,-2.565255935673548
-1.2086264672476699,3.888513800450432
-2.2229780853329855,-1.066000131845716
-0.39689914309475927,-3.057923304888291
0.7277323292599699,-1.4669928993289705
-2.837544504314863,2.9045405446432953
-2.5242197016366945,3.2663714198741265
-2.7848873263943945,1.6097666414784082
-0.8463178372965199,1.3150215249419324
-0.9319459682550338,3.131616506119045
-2.6086416398214043,2.27042154110899
0.6336012324077721,3.109409548929494
3.262468363548465,-1.8547952499004219
2.603940509980911,2.0645107425029314
-1.4432972517949332,1.3489958036959107
-0.9242584565466123,-0.9130974370971876
0.9008649324855293,1.3170409740464728
0.0898081412190547,2.433970204788682
2.989150339554,3.4025952731150713
0.09190003818553422,0.701476906745632
1.1027486678560061,3.1675371599819737
2.7703464307144783,1.0807515301112904
1.422386447759319,-0.8147885845248575
2.5758437169918333,-3.0324922488866943
1.4279359477498905,-2.9243928997366804
2.0750458171182404,1.18197500513264
-2.7710766981255226,0.7636391427038902
-2.3319373054495522,-2.8635595938272775
-1.0007092432441576,-0.9111757822646632
-1.1619240273206934,-1.9778874515967744
-2.9007821042364412,1.1719349126338885
0.947851892562926,1.0856727117270288
1.0109664958057256,2.6275734117300553
3.0455992300360437,-1.0099240890214027
-0.8321237137126685,-0.9291697401567763
2.790227328452769,2.8534309488840504
-2.0256519144605014,2.323015380424991
3.0056225062210773,1.2086662682715086
-1.0262085370272984,-3.0966351352231296
3.5920754456818087,-1.1770464159796052
0.7144150339965303,0.9135465259818073
-0.6636026349294141,1.6660967978079666
-3.3535285767806924,2.679614077293426
-0.9845634645274837,1.5089706602594102
-0.9478323225960263,2.829640977331944
2.7685480583270037,0.776091918384518
-0.3247334814249724,-3.1280960429985463
-3.3099053006719177,1.3520761545591375
1.09834079338548,-0.5245842259259116
2.5851613484731377,1.0720543479858256
-3.5129556089499063,0.8609346746319122
-1.145771675800337,2.4618112143699733
1.022186478272728,-2.6079659302690237
0.3582298940492636,2.6074375217664354
-3.0320963475942366,-2.029122710418179
-2.239503609433599,-1.1501603365144561
-3.1044108823562633,-0.7358163018132258
1.172632110950311,-3.032886308180208
-2.2074233519371025,-2.23672821369114
-2.363033361695435,-0.8617931836588291
-2.205333671584252,2.816403062850114
2.2183752433426096,1.3716776829741546
-3.0927279402812373,-2.2704930030742743
-1.0306003060605822,2.8850993529499225
-0.982887328575263,2.866928201252538
-0.7795106152870985,-0.5616580154563914
-0.6819467397051211,0.17056326615936393
-3.474971134054682,-0.2937445396927354
0.8727627455376638,-2.9495691173925387
3.379750723857877,-3.047073768527078
-1.4739348931191492,1.023178980464312
0.7321361253544867,-3.019880151496488
2.35332469700629,2.400208497515226
3.269515754548386,1.021204341572622
-1.3363293515871422,0.9948093187408272
-2.816255890510439,3.2968808580688864
-2.8923867530654492,-0.6028258934141542
0.7536144966952445,2.706077346474629
3.0518211327526275,-2.681722095085857
2.8308056395542014,-2.893917544355562
2.6769433765959616,0.44354753336282365
-3.2738574669437823,-2.759867982413874
-1.2228202862822974,1.5733342243130137
2.9666542244179444,2.7003194756529942
0.3251129674125934,1.0085635103099746
1.283729135354633,2.0278560637218352
2.9826969814498057,2.2922106652955287
-2.827846413272391,-2.7645043243775236
0.7954706636670459,-3.316563282809982
-3.4293670258017883,2.84953722966488
3.0190562705227917,-0.9567363082074939
1.0349756911675132,-3.1598315378645316
-3.312263339090581,-1.1879014432231714
0.6576888379832894,1.3594799512657942
3.785325708816853,-3.088006406179587
-1.3175740522112238,2.422526608717039
-2.697157904230581,-1.2077993578625756
-0.7565504668732723,-1.1760466082735113
-0.8997333044522537,2.5554521866163795
-1.0319990807227457,-3.6330441923544754
-1.1547541872723364,-2.621393745687681
0.43442922410099716,0.13100525519493852
-3.0078491435790258,-1.2574888636709127
3.0311822269651287,-0.8620667555965821
-0.7333034271209985,2.3074812377283465
-2.6819837144680267,2.443174529438692
-1.4210153143495172,-0.9558864973477048
0.8842074663180759,2.3732681461309184
1.596737086586055,-2.699099101300699
2.9709989997764885,0.6048075662493501
-3.155589908695185,-0.5245512326598596
-2.9098475369154855,-0.7998911482313481
3.340753852657619,-0.4972145331281787
0.7699718116386377,-3.4059643676684797
-2.0895252795223467,-2.248579525384312
2.9828799316118397,-2.4417157883370852
2.3091447766771935,3.394032718383914
3.2564059102592497,-2.875855641951395
-2.921890923059709,-1.1504178864278405
-3.0166066677921486,-0.7140662032121541
-0.5706678310969999,-1.2415014341688417
2.207009473655969,-2.686640999503477
-2.79223318252987,-1.3459261581706312
-2.576229291646545,0.7879917136605079
3.0881312014994355,2.882983283461936
2.804852597680142,2.379472166017553
-0.9939376925648847,2.87328422284641
-0.7370817662848911,-2.619704955440936
-2.724404242901882,-1.2225507757756293
-2.6508609504394975,-0.5183202887907215
-2.7170074956808117,0.8391396580140129
0.8797078221477695,3.4008186284436768
0.8016001164242511,-3.2882911371493835
-3.047473019605065,1.6265171996352323
-1.2164215231754778,-2.887361347036969
0.8475325310859507,1.0108948151736732
-0.7991007342698263,-0.9042387494471589
0.7919781516429986,3.1276602372533526
-2.7227739275361733,-2.578373415829854
2.601857272850772,0.48930189877982916
0.826279374780506,-2.6063273340513247
-0.6126921165236919,2.571446146792989
0.6074919994862927,1.8035144052516738
-1.2660766099368121,2.4738222937406245
-2.7261155598190636,-3.398823270946967
-2.8598648029342013,3.2537144377220018
-0.8718971877103904,1.8159000411617712
2.9523398038614386,-3.2482765167924783
-1.0605171719637245,0.09523102980083938
-2.608784181915805,2.3217252335896617
1.0000161800127365,0.964821167381879
2.604918232381317,-1.0625487235061328
-1.0877375740871544,-2.846509669362418
-2.5955155716067124,0.9617195287163609
-2.319883918896567,-2.9829929114659803
-0.4988147144139958,-2.704606569092129
2.3087654780356566,0.976114086263145
3.0640330440790806,-1.2455590248424968
-2.87246351246006,-0.4178831651645049
-3.1297139288692324,2.340570136323751
-0.8881346898981413,3.0801946192440584
2.5820140229039423,0.4719801601749082
-2.4307781629889487,-0.4028286512374445
-2.9839678618403576,1.3546266121788322
0.7000710520510983,1.6825749834632873
2.4808475064477764,2.52016907416242
3.0711785763125827,-2.4035644224193544
2.7296618112616517,-3.3975670624388052
-0.6787885291246639,-0.44087604147532233
0.7763181132039958,2.398783781040441
1.426919635343806,1.2716632956219043
-2.6976275415727122,0.0621023791916631
2.4462832428862904,2.6372099578188246
0.5990059699536989,-2.8285447717847028
-3.118764566594758,3.0900326275676795
-0.763570276257321,-0.7749359002233301
-2.8485265477879786,1.6049578733964949
2.991957477438793,-2.5613804863973906
1.8520084838265236,-3.4535128050443173
-2.9840959117417407,1.2892410698803953
2.8102812403898008,0.7062414560871503
1.7479100007506303,-2.8470570727613635
-1.4213833485996423,0.8700199443673473
-2.4854535225629,-0.4592870598185597
0.7591898330670629,0.5832579234058312
-1.4949514766303809,-2.8229208676670674
-0.4818759199878137,2.6684006034224383
0.6005842894148069,1.6349381206014435
-0.3720289923110345,1.1237622273433787
2.619858191434318,1.022043210145352
-0.8650313116216057,1.1111079008925804
2.28730477846518,-1.3285121780609954
-1.1160005577623624,-2.7406771581814167
-1.1056738231484704,-1.023577476632396
-3.1070073953640396,1.742859037110643
2.7376845832452905,-2.702948400906838
1.0227414618927142,-1.0850098152503034
1.3860465948920078,-1.17685009208633
-2.7963663783544415,2.548038100507569
-2.923751997894065,3.2647946247919606
1.3744001924543743,2.2464005001861627
-0.8426239847876762,-2.4740997709648123
-2.535739129667519,-2.5707926499509046
3.6612494103669104,-3.0054415963774543
3.4467160714071263,-3.1531197809824243
1.2606889053012984,-2.943240632028723
1.5111706717381046,1.0479579906667624
-0.865355721107724,-0.6962385041778182
0.9962030602334796,0.44300469702289874
3.032512311071037,0.6912530605373113
1.2640100521223818,2.720417871518743
3.274274766965281,-3.049028951451866
-0.8307805602588252,-2.390162538562086
-0.860120703704305,-2.8191059484277683
-3.1327835624285956,-1.359937983952739
0.6588936162128237,-0.770240580693541
-3.150959741438452,1.7642879026369427
-0.44176149656566355,3.099125437321007
-0.4608673802184982,1.199571718173708
3.2632427807345112,-2.962953494016417
2.4479535859781714,0.71066871651152
3.497286285358037,0.8329092598801755
3.0517724066564966,0.8381724909833594
1.3876333816183368,2.8811934153200984
2.89151585113548,2.425593157034919
-0.9946884280339173,-0.5553771740575414
-2.511746536179183,-1.292004218791174
-1.0082125723507125,2.462985404953278
0.6151754868924869,2.541392727021396
-2.6175321601995694,-0.5303863275942327
2.6478667427658054,-0.7807016192713738
1.2271640322201984,2.6495587122321917
-1.2242618492286603,-1.121726410610985
3.2786485303770876,-0.6525095829989341
0.80328316679945,3.3571271641503704
-0.13480079297581538,-2.742386261623417
0.9081773420750512,-3.367619193663737
1.5725085446115308,-3.147007852615522
-1.726185449574522,-0.516629638065845
1.9155950534335338,-0.38566060031992033
3.170858227566711,1.6051193000562263
-2.3937467132142083,-0.7049318240326055
1.268612821938548,-1.1162453323226267
-0.9429650157667019,-2.8398115329331803
-2.892695580968448,2.0752611024033603
-3.0479575508066086,2.6644202388418115
1.246015865776048,-3.077400739090224
1.0122415239435822,2.444815652019033
2.8807519759004694,3.168774160874499
-0.6378138461176172,-2.268692010205327
-2.941286359188013,2.064212903666333
-0.9002604589061007,-0.9730447825428595
-2.558672752770968,-3.2400548702939242
-0.845020322332911,0.8826678219462643
-1.1653637673488888,2.8452891355753342
-3.059125675026874,1.2422869363923184
-2.076081829447462,-0.8856246685844072
1.2803962807032456,3.244052253333261
-2.792077808924916,3.26844041992791
-2.2171000476001166,-0.8485360476119784
-1.3884272431205982,-1.0513146188233797
-2.763514747962444,-2.417785115470949
-2.705255224883412,-2.771339005685826
-1.002783069290931,-3.3825247196364714
1.2002961216681045,2.9053726357116556
0.4779943635785255,3.2850492105762745
0.8606937589003938,-2.249306924224494
-0.49318124704065036,-1.081600531325233
3.185243156504836,-0.9992493517718206
2.400580759784403,-0.7617279028334749
-2.8012911124169784,-2.723189960920532
-1.2462331209031032,2.364939171841424
2.6469455609456083,2.5240394788878406
-0.25449413682150496,2.1950178856546145
-2.723350300604247,-2.646671899224653
2.656657305936813,-2.9267659152203414
-1.004053696849947,-0.9752207200861795
1.1375833556187234,0.8367771391600334
0.8148309552398918,-0.9283249507608754
-2.678654411813996,-0.3725378213958167
2.5173753013571303,-1.357933304048682
1.0913512277015505,3.013195268010601
-1.4102007863238977,-2.898299872525961
-0.9822703819891764,3.0483974771751403
2.331001483459123,-3.275504144680745
-2.6026563004162657,-1.2075719351149234
-1.0393656820944106,-1.255678632910475
-1.050741213774621,0.719860840707766
-1.002608964267407,-0.9821379439114921
-2.667027946977657,-2.761718276430857
-2.6155146255738244,-0.8363173138563955
-2.5906874690355117,-2.9136687488959074
0.3917802901463177,1.409597466051965
3.1912911806828386,-3.252440269647081
1.054458137180345,-0.9315476200140591
-1.0005299696390366,1.750337425224724
1.2396821701313412,-0.9611979537500044
-2.7741456983581707,-2.4409453800758034
0.8130602862958072,2.574683134283434
2.531970477678956,-0.9554491016513129
2.484991158264057,0.562315487860158
-2.6647788732224185,0.7945109574409694
3.085385453434012,-3.284591992537687
-1.421148665050892,2.8183719835342598
0.8895248420721873,2.2973188138318665
0.3967693260770073,2.961273515260026
1.6909762660496184,-2.6377511510374365
-3.072778328067628,-2.9884681486729905
2.4521696583633505,2.41045831299307
-0.735044679667284,-1.3307817039702214
0.7120530136461698,2.588354649008046
-2.729777196876386,-2.9714098821025248
3.7645112707123287,-2.553281866831561
-1.325450126947857,-2.4645057093468767
1.508022013271692,-0.8932490574613312
0.9030817381315018,0.4971712927333674
-3.235740337666084,2.8170968446260862
2.288874254269665,-0.9907500934212979
-2.3326507206609777,-2.888016228570704
-2.436334838456578,-2.0674328912366127
1.2783117737108056,-0.9494599364213919
1.1272239536967819,2.7206267199422838
-2.8463816782896836,-0.6796891164603519
1.0057178279646377,-3.276073700337821
1.092618266810483,0.7507724725351732
-1.3760972985054578,-2.4685455574618387
-0.6786151950264302,2.025050713923582
-0.7904947399699439,2.846778426500205
3.030582419992051,-3.1281100312253587
0.4627519043949514,2.849276461535851
3.3786636270543062,-2.43411835914599
-2.245469139310991,2.7304476191754365
-2.7055079541492506,3.5040953580398546
0.6357564393959347,1.0393705083470821
-0.5263648597747554,3.119640590236872
-2.8811246506312935,1.0977684611537013
2.4849943710768927,2.3468601435593226
3.0726192238114765,0.3089662767966844
1.5436100394024932,1.2166835894781487
-3.0879151644067915,-3.014638584474765
-2.9970138625358214,1.0931427878538538
1.1622983454812439,-2.684695784307156
-1.1699873934999099,3.308294691612126
1.4508793435948906,-0.9057095885243713
3.3133767365795532,1.805312233873019
2.9162324529243437,-2.8625485308544656
2.961520762435874,2.3984642034937935
-0.8497504564717429,-2.442122047666569
2.742615435640941,2.471825502649103
0.7243861299293188,-2.5874129363799807
1.1041514640873336,-1.366696692025585
2.957195226409601,0.5612330607727508
3.0213147298710608,1.1269204260208352
-0.7074835463327804,0.9947133777375442
-2.861360966291245,2.778568639263294
-0.6811225977175845,-0.692151891041681
2.8975965710088007,1.1972984130429596
-1.1133283075802172,-0.7180023171697165
-1.3257475795221134,-1.1338659984394042
-2.7297581313973702,1.2644665808725462
-2.877017903509262,2.4791462973476373
-1.0591089103630695,0.6816678905319067
-1.1668916078015719,0.913923704183414
0.4636529528400864,-2.5446940127726667
0.9237217374171229,2.4659673731693776
-0.948033563889748,-2.9283587946524783
0.5591978097981178,2.0994417987668545
3.517375148473285,-2.6176499973544862
2.3973028679379182,2.5165371910585166
-0.5542154908810367,-2.1321828953450157
-3.1727844085711117,-3.134101537337225
3.011423314884755,-2.2534298137569952
-2.229828002133393,0.4059433419716774
0.9907270200127994,2.2339715696434226
-2.712142303868831,-2.4943505076710144
-0.7584077347414602,0.9483680784890235
2.9994046088892734,-2.115755814762924
-2.8944626714936637,2.4057963020651507
-0.6278490647109082,2.912045175114265
-2.4432620560668434,-1.0907083142243619
-0.3423594772550264,-1.0109090053712202
2.6963709678326877,2.4288783904875046
-0.050717322241563494,-0.35414604828384344
1.278013647326291,-1.4073094929756031
1.5784140757679919,2.3286030773948374
0.8675989914742599,-2.375449739143323
-2.8584750799629424,-2.633907271654489
3.1469909672361305,2.7629207542407377
2.78564846764294,2.945504569374107
3.0338733878397934,2.5299160835810155
-0.8726496818406747,1.5623939554784407
-3.123489561687349,-3.0904536080711598
-3.389391517869186,2.7109972958243462
0.8317146429712184,-2.710095871182103
-3.023237047217735,-3.0826026408430036
2.7089501753075633,-3.2538813726488187
-2.726342414810778,-2.55033378629899
3.2620185404557347,-2.359532454437487
-2.8117368513559673,0.8896724888739103
-0.7586673091349453,0.7049543970394199
0.4468444460211331,-2.7566263036195626
-2.7063708212009607,-2.9632156365249753
3.729314527168903,2.724755476763496
0.9038802803614888,-2.9615076226514887
1.1574149395420068,-1.3293661899710474
-2.838777142797607,-2.7083800866278014
-0.909916366668368,0.335658523298105
0.6362239078743176,-0.6905106987056463
0.7210451687815553,2.7430894632962732
-1.018241076648733,2.8962200666325546
-2.566604164846304,-2.878605691957157
1.0697843472409565,2.986207009679142
-0.7827186537995687,-2.3887332550924465
3.213181765313903,-1.2743351595335735
-3.3280861444074517,-1.3090371008072657
2.5913366151290123,2.3005502543259877
2.3433267868109073,0.9846248757840403
-0.19630151848351998,-1.309521314717574
1.111817841301044,2.2452633261648947
-1.7465001499241988,2.5687981436029705
-1.4916997422540232,-2.741271920877669
0.5176603772465526,2.8167567333026584
-2.5579756115751513,1.3567943275327385
-0.7474793860638448,-2.9473193240887574
-2.446488800318071,-1.3648038395854347
-0.56185029632518,2.9583952466525414
2.462288183246559,-0.8846105237155151
-2.564155377675262,2.5462833096202906
-2.904904452799075,1.168456971607595
2.571559857187112,-0.661346459210168
1.1624450787519645,1.193951337143446
2.635167452613355,2.545899291150113
1.1163347268711343,-1.4092169468529916
-0.5769070057483247,-3.0383166358254003
-1.649435461289911,3.1101492467127883
-2.940967727717349,0.7727721957560169
0.15411632932374206,2.9955373875242532
-1.1231868441426631,-1.0399921242138106
-1.4140759249343562,0.5711776087561556
0.9956328335069409,-1.0083448927199725
1.1989202737285372,0.915837780960826
0.1733438172306545,3.568011449622093
0.1774518616919976,-2.9046433887091054
1.1230238843356692,0.8787481726188725
-2.527166691798486,-2.3509640685253252
3.059024487250724,-2.9965209789520375
-2.8717903159615528,1.1757653518917237
1.1814891553521718,-3.0836024404193494
2.4202594376746727,-2.572795318646415
1.2260751635656957,-3.2108751519191867
-1.5247250661678615,2.98607930387272
-2.1827534846828507,-2.119382470973751
2.407325106666132,1.4389952829327766
2.4500797767164935,2.6231422636953874
0.5470067955446697,0.8439003007439946
3.226292722097558,-1.609650189353786
2.685730423147722,-1.472583603654183
-0.972207744629753,-0.20669163671473048
0.9098805321034503,2.462971318774308
0.2008119152677537,3.189542330733534
-2.975022510219984,2.576720058580759
-0.9011608249877636,3.498759984471538
0.9539929268642934,3.1210364972578333
-0.8208957325941395,-1.3096779099216012
1.0268028906717277,-3.0845325976263402
0.8362715963336823,2.2681123913115298
0.6970618612598962,0.8195157918015824
-1.201324410758423,3.127288094415728
3.1522312511082546,0.9154787971660803
2.4754685816448445,2.245604247059462
-3.2722824023630688,-0.31898107175521667
-0.4167758297709838,-2.794864587533892
3.05063639745261,-1.6958507121595285
3.2044264176147546,2.3444550037258667
-3.4286770793873944,2.8005501125822554
-2.648346010600972,-0.3486900846814886
2.160569955594676,2.6889720987608245
2.841671737620198,0.9106697438196859
2.511628967931183,0.4385115844752861
2.091352951674481,0.5577807097957211
2.923563040090157,2.511545215159944
-3.2217147062445433,-0.06938466202137789
1.639856764629661,1.1326452806894418
1.0131084796248964,-0.9293468868867474
-2.8389613306249983,-2.6809524523859802
-1.1132921699448415,-0.8798530639675481
-1.3153409109217857,3.0702352890037106
4.034892151310704,-1.0679545487386959
0.7611580297200998,2.7427294852490958
-2.3766118718157054,2.2030609283838363
-0.4818815714049343,-2.989520764530904
-0.7907636970002303,-2.5603324129452565
2.8091508557146736,1.30077403299462
2.5559217824606546,-2.691449033409898
1.4802518788332648,1.4641999359270905
2.738849232386436,1.108206785461298
-2.879999677648511,2.810818288711952
-2.9000263133940885,-0.7398676116944841
-2.4050607656825456,-2.7020841847730543
3.989178683386378,-0.8094984460909032
2.073629670177268,0.5312499773934464
-3.2945499071797983,2.1459522875363897
-0.603342769372456,-2.5698213043848077
0.8856428839449288,-2.698121570779528
-0.8988799676412109,1.1922365264617811
-2.6261753630140463,0.28078042468122505
3.222625032735476,3.242847478721608
2.7145301656545784,-0.808806366926062
-0.8486236827014915,-0.32180429949119393
-0.7908438352614217,-2.2726088941063955
3.1034571930404966,-3.3938923516021977
-1.2762249136053938,0.8424557817824041
1.2172629555858967,0.7855275620813627
3.0634000146727303,0.7762410660746001
0.8450750201807137,-3.024692017651858
-2.6732514132838294,2.8791654121155754
0.7451207766873054,2.5472502870418077
-1.1258867859060775,2.831721180421436
3.2725817899272664,-2.560765470515255
0.9745799588092018,2.3406779075861324
3.3426040507902957,1.3066268445886056
0.596015433519979,-2.826388505568353
-0.4605862363317262,1.6279959060455418
-0.8779381366687152,-3.1487841590353502
-1.0555528502718015,1.4494713267436619
-1.3056441541319788,-2.737004686931451
-1.168559166284714,1.5616746955737313
2.99680547532752,-2.8974434853518076
-3.3286964380862183,3.1636634923110853
-2.8128935843440055,-0.1990835540653824
-3.3561742634428327,2.3289236618454243
-2.401696289255223,-1.240607953216713
-1.2265644209222664,2.1705106815823307
-2.208919552232836,-2.6847864023612233
0.7619630181462511,0.9449120203234597
2.841906837533218,-1.117341870956323
-3.232960221012411,1.7720007517873848
-0.7101489409304026,1.649218091020197
3.162781457787777,-1.6168339001525969
-2.8979113245243533,3.5646215834143327
-0.9860015358258053,2.9408938509349607
3.3874316030354796,1.1145081017085314
2.9020068226766176,-2.3443356026705167
2.933074390199044,-2.8677854772835
2.8955183985081936,0.4514280917643706
2.3621859292549408,0.9770261094964111
-2.5224900040459897,-0.4826260772224033
-1.0824221778917085,1.80216142669901
-3.2194533450610883,3.0849290926245767
2.322601658741203,2.4814100244895987
-2.540248942629127,-0.8000387908126511
-1.0460232180017048,-1.147775186622663
0.844917647679001,1.049073667969796
2.691879350035007,2.702997273034903
2.901568053280323,2.746545488167441
0.7352349179429122,0.8383500380526309
-2.9216026772401857,2.4759022695746364
2.148760916544207,1.0633209507257777
-0.2545162260712842,-2.903060380321519
-2.103744893404094,3.6534320613953333
-0.7324506860248885,-3.7057561047272083
0.10321075261395546,3.0204324051271607
1.520358723227911,1.6353616980643613
3.3189081775874194,-0.8370728922707986
2.3064341154755943,0.4539662825197578
-1.013857127278487,-0.6817200096854725
-3.11302278842134,-0.9635848965524796
-3.49713453922441,3.478190313177305
-0.2435177420908989,-3.0796622308681205
-1.1480442844066738,-2.8375938592981242
-1.0054366400033763,0.8703439561065875
1.432981058668763,1.2717569694686142
-2.3180495757403308,-2.9534114161848373
-0.9838896199210982,-0.8648030114553398
-3.093337586386756,1.0563713178638912
-0.612802398045822,-0.6909638821491648
-2.655834826979775,-2.0363278774061184
0.5219511104052817,2.3577642594524426
-3.212268760359208,3.2191495535159205
0.8299969099981859,-0.24709211752734297
-1.2572760421004794,0.8371627731398523
0.7536719835942788,0.9759095654760306
1.2507005049327256,-2.911071511783759
-2.314576171596308,-2.334095249053161
0.9970265544850354,-1.127203154044954
-1.2107681767189757,-2.4436804645797587
0.3269303350679912,2.6130450944910875
3.1631105169461313,-0.6572172589026654
-3.008973758332755,-2.2705864872579267
-1.8705049441044725,1.538781049091986
0.5956997140969282,0.9275056053233391
-2.828541484999786,1.1957993047862587
2.903632104253849,0.3178418126532627
3.0434203547291103,0.19505628264991898
0.6286200416469055,-1.1183382905830126
-2.83933431185644,-2.170863384638391
3.5691130235106976,-3.7365163516867472
3.2479382852624576,0.5060048588865121
2.773818934962015,-3.072235041096614
-0.91167718261609,0.9459986759260015
-2.996250602116727,2.9233508868571474
-1.1366983786536453,1.1658569783859216
2.5783374234014085,0.8296926782808378
-3.530283151303825,1.2438135867192084
0.9506208071243225,0.6913993311083942
-3.1364308434664405,-0.9523246974056594
1.6008074507126093,-0.7589298392758073
0.8363605315819257,3.0097952830223935
-0.2896432263554303,-3.3129712164355722
-0.9356021779351731,-2.485726000906008
-2.243691024486944,-2.7125944574880982
-2.4273028561658196,2.6073169657192365
2.424497802150431,2.9187659095169507
0.9821102992823536,-0.8272178120162845
0.8990998104861597,-0.9302634433741988
-0.5802457277617081,0.43545552549997185
-0.7299211973232432,2.9620114502937236
0.8713431628806065,2.5947172289588094
-1.0754368431904444,-1.2612684816332
-3.5555343276264146,0.8243243638466693
1.1485759903152988,-0.7030006868923455
2.9602313475402027,0.5171887585308445
0.8743941130358928,-1.1021534100752322
3.1305075664495385,0.6262318458516046
-0.8869376465529327,-0.6738672049822156
-0.43930778456108666,-2.523830276669045
-3.1050791630492998,2.4005170494177115
-1.7650469839621197,2.108105886431969
0.6565996005150899,2.112730326833935
2.3790868848709805,2.4392205508092455
-2.1872168313167384,-1.3651909338675225
2.615518274685789,-3.2226251052341475
-2.394394714674564,-0.5513727638060801
1.6052131132017364,0.8239221020667933
2.5935910824862174,1.001648876604238
0.735588459355491,0.7120058753857472
1.022064190601329,0.7086723266509176
1.6061812464878067,1.278472071736394
1.2048513238850866,-1.0288288832715353
1.1192927094745082,-2.764507497782634
1.0193507932894603,3.2318811570857626
0.8302197866355943,-2.6873464448008537
-0.8840624383888457,-0.6987933073032058
-2.5700934359528613,-2.805224167542269
2.9249951738879796,-1.4697506812755887
3.233664732804738,2.4491286747650545
2.8968780934071336,2.9264642223479496
3.2992853909087807,2.4803834156915197
1.372545858642678,-1.1547815332597655
-2.246812885304466,2.9785042555368495
3.162823934444582,2.846548597643587
0.6216892292038725,1.2241299335897475
-3.0901829179916582,0.5513331479610996
1.3319495443462892,3.7116986016196503
0.3125830871067663,-2.4246979709899383
-2.5584084358604757,-0.9215072880845945
0.9574536979868914,-2.912094933013101
2.9169938575965837,0.6476134810297343
3.0535713348656746,1.105645378531347
0.748814814838574,1.057765024466332
-3.6575906904769324,-0.7951711331922457
-0.5361375591020431,1.5922506304344974
-1.822331247407852,-3.804583854832484
-0.8116482846098333,3.1452385287080586
1.1021693604333977,-2.1471531781512843
-2.594572248348059,-1.6453258843700969
3.101646891200482,-0.9767585638548542
-2.4011470128102874,1.5472948420884478
3.025464916396636,2.9038452822632297
0.6359379500269936,-2.096020815349811
3.1394398478641046,-3.02478262622038
-2.856520038658206,-0.6517440776652349
2.8999437038564753,2.890986751873301
-2.77109944844259,-2.054684744404299
-1.9871155224699437,1.7914611794672892
2.3262003432799006,2.7410708974772557
-2.8311232110537903,0.47136462752665537
3.055087795317196,-2.2607296287197474
0.9858268937012784,-1.3005956286649314
1.0943114139101977,-0.7197999056485569
-0.7206964502366973,-1.2580206142547938
1.04469507168378,1.3891462746350167
-3.134779866070326,2.889827386469158
-2.503962557519861,1.1277024225503984
2.7821334898480456,3.024701213276005
1.9716805814331777,2.8026138594166166
-2.37724197760859,-2.9180545404971103
-0.8468809571562306,1.1932841557498453
-2.405400096409446,-2.485976005543782
0.6380033522824186,0.26765993992473314
0.6612527965400912,1.5497690821791728
-2.134871533034521,-2.9109121720332944
0.7395287281769245,0.3432669988682805
-3.178237577573093,2.238980575232544
-1.068361647215419,1.3242693364522944
-3.472151840619978,2.8888654554091198
-0.552213821522419,-1.1616507830063978
-1.1717566465135156,-1.1972137553531434
0.5271143489540001,2.8917342869436764
1.0849213820096018,-0.8717036792666886
1.1349997874849855,-1.2247979576617702
2.7992088491735903,0.8822250188937183
-1.4419268070874087,-2.6585989328006794
-2.366275452637045,-0.3629949356514513
-1.564710290361131,-2.5468600167304642
0.7007848599738791,0.6608154329708281
0.6357994278198881,1.2799174287652602
1.482096859460052,-1.0482408313107725
-1.3553924078215749,3.101241963968667
-2.473141873836529,3.395772750430394
0.899373113122758,-1.416581929372404
-1.3667528918359613,-0.7045010513657836
-0.9362903115459037,-2.9143099371827166
3.145244014765559,-2.781839917179576
-1.4557631856472066,-0.7695222864190115
3.151266573398364,0.6820523576646936
0.8456366574702122,-2.7600333006752424
-0.9004797429261229,2.7911704328776255
-4.012593328837973,1.421808283764382
1.7560834282286588,-3.362910775523473
2.9984270516138065,-1.4371100723597603
-2.735048388733146,1.4779556283084216
0.6837190260539918,-1.0285266763561514
-2.770128002970505,2.0616346903344405
3.1107668492449654,-3.4922451560003354
-2.6533431705541757,1.3970563217530676
2.767311381891128,-0.8089705237921528
-2.2085008551486953,-3.036831948351007
2.456241300429822,-2.1475066004588332
-0.7517152149062677,-0.5959650939455504
0.5680382073022558,-2.561515708810152
-0.7866285327324707,-1.5498260025918695
-2.7599331061559687,-1.0203376548153755
-1.293835969845221,1.1478744282630844
-2.688483322636645,0.8680652960871587
2.9526174800359226,-2.94983208416974
1.528402743092186,-3.1839944194387306
2.8140251547017843,0.9775381254710028
-3.106111282913222,-0.8516970318679538
3.2494254567553456,-1.6921303910134837
3.1902333170096124,-1.1239658148643414
-2.824561750653571,3.1071678462411696
-3.1920902138667744,-1.1595528656612706
-1.024768054445125,0.7700170293347128
3.0544064880715855,-2.796904742205884
-1.2643667066836832,-1.0770566345409325
-1.1623114505399088,2.31903616455097
-1.1828067736289205,-2.541331131584992
3.6096689430898965,-1.7738768522725838
-1.3370585288820194,2.812021179143182
2.5759502689798444,0.8894380690163098
0.8810673287079899,-0.587053725230604
-3.1373301912129614,0.9555655188457709
-2.5918774207063304,-1.5285876244308314
-0.8578461451781456,1.015861860505632
-0.5582498458393913,-0.7493019823967088
0.6081509009345452,2.315109184468171
-0.9476991881421765,-2.9610140865886563
0.8869629550207027,3.015308766749005
0.5147572990628871,-2.6352594330995056
-1.5798467984776063,1.025651036287032
3.1141760603410584,1.209470436749177
3.347684429134015,-3.0775952974316882
3.1625009767134133,-2.51332483930618
1.3289798279931075,-1.3947949528004306
3.134047743182797,-0.8226428601006701
-2.6602274718471755,-1.1402258869560473
3.0768810041435652,-1.8753060489975748
2.5395808529009947,2.0956076332043128
0.8710665838120344,-0.9997185352075159
-0.9426562855309976,1.1598559557891368
-2.3464389066617466,2.722064011912642
0.7977007530555008,-2.9855987428632274
-2.59690034997367,-2.872957166755774
-1.3454819230738946,-2.3929842879099623
-0.7836856536387391,-2.626168627962696
0.3457919564206762,-0.9300119576941507
2.8189906229042134,2.676002545535266
3.692072969768607,-1.1704270241441028
3.1358017211202314,-1.1863487407384692
-0.9916175138352381,2.560099100452997
-1.1444527476786504,-2.916658464894946
-2.6189986086400947,0.9814350677198853
-1.2046651158651618,-1.0321431867357054
0.09459796650646789,2.0441327007328107
1.073827662851321,3.1597237641314044
1.0686593792285146,-3.917057551481271
3.017279941275923,2.98202136299788
-2.6372817525160834,2.6306819038408142
3.434924437006203,2.4715869644200743
-0.35718399546149693,2.338916629655793
-0.8124112538709031,-2.809528073559237
0.6342195315873345,-2.941286021273545
-0.9969623473812789,3.0821896589282507
0.755690196302818,2.16918944873472
-3.006027574801656,0.935097506240497
1.3462794273724072,0.9604636386710306
2.784036355087897,2.242210988740884
1.3251691652595339,2.64289096909163
2.7828088693849953,-0.3273478209364386
-2.87283448161158,-0.8020357480927707
2.918123685443837,0.7624612374383365
3.1342885071147655,-2.9258088834253004
3.039334220475199,-0.8078698476547562
0.8238991449452466,1.076117312719654
-2.4856887267942778,1.111713956258279
-1.144886659554271,0.9423263515222383
-2.090621282381627,-0.8685626682607482
1.0647121590992414,-0.5056526540234741
1.1523013376613302,0.9956697622203196
-1.020824781097701,-2.759614702349108
-2.932541640396591,-3.388113326069737
-2.6816858973560898,-1.1399245036437977
-3.137438413024188,2.842841735034915
-2.4078394209202365,-0.9908619595793287
1.7261154838588406,-1.048539865492148
2.4115902144508694,1.5415844165742256
-1.1932752732574718,2.7451191366215464
2.308208307508998,1.9300781086089782
-0.7349484901930902,-3.31943206430169
0.6220642827541022,2.9640769135828577
-2.558418361648488,2.3333182058801127
-2.8254715798720347,1.3532122902823265
1.0057405340244745,1.6321648342414115
0.6544596328959793,-0.9107946331002404
2.243500757796371,-0.5388036031513035
-2.2952174955693616,-3.062225693498552
1.2542705596481947,-0.9621456010735178
-0.9176470020671225,-2.7397051026094754
1.0518365420388855,0.7209929026386684
2.8025894658992327,2.4098221447533708
-1.3258968705403404,-2.711988505196494
-2.5919724117423035,0.6409205691457249
-0.9623560254752029,-0.30598321447447313
0.3892189286791617,-1.005388700748994
-2.794960900790824,1.4594354436625911
-1.1191191944392165,-3.0279444909280118
0.8834757225682706,2.7797281200324617
1.040781791741188,1.092368679505929
3.2826758500452495,-1.142651469084168
3.077237195907818,-2.588091523555406
0.7603217290421324,-2.542613260014266
0.630272621587949,0.8025413510324982
3.274732457088118,-3.055489826257019
1.0342094334777983,-0.8803491294721528
0.4804500307371211,1.3085192981904088
-2.103864910005961,-3.0006057940774666
3.0415782662775195,-1.096310252989599
-0.9414711227184512,-1.5135652174991245
-2.6058149481242605,3.3212620982666308
-2.446064093264016,-2.694804396292297
-1.0542936634155995,-0.2782652047130492
-3.3460947930310687,2.9688571357955342
-2.3941541405118523,3.2975569827894984
-0.7696244738441503,-3.0145428930386764
-2.413420001780708,-2.7010967913586827
-1.914689105767742,-1.1543785739009942
3.0069115838502216,-0.3511396545273344
0.9478737267140699,1.4059598013598673
2.9643179847695533,1.09874353135118
0.2526081426236154,1.9074587535951955
0.7993535131412881,2.718288385841917
1.694367670769172,-2.4887004333044396
2.572772531494332,2.764023494370193
2.926653925743515,0.9856639789939542
-2.572457614458004,-1.025703957154061
-3.115486671166972,1.0265218594525634
-2.4702016023670175,-0.8095627519217792
-2.7694856969228208,3.467374604282139
0.7717998674334341,-0.9650866285997822
-3.050861654911812,1.2025591078040139
2.5350217962924315,2.437328648778629
-1.3967244577389326,2.7961656243613855
1.5681745347843565,-2.8156143218468315
1.1218178610556329,-1.2451117863901746
-2.9773763105120055,-2.592120016289568
0.938614192088458,-3.4006600759061216
-3.1757464902107158,0.7517762620086655
-1.3500062889927285,2.0159538169773046
-3.2646357075918053,1.3841524644722563
2.015067578741292,-2.9707581479296157
0.664769773776204,-2.3401839048997464
-2.630695028712804,-0.7729023088868912
-1.7774478800215388,-2.968159044265248
2.1857630508457424,0.5463712463451227
-3.390454665622603,1.1387619474196151
-0.2521059049144383,-1.4024527047120605
2.4084909703948156,2.518146090913365
1.1280344734228904,0.9177619763374437
-3.117344672375954,-0.9227774518100039
0.797164311482885,2.676128134680028
0.9279697580028446,0.8699326879549604
-1.3871246363565752,-2.2243027799809223
-0.6973810445244649,-0.8855199641492898
-3.3090854395644675,1.5713847754808243
-0.7610444123272547,-2.6649138877676313
-0.08374188027539854,1.4191421803070405
3.135157636237713,-2.6540856110540076
-3.1168889803064648,0.4804347025059499
-2.1772453954413935,-0.23855394942959468
-3.1410915708614833,2.949296827558294
3.0852029253500586,2.6223857739070096
0.8882983379239779,2.6135499005019174
3.145770365872701,-0.9122490245930771
2.9556108380708026,1.2183905201163214
-1.4445229112147049,-0.9636200678009004
0.7001834270679947,-0.9784555539447627
2.961109241709794,-2.833867008300093
-1.2578860226658068,3.0503765263060605
-1.2536326317161117,-1.48544473711681
0.07031318664750674,-2.939427525988486
-0.6157525364759757,-1.257004023904627
2.740826926935618,2.0551877310527
-3.2221641815866415,3.1089832475806927
-1.3836158162235765,-0.9388429483947294
2.429496119973174,0.6197986761425902
2.7644543847801826,2.3466219272596867
-2.941385404591945,-0.7972962636329555
-2.6573338805149187,-0.9767448690040291
3.1337997143847987,1.35839736037812
3.179310988800862,-0.6858888346842502
1.5437974776682633,-3.0169413930164644
0.8021732799811649,1.2641396503473148
-1.6295423725848661,2.929432324001588
-0.6427910059244428,2.521121283869385
2.60268095010846,-2.7188135808909752
0.7179333679613292,-0.3654249415978859
-3.0930541117068557,0.8798147591417141
3.545868267675671,2.900211720571148
-3.218822290602229,1.0104773111615326
1.441741882906866,-0.9736256393013716
0.9799124240079297,1.3285816988306853
1.2994060326788206,-0.7459965459400895
2.225910654618971,1.467115704258171
1.3805674516724986,-0.7961016912782082
0.9576482314700296,-0.9121667208760076
-2.6925115177535344,2.7416571893545254
3.061567840443026,-2.876980866929747
2.6214042344649897,-2.6839032906541394
-0.8622981328271225,-0.5763294058285436
1.216878228438013,-1.0924940128557519
0.6100613696650943,1.420506268613362
-0.74792022409645,1.2553403650733013
3.4367356755891434,1.1129527817093343
0.6456214599287925,-3.064327129079864
-0.5721752289393812,2.773494251216573
1.1756625436668968,2.551439059308948
2.482412424773463,2.5651739323115366
-0.7008538413052129,-0.9488687490085571
3.3565157474312386,0.7929611493041404
1.1097002672392224,2.7984658204691963
3.3482455696765903,1.223140024811445
0.3472544922100556,1.1940990023132927
-0.6225221495471117,-0.8710081161894271
-1.395334852023799,0.8808439034417861
0.8754360846341774,-2.5294489857222366
-0.9246197375001861,2.4636037824833945
2.535189146846686,-3.3917721381461385
-2.1108417566899202,0.7610139266520163
-2.735680520631201,-2.109368757222697
-1.0890030910818091,-3.0641289866234214
3.549600363020451,0.50699806302595
0.7499778388035364,-3.009688822444975
-0.753135885531034,3.150913506386602
2.551553535041137,1.1977002089652231
1.0256817342633127,-0.6737650089639835
-2.819813349338119,-2.3674423129659696
-2.6473330639073684,-3.0822700813843236
-0.5384440723946708,1.0487678293126568
-1.1456221449621913,1.496754489354488
-0.9202171105949399,3.8528823589702474
1.2546044079323553,0.9026240777516958
-2.2552157553425287,-2.528014073711206
-2.5392793415191455,3.207193686399495
-2.6251688854486237,-0.9349475837349894
-2.563197904770938,-0.7818905394024573
2.372302852702937,-1.6403370723811697
3.268023164947792,-1.209913128327733
-1.0664539740248022,-2.998991563910214
-0.49693793545132453,0.39762693388119513
1.1841803918825597,2.952104593660324
2.739457961583231,3.095926369242731
2.8037039165395345,-0.8797904940786931
2.8023035488881023,-1.1748670273966195
-1.424156338987486,-2.8224359110484216
-2.2994403336324916,-2.940380896407287
0.049731880796471124,-2.6955329082221042
-1.0003464744329007,-1.6104333559503154
0.5431828208483082,3.0373002402186096
-2.16485427099121,-2.8988028137726434
-2.8874363350630183,0.7201247857347371
3.033850489024123,1.0352168954780356
2.836717072964104,2.1199977185078946
2.73168270936425,0.6106786341415628
0.6538100882435977,2.7927130061571663
-1.1893968192444557,-0.4619225074363429
0.5636797448307306,0.6117761688766792
-1.2146084967627684,2.364248624476151
-1.2419837214378762,2.4542951474650203
-2.689725393686279,-2.862461690210793
3.406212480505514,-3.4462800575191053
0.8304660654090295,2.562860997182253
-2.7219136022305856,-2.370454629876342
-2.2437664219898013,-0.748964733589317
-1.2931965124588547,0.7824584327874791
-0.8405370137147024,-2.5592681192249342
0.21785484671369082,0.3592227464401522
0.6074072341896389,1.2398857499225688
2.646565854326487,2.7107639682113565
3.5857718668784577,-2.901092879103041
-1.2213098780268872,0.8384416624701738
-3.096499732506938,3.081854688464268
2.6016225670005135,-1.674587172050198
-1.0967468412503545,0.24896250076175022
0.600356673589163,2.636334450507749
1.5955094264177587,-2.728694356920855
-0.03381117034647769,0.5310970529551944
0.4893388172668669,1.0620198811536665
3.141485663682032,1.8112168519056873
-3.166558579284417,3.005802338188523
-2.5008967765273873,-2.7531358990680395
-2.8578164526730423,2.1036475002940835
3.1074532790517972,-3.705772269050264
-2.946299161816961,0.9079176814666676
0.8778750797299132,0.38750665826368264
-3.213596209062342,1.0343983949192967
2.9200771399795133,-0.8887982528633962
2.2927357584730688,0.6176821627856711
-2.8521195989044736,-2.256001458026184
2.8512143704926953,1.1911118387523802
-2.9402247744707535,1.3849914999745294
-3.1207664053025166,1.1952243286181325
1.0364911184681662,-2.6718401205046165
0.6746618442564768,-3.066086522500475
1.2054960416783056,-0.7747204921294631
0.5390460886474163,0.6530731509505405
3.868501631593205,2.939414886933177
-1.3802385881192012,3.1156605383765235
1.2618058187980732,2.382436056785509
2.301083848837815,-0.8823147365995888
3.2871103545552143,0.8548226659596294
-3.3750830573873074,0.7620679954379691
1.7839959790421145,-1.5504196814792233
0.3380028022372385,2.8763468809271946
-2.601568612569439,-0.8491009115070596
-1.266277568027878,1.4064067764153196
-1.0758312022432461,1.0048482500920866
-3.4300407032611373,-2.9230795163764616
1.5745493278330762,3.1894681596527144
-1.291939045660644,-0.9460869675005183
-2.4263734748895085,-2.7407789675952725
-3.236960107203801,-1.4253866782760123
-0.2903570545798353,1.0902485055382058
-1.510163542393841,-1.1874431710153803
-0.48770146696349537,0.6091899646264329
3.123482396159823,-2.982689986453673
-0.5162901076451438,-1.1856742780977036
2.9349521766446243,-0.6311195188915164
-2.887936703406313,1.3912548301418093
0.9979184796072996,-2.7680322362515017
-2.959851445804047,-1.1513724514588808
-2.3827336209904075,-1.0998734511186807
-2.9319958598046916,1.7335848952764659
1.1193868498743471,0.3503952542512892
1.0425283220278014,2.515519884433814
0.9090199206187739,-0.4942151169608842
3.487638605878551,-2.9827285651590016
1.058799843003492,1.0041232213030524
0.920367386007616,1.3456031371905437
-2.699020687427005,-1.0943382321603676
-2.97127268818729,1.0202766649036885
1.8172298351647025,3.1874829603352417
0.9415702682131492,-2.8223990580981173
-0.47672130226843734,-0.6813911682775434
0.6521285860963241,2.6027437276463647
0.8701235699591825,1.1868518072585992
0.6075823998637195,1.0226722180049224
2.927158762311201,1.1198583393142965
1.2675258087722687,-2.670138187555125
-1.4347459541375511,2.575332834619546
0.6307531347271582,0.8920319962147256
-3.287938595077943,1.0955508120229913
-0.7645250622985279,2.9862400177742736
-0.9370961578649009,-0.9318615656555104
-2.0628377066220067,1.9184443288414745
-1.0818572784259233,-3.2594026081074157
-1.1706728268755604,0.9639861644469272
0.6119505887601365,-0.5763073375653563
-1.1172920466609728,-1.0695646032014638
-0.5981005685989924,-0.9483508090196563
2.2054532089680525,-2.7729763006739865
-2.1216990280622405,3.0047365347014483
2.6779258006566846,-0.5358303371626678
-0.30292097588802996,3.1716722161929765
-2.699247961755626,-2.4009263486882184
-2.88441685428171,-0.779081975599312
0.6700754776491401,2.817028792930488
-2.926301101036156,1.3541877959806983
-2.832038341238411,1.0576151042169046
-0.37042475694343346,2.692721827609766
-2.7141875629129504,-2.8438955631310168
3.34711504558709,-3.691373390723921
2.646655291693106,-1.942008049184924
2.825670281110275,1.0877570488475268
2.6710898553951608,-0.41953938082729253
-1.0999527951251102,0.8407874080585123
2.4133079993717184,3.10378518122473
2.718106480070146,-1.22454147404476
2.4952211333642,1.1691540858956357
-2.489808044914846,3.113960236058811
3.4212741139732814,-3.3410812372424616
-2.159950215715089,1.251325254860574
-0.64307994676745,2.5165696625398506
0.5940915331529805,3.416344781943615
2.818613652208711,-1.0107773213008229
2.761673546403553,0.4345585420505765
3.9058893172547613,-0.773613870345353
1.0632916535144914,2.752635266031097
-2.8995504228047464,3.292498217354725
-0.5004093273926621,-0.7958576734021442
0.6360474193148482,1.5464522025763916
1.147178426310127,-1.2279294270984562
-3.098556279170779,-1.5321916010197232
-2.0008231543284025,-0.431197735215842
2.7148980378495677,3.3107490725457844
-2.434032095650445,-2.882958437014612
-1.928342117088733,0.6103098316457509
-1.2747104373191405,-2.756239039458819
1.3845047401757116,-2.651560630043612
0.9380605578890359,-3.1970207174117595
-2.3099858975247862,-1.0470863414812053
-1.8782596442967743,3.1460693705740703
-2.1912041627201493,-1.1191623959231514
2.175337194671538,2.972290219021451
1.3454274054697841,-2.719941057030503
1.1338521601930698,-1.4515370212818137
3.649138210850863,-2.9543404072306716
0.2982287411643568,-2.9596716318106657
-1.3649692062109404,1.2552128390983741
0.9309325554871599,1.1471081018402491
-1.0906017052860741,-1.0843192835706081
-2.4262721103037816,2.763880747292706
-0.8299182777637497,-2.5102041415806022
-3.3876455422708567,1.3022055095355363
2.706044521573384,0.43214491477968914
-1.430925236694525,-2.7038713886470496
-3.2543567551979957,2.660829532559544
2.6337216642788848,0.8921836129546342
-2.703342306703985,1.437498708734977
-2.7180316128654343,3.245431915286278
3.4180598153717177,2.7401986150401973
2.409005559637774,2.2652815186584516
-0.7831081373609288,-2.5650660174980064
-1.0050620453284922,3.238409576226168
1.2374099271207284,-0.8723250673288091
3.200119306630021,-3.1983130589026483
3.1385244457751496,0.6936921767171349
-2.8047849295686915,1.1442942820955975
0.619066651327617,2.7753934400955615
-0.9066130140482999,-2.690478922458675
-0.8026774827689052,1.575891164252232
-3.0364921317089233,-2.903228542733781
-1.0177752134572307,0.5952114363304852
0.6090703127021356,2.737555403529093
3.300244618543513,-2.529654280754107
-1.2766456146547978,-0.9769425990372052
1.4374379378362774,2.5591620263844264
2.7959137056622314,-1.040368757883131
1.2214677073734217,-2.757903631124042
2.809346449830655,2.6224211620602453
2.820297565055783,0.6452130434429697
2.8028212809952113,2.6335016674084417
0.6125024293476746,1.2853570357434112
3.056568268591921,3.0477705084805358
2.510677165778376,-1.1076293656244383
-0.44537404855330903,-2.7580671500382583
1.2667915187643135,2.4482996330447144
0.8602429209522796,-0.772222406329188
-3.36875930151113,-2.649708268701015
-0.8875240485639987,-0.5120699653776126
3.3028940227851673,-1.3789131173220424
1.1876068414092407,1.077294491334679
-3.327470826337221,-1.6541111346818662
-2.8426877643826107,-2.9059838036004937
-2.7082829799678705,-2.296817513660496
-2.7996703621511037,-1.4793953760375873
0.7769993799789706,2.6560639452184907
-3.2858010017309254,2.4793082257367165
-2.067657611413644,-0.9309057699415085
2.6644211400551883,-3.06231135329326
-1.3623176209803638,-3.3756791146961724
2.9259918787188854,-0.9422133190546875
-2.4347435692448416,-2.277627725633393
3.2508048914780097,0.8618550062081846
-0.5364908746925708,0.8537521850021965
2.7415169452636388,2.359889744344881
2.241839123422741,3.2513715022704788
-0.8026447082834207,-1.3088461572836647
-2.7322663370056035,-3.1151921376589793
0.8076901384911656,0.64516434275283
-0.6923318344718847,-0.9683502339532187
-0.904201435590993,-3.1614206585300595
3.383298467215271,-2.6623253672865985
-1.0618603509224416,1.9152548641814204
-2.4365729088444,-0.7552444996895107
-0.613533161488512,-2.779967768399767
3.4643688545085887,-0.5263573390230334
1.0200454715116896,0.9120095352506367
2.6876776988034377,-2.6336802978604954
3.020602935591254,3.1340850397402273
-2.848566844311824,-0.1788414421260159
-2.7718098766999257,0.16253379113988195
0.5255547188011073,1.027619086362799
-2.593864685887489,0.9573368794047601
0.5326412680547961,-2.9231315264767996
2.5908001069433273,2.1265940250968938
2.455777706062451,-2.6651894967000938
-0.9544708219413091,-2.74010044898128
-1.234601643858634,-2.7696885210900724
0.7682900601151235,-1.4534519409871811
0.3927267082809549,1.2067058386842873
-0.6581242314103017,3.43516307764422
-3.0304652428768395,-3.028733282750387
2.492396397871912,2.0929364395877923
-0.6955619930510459,1.2985789010941378
2.8200445729509123,2.490714008308648
-0.35753102348079346,1.4401620540423656
3.1248474101131882,2.12423744348735
-0.7951572077165716,1.2617071853985535
-2.4416817169465204,-1.133003544273898
0.7094665484806245,-2.9871937101186834
3.3385604745938755,-2.00539922114311
0.8975802966091144,2.7758744235598165
-1.106657122746786,1.6311512585737618
2.551387362239694,-0.7947194207983433
1.8757280789796498,-3.4209375814653487
0.8338269159390398,0.5606254569126444
-3.3228864690429503,-0.2384768789727046
-0.7263764502239269,-2.5003102708401217
2.5930808582806404,2.684877860257444
-1.6099812349078244,-1.335508763113199
0.05017278908181529,3.1650821889923666
2.3890875113162564,2.3639289797502077
-1.2745951772978024,-2.7534408041928136
-2.5221198295047236,-2.9423749149675538
1.1646012995709853,2.103652625541926
0.29491626789757025,-1.1883309166565637
-2.9722330707961166,3.1291491247981997
3.2203157507658733,3.1205943461034154
-0.8447695712188349,3.0453269112584227
-0.7303093762063292,0.9622228350204179
-2.7242639404813582,0.7824405631917282
2.8381740567969835,1.677061904524876
-1.3325712676609758,1.1202037569940644
2.660931181873303,-1.127034995582756
-1.4802494154051522,1.3899562280777564
2.8209070194567607,-0.6384788650041345
0.7255162825492649,1.3171296384633289
3.0847222160598866,-2.9278614580964026
-0.6288708993755872,0.557168130504445
1.8036389154620343,1.1935088474569082
3.3192158399421907,-3.460032826007432
0.9756703248284309,-2.488255742539139
0.6731633682422133,2.6839552280937786
2.391317437484728,-0.13615035434272554
0.9773510010810488,0.5914424824703173
0.857550935517897,3.395657759654878
-2.4744145825187855,-3.0281514967515366
3.137066433510644,0.5670913788741839
-0.8154824139501626,3.4863971002977268
-2.9311927474291335,1.2067081270377986
-1.8795999717327596,3.1311394049346863
1.1597994833370464,-3.7332995873917496
1.2705514861622125,1.129614895907239
3.500522441151562,-2.6927171961808347
-1.5535331676566686,3.0844518650277424
-2.382396305468125,-0.782326543710157
-0.8046873409540389,-0.21465463432156254
2.902247152269932,0.8901838907152865
0.8431983064421179,2.960665472407407
2.606493222197118,-3.834464790745121
-3.309208852073148,2.786532330378758
-3.0545956623128268,2.848630166766107
-2.869213950537117,3.4998574058476044
-0.8574078323658529,-2.7680907010466633
-1.1665709503373525,-2.7729964547970534
3.48866681901919,-2.6134749849793333
-1.1797515094720015,1.8862621745630956
2.2665363955167974,-0.9381211550235057
-0.9088445568075297,-3.026846633569911
0.803538665820331,2.699528374623532
-3.2062407178754557,2.42580273486949
1.180948418060437,-0.8608208459893161
-3.8060690585263237,-2.5678780177132303
3.0595579792011693,-2.3843992848889974
1.2249558931341724,-3.3934208583063517
-1.3521472151782814,2.90734379666905
2.7507234988266154,2.3332256531922093
0.7045484309267639,2.6968938219512633
0.8274241767723918,2.5405541103868643
-0.9138133014607605,1.8202507522917044
0.9870973089624917,2.3141091158848237
-3.4956487174900697,3.079575679224751
-0.9572388463430717,-2.3163114035819037
-0.8478529686069629,-1.1136709162768546
-2.5349448224456737,-0.7325823563330794
2.679688212984995,2.042135546337193
0.1634542060257367,1.216153599485092
0.8881521964689504,-3.1002383837628775
0.8155812579007803,2.439974136826401
0.9478884614301522,-2.4380037278046123
-2.586019596834736,-2.0845625925559204
0.5111769855888991,1.025479638922134
2.305908163500435,-3.382390779736878
-0.8077993520676091,2.7432122210013157
0.6538048574288239,-2.3703447996047182
-2.6115012035099245,0.5532129521256177
-2.4764689662002506,-0.33835291774928067
0.505829287243019,0.70300146862829
0.8209908945946571,0.9190724671328291
2.4115149990605316,2.7720024157574144
3.1342083617506185,2.66696240827563
3.3092134192782368,-2.5948439181913545
-0.6178600941453612,-1.076247630974918
0.9938165190524986,-2.435796520829306
0.6334622636411156,2.96166144614348
-0.931328538976777,1.6576716122909028
-1.075961397287706,0.9747734736576231
3.185650067723531,-1.5945163486746963
-3.30981154020818,-2.6792253051620665
2.6233519553208184,2.617119136606313
-1.0106209017896808,-0.622923343555218
-0.28814585496489736,-1.1566371584306294
3.5540218148529332,-0.6413257393483318
-0.8136656064807196,-0.9841210022135852
0.9014840180213001,1.1281449279877234
2.8995454703879115,1.1766556904624572
0.761974023257348,-0.8665464366727268
0.7619198744986103,0.8103767391901328
0.3591081478490778,2.966519028306963
-3.059631973512766,-1.6340935719554903
-3.1584864935387356,-2.221346924213199
0.9685917657864849,0.9530558384140158
0.6431157877489195,-1.4147783386636479
0.8908232467796188,0.7109782199870034
-2.8532194339250467,-1.1198084140854936
2.6423847302180037,0.5131150556766635
2.2547780055338458,3.0663662556224964
0.8704299319842465,-2.8801340959733768
1.0063668050691017,-0.9036742555828656
3.380178208676466,0.10650820112913233
1.0085024554352144,-2.2149333716086614
0.7776262784456319,-2.7976779416188395
2.8212121876822014,-1.121323466492547
2.2356828135509383,2.5207676244441632
3.0754597487768827,-0.7468495762076369
0.965599021320536,3.1060552834946513
-2.3504299804225828,-2.595783946878796
-2.667606185387688,-2.799014313986317
1.1739957635896159,-2.624869212865844
-1.0718577722466056,-0.8830207398874075
3.0313494892922255,-0.946479708613389
2.9456296495793612,-0.5915885831619548
1.7856423438225684,-2.7128227815087906
-0.3484016843019724,0.5797246795581482
1.0617894394690126,1.6597244371608195
-1.6563521441223232,-2.9481003035061915
3.4233240718445095,1.2275845174111284
3.043563598199263,-2.674565110357579
0.9593278326962198,-3.13900091193832
-0.9709228867597429,-3.2321483720081137
1.130109355368454,-3.189631396812573
-2.743468379272485,3.2473081996459636
-0.7974197218302467,-0.6545711705359253
2.906393910130417,1.0622858449071764
-2.2647568947996115,-0.9749305232829356
-1.2373670889183843,-2.782882693449025
0.936544743532175,-0.5542486083175404
-2.913663390984519,-0.9567280861822681
3.1672594253173085,2.8237678749406756
2.8026079950686427,0.9226042448592268
2.904761816127018,0.8640797265636295
2.763844966995891,-3.178622187498117
-3.131198204723676,1.2493731556074972
1.1367818406452617,-0.5049163312718877
1.187311614402425,-3.0883691608162396
-1.110736440737378,-0.5031017470666153
-0.9797542755234564,0.67985410496829
2.574521937103628,1.398413437556751
-0.7940310500644912,-1.2124711332013172
-3.0442902479071146,-0.7464544168969093
-2.5352593862572514,-0.6032489699367864
1.6293091745289068,-3.265057472592638
0.8714499078495384,-1.0555203036579386
-0.7835392502291606,-2.4304506647985695
2.490094111198404,2.8333283884919354
-0.5027004348926903,-1.1609116812172238
1.2718440061394467,0.4233172161194783
-2.7780824385754985,-2.362540658707934
0.37681249844006454,-3.534768461682603
1.1816752982529934,-2.79405780933589
0.7378300965366484,-1.2632219100550062
0.8488840610402946,2.732550611861657
2.7807585521047415,0.10385801253691238
-2.9454586440706807,-0.8743247286033345
-2.9404335276504634,1.098875784738358
-2.687157649528083,2.7914700955798772
-1.3556847632973748,-2.3721119912249704
2.441344628681498,0.7112492082131922
-0.5671597042681327,0.9647099259240394
0.5502130212714217,2.879110763931206
-1.0723424908363401,-3.032763895695063
3.3821525564564303,-1.826583386450651
0.9839370909883512,-3.262164927406091
-2.630046451444959,0.8033758900805856
-2.496969470744302,-0.32749381695796775
1.0487748565326194,0.9632657236723645
-2.4841940442896693,1.653955944725224
1.0824283890505235,2.6068248429534138
-1.1218498095727787,-2.8393200274773327
-1.2245635623750584,-3.0073067234015416
-0.7886852999925823,-1.2486990381631615
-0.8154544563166076,3.039428978640296
3.186535630820793,-0.7939787907545152
-2.761967583797788,2.8118109565632796
-3.26611392695575,3.1590004443007236
-1.1443846872035441,-0.709579361989751
-1.424820077781406,-0.3880597933698338
0.9559309801817268,2.3459970338575267
2.9301062773267508,2.7756011625504855
3.285313078094028,-3.6137644941444598
-0.8106008563455616,-0.810549027075249
0.5832678971299186,-0.9712075508905026
-0.8351918857265267,-2.963708600581504
1.2640655090979902,-0.8579723050507431
-2.5244860172401027,-0.5200045651747351
-1.2938077718451326,3.1506019624891572
2.4611964113557656,-2.804766465001185
-3.337755245058607,1.2173576811759375
2.8264345179644677,-0.6703015555115496
-1.069428939527945,-2.424747056232848
-3.336314139922458,-0.8306007665776334
-1.3649111135312166,-0.5815320486284253
-3.3976674056233467,2.2774921058134083
-1.477639144994924,2.847281739674722
0.9432567963173596,3.146091720732543
-2.951026988183492,1.3504416975367877
-1.1132032356969261,-2.6789161902166136
3.348141557464596,-0.8417049728033892
2.6416842643977336,1.7716088250752062
2.957393496787124,-2.3051404208847814
-1.4691130868752271,-0.7221985587561749
3.203554499599579,-2.286576204248935
1.6385451582092814,-2.9940388558879
-3.0271603695512352,2.913104504544532
-2.829303191303679,1.855688095561841
2.8455793762158605,2.2554463922678964
0.9696055409516982,2.984386278318019
3.1593630866052558,-2.8398519175859627
2.93211545051866,-0.2846070926426097
-1.3061669477659361,-0.7033605368757253
-3.250485614966073,-1.1137485962383393
-0.8439931228158992,-1.2078700555235522
-2.924450336515672,-3.2717840592900562
2.0712623922247806,2.6483407252199966
3.118042173456179,-2.185787597518989
-1.4349998353919982,-2.8536593288248193
3.124750332813175,-0.6671661918086441
2.6134084464134246,2.9919276662379635
-0.5327701703064875,0.8499845528836943
0.6680276869541788,-1.1922207517472008
-2.7638983267644974,2.7817933005013065
3.081628084238814,-1.2327457831009923
-0.8903270929923207,2.735037963140093
-0.8749310747682172,-0.14181136057750482
0.6989994761695453,-0.9432703294707809
1.1051401532079406,0.9307908411171855
3.786163306634021,2.9005515288463535
2.217639704841851,-2.5126634035138355
3.4140229390137793,2.4592612395616755
0.7123549800495521,-2.7124824862243204
1.35798406164605,-3.3209938210965944
1.0755530324263458,0.902869590183419
0.4567233557823117,2.4430955688245404
3.1468398916109677,1.3645139346061497
0.26916971907888015,-2.393238602313139
-1.1285400378533879,3.359929181112333
1.4753005555015972,-1.133361151196843
3.093899950721886,0.752124725785099
-2.272390658675582,3.460098133207334
-0.46446796078035363,-3.671054855174814
0.4807737727434003,3.264328672068114
-2.2881166188699917,2.7314909145589064
-2.8055356143217876,-2.302070601692631
-1.220719404829548,-2.8826293564719534
3.0317309827919083,3.152915031798273
2.948951025798496,-1.073308630372718
3.804095401571932,-3.517360438458091
-1.2909543173512736,-2.9956725980456373
-2.3970162619374644,0.7594419319583574
2.9467314557964897,-2.8546992648402663
-0.9671976963148372,3.8295601215386537
-1.942374058270159,-2.7450787340057725
0.9937688287430622,2.6425468909186556
2.596898365280117,-2.1382252778639192
-2.2663032873380873,-3.3484395693760556
3.266186505556296,2.8964403464155177
-1.1770040897856784,0.633632403475919
-2.5836653990827094,2.6535802113075486
2.686545816395323,2.9894266971204986
-2.6104355981309295,-0.3667277116343644
-0.7439540190243726,-0.6288948407871295
0.628289986215945,2.9817689186923575
0.9300817381914815,-1.2133417851586725
2.8442941654970917,-3.0212159892572807
2.6738651574297205,2.9913261999931167
0.47566319846910965,-1.1563513830965215
-3.3449331560980275,3.13256516554069
-2.6921353707605067,-3.006561685718968
-2.5981785892129117,-1.3788652116240316
-2.517506637638889,2.2137330704401372
0.6512854768354389,2.8243495245697794
-1.10902751409525,-2.8055909268266213
1.115151218703069,0.3991852824847674
2.8726404499345897,3.393775492498443
3.024473267043829,2.796217691480537
-1.2543703435177007,1.045917095975791
0.5230852470470336,0.4398943217827098
-3.975042412245277,2.6873611101973376
-2.417656265538015,2.947808938253317
1.3516134538890525,-2.978816408646768
-2.2225896585427414,-3.342900752318027
2.5450858850389424,-0.9625338156853249
0.5679766919135478,-0.7383968233792707
-2.9081463256289846,-2.0461649410201073
1.1918701173825579,0.849849493190046
2.6123170799467936,-3.229396034667382
0.6496897943674973,-1.4759984839148934
2.8649991473166154,1.1966365767033722
1.0213384460412838,2.382391966939335
2.5930124928041054,2.6115939161949506
-0.7498014275187681,-2.0366084314763135
-2.822695128035378,2.94550993327009
1.3023448036718046,-3.4458585599616662
0.3853532253056647,2.354840809089344
-2.6105854860346502,1.321957427571438
3.0467782166694963,-0.08328153748979576
-2.200328332740653,-1.2593020552830236
2.8606006911306148,-3.1268163633300308
0.932627533508119,-0.4154096812878326
-3.1454620954612444,3.077748786369708
0.7699596735508458,1.2660550666968282
0.7792611226903005,2.0526261125363785
-2.6817145020278206,-2.3929209044770126
-2.443330079734719,0.9487596817452624
2.556690947309735,-0.9566174499988926
2.287433772215863,0.1427418456466261
0.9092962070456726,-2.8515759655797495
3.0039707878845947,1.1880307222379707
-0.8706139585953347,2.2703400057407266
-0.9853950046201007,2.056052892386121
0.522004530073124,-0.8791956690815265
2.7693786493669004,0.19877790295585812
-1.3531265185094812,1.7689092193034825
-0.3233279787553326,-2.948187478742338
-2.937085068196212,0.23911241279054984
-0.5603808159452085,-2.315507568723142
-3.453063088174336,-2.5055795985489695
-1.1652413432096895,0.4598956909844236
-1.440235691802683,-3.1283464751270595
1.3493242423605136,-2.8473092930413153
3.4958177844735796,2.394768071015814
3.079434703485486,-0.6940966814328101
2.308957635961083,0.7616400559722316
2.2202245774114586,2.6304358090141897
-3.035237897344564,-0.7760367795327603
-3.3941059300145406,1.0942661282560981
-3.2337805037744594,2.5634181733648695
2.770253438297218,2.033698621277971
-2.368688234691731,0.7724445434935772
0.4758245174237431,2.560694936446284
-2.8039380806240075,-2.5050971778981084
3.011112216146454,-3.405980964922111
-2.9663809226276268,3.1402656394477417
-3.1092485494685245,-1.251835544507831
-3.8356562761332547,2.5175133500607245
-1.0975773570878689,2.100354223992441
2.3602942314150073,-2.6902292333635254
3.882676735536522,-2.841478760886357
0.8311867063632642,0.850785540075072
2.9921591888401338,0.8838122578481923
0.30244666407071624,2.9993721790191135
-2.8872068966929154,-1.0860309242699462
-1.4943847541329407,-3.042120154985423
-3.00553021712972,-1.0980086437311702
2.0980036038920677,3.1269737719272266
3.042901532890763,0.44572655843878367
-0.6288386375534951,0.990326544938339
2.576551269727915,0.7865376057441752
-2.823745181639686,0.9149657554863578
-3.144574300704243,2.9137283223358543
2.7546230337631283,0.4293905709990605
0.5198718139467886,0.7421042979062432
0.703408026524267,0.793049310783354
2.4900587482686434,0.7966860808627839
3.0394628671065704,-2.1444910769582073
-1.1364529168128743,1.8771296133578326
3.0520667030886104,-2.64911923523108
3.1615995455741093,0.39594885839479066
-3.08299122787891,1.2314909694951057
-2.7897098436245606,-2.2563924468995715
0.9090071561714568,2.840523237178937
-3.469347091702977,3.0237066591970017
-0.6308552375175431,-2.6941294093225854
2.4401762422065474,-0.8236904600307507
-2.4837460535295346,1.1189816107087136
-2.654099426400697,-1.5152361150115778
-2.70772506244249,3.1895961632529803
2.88836779058228,-1.1080344391946932
-1.257401818019506,0.996788018672123
2.9834344946441966,-0.9801987140716703
-2.1132918452302403,-0.9476588955183585
3.3162411998350447,-1.1003832718097295
-2.6041913957251346,3.2701887305887607
-1.905747333466809,2.9682303582521246
-3.207009399988228,-2.720220180836786
-0.7088190548598833,-3.2052947820198305
-2.6167248257060423,1.358577726705632
-0.7316949951302322,0.8763848793016141
1.0099298447419205,2.4616376267728617
-1.3766612377107101,-0.8667082231005989
-0.8677647346898038,-0.7473518226252311
-3.440546483557069,3.010167154463429
-2.6398547790304128,-1.2489715916739679
1.1431519383052866,-0.6785244961468463
2.692417093847759,-3.549147266180927
-3.122656551716602,2.6096989619907376
2.7341504683305016,1.5708517587647186
-2.9981944939289566,3.321093209724641
-0.8642428920652063,-2.5564051494132656
0.726341725134532,1.2605894651139355
-1.2258605031380903,-2.7030504233493935
2.9747115175045127,-2.9725173474056055
1.0071627559678469,-1.1083249039189706
-0.7893458176742563,-1.4146237078388049
0.3960806316275943,1.0718556252225975
2.903112547398719,1.0636384600545175
-1.1101088574516453,3.1647874677385706
-0.8051684031790829,1.8458877755377656
0.3096765437899558,3.874430844604133
2.385110657862431,-2.764206172573948
2.9636615525834626,0.9839034285079792
2.9812028398190598,1.6310490589017548
-2.7170273579325035,1.0922201762693544
0.9958151354009478,-0.9025558618998063
-1.3581691936027571,-1.302320276948741
-3.003924207725384,2.668695149429369
2.962331566336144,-0.8540313598874876
1.0093294614081558,-1.1080057524258655
-3.487524606555699,3.1141755241599705
0.7563072662350268,1.3213932943619786
-2.7141825473248136,-0.46692329771642627
0.8180515579646801,2.3620295243259806
-0.9693194295686699,3.2922163179842356
-2.065168204307435,-0.06727762235537603
1.0060180524567899,-3.312212998016556
2.4402229914241036,-1.6717388086907117
-3.283893635472399,-0.37351586797940856
1.0139712514579726,-0.7669277159161835
2.806685612270578,2.5443104719775618
-3.06358804116542,3.687640245334711
1.6581693510265159,-0.4953947230638344
2.553834493112756,2.3931568122199693
0.7851305180573876,2.9338705985665374
-1.1858186408248474,-1.1742433807629942
1.1119995293159846,-1.227453201507833
0.7476150693911688,-1.2159561976874131
-0.14191171744086964,0.9794015718215812
2.6135945788769517,2.7360112914978525
-2.6023692105244347,-0.40430342977703
3.0396499758414217,-1.3496415525207797
-2.370165456274921,3.300090027196506
2.9071771088728555,-0.7199631105504438
-2.547691008047239,-2.625236806723448
-2.580814441385591,1.4976047314862337
-2.9302620905311207,3.4101935067948537
1.0024449220922664,-2.8143111560673155
3.238370585485758,-3.011120723658355
1.441948656073214,-0.7742852928452408
1.1560186575548008,1.1089493477854238
0.7124743798074589,3.0102747634956177
0.7316987463247516,2.923076785982286
2.9101613880175465,-2.224894073954907
1.0479662496691329,-0.03793252931494415
-0.7835363181158731,1.36323089214446
2.4456556262278983,1.5047105208687142
-2.679692601158953,-2.519114984590016
2.858538329142808,2.0264529302697585
2.8358913177046556,2.5687337074425196
1.0799049072927849,2.6809891936988657
-1.7636407304676691,2.9471487387677
1.0292849253591994,2.488201830968824
0.8497670269361667,3.213113467419375
0.8286424482472456,-1.4186122767734812
0.726341309761244,3.099555510607935
0.4231167598789315,1.1086089050808625
3.393503565876794,-0.9496290525737603
-3.0691864130867947,1.3109230826909577
-2.5907338786297562,-1.5002778386221531
-2.5155965025424027,-0.6223664061281036
2.4301587005611904,0.9293622510442128
-1.4263444643582794,0.6915781217101531
1.089499231043757,-2.5388983300282018
-2.8545374713617204,2.8237335493038613
1.8805611133314706,-0.7647101001108207
2.9672402922835506,-2.0735259591342303
-0.3636375098824071,-3.047317063679376
1.219783978242009,-1.328798901571871
-0.7879278873173843,-0.8013333581345893
-0.8948397866481451,1.6083588759273366
0.9007004999089209,2.7571380464088504
-3.1829613279768094,0.5458070783392794
-2.9082338716212437,-0.6519339433873341
-1.1322348578577772,1.3297693073421764
1.0959195105865502,2.2800795055878793
-2.835394522025659,3.130975356146242
1.501448369748491,1.0982916385395816
-3.1067487524912925,-2.2107748305465913
-0.5484183566232202,-1.1654598076092202
-2.9248632622076967,1.2944865728351462
1.1824228348740164,0.5580931204947623
3.0833788411716796,-0.346544704106311
0.5902257774511195,2.2369326683295077
-1.0104552151508934,2.8792921452412408
2.6219059857205846,-2.6336547970956063
3.3104112760943845,2.591222961899189
-1.4943638307142861,2.75371961859184
-2.279425718340576,-2.725996480544337
3.01139574171772,-1.3167081129962026
2.9110184559659436,1.1008321108147572
0.596346270458594,1.161349704795021
0.9356762973350767,1.5813986103279967
-1.3574691777906107,-1.3236567920451
-0.09727178391776672,3.027605797514469
2.4270759125361514,2.1046233325420793
1.0750610046790876,2.3263127392832685
3.4349140267639116,-2.3031586772066297
-3.585919442703956,2.5979731835318396
-0.5299901475699141,2.680880312052965
-2.7891637051295706,-2.471835389631901
0.8437309533378001,-0.7454285919296474
-3.054321875625631,-2.9597396600985584
-0.6280500953355076,1.2945278387686072
-2.6260316197099565,-0.36392555150708794
-2.2293378482096284,-1.639416391307829
1.0740595179765606,2.4230966321229928
-1.7312972354377116,-0.8533711150209319
0.8082691302969937,-0.7293619744934378
1.149438070136609,3.6694997339161426
-1.1714486895489318,-0.9748655142217171
-0.5856498561563505,2.9858332175851725
-3.1980427817023345,-2.70274012349605
-0.3218970165202932,1.426599374007581
2.5675147534146237,-0.7398562946828915
-3.4207902422383585,2.7811821070136378
0.0488541410668197,2.8920213682800133
-2.5047613643903377,-0.9478955560742439
2.3472641289404423,-2.947895437490246
2.6560361220677793,2.7791021427344944
-3.1365686595164677,-3.093245727278394
-3.326880607446942,2.9817869960985837
0.8221085143439156,-0.8842130819620463
-0.9670736450451316,-0.9161848262493024
0.6794709351449205,-3.232797414067538
-0.8263595311985859,1.3862190344805638
0.8436507273728169,-0.4394265204723116
-3.170447725720207,-1.646641880105029
2.7503538898280997,-0.6296222249230856
3.1139439268797777,-1.1677796834536185
2.5694922336186634,1.7648821125324665
3.401008503348109,1.1100985188474983
1.2710965237725567,1.5230018931845846
0.4807826648726573,-1.3092789527177244
-1.039686986953457,-0.6313313426854243
-2.988483446228349,1.3537366795691597
-1.0099819606305942,1.4847907248076697
1.2041308015446175,-0.7977991925211267
-1.052594472028146,-2.7807494610129497
0.8762716274688124,-1.1922857007011274
2.4557203589891143,0.5093515067054946
3.2431868376042616,1.303240573523183
0.6159274828918901,0.46388557255422747
-2.5165021995423853,0.7276224437180643
3.193495291647715,2.7267766882066162
-1.2930596616874523,3.2587223486580643
0.8789975004807314,0.7584765905449092
-2.9941632310281556,0.1486463085753893
-2.4559685913403855,1.1822549382603635
-3.3621473422704047,2.038173662407174
-0.7505732916208566,0.3294864228041723
1.0784094081980415,1.0620373177156885
-0.2973948434483012,2.8663588500121824
2.9295745607010177,-3.6649811772361054
-1.3521846782113645,0.907704253656995
-1.3215236778180632,1.7375132819562382
2.9934317796057814,-1.4306753991046777
2.7934716529443797,-2.7684171486354123
2.750825476829821,-3.644134258307268
2.8655215202547346,0.9784603043358878
1.0185699149431782,2.2374659522976903
-3.1739783676658444,1.2414870080874425
-0.30772336558847213,-3.116846662973189
-1.2281920209892678,1.437715204620117
1.1245263403508308,-3.0648912402784037
0.5514066746687736,-0.9373279080827692
0.9279189328378721,-1.0774976648453105
-1.2716103186584033,0.8447271710114099
1.0623047538466028,-3.2521956412928175
-3.2566882162960815,1.241799902670609
-0.9199114101500082,1.5690174367721472
0.536807724859737,1.0086699059208346
-1.780153318466136,-2.574648957214779
0.8238475272381677,0.567866363969997
-2.7616977174267374,0.9261858725209023
-2.5263000987720083,0.1166485888074456
0.5036911907670266,2.3178978091094526
-2.4088981458082315,-0.7689804162823672
-2.7965110226572762,-3.0107529584283057
-2.432931956898429,-2.4868877165081718
-1.9058539839676099,-1.052195329160318
2.5272734501394414,2.4571589635607856
0.7534989962035193,-3.321293759376943
2.636543975081144,-1.1234985155637143
1.109488159376629,1.4367448178344877
2.9622146396894062,-1.367553886506625
-0.6460325857535958,-0.8065669470855868
-0.5612291710265833,-0.41538865109405976
2.35573132054376,1.0757486875869162
-2.6550324933330582,-0.4112492044982935
1.114425371137767,-2.5175963581226743
-1.5078669131270255,2.963397982462918
-2.4077919480778136,-0.4869680508156322
-2.855735886064664,2.5204110659103165
1.4978403724041174,-2.8518387738068647
-2.843152632460528,-1.4324217386249083
2.993718033132932,2.845483520679862
3.309440673271839,-3.005804977178904
-2.7322154869119775,-0.5950370281356957
-1.469073547666489,2.7175382793610803
0.29401794274028287,2.4401148835591844
-3.5842435924443348,3.328226981479967
0.07252618483760206,-3.037578776164988
2.7691395279841,-2.95124617062127
1.3887203679430469,2.382827246021692
-2.979963748742622,1.623001438136149
-2.4997607753937294,-2.470329192039142
-0.9709741088760707,-2.9383157356036893
-0.8758177376158169,0.9750479190900999
-1.293293821419649,-2.598110336646515
-1.1426023535427263,1.055612130583433
2.95238952396553,0.8813581408607102
2.702584168642186,0.7603872999398156
-3.4334554330989104,2.8948370263262455
-3.155439373680202,2.8141855444754404
2.3654203617439635,1.1695504880941896
0.3811839519154785,-0.7315543382028463
-3.194111858490986,0.5394793611255785
2.528156113552181,0.6280251807187517
0.4144027000913302,0.8950972336852516
1.2275563767662547,3.092303411686275
1.0755419272871354,-0.7884900421663084
0.4713430377793834,2.6509690176198863
2.6291936464996315,-0.868752920951595
0.7860959587546914,0.4769413982017177
0.892695003618036,3.0237366814537885
-0.5579005735530105,-2.8373926584216007
-1.094827793521733,3.190631345513023
-1.0785857979668345,0.9261947630775987
-2.8011805397522087,-1.4434540777887426
-1.4223034675327315,-0.21329379990123729
-1.3051261739552527,2.594120772233122
-0.8122756083807859,2.932459932891949
2.7702340795450304,0.9210960931793623
-2.779949922137445,3.121996737531551
-1.9855379157095108,-0.7723916812640551
2.2309931705924626,0.7996454766253893
-0.9421562942680063,-0.7280744478479622
-1.6706320122216207,0.7593128953774683
3.429055445193782,1.3059290768910479
0.7916203042141897,-0.6916050623685475
-1.7027979438110952,0.8437998240770055
-2.6536062861238148,-2.5514281215064063
-0.9590429425682138,2.8785239784999472
-1.6258425840427175,-0.9686697270986507
1.3045903237435863,2.717172443229285
2.3986476489996624,-0.8543925065763043
-1.2047763546436638,0.7395573756041761
1.1558144793925502,1.0827232061617018
2.5481252822234928,3.054133793865557
2.684337005302058,-1.6683164304467928
-3.2695771086969376,-0.679386834594392
0.7369756651007314,1.1628913452496261
0.927173508325093,0.8945003178277107
-1.5864896122236603,3.4637089607622262
-2.354760407166038,-2.813514918526825
-1.2481022108366973,-0.4574504658214316
-2.651098054566297,2.806113922031306
3.3148120300948274,3.331069904038278
1.3458255986887742,-2.7691618372288915
-0.677479120440563,-0.9308965331113407
3.268087788760411,-1.1002877615598925
3.1857676392210874,-2.672145523329212
-1.5100128090682245,-0.5461619676632754
-1.2122514584013273,1.0673192799855724
2.9679556460238175,1.2113439880038128
-3.3017492824712584,3.365744355638173
2.712860459142387,-3.1574696889067186
-1.2017363180375797,-1.8820148113106925
-0.6529865518051775,-0.6893781133788737
0.22699347382536905,1.2726504880611933
1.098289906158593,2.900681004789239
0.4090944688123641,-3.8236784694014845
-0.6869875193860087,2.384006339165052
0.2645337198071809,3.4066924434066954
-2.9380472516267075,-2.4930452340112033
-2.5140584823311167,-0.23665037617217977
-0.7683037152650857,3.0632673983608574
1.1883983544421677,-0.7651145691598595
2.8319408758421174,-3.2376693669224337
2.5012831037114074,-3.260406182120446
0.4774084409502097,-0.9978177363957975
2.9270511567010904,-3.053964095153472
-1.172144466091901,-0.6603173058994285
0.18930621556788402,-1.2531727255356775
-2.9185517679436757,-2.765523121440499
-0.62722055182905,3.722651840623685
-1.2615503147490557,3.0351777560688395
1.3999123576423196,-2.978744290844417
2.952235855082949,-1.5176374681381928
-2.846926111946741,0.9811013318125076
1.1527567775340077,-2.843807937658413
-2.636468380234607,0.8907958485928082
-0.6782874009810459,1.0968253225888682
2.266845957062334,1.8462720303132434
-2.7435088964391263,-1.7812507091347163
3.5796789303263954,-3.78274385245579
-2.6978242139108146,-0.3600748032958031
-2.773406500117932,2.950574357208631
0.5560784688290957,-2.135114407352004
-0.6979241590417216,-0.7959565001038461
-1.1548698134638333,1.9811534047077226
-0.6248742012361386,-2.7665796858196465
2.992053323941181,-2.4053933932737372
0.8805963438495947,1.0238736410334115
1.280671298552784,1.7961101915289432
-1.1654685611926945,-0.8879802483594574
-3.085013738197585,-1.133224384087124
0.6393080953556011,-2.628305607461131
-0.3260262531171909,-2.6200494917305677
-3.0711374159799445,3.1668713354757885
1.386530690127106,-2.875287286570484
0.9097916609365369,2.937228414936344
-0.8292145011835051,-0.8005209857748209
-2.451687812844061,-0.20659555581825192
3.2656350760027593,-1.7844712558171913
-1.6119603069531174,2.473947842456455
-1.0077367524330973,0.6641963474687214
3.528262415158207,-1.6204665150167703
2.1804444713418,1.0708531599068676
-2.7514741621488974,1.0687316903443682
-2.7983766983264164,2.690103609987116
-3.058368628910153,0.8966839693665641
-3.18691234917169,2.451546132704041
3.6669616925593544,-3.211237172761706
0.7900567710168259,-1.6328742493784476
1.0873710933117247,0.5756811936301918
-1.1799569586933596,-0.8292536790452621
-3.6795367077950303,3.019520506493265
0.46348942321612197,-3.02134036467975
1.1637077200792012,2.539137573442454
0.9375061758793901,-2.706252507063356
0.46811404474350554,0.9252953950676294
2.7134810399311013,-1.2390559035683193
-1.0111679001927383,0.9032982604890137
0.5956225061465067,2.0090673760320406
-1.540977630408139,-1.7366929947059584
1.1053690041784228,-2.9937167117958734
-1.318781985042561,0.9531777832604488
-1.0147876734570682,3.246879750384558
2.7867945584885825,0.47772454366825545
-2.9394672679522373,3.0175458938915756
-2.8263100859389056,-2.6029467137275937
-1.5175732521286427,1.1917986506558453
1.1694016011222592,-2.952598970758773
3.147550904168708,-3.0677003374534126
1.2422069144397023,-3.2268066092647927
-0.9498804772585604,-2.995908895091091
0.1985581528839859,-3.212425330646961
1.3151548880712534,-1.296991826725806
1.4380934662990732,-2.735571616648667
0.8520688407527621,0.7088213797904307
3.222338393446727,1.2696945820462437
1.1298955740747554,1.8659274349342423
-3.356408673763684,-0.9479802610881283
-1.0172581306517734,2.517071499449041
0.6436838217067831,1.0448914983592597
-2.837675175732192,1.4101601822712209
3.3749637263077057,-3.2078554245042277
-2.90859754033927,-0.593156922131562
1.3014704954363412,-0.8542809048507309
0.8237066670608111,-3.1116279487311402
-1.0671199333777632,-1.0199806193391625
-1.4959548944880705,-2.5113482933796503
-2.504480959940258,2.505627972052016
-2.420266314774146,0.807446974080881
2.5706781855649585,-3.198815899471629
2.7551838627944885,1.4913659830088883
1.2455981083455063,2.787710414979546
-0.48457394646138047,2.7033253828692994
3.001779889663812,0.9174523790927834
0.35189810801984367,2.6911648320715216
-3.388581828140768,0.8477473477112945
-0.5338567249699109,0.4038435577392526
-1.040443017989552,-0.6082024865434423
-1.0631333479982874,2.2098464762993304
0.9372687694324638,3.1121114125167795
2.700816375716855,1.192550162489892
-2.8286692253467103,3.3851132637988006
-2.6539230163092893,-2.9078775749294095
1.116061073064975,0.9109931223777803
3.4935987355112963,-2.745728319073574
0.672933832072869,2.622556749819208
-1.5525176105312042,-2.1417477081316276
-2.886766830009845,-3.1139975508925297
-0.8698655313010722,1.9549367098230872
2.8429350582558035,-0.8815806645130628
0.7218131741859459,3.095376281489729
-2.5265479005263325,-0.3908041277864653
3.1295085528237534,-0.6492670432436917
0.5805655120194765,0.3905859902728756
0.9489592297139827,-2.50640697426855
2.2850494707888447,-3.0861437519741073
-2.297823910685525,-3.052311395371987
-2.706972957982361,-0.7126736337506376
-2.3547177574321068,-2.6379478345456255
-1.1477771657204092,-3.083201920407773
1.263937370148231,1.0970649434693394
2.7232806091716375,2.960064289086048
1.3767238877640313,2.4110035268160668
-2.50260057288589,1.422829203691567
1.5021893078595334,2.2276220063466448
2.5200698937915345,2.4314429184115505
-0.5636917855936634,2.845349599573404
0.5351320577948476,3.164323278059536
0.9572564544014188,-0.28455801839440265
0.9318351966480609,-3.8214209304222377
-0.8039859787613127,-0.792059438637093
-1.2880830307780176,-2.9739350682857686
-2.5785222801366543,-2.4838310020023333
2.473479212116683,-2.794552639507513
1.1280389032463394,0.8516315665805738
-2.9113049165793847,1.94186276734459
3.2058517121724788,2.171728334794609
2.386766998119025,-1.1307297737983255
3.015104645421419,-3.365614058258364
2.4876321315921155,-0.6289175102050003
-0.6492997958762095,1.1437209349989856
2.5181057203671915,-1.1117515643195108
2.6009884144560327,-3.9463069128369788
0.8897037736542092,2.8476504291032985
-1.1853911143977032,-3.2681721475221823
2.397731371786406,3.042519331152295
0.7436047478261202,-3.1922037699468184
-1.0909674851199411,-2.703723925165129
-0.8462545766503686,-2.8486964931748364
2.501830807132061,2.4958850241202453
-0.9367476198708743,0.8980940924251666
2.741215820634678,2.541857672607887
-1.1018073125313987,2.8037904019623765
1.2666482889447614,-2.813454945791413
-1.3200136563454148,1.220761716616768
-1.2099110317099693,-0.9364328238900341
-1.312592938285581,0.8045167459323728
-1.080038442445846,3.1834793590361707
2.5859582215542463,2.3359614284906765
-2.5497425726366645,-0.7591619832519
2.351110076751186,-0.5838290508370727
1.2296068177827082,-2.892180606376556
-3.388305717768213,-1.7438688009819474
-1.3425609758200967,3.3194201044263503
0.9778071964819479,-0.9731638685283523
-0.2588569120779411,-1.1588212408664484
-1.09014944434737,-0.804775856703156
3.170892045074218,-2.8429084883429376
-2.905397791918984,1.4337465259723907
-0.6772229973024262,-2.9258025648208976
3.5521030623630185,-2.0940883217717046
0.5187282638376771,-0.9096790111124542
-2.587967077348739,-3.32240754567723
3.093368353206176,-0.73364408112759
-0.4875235175264694,-1.2828586568835754
-3.6487565583009354,2.450838043309015
1.599754349876541,-2.903065291309741
0.38640560052789585,-1.0648141839533778
-2.924931317508117,1.1034476517090002
0.5232810830627189,0.8643130231744102
-0.2833586684921632,-0.7612008445497319
-3.0796187018116408,-0.8370803108918511
0.9618999730271782,-0.9136513269614717
2.6815975711650473,2.6299283625983896
-2.4952531992643476,-0.18551875956019556
-0.7686887111871847,1.1908982132875428
-3.1537124743319636,-2.4351967223996143
0.7782224316567312,-1.2168690865411154
2.8104360008401925,-1.492313222785029
2.546629344478423,0.4828052838474961
-2.66834953545338,-0.27309420428486614
-2.4843961758884854,-3.5830066956488325
-2.763491246462051,-1.038232955180928
2.706818471810749,-1.1740568169888264
-1.4789294071410157,1.1321370224413783
3.4653159451631557,2.5411079374806307
1.2309967776815018,-1.4945001760384087
2.7269273707123927,0.32973548886626036
-0.8106948530887348,-0.3005686610877392
0.42229325474672547,-2.8342279882689825
-3.2652606020701804,-1.8525885778639548
0.6960874481747485,2.9084201436057
0.23792505476875758,2.346824706111587
-3.0654373810855295,0.867186499900058
0.8377074606916011,-0.5879829051220513
0.9694531570121832,2.301721051571345
3.4245799687298653,0.4612187812589919
-0.8747294092890576,-0.9370508420814218
-0.4308987035561418,-0.6117744686203028
2.69965986491598,0.769496465046444
-2.6396995095311016,1.2137428365861802
-2.05357478274936,-0.8357178789446372
-2.8005580072161487,0.8670630969338903
-1.2859139178715928,2.586361642610249
-1.192364380355414,1.0008008324561584
0.9311042938223285,0.7715396613230968
-2.8963480743599757,-2.603138506916246
-2.546696633342922,-2.7944235250493166
2.320187296252891,2.6595843780188986
-3.2731976084427563,-0.9209284723997395
0.9021589774201936,2.546859126170397
2.7062230911743805,-2.591392575668136
3.1948047758802693,-3.622130070724746
-2.7480367021278247,2.748811306552813
-0.9500759393628873,-1.042223202683831
-1.6322674199082763,-2.8967294743392706
0.6971435949693711,1.250165672965715
1.1841230700143066,-1.451640152274262
3.2673901368694027,-0.45877916001031027
0.7347584663100312,-2.512124706456566
3.1200566471083104,-2.8080732970194258
1.4905008336057481,-0.6418039286436771
-1.0742455723595294,-1.115388536849642
-2.591325340804976,3.061443370362903
-1.156143229502521,1.143590685560013
1.5824282321515684,1.0114141062451842
0.49785850813873245,-3.114268559048848
-2.5144628836835508,-2.77111090920623
3.279741225398521,-2.4192421929343495
2.9507177358262657,-2.854526016045017
0.9033366523662633,0.6070473626347308
-2.1348372971670977,-3.500988683438394
2.6669188293344903,-1.3424771774953947
0.3740543957585725,3.087040247494179
1.217259837586424,-2.84082617351395
-2.5156571059047663,-1.3872212773688428
1.9638137822438229,-0.9514411342374071
3.0500084096337425,1.2424335574172576
-2.9324235487879586,0.8838386611191769
1.6104840797094748,1.1332318472788676
-2.4508402143086485,-0.843022326175542
2.8567412777358725,-1.3611461140988665
-3.542095272516913,3.0354185432170144
1.4477168161925582,-1.0281816926852732
0.6219130056510839,2.795220962113647
1.5005310115251604,-0.5855189833893022
3.0113671573536624,-1.060953603516132
1.2803599790303781,-0.7688997319455027
-2.4154629433969244,-2.410321851834394
-0.9506043499316291,-3.0277398538550795
-3.1581313288502932,-2.8142803541420727
1.587001262289233,0.6861997644196017
3.2603437697258486,-2.6270756684770538
2.479767235694801,0.7749500500080871
3.3758569739987787,2.7558621741578806
0.3041264234479262,-2.993784978477134
1.2922349299391935,2.5436985077389846
3.0282414154690795,2.6442618555309516
-2.548411649054794,2.725672875150989
-0.6839428136331026,2.87329088038957
2.514050433702592,0.807275242766526
-2.7245378175474597,-2.8074201095166695
-2.434450998977564,0.9342598373405693
-2.826849559617648,1.4511651860917856
3.567955505752439,-3.485148857735767
0.9413230162855012,-0.6610345374313806
-2.0190444479210337,-2.5247981722605775
-2.1832050494321122,0.6731249070095915
1.3442912154498805,-2.555512300479923
2.482450625288302,0.25463116296350186
-2.3290869215774976,-2.3974544839768295
3.3143033598205656,-1.454299284315552
2.774378359721256,1.4652858454942748
0.8405244238395989,0.5546067884790525
2.958351596167744,-1.6494880159326022
-0.6462138584202695,1.1450972919961646
-2.7672424944643264,2.916021080387126
-1.9160504943988592,-0.7083024920844405
-0.6854656924207867,-1.008266216302354
1.5986124495977119,-0.9483174626573826
1.1050373216504321,-0.6555274643709876
3.2802632510883556,-2.9347862725808564
2.6602984035284774,-2.7767496494006334
3.2568675198435906,-2.8288833486288696
2.9560569885904533,-3.41483811778282
-2.353929018121894,-0.7458261496679579
-1.121006680531524,-0.8943782199791134
-0.47184094759596046,0.8635713292469516
0.939350935971165,1.5227320896600018
-2.6649476212553185,0.7631035379619393
-0.721655126074226,-0.4562903906904021
0.598980737453134,2.4986976721816134
1.18172969279296,-2.752184415597803
0.9112704816793495,-0.9983568347840849
1.286880501438459,-1.0532009417076236
-1.0322896177259275,0.7822479297118425
-0.2846896847545555,-2.617205807813227
3.0476216968887546,-1.9953840021587912
2.26147932017304,1.2894572609086266
0.5521433252898288,0.6444689427354873
-2.906034952768229,3.1226800538562354
-0.9717446632038917,1.129659003996465
-0.7489514257009151,-0.8013935808496052
-3.0456910630144454,3.12541024452615
-2.324458782272576,1.3275534899745316
0.8509037271253184,1.1318891280459342
-1.0002110866963125,2.815277036915882
0.6754118905040548,-3.4564099741628413
3.172116551200063,0.610287586031309
2.9480640542586247,0.7078984715752087
0.3530981210564952,-1.2290672473757782
2.8886145646708736,1.0019347213317797
-1.1293552194131626,-2.5930793313371754
2.901538053373262,2.505171771182366
-2.705699062777306,1.1666245446870513
-2.5914164177528534,3.280472525244026
2.9921448474874004,-3.4110856032455987
1.0404178314286385,0.16252657364161838
-2.6789927050523596,-2.326044761122415
3.525072042241168,-3.272470541413384
1.2733205654099073,-0.33122726093688415
-0.8619777305588231,2.4448839371345024
2.3876897713751704,2.8969617102456113
-0.5277727367485618,-2.5653051560094653
0.607603386684987,-3.1813355943138424
-2.480793122931348,-0.8187737192671137
-3.4214946179165557,-2.548540031015092
-0.3719004021231246,-0.44460489606258813
-2.6685062666013306,-2.44961039499373
1.1842694988816826,2.9288938013313
3.3928807690321747,-2.3641444388603534
-2.9341194585963155,-1.5643482516356835
-0.8133398428065475,2.333692954835249
3.1110830284856164,0.9094219387061165
-2.8774113782899087,-1.2037891928767466
-3.176861352659575,-2.9919345272216504
-0.3172963779154695,-0.744786589356868
2.6852144551816894,3.0659909109000707
3.2283274899298444,2.785683784503741
2.8093419259130705,0.8176976546411391
1.4307646909904919,0.9519281953905369
2.1584734926778864,2.720904401230575
0.31309264826656324,2.2195116385185862
-0.5656925159938362,-2.4082044402122804
2.6463723847101766,-1.1354396927371035
0.7343834849315128,-2.314798933719473
3.0488436972148096,3.2289807462885753
-0.9371500454607666,-1.0057334828653937
-1.1884876873788768,0.5820123897418049
-0.3383070633553462,-0.4102115745488216
-0.579163879149253,-1.22019176049282
-0.8703001132691821,-2.3732590674940726
0.329953853824404,0.6008295151049609
2.9744279820428856,1.4603421959167944
1.0705587767178288,0.6200973430425984
1.4373284258520989,-2.5308621521817605
2.434359589940995,0.722953660654459
1.0476450138384426,-2.0280771152902384
0.5361266855688238,-2.7579151856906465
3.4766822653169966,-2.222522824668949
-0.713411528559678,0.3925742958076204
-1.2234661161679916,2.9896801551107965
-1.4172539472360466,2.710119436913305
-1.0862485699255315,2.8128668416784675
-2.950231415413194,-1.013683656050593
-0.9905918282518047,2.4057081993704483
0.8125232380709528,1.0603011427634526
3.5547993337909083,-1.2469325841382013
-1.4517122884303846,2.521256638206932
-1.3177440755780068,-2.591221604090397
-2.6998584219146706,-2.858574905514661
2.862862619092613,2.5384753328186975
-3.2592574778951766,-2.4102035637460846
2.6715015238042215,2.2082577976756452
-2.7634085405501336,-2.9518092226165673
0.9613167057215504,-1.0270692679257425
-2.551317964487235,-2.3356370440400007
-1.1460730563838497,-3.5716191153655115
1.155776825488702,1.071644139446784
2.694603168425869,-3.588454824704844
1.0067973065398106,0.7231762261647505
-1.2731972421603484,2.7082915106632766
-2.9362087516714004,-0.7849576181548965
1.0498690288762282,-0.328904427107364
3.1103740980672585,1.0131096379232498
0.8859168735838295,2.872645983760006
-2.5058718370539736,0.5990444676805761
2.668352961858743,-0.8089184918688711
-0.3737279114723625,-1.12689444554644
2.5909813151515566,1.5459663068026201
1.0174887257544973,0.4692156675593418
0.8460671397469571,-2.848553037209875
2.9269380565071645,-1.2180447473862834
-2.8072507532311235,1.4786377432039362
3.0795125872209828,-3.4946640993020126
-2.7961289420232904,1.6714730432955955
2.9138806015446233,-2.900309256798311
0.6933480423294196,-0.9440646174112675
1.0009045393830862,-0.8091195840705692
-0.7231809998473084,2.7002419866731353
3.1815105253646663,3.3876330428386843
0.9213059929861472,-0.6767411258979343
2.8734330319011483,-2.4030502552846054
-1.3849535069031058,3.499877924512058
-0.8472558411681805,1.2279984435846898
1.0835802650132662,1.0446622071055338
-2.340322885445796,1.2145874052977992
-2.505531306307793,2.3986382292418327
0.7412628008212464,1.6847949380212
0.6846940961333646,3.194338057584405
-1.3891093620046502,-3.3218800618022164
-2.2140389223557917,-0.6644990998856304
1.3262715935209566,-0.9175864100353738
3.183825680600622,-2.3212106993087303
-3.301359844485008,3.273008431014133
0.9566557156101402,-0.6240757729442753
2.986843613998244,1.2583185703582556
2.5201733156319768,-2.4198585266207693
1.197391563243492,-2.4748299110645195
2.4737572432604145,0.7727173394991202
3.137985494626442,1.2967597997325444
-3.008515140702702,1.0086969938934944
-2.329889708773942,-0.6542125725894599
-0.5132487135071433,-0.9156498297567425
2.3726500586810793,-1.1127606952534872
0.40984262102848323,3.0228065827352655
-0.9472281496835985,1.442964830895127
-2.4048937448581937,2.373398901319401
2.7027430058219277,2.0018105176176397
0.7744966648850731,1.098839006517627
3.0847903099766154,2.5017134523006197
2.3303346814192802,1.3153739894452365
3.4170108989199512,0.2372683380137622
3.084503155157723,1.6093641483253507
1.0021574888525735,0.560981407990438
1.5329491272599065,2.952899105923279
1.1747483071065759,1.1685927546559838
0.8524466647814466,3.163633546691556
0.9543540954488478,1.2736759424965527
0.796873766846148,-0.8412276125292829
-2.7318780213578604,-2.7564841732420304
-2.6415777568510403,1.3239723548498512
-2.8383565042779235,-0.7073589331430805
0.6565057260844956,2.682743197762376
-2.751986155505917,0.0050992943699575705
1.3061486038836965,-2.9523693275036034
1.1470380076966837,-0.8662800764452621
-2.5054537466393705,1.1915586115228614
0.7083807849721394,-2.8339921799946994
-1.0407020530823843,-2.9571696013460054
1.236350318683686,-2.4521531128253176
3.2762708919569614,-3.426802889716875
-0.7957678508397278,3.189492325581769
2.6520601474636942,-1.0467918268438876
1.1965407122705751,-3.2021701825481097
-1.4356022593039788,3.384962011517691
2.9105594738598994,-0.390892984063128
-3.333984599067685,2.9730152357923916
1.3616592124562021,-1.1676178699087754
1.2653249997282483,0.43614378110782404
2.7227500494327783,2.573573240693045
-0.5027746307225333,0.5833560137084611
-2.9763813490918802,2.9700510589995237
-1.8196395541625598,-0.23988458968554646
-0.740810217795161,1.6543857672663675
0.7277904167586797,-0.42803025426306895
-3.468037404521443,0.3862187643939791
-1.432697545142359,2.8858834443694
-2.4918389668333276,-0.4564431145767059
-0.31347828665620303,1.5172595599877359
-2.2131784118940145,-2.1911460580633935
-1.5293123564079618,2.649992810103299
-3.1333066160437477,2.833056560151632
-1.6143933209106416,0.9141462622268659
0.7770998172833011,-0.8158550450402738
0.9102496227720536,-3.292623531506613
-1.139733959971937,2.4661693382481404
1.5941826211474992,2.7188102316631237
1.0028377424209973,-0.9750638173407826
-2.844682513368148,2.6627751889150093
1.3521956663079964,2.884171222093795
-3.4788105179541366,-0.8244904164505373
1.168816173809073,-2.9670522523863365
3.2010052485022924,1.245442758901211
-0.19221498769765744,-2.3720942727697105
-3.0191402385291104,1.053072942225442
-1.1179178366581342,3.028211197328809
-2.5497986516160838,-1.3137492386239091
-0.22463597361414572,2.506834525572242
3.0981128911292357,-0.5513918582860236
-3.202487968933832,2.833441123384765
-2.7369679295306484,-2.4094797056424175
-1.2096444516726264,-0.7588351110469144
-2.5882884636461214,-2.5090134358557776
-0.5696245310485064,-0.9536304140979778
3.2296299097168633,-2.486961103329727
2.7329714815435113,-3.1082661346475757
0.47455001954591963,-2.745268207845739
1.3778093398547349,-1.249119047854438
0.1727049364838681,-0.5964822090336731
-1.3383672444384311,0.5752494621767421
2.409566084527793,-2.5638519844723615
2.952863071038533,0.7013294327428191
-0.5450135973321795,-2.7738186482108222
-1.2158723248209806,-3.0813682323468585
-2.994599827681448,1.1650433720962605
2.205486442545966,2.438629331592272
1.3318551666512402,2.8670207177440665
-1.7563631111394797,-2.93356261988363
1.3816935070103684,-1.1201460074658078
1.186324735902435,2.669632206689122
-0.7547404086686947,2.8707132901216403
-0.17569681994717642,1.0965707210171238
-2.6339474474087523,2.8056742345135812
0.2849221004448022,-2.3444735075963115
-2.395267597548422,-2.198941612386406
2.8807400663599254,0.08126843997213164
1.0501010003783293,2.831928954468332
-1.143343610930127,-3.3140676830324414
1.3197257857896554,-1.538548893999515
-3.201293923427226,-0.38138086578923563
-2.4887828763674795,2.7126015007496513
0.9582322036655119,3.0861966548440662
-2.5197534216298796,2.8886703093541457
2.8423816238917965,1.074708483088924
-2.313950874311787,-0.9425660340235875
-1.264979967164036,-2.735340695619382
-1.8339389425116168,-3.250312904673843
2.7605550557546357,1.6742964574299335
-3.6731975566808335,2.5056499338278515
-1.1602113455134464,0.7260077103759568
-2.36343614767322,2.782186923836396
0.5658305574223006,1.8106076449646196
-2.8224478147696854,-1.460807094342337
-2.534784717245958,-2.728823007258223
-2.8911453000279304,2.839351492523894
2.651909362880498,2.9041052004937065
-1.1069816651281867,-0.9436565185968807
-2.6532898422817013,-3.052069503696969
-3.0182079091455187,2.421977649415013
0.5105184736215699,-0.29021133850376174
-0.6405689924103735,-3.712085796212058
-2.514112541280521,-2.7784671725682806
-2.152787474006183,-3.4316315259445562
2.650888302248536,-0.799571782119167
-1.5378743626964504,-1.497236434711328
-1.1311517566037022,-0.6977702902187575
1.0577803252529243,-2.6112502284557646
3.0361725539684077,0.8990048630814168
-0.3978470829906808,-2.2587034597187996
1.4590196376466553,-1.5477144805300502
-1.134618408638989,2.7034203371593795
0.43057282233322397,2.1808030855858553
2.7364221252306016,-1.1207347256325089
-2.608935349363274,-0.6735596395903672
-3.6509860551325772,-0.6008904244977302
-0.94672417723906,2.697046406777916
-2.6833913092078783,2.0394674068208443
-2.533585918135678,-2.8184623837705662
-2.354953210947244,1.2619337850501084
0.7047200917554578,2.8779759244542857
2.8983420096519756,2.6562756616584697
2.654761463550573,-0.021436775618855094
3.344218063875815,2.226567152468073
-1.2949712505299504,2.9066568675308786
-1.1295032043309894,-0.820105052805198
-0.9388599380620963,-1.0575246403589724
-2.847084666745682,-1.2912572695238382
2.803998787007358,2.9549904015079447
0.4580603975726708,-1.1593591515649657
-2.809966787557393,1.2822178427904651
-2.605854863922396,0.8833789726954565
-2.838073999367378,1.641737883061554
-1.0047196876484055,-2.9226774333790035
0.47386406321667063,0.8462041439562012
-1.0721805506768456,-0.6899388817388699
-1.5016889571104466,2.9353178239138393
1.3496035017698045,-2.358812727718804
-1.3551152790524452,2.3915174442589673
-3.054227934322719,-1.7676798433250593
2.4389905786114325,-3.1678580692711935
2.7298923748619184,2.4680810943206115
-3.0865479063997205,-2.635707605602961
-1.0962122081496535,2.435089929411968
-2.7889940458842375,-0.5392681132288514
-3.037296689534196,3.4151559291880127
-0.7583613559877316,-2.191439048884763
-3.006328359687016,0.9532304360009253
1.3132795386502403,-0.2702961788568473
0.8719583564008943,-0.9200296903287216
-1.209357885144207,-0.4669880642672949
1.1475304583422152,-1.0577308877734184
2.1999226290606257,-0.9420983801194192
2.9504926998757472,0.8526848799450869
-0.9954072292234714,0.502506337988917
-3.3457358050473602,-2.2914727744288497
-2.33564157896531,0.3504102656254338
0.3633433773493995,3.184163529106994
-0.7674329412095839,-0.11904874172788987
0.6004785184237456,2.402867418119856
3.041755945788161,0.6172987571478663
2.9654625704364004,-0.6523365556730438
3.2536433578560198,-0.36797135804029235
-3.146313221087132,1.7471685066083782
-0.9072726372297996,2.537612033597142
2.92826912337013,0.83795128777467
-2.755264189711706,0.8777009747651289
0.41063004511883305,2.4763424090350092
1.0822086236239645,2.6254312953153183
-1.2671975737192822,-2.6719727346037208
-2.1463705449091828,-0.9866565261439602
0.7010566257473072,0.49215060710829195
-2.8028970380689606,-2.704642305038917
2.851288997672343,0.8604806245117714
1.1401029498925812,-0.7612167453259413
-1.2020796569237626,-0.9627657644241499
3.5796283171248118,-0.9399684416125647
2.653709319429231,-3.455833867663873
-3.335632552903894,2.682658319341261
2.673467570710814,-2.394558262717932
-3.4611996310565063,-0.5191233755616976
-0.7421066468973391,-2.4217906842870556
2.918943617563077,-1.193448804473375
2.690504781020938,-2.593147896161981
0.8058973039190137,0.45893600541972873
0.9673609900378853,-2.8644353849062325
-2.3766997256218563,-0.7103498926402386
2.8595366673451528,1.1761066176938573
-1.6421033309635769,-3.2561523520227382
2.8855741441724327,1.4670350578042846
-1.2440056485007298,-2.9139275261675115
1.307343753383351,-1.1440505940146701
-3.223003080462108,-2.6868983849109735
-1.4096269890556308,0.939162783428652
-2.795259976782424,1.3400338022502667
3.504307929712486,-2.6567811190712995
1.966371268830142,-1.433039751628367
0.6333503008017808,-3.3002860740264923
3.0417218515902014,2.613817328605171
1.6760772924719218,0.738434399770954
3.134409574918619,0.9355020476257322
-0.9501499798272803,-1.106419169787905
-2.4752361754220393,2.846038511895873
3.0969792249290897,-0.9907610387928053
2.9181145952463687,2.3627239521603536
-0.8514400868547143,3.2354241533789354
-1.1429032027537724,1.1861210328207135
-2.7586946803769887,-0.9694372072379943
3.48599236316593,-3.444104242924842
0.8311907282334433,0.7100950560603575
1.0169544430018764,-2.394241408386353
1.436153317989304,-2.4984587943815275
-3.075386753421648,0.42294483801769817
-0.869709191918945,-2.879509090742607
-2.863288950977917,2.72742057348968
-0.46208242157330914,-1.0904847403666553
2.489748316440149,0.411715040519241
-0.9377975708918728,1.3527450284813984
2.9486726089491007,3.2213319014025195
-2.8467467352919624,1.1463083189359198
1.2887155937353645,-3.027657022888397
2.102381704576752,-0.9172081405152694
-0.8327545161335064,-1.6041595620523517
2.5404401576504796,0.60415484898597
-0.667234496183188,-1.6516350962165274
3.026215433747485,1.1634672777636708
2.8048677184044504,-0.8926451452136969
3.027296796771821,-2.943447174525437
2.4819884063000552,1.080229995259391
1.446455245896407,2.819700553216878
2.3499331646592228,1.925320544381528
-2.927827727950075,2.830522500930789
3.187871419595534,1.1954877832571091
-3.0856570051388643,-2.6053841696147346
2.5125087137392748,-3.204597981961839
-2.5010355973675877,3.1592850874449625
-2.560108828690065,-3.1150047110858603
-2.8379619972603733,2.9944248898950216
3.3674881830666767,-3.3404118122692386
1.1157807651186404,-2.7539876693585765
-2.1183751102913093,-2.419728637773247
2.954152326603758,-2.835830903930992
-2.1075867543867703,-3.4389087874911293
1.1980367600096824,2.869719946097421
-2.9904402904057283,-0.6800881638007527
-0.6498283831352367,1.3265482584830721
-0.8934847836877841,0.8565174852180294
-2.0596867246402546,3.88357429174586
2.6333887118915125,-1.013294431919839
-2.549886170150734,2.7564870156654946
-3.2198729516824818,-0.40285635038449275
-2.8906320507727825,-1.102697728778903
-1.0005497017922904,2.281953323488448
-2.585964544846898,1.263580517675233
2.8394529932671624,2.3277641801654574
2.565241759538712,0.3717927287655618
2.7496292706167322,-0.9465622470526173
-2.974211362594256,-0.8079367950604851
3.0489778683736133,2.4516071637674215
1.390133084021584,0.8658839563311207
-2.496397147399078,-2.3643275736167233
-3.302829281875205,-1.2244478558428775
0.5933462818644768,2.7028914018463586
2.229064823116429,2.6606918564326065
-2.730112208584488,-2.1922348091955652
1.4723474608383467,2.104993197969535
-2.0449757244348157,3.0732250721381327
3.5861702985737582,-3.20207091256373
-2.7329459886906453,-2.881563308379769
-0.8466368236709393,-3.266892039878872
0.7139841595304462,1.3861611007313932
-1.301778216982624,-2.7910223915713415
2.688195437207913,1.021396769916477
0.3705516276168521,2.7165263336602656
-0.644177791825851,1.1702351860411182
2.3746459448303106,-3.1674939503633834
-1.8869920142759566,2.987806335833905
0.9259090813844634,-2.900723819497193
0.6704391372967207,2.422720108829123
-1.3897982696125504,-1.7955412601735703
3.078489936681311,-2.764215641488694
0.35975045313377774,-2.5269800717835746
0.7250631124165441,-3.2070280636013555
-0.5481609447946366,-2.8778167150968716
-2.4360581566597586,-1.634682047435302
3.029553770773613,1.058610074033868
2.7088001163139177,-3.109989119515791
-3.106083511935597,1.1893175371164912
3.5236605117006614,-2.605324181587387
1.4944724052824678,-2.8142598948178117
-1.3180399399881746,0.9723163883751582
3.073359919754778,-1.1585097222075647
2.7458581415018166,0.5588406799451447
-3.0768155121627996,2.3947680230855712
-1.5925822276645722,2.600853374439066
-1.3212323578903942,1.8160100097756537
-0.8613655636850013,1.4621486448852279
-1.4737170443655998,2.317863783258958
-2.4708406741457742,1.0850750826385793
-0.6177638668212936,-2.7748302111718584
-2.589339457927783,-2.1395396897250984
-0.9364933383223053,-1.2697320070282287
-3.385714011527408,2.9851482357879684
-1.1714810609506954,2.4404798648065076
-1.3589299953945713,3.1222416040596506
-3.2030521759922412,-2.812199359891107
-2.21176958076648,-0.8130072324404701
-2.3689644930379083,-2.9182914140279133
0.7863190363059395,-2.993407470650665
-3.0314652865586518,-2.933634679001864
2.192154469947382,-0.6679828115749127
-0.7738707905330904,1.4089197419299675
0.8187073621071254,0.8720764745503836
-1.5689888190427035,-2.630691795612076
3.433077967040824,0.46500628860242627
-1.459571944615289,-2.6056177056836995
0.9798243017433677,-1.7376108853884193
-2.7424264121211634,-2.789096745642868
0.5394584319623739,2.2137238284849485
-0.2653123862455789,2.7260394643385366
1.1487691383754914,1.837568802598228
-2.740198778458054,2.580769008839775
-3.465836666748197,-0.6471341983159626
-2.5404728960628824,2.5925353981681147
-2.3938822369147426,-0.8945507718395471
-1.900628006481552,-2.713921083866128
2.6594502976047476,-2.792243424814002
-1.112600917244928,-3.09866622600778
-2.8072566031750235,-0.4005177624009859
-2.3651634073293724,-2.8744948079171055
-1.3607760078410132,-2.8944802835293726
-1.1973952531243617,0.24091070468662967
1.2775876408101612,-0.9159550496500841
-2.9137164375822855,-2.57972403457948
-2.525869948757759,-1.103863372914171
0.18545568816064711,-2.908340641644627
-1.1506388308114537,2.6500015656308165
-1.0499745328834946,-0.2757997682475217
2.924801233772678,-1.4715642390729728
0.6939985303411638,1.0506410715573091
-2.7254330023925935,-3.2982518917925283
0.32110040675973256,2.755691683741741
-1.935441431989769,-1.1102987374731206
2.6084078308470646,-2.9146298262623973
-1.2385101090951283,2.0822270359353645
3.393338673955665,3.0749315817574687
-3.7116252899464537,-1.2473280175020551
-0.8231598410896396,0.5764778882982442
-1.175015049560811,3.0318796633131133
-0.7134834631455622,-2.8520352427155533
-1.7620205515534975,0.6384729277455407
-1.6362949970353373,-2.767224877286248
-0.04311506399516714,1.0637477414530478
-0.6350849403882521,-2.652164724420379
-1.2071893755135843,-2.206072949781662
-1.184118168975317,2.496348168036726
-0.8992308297485534,-0.651923231343482
-2.848643999731038,-3.173821932038751
-2.972660298918591,3.398677520511989
-2.6357918946020216,-2.894522713095017
0.7432431448062534,-2.6329662011279207
-2.664434869706099,-2.783480123485498
0.773503784258652,2.6736016025761753
0.22481780527976059,3.058566966977872
-1.017103134776009,-3.029314345816507
-1.2124540377819597,-3.214383821845143
-2.134951494715244,-2.953070713193782
-0.798261403301032,-1.0594896878580649
2.6092972077847367,1.8814297174999952
3.2065649518508983,-3.3382859220443573
2.7086743075861803,2.2302374831711487
-3.2459932125411686,2.2503532668454027
0.8806224177973222,-0.5974692144351131
3.0649640347785256,3.469443925677787
0.7065574951096176,-2.9186502796809526
-2.181613894234579,1.1177363938273912
3.1122696971686423,-2.760124062504303
1.4837243730467338,-3.446450101185047
1.0427019573440235,-1.5790426008271716
2.4213171743554405,-0.11741487949446364
1.8654780478339574,-1.1621672377218446
-0.3954727369307878,-0.8894993016152074
2.8608318544727958,-1.0372267007769536
3.004721356738203,2.4411387928744124
3.0836318098821787,-0.7981187891568916
-2.252179577873198,2.638044412307205
-3.2212314049257595,-2.548380615300738
3.325663431427968,-3.5467754762009336
3.045332331604271,-1.0913977381253082
-0.5444277404690155,-1.2196895631986877
2.6308964455898427,-1.2540950909068547
-3.1445458047702766,1.585830184042382
2.8447285820766015,2.53588754241996
-1.4583500340998183,1.388655269876555
-0.4177399363807204,-0.7418189009966973
0.6859988869655087,2.5694865271897256
1.1401042756271575,-3.038522694335569
0.9924457618920163,1.952193203862659
-1.1045649865962517,-0.4666539639244985
-2.8857474827221634,0.4424484697480052
-0.7387519318937721,-0.8606163833784143
-0.8241977112465794,-0.29407919695842555
-2.5433140703451276,1.473569283661407
2.7111497420969193,2.451754937009263
0.7088559483370751,1.5239541049282288
-0.37422594440771834,0.9830950783746685
0.5389414598940611,-1.007422945364383
1.249827348923879,-2.725320726200018
2.4149455120209855,1.1468616598370185
-3.628691074541617,1.5734220092730753
-0.6316960862797528,2.29968695505322
3.565866037873738,-3.1595701712746624
-2.6742941726142386,3.0809825222948333
-1.0112436612761906,-0.349863245300038
-0.25568014365178154,-0.6512356153553834
2.9491886881849108,-3.0541278467870563
-0.08146527433893545,-2.9119789900687154
2.502479574988035,0.678019173715364
-2.5993963356625063,-0.8576828610173919
-2.842092517890681,2.994901502114674
-3.087426244558865,1.27911835753064
-3.116767741698265,3.04541131432924
-1.6670380474706863,2.2058496868585493
3.3188460002248115,-3.024538767202039
-2.860792852995834,2.6468750110024817
0.5128279215876916,-2.8098897721371054
3.087382479862343,-2.3401648265280306
2.9705395849341456,-2.606807615562255
-3.1110049643735036,-3.058888236783123
-2.884610165735572,-0.5502273395712801
-2.856241339880895,1.4742167757610467
1.5277190469554687,-2.3181908244239016
2.6220221572736326,-2.9246085640558004
-2.809059887963972,3.009890646719644
2.4836512033282836,0.7420039339397735
2.448880855240809,2.6033580484637433
3.245557351160882,-1.4754444233756048
3.2584883345102695,-3.2345539963491845
-1.1284838344525587,2.008273730872585
-3.170756576493461,1.6848721327949951
2.96159003619253,2.6553008633126596
0.7347474840316903,2.4344317985028514
-2.5663425091519927,2.6942976807471015
-2.4476633344915237,2.966141952746502
-3.12956916824542,-2.496311605037815
1.0269670099052384,0.9195139863842421
-3.5755013757756315,3.0449353229215794
1.1004813635640316,0.5960333395346223
-1.6953979021763304,-2.4555375898080043
-2.8585477373750394,0.8946720780308243
-2.5786966753237768,-2.0160716177039517
3.00799971576954,2.4349104255687686
0.4970170311090512,0.8766820663151398
3.22082460736745,-0.9256407818510424
2.9798978389573123,-2.4796299084441533
-3.0698653609208226,-2.527402303541367
-1.2781162796634262,-2.2507017095693347
3.065626272111946,-1.2870056445891274
0.5327876058198495,-2.937044522530075
-2.903480359615024,0.8917622918903464
-2.9663557396260014,-0.6625851981004416
2.5623194695025715,2.472580959067284
-1.238751113206938,3.0144223388765643
-2.985906658442259,-0.9889084454139448
-1.0715975298021045,2.7599997952864004
0.46554410770558147,1.0091978909079988
-2.663616034873965,-2.987353197715353
3.3527553087288635,-2.918711458488121
-3.0767696464745553,-1.059833067705285
2.8201253119877374,0.7113704042559013
-1.1396962242399653,0.991657298161556
1.165160207796532,2.1212889472542606
2.9451696951464124,1.1933065244979204
-2.317139651849624,-1.1363274326241408
0.6209998222433327,1.2126199067995105
1.20676265291354,-0.8280819467450949
3.1205444363461137,-0.900488680239513
-2.8678302097664368,0.2203414120250922
-2.397513084842207,0.8554687040692917
-1.1028420154000549,-2.7568346598990194
2.323766257207284,-3.1343488102600126
-1.0180185612069315,2.4513853257946687
3.216187518345169,1.1043153534519234
1.6614244411421102,-2.648935788838178
0.5344455416191676,1.2100118621455218
-1.1915358361569384,-0.6821513869165662
0.6604805315954514,2.541012478333419
0.9928891495710347,3.228149323312575
2.776062090397012,1.278205375410321
3.0473481592536222,-1.1109903775759584
2.2283167584834183,2.8782014785165297
-1.0809044553619391,-1.0586149355485823
2.12220136352244,1.0232767140432302
-2.368971756312686,-2.8130372141156723
-0.6258089789515053,-3.6042405894991196
0.7671716439728693,-0.4239913155853073
3.0220425574455216,1.064379021468243
1.0598929822771568,1.1069575712033293
0.6352261811771902,2.6625135179695185
-1.4028752638607196,0.7054401189724192
0.6727253357496447,0.6596576091500045
-2.8544347359758464,1.7627943673629178
-1.4336925769798656,-0.9415949094481997
2.602851510583763,0.48727361209540293
1.3017399619411398,-2.9445978990882606
2.8225901923851655,0.4709822121017424
-0.7896762867421498,1.1518702681013653
-0.32053442953879463,-0.596342265761155
2.6684689937425947,2.957551538474249
-3.04007426640073,-0.644361763506654
-1.070016687371571,-0.5005564161832072
-2.9809352708455537,3.18007340041718
-1.9345406370469282,2.732882006187915
2.6800226488061822,1.3126128996347026
0.9648228587639095,0.41823736496636854
-0.8661775499260501,3.1148023733412162
-2.36439410423645,-0.8901899671234536
2.726928202957103,3.235925595211106
-0.7544886977540978,-0.6817431033993185
0.21733925731424783,2.2221333886371393
-2.4156247749534643,-1.9031058228809083
-0.7760017537587042,-2.688148612443265
1.1486936569831838,3.186904778037369
0.6620492942376671,0.8148294828850035
-2.8521474111703804,-2.321316570403959
0.9704001174066463,3.1839312548472947
1.2345766332978085,-2.894689882521962
2.511885424402365,0.8016176153260614
0.9029302478110377,1.215225260872067
-1.2014861571789301,1.4751114414392807
3.2185200500414997,0.9866450339625314
-2.4840881745773133,1.5943774185163226
-2.4605843002129344,-2.7115665342508213
1.1681970298456048,-2.78908432888951
0.7857090014312492,-1.0023668263614798
-3.137754909515786,3.493843812095932
0.9332598617846236,-0.6408920274051717
0.43410941134403075,2.849225135120899
-2.535144464491489,1.179792071040581
-3.0394642296808088,-2.2554613774436407
-0.6807166811217871,-0.6131601207822848
-0.887696845623225,-1.0410345693811245
3.3496344879677884,-3.236495097177285
2.2789574809484647,-0.7533662306883215
-2.703452142167683,3.3857770499856294
2.8451184494383126,-1.014645783342929
-2.846957385292314,2.8986276404692433
-0.8313159057256386,-2.8401106086781605
-2.2023557709265305,-2.655756744100142
-1.2726238191883388,-0.7536936957273273
-3.1373612200672003,0.8463253233414257
0.4295503202324909,-0.6748461884877656
3.1724198911050405,-1.7259595136073524
2.68998762273602,-2.167739464850674
-1.8594239945591904,-1.1570841470418487
-3.0784442053351984,2.7029409532673423
-2.9584299964108225,-2.2732155858866068
2.59739979195888,2.3614655902992427
3.397619945869109,0.8011660773020066
-3.7001422236789394,3.0951569145472453
-0.49891688274768364,-2.333049548499832
2.7964946726301507,0.6343384280565545
-1.6643532948781576,2.234088951663281
-2.6767000759920307,-1.181755746603737
-1.418040198429304,-2.074369302597096
1.0801156889882821,-0.5189636632149134
0.6912714298483942,-1.0484612801993844
3.4612298181209273,-2.97681320161228
-1.3603442645533617,1.220506095869813
-0.2506802053616211,-2.6746724309475964
0.09178183246709067,2.2981718168278835
-2.701434032486544,2.742242082908747
0.9991417587510989,2.5351406447024956
-3.555545882000972,-0.7180733299327999
-1.7941834142098196,-2.5871539319184915
2.7180923708873275,-3.0959075183808844
-2.8628652438860898,-2.855055601544251
1.1156133697283082,-2.9046394922270657
0.47170082636110533,0.572921336674993
-0.9365370380701795,-0.5909599802405927
-3.560386211510109,-3.01542120769215
-1.4805786783736246,1.2587476328178966
-1.2121239320320287,1.4728700068164364
-3.0922202635276266,-0.7807453973668214
-2.2672787193729236,-2.069841125944581
0.6349083854636396,2.546366265303285
-0.16749119972930518,-0.7788623983314569
2.4962236461072096,-2.945654309784286
-0.6989152566690011,2.332123828852313
2.975063613070991,-3.1271746622442382
0.5619426089129792,0.6117255626359984
2.742343553128111,1.3598135305157424
-1.72407386653943,-1.3447690310617462
-2.8549859036166545,-0.26258265932809693
-2.845724547165929,0.6020896520696418
-3.0779675316006374,-0.34801331732979157
-0.9939276670502305,1.9834389295263326
-3.1711707516349614,2.390395588765351
-0.9476937051263897,-0.9971337637347741
1.2210332645028152,1.257358525213012
-1.1320756007920103,2.661592679708389
-2.5362084503982922,-2.8514749557671473
0.25357392827966097,0.5304829726085644
-2.9917707836924525,3.2232209303818613
-0.7638167789530177,-2.3630716917293384
1.1020703948109105,2.5684685692545743
2.791185046374674,-3.0512710943446075
-1.4175365675051907,-1.3247521275509764
1.0613874545266078,-0.40412165793697735
-2.908134047555713,2.4251272268168154
3.258340413878158,-0.46949110098520364
0.5070135681687089,-1.0741910688917449
-2.6604735155928614,-2.900168482325768
-1.1324475811672312,2.5165386578555013
1.0770252011664916,-1.7712352669041167
-1.3851774885420773,1.2594009657106848
-1.3433525409140088,-2.984791740892072
-0.8844651793211464,2.482411179544415
0.8533761125261519,-2.4125950031510595
-1.5937262104892522,-1.063651007679774
-1.3043448188298088,2.7500498245550626
3.1974301788412305,1.0224617017654285
1.3866602464079503,3.706505801828603
-0.7993877641344224,-3.193896331959367
-0.7384864055625464,-3.288763942155291
0.43216262829521185,0.9947562467764602
-1.0490757377545885,-1.531175205284135
1.0122069688094497,-2.7818914696513186
2.8226458602393634,-2.836854465216459
0.5719649862369741,-0.35010159726868045
-2.514103420011897,-0.5869579290052344
-0.7233585993065893,2.805129470317412
-2.5459471621413665,2.933203654341681
2.7789059347902687,-1.6482374818661127
2.1717792598575847,0.7289083683213361
0.8052445959016087,1.2070116524950405
-3.0655205666677756,-2.1935874590548337
-2.2862514182758806,2.3798712015843777
-2.524657491073679,2.3071045948673876
3.220801000200607,-3.370332731657798
-3.1100391614238276,1.031883472434837
-0.45767718668561136,1.4598718815723264
0.97474078314932,-0.9502091668722591
-0.590283891782941,-3.091350138713058
1.1041720430715813,-0.8549307319029968
2.298351512214317,2.2645127671169654
-1.021759424501645,2.868192908301653
-3.288774129941885,-0.18895261803862703
-2.206998871407211,1.0507223617094652
-1.3033881822151794,2.838415426214897
-2.5397920289670606,3.0765369864076964
2.857178354777561,2.305554119658469
2.1044000881921114,2.849940811334825
-2.4288359670378847,-3.100601849441932
-0.44414061078053696,-1.4666405965430305
-2.8039689714305993,1.4109295421253096
-2.5159339695518943,3.5302748706044436
0.11384994662496899,2.510609919922493
-1.550539543610386,1.7027568259481278
-0.9576432079812964,-0.825879733652028
3.259278096289988,-3.2566413877336537
0.8516310736273043,3.016308388968215
0.40754043775895044,0.7724031022086931
0.9883174431427088,-0.6139709118695178
1.172066425738819,-2.5973618265750043
2.4122274683167633,2.510642272938177
-1.0240925191236132,-0.6615709014676181
-1.2232631153657387,1.9565679905106548
-0.9068989559498396,-2.7525595605252513
-2.4273083115005867,-1.0601023312559055
2.5968313461983357,2.507810404417531
-0.7554856848135911,1.0991291649837485
0.6594247810609337,0.8902514308893081
0.48325584031006585,2.4412560399867496
2.286232541379428,2.6613963594052508
-0.86239409494455,-0.31702293215367316
0.5326895445915811,2.789965580923519
-1.3605235348881934,1.349215666031785
1.0015105750229802,-1.5233814446583562
1.3445452091006544,-0.745825726249791
2.8776768981996725,-2.5036782095323495
3.4587837770398324,-3.044042142149348
-2.474085310260912,-2.588017074359174
-3.1595757144550563,-0.701142844499313
2.88489351469005,0.7354166608620051
1.0588589399003103,0.616274122582945
-2.9957795086381913,-2.891980663822374
-2.499131010546739,-0.9317240523875083
1.574660183542541,-2.6493373135127425
3.342240837328461,-1.1600140647150923
2.9066155065425723,-1.2149394908258668
-2.8286513170107668,-0.8509888575110179
2.1997947305345944,0.32357787912359676
2.949058072750813,-1.0889613694679448
-2.5080869904865404,3.5083816317883674
2.8765411942437105,-1.3489335265496798
-1.3491840634324512,-2.4258545604518265
-2.5538018878869484,3.382747554713632
1.0183016790398125,0.4704203214009065
1.0645976569990203,-0.7514736936585212
3.4553224531855835,-1.4020318960562406
2.761927313920449,1.3589488321682468
1.3502191917655282,-3.4244139676659446
-2.8470046599715952,-2.1140921309602367
3.2889009842958425,1.7967168629551509
-3.0719982667386705,3.2485452822991174
3.553783275301653,-3.281031312440476
3.1158886564534565,-0.8963337766868836
3.2911585478483882,0.9542719821416427
-2.3498040022182813,-2.14292272343198
1.4848265602327542,-3.126312774859034
-2.8018246939390288,1.4331608346210005
-1.31705816728241,2.7912789536172666
-0.9108883882053465,-2.228237604442109
3.4017431025744167,-1.137095221806825
3.7465299193433137,-2.5503222018738
0.4460370520332538,2.0101497770035865
-0.7542411915145404,1.102661794522141
1.0566246523276144,-0.7133667217215353
3.6289587422069403,-1.2624028901368305
-3.110567529347573,-1.137070209176848
-2.157688938547975,1.288725448186366
-3.017684407513088,-3.0027519403152767
-2.5960577817204107,2.3112163809082826
0.4660355443692215,-2.668874395678671
-2.4512742601544484,2.4708185496652555
0.8089054700270676,2.1775540802347395
-0.7053443521077057,0.4263044986555289
2.813220029955006,1.0680916632792015
-1.2594971769721668,-2.955945611608229
1.5085011216227422,0.7704602203429667
-1.2944254440267766,2.837883982935386
-0.803594138808995,-0.8025806996089692
0.22728389334044802,0.3764939195397115
-2.408954818535085,2.337624153164766
-0.6253287741566784,-0.9193353046975776
1.2146147554307203,2.708776739196981
0.9460172530102335,-2.4622054467230576
3.1894611590699786,-3.0573396158912254
3.5533819782271894,3.2946685460091847
-2.9081175766736056,-3.0974879857575623
0.814476712334775,0.6735885039070726
-1.40482651709332,2.514766616327631
0.737404184661186,2.3261443574753136
2.865713556121319,1.9836933692006888
1.1089424622037236,-2.6860829696307595
-3.0984277449509805,1.3918840364325684
-2.4528480823852843,-0.9645153470310776
-0.5612144728463025,0.6754754138962364
3.0418258700373997,-0.43511639731794505
2.1380256015856522,-0.767747913046118
-2.4703364881751004,2.542700431563897
2.9788647846187724,1.1062631549019388
1.7311940028588748,-2.8321867429396144
3.411227108049056,-0.9492884597042597
0.9634011392777265,2.9720641236737784
2.2277776749708775,0.9164587519581004
-1.1393143079709556,-0.1207994622080217
2.3950867160832394,2.347945150719048
-1.3622711825907872,-0.17423115654723784
-1.3713618312072908,-2.5908402181075827
-3.2170881108684126,-2.381673168745046
2.845821254310388,0.5869206935640822
-2.626148155274089,-2.415159951720196
-2.466448427534421,-0.4038957312188446
-1.3081510989373306,-3.2096391549892043
-1.3200572921005596,-1.1614138835810655
-1.1423987498644734,3.5402141028820533
-2.5189534145595647,-3.1036657489097834
1.2307937819968024,1.0730429996553674
-1.041851823736315,2.412651347168288
-2.6538365462815188,3.1617324386398526
2.3398346725613575,3.382961361997603
-1.3127621175314694,3.097778071124345
-2.3736521987153316,-0.5410158155326485
0.8245791839060284,-1.3238036260195505
-2.9899250016349006,-0.5939060207346719
-2.6886978104230397,3.6419359269299694
-0.6986112069823182,-1.031250422814103
2.869517164288381,0.5280435200854191
2.9947782397581952,-2.482888837090545
0.9379485731164707,-3.0794701348945637
-2.475060600866264,-1.0279421391533838
-2.6534183516428596,-1.7958163274352907
2.6211886016046155,-0.6890613475665311
0.9050169298565257,2.944431553240948
-1.7093516355921263,-2.5977110413586058
-2.7852530037037395,0.7720773392633348
-1.0771098615112906,-0.4700108323237293
-2.2628118768062864,0.8594694122847792
0.7824875452268247,-2.7624034000267974
0.9725529660727741,-0.5971003219493178
-0.5376533570767238,-1.564015637858089
2.8440570297935874,-0.7804241949449837
0.6331244775472917,-2.9351691239270825
-3.3313788737132755,1.8462984132060876
1.3594749628422806,-2.718355691866978
0.35225521143419053,2.877967997761209
-2.874898523010391,0.7628233079670487
2.7573362757023614,-2.708244317972132
0.7830730691857561,0.3161015097730298
2.350366244797664,1.4407393670163238
2.178260154297902,1.3651270964737399
1.5378287998114355,-3.2067219898746755
-1.3709108081989914,3.030316690248982
-0.12405990017973433,2.9581446000400913
2.635081734962563,-1.3684061326393129
1.0872776518614242,2.6502526530472528
0.8638063542020568,0.7993176770211047
0.8189489504637956,2.3964251610098364
-2.8616371978218407,0.6425382189281734
1.5245327297202842,-2.485055562131502
0.6393859791126231,2.365229005769132
1.3485941909234316,1.4820668956222618
3.3194036221046104,-3.2380404113759336
-2.9708680570747523,-2.3218111335052454
0.8025501247289261,0.30470555770963204
-2.4163879959166246,0.9558932239098923
-0.5624574156704187,-2.783041008509169
3.208293901083365,-2.7671493071034714
-3.277910819350445,2.761567177266027
-2.0591870375084973,-0.06812984279515798
2.534043942253874,1.220995853749497
2.86477282030126,3.0540822517205055
0.6052759194089564,2.6337377191696913
-2.6292880823234133,2.683966307306293
-2.950029708560881,-2.0521997002562857
3.6717367166931356,-3.5605215296615054
2.3298041851810143,0.3118596071869716
-1.6279549989037916,1.105180407503003
-2.8702837219438404,1.041016310442348
-2.4398084474238835,1.6104952974115483
-0.968232434202344,-2.622074040401213
-2.811048408506211,3.1502271708522582
1.16726542671325,-1.1731481164222943
-2.6556924887648776,-0.14516626110754427
1.279726310604174,2.658746173546341
-1.1662287477726065,-2.97227133237189
3.29956508237978,2.4465598060662903
2.4368585735307895,-0.6533379257413088
-3.259402397985872,-0.807815270788475
-1.1672088126289264,2.5353247813995705
3.045262466907322,-0.9840534995612941
-0.6712813677804403,2.017324956050687
-2.5418653334140298,2.3679471700678714
2.7015983775907495,-1.1339823315005337
-3.1824872806308426,0.9822177660992738
-0.5425321809433636,-0.39818452307444063
-3.09152593845627,0.7686945089069254
0.779650216576831,2.5384730983567403
3.0435292773558906,1.3258285179105191
2.9857365099618467,-2.6100510722464296
3.5561179111733003,1.4444262509903785
-1.8402609499822455,1.3566627217277483
-0.4607898698373985,2.2597110576165917
-3.1664233434373705,-2.6158341665266405
-0.5680322922316998,1.0855174960934746
2.6145583688607337,-0.4434177271683412
-3.287043910048762,2.0508185123346627
2.914569343160266,0.689056511973664
3.5853381293497093,-3.061922745808889
-1.209653808774698,-1.991521859928
-2.2154681750015883,-2.28406565754133
-2.8757522109574114,-1.0897011359355009
1.2450479705090811,-2.452191644585419
2.360089739471604,3.2696910033301596
-2.593476126433298,-3.551018383617657
1.3033170570333008,0.5098917228456706
-1.0853468492203435,-0.7044637157756453
-0.7966928202928152,1.160062120602719
1.4021832518390638,2.4568257024746942
0.9730236742084303,-2.3917815348397404
-0.8593061403644757,-3.1784377536715303
-1.5602478901997647,1.1130057000443718
-2.7496673711570074,1.2160082072003422
3.12733115754116,-2.5500432419396972
1.1037861513500984,-2.7957573477643995
-0.8716709779667352,1.9803591474489846
1.0996113095282165,1.125278119282164
-0.6464263919111225,-0.655484363548136
-3.1136167162024684,0.6814015886786555
2.8220946869829864,1.1168369239334308
0.8560314368182526,-2.8370543081395603
-2.6202452848400775,-1.1613600207168269
3.3270072910130133,0.33601289288421027
-2.6073402337526788,1.2946568132332348
1.3482584593827183,2.462159541075186
2.8640018389809443,2.4663842502842845
-2.360746030235192,1.7317028449574727
3.05635228240153,0.5180207279011609
-2.9359336504257327,0.7713638441948524
2.680107346248978,0.3991783889388926
0.7965957280657328,1.4387317916829183
-0.4961504676026563,2.804143080759367
2.868448171248351,2.793935750839297
2.9321216217433115,1.90703580197945
-0.7653494915380963,-2.5092198921841415
-2.6846078241627116,-0.7268433294150096
-2.6459844858365904,2.1928665695779173
-0.43572293203667795,-3.2425978169838787
3.052157733879646,0.9104967191002714
-2.549971002437079,-2.8102940125093627
-2.616720970623862,-0.8040437530561081
-3.227426486002478,1.133532591582965
0.39773753857815153,-3.025745255877645
-2.415977148728217,1.564255999376508
-2.5917107672755595,-2.818417339438967
1.1172765389292476,2.6913364875399273
-0.07215801069563789,-1.3025074276336994
-0.833936184761602,-3.261695549822705
-2.8955752625335642,-2.4513809292158375
-2.2869854080272574,-3.0673876803502997
-3.225138635795004,1.2701913742979802
-2.4617919045738073,-3.5000096286605133
0.4636246787411032,4.011931262887153
-1.0176186349390628,-2.6620318513696777
-0.5034493803869063,0.24428757353001473
2.8651383094492755,2.6836091096233528
2.759158854122704,-3.1417698822399784
-2.997341304584044,2.3025777154087526
-1.1317352401971539,3.248904560374149
-1.2989904626745958,-2.436756290647948
0.4951619209185244,-3.0779538632825485
-1.049486340825828,1.3964592961154112
1.0724496296314723,1.3541837876066638
2.9383245811257424,-3.0712937081719427
-0.24253725435001053,2.971180353787486
-0.8724391171815737,-2.6674098408328426
2.3587530343508236,0.9038678877402915
1.2295525576307216,-2.656233868301519
-2.5981319394776046,-3.177939503548156
1.045680091294173,-1.190706359204541
0.9571776733759958,-0.97525320884177
-3.2428797126937545,1.3425416199674596
-2.0529188449703413,-2.853263786600426
-2.100046297031469,-0.6091388209662048
-1.0231125208597052,3.2665643180229615
2.8663600185728533,1.7788165768595654
-2.8061448126684967,3.3500430424757925
-3.4466870178377578,2.5427330661767247
-2.528848062712168,-0.7154152603112037
1.0833525987386532,0.5742024145456871
2.4830867292861822,-3.0821698982764696
-2.761207354612027,3.231512884016365
1.5437431808017859,-3.111764300889675
-3.0704532097116792,3.241074943232737
2.7043521727841497,0.4901644757647959
-2.521388166604186,-0.8016892592773688
-1.4125179793221116,-0.6554791125294674
-3.026249151387943,2.807900739585208
2.519151501116368,0.9166719305047399
2.6357658952804752,0.29290394461598834
-0.7317927491751459,1.0711723012068373
0.9915510390670441,-2.1198677415665976
1.1637996519201022,-3.2945043180902283
0.6072071233241166,0.7329936523535964
-2.663563280181285,2.819158011083523
-1.031901925123562,3.105861022133908
-1.52401553685533,-3.037695847008045
-0.8514626363450655,-1.0512853496125945
-1.1843833610339278,2.9947943728130344
3.105237223276374,-0.36844356892711383
2.5302598294015946,1.191600626689876
1.4969707704809074,1.059000341628945
0.7804726356267392,1.7787099134676452
0.6714216832768308,2.54744712637008
-2.6989308165593875,-1.3621157338642929
1.093700961125749,-0.8515935515302409
0.6699273672642335,-1.3075091853543463
-2.1044980332027987,1.5497155904463558
2.443201011268394,-0.8956754523673252
3.7442936977811017,-3.1836363861441415
1.3365668338767553,0.6397042485252467
3.3008153883752507,2.5550348689326765
-0.8295743886158535,-0.7581147045510356
-0.7116956737627065,-2.42154476928618
-0.6573784519387902,-2.538951250288513
-2.7427169553376753,3.1570297876729754
-3.1454483160737285,2.9439726635846624
-0.9648193852042258,0.8982441888616097
0.8437175754856361,-2.4651045826546936
-3.5522071498481855,-1.1716528224283385
0.9441876642666092,1.0990925433965308
-2.771158592179097,-0.4984420534075659
-2.719168372795518,-0.47035411608082767
-1.4532903406491207,-2.7223869620659036
-2.7302226969101735,2.3939890491861484
-3.0377829525601627,1.0126978772966164
2.9345903711875723,-3.2570876977922443
-2.8083537979095543,3.1123659252651072
-0.8754636520145448,1.8645146614922068
0.7402019908709022,-0.613541234270971
0.6439135062974002,2.845371701884937
2.81740362101571,-2.9987137332812313
-0.028243470931502524,0.9703181934130609
-0.9578388505485771,-0.6075296614637908
1.029498786913617,-3.0906623794000834
0.5844411847902446,2.673833184256137
-2.775432433897997,0.9938897718137384
-3.080744118659911,-2.8055370438212073
2.6815063610849954,0.6292887603816277
-2.803105700098339,0.5478971530730672
-0.6982876155163921,0.8214703183341175
0.84985300072017,3.4171543667287656
-1.12470078954372,-1.4528097349775937
3.2518129424385775,2.8782461786371276
-1.2431706059776155,-0.649722559626369
-3.452984906779545,2.474620240438418
-3.404215423891333,2.8389594305173524
1.9149700017691484,-2.5624800182577734
-0.7536006920981095,-1.0089016913864461
-1.7405334183987655,2.750320200613449
0.664984148623001,1.3260985136965344
-1.1539821233945442,2.5384331292924682
2.6895891801522014,0.795160335799359
2.5797401804874465,0.6984065346827556
-2.6424036661200248,-0.877600555363984
2.7402091145875507,3.372030400478111
-2.5369829301625306,-2.8492052820567344
-2.510935214892633,0.8163200200497807
-2.8042741278915297,-0.2299191248803544
-2.4823013239024783,-2.2492505225434756
-0.9829772242828629,-1.243413061689499
2.710478855880365,1.0751128645328665
0.9060129870416764,1.1803955198729505
-2.711576514619295,-0.4466400451217414
0.7670555626566798,-2.9702538076887666
-0.9747609649092721,-1.567343679376415
-2.5234399133279437,3.077442899505939
-1.5605894150077304,-2.914871974201689
-3.294251952053963,0.8031429173708019
2.6176633880318234,1.204524478378779
2.2855611316609576,-1.5039570357577088
-2.4030299587315445,1.6030561755864496
-0.9850555112870714,-2.6890997011657225
-3.0820404629820826,2.6394425959432253
2.627075511376105,2.2525990165607888
3.2072750295201464,-0.3881897051932822
-1.5820543482777627,-3.2271847689467545
0.9439380820078955,0.97797379553737
2.7653300008569364,2.8252833758394287
0.7953635673191262,1.1579623099433327
-0.6913806163393487,1.599537830811166
0.7558097001938023,0.7538817921739612
-2.8849631192512875,-1.5035139771100066
-2.6215036180439637,-3.159752238870563
2.9637860306271606,-1.1289319661309123
0.7928344427105678,-0.9797907821242158
-0.6309562506433654,-0.7506200310365573
1.001071816917252,-3.5090229890993494
-1.900012459752448,-0.7427608401531363
-1.0267659076641291,1.2114916661116113
1.4022182894703323,-0.6501239625874068
3.2823747640961605,-3.3025574705295684
-2.610730361995925,0.9400932995546234
2.4697341504482972,3.0551623697132455
2.4877865569221145,0.8587656636930023
-0.9912362724913131,-1.4555739094436468
-2.5046974949316136,3.0579411836309602
2.7020759390578215,-1.3800566539762378
-2.582579150758042,-1.3848052255271768
1.2517325915392215,-2.989588711525214
-1.0488690741748277,-1.0825266890629683
2.8052597396289722,2.4272977252778776
3.186239512238863,-2.7409011863770143
3.3720631592438846,-0.9122333125135991
-0.8992747711255064,-0.7979779071766785
0.7076162178533864,0.9472890873726211
0.7655663358146402,-2.853579072349208
1.087430082309302,0.7982464365034546
2.4570609584213905,-1.0369827234359308
0.9821680362997252,2.408880488779334
0.2604653844389231,-0.9780201771733007
-0.2675579222826723,-3.1446599599016523
3.079335451201813,0.9333333979906203
-2.8993457036851575,1.2792215651368766
2.567755012374657,0.5156925273968374
2.7022331479248884,0.5569714230044466
2.7063044307058584,-0.9943018600733331
3.105797349191019,-0.8736979111703816
-0.7237297564928526,-3.033843395913098
0.5548289411986959,-0.842057028241323
-0.9106384978128744,-0.5817352668982754
-2.6702826790771805,-0.5917425234160673
-0.7973897289160138,-0.31969920348130487
-2.5540224132707827,0.8893136616435786
-2.751199679891815,2.7983352788714018
1.1733808997965034,0.6058020702121949
-0.627750486166657,1.927302071188114
1.0844991698544946,-2.777622226762247
1.4241209438523525,2.319942717327684
0.34247826981063545,2.451062085179823
-1.7388942419365991,-3.057148922602294
-2.362820350995016,-0.9137443851926901
-1.42968183584287,-0.7599842728981829
0.5084654785778104,0.7540433457196704
3.369808700648166,-3.3390888032393025
-1.1756207804744863,2.8129982421869495
0.4572247234057701,-2.162219369354313
-2.5514640987492747,-2.781275723783963
-2.8735685504333714,3.52851955705099
-0.9775764666360905,-1.4999581167565157
0.8952279075145785,1.001266125385599
-1.7150622389796368,1.3810081305388717
3.1319202090297464,0.361437229037719
-1.5595687720587443,1.4017245167379035
3.4648066639727766,-0.8149012994596292
1.0706315034237235,-2.490694364291174
-2.2014471693575914,-2.3747030912016007
-0.7705968270385982,1.2109744662448303
1.7284458145792645,0.8474243026832398
-3.1278486460119552,0.6645680292999132
-1.0312885909256295,2.81418464379176
-0.761174307765846,-0.5541050895348255
-3.1053330729521336,1.47267907324838
2.922144746283865,-2.8753331833158065
-2.6770964414095366,-0.7521562455301196
3.1090469376093917,-1.4671340069203784
0.7202587016729095,2.952580787930262
0.9521806507196046,2.678830262745942
-2.466287745257546,-2.9917108310737306
1.0769903808112593,0.7657835184269757
3.037525121750986,-2.82922717346592
0.21673322453066127,-0.7164806546359486
-2.730622540136408,-1.0355976596964116
3.03562586748227,-1.989503160809387
-0.9346738546061412,1.3794519977174289
-2.2816022841707073,-2.5000220470977936
0.659170911806403,0.5262920183089399
2.7038009526929145,1.191665743225815
-1.147265506234748,-1.1465348401855358
-1.2322118598868141,2.8686813900855777
1.1140322816981767,-0.3694852842943655
2.499476820007136,1.795511760538919
3.181518744015979,0.9535219008493624
-2.6719635780989552,0.8966532455583167
0.6129451999706719,-1.0333560090663096
-0.9187657447941726,-0.5196742549676499
-1.1656481402044718,2.6631744616470243
-3.4634293144288937,2.438320896589175
1.4416027340487927,0.46919644255260234
-1.6292828235907768,3.3352551676989246
1.051005239228012,0.858172277642069
0.5524051200370957,-0.5845357215243433
-1.271020550176178,-3.004584127306656
-1.6711491744138067,-0.09667817576054287
1.1207402636987156,-3.418137990069823
2.9973132852282416,2.9417813087527867
3.2335025133819464,-2.4272681564297343
-0.924209952545989,-1.077710646109739
-2.482694322056479,-2.8089311253900204
1.1581190969697681,0.993977651137032
-2.7593348800432578,1.1264952506965047
2.8216906808132394,-3.2746474840536686
-0.9118062736692869,-0.2087629758319064
1.0870814856979742,-3.2342549690105455
3.204048170877739,-1.042655860890626
-2.8534124682169586,-0.9039246266351574
-0.6456608381543936,-2.678005625268719
2.670304118649956,0.9832720176464279
1.0007214995807217,-0.5838292461546395
0.8840601292084478,-1.3868607248772447
3.1221092373832176,2.7587058236925137
2.9979784005051258,0.7680402741333038
-1.458874742378426,1.012496236599149
0.4871065327102221,-2.524855436207152
-0.9970998028813258,-2.4656063966737736
1.0617977715519349,0.7479607859836072
3.065288602259191,-3.4430863132591836
-1.4139487082035416,-3.092088243886755
-1.201292907380217,1.6137317288162236
2.4750105285421253,-2.093833915609404
3.164664793964586,-3.412509577053222
2.7236100948387842,2.919366035250062
-2.185157190414719,-2.6304661334875834
-3.2037607156890613,2.865988185891134
2.516523329223429,0.9063523123944244
0.6095328165013246,2.970861950458337
0.9811779204805773,2.8302739700095474
0.5349603579013438,2.7280630024783994
-2.946520140429697,1.0959268476730815
-2.461881987296376,-2.549895447133043
-1.7535616929254498,-0.14994154857761433
2.9550896542314007,-1.0898779992411307
-0.4231724001650973,-1.1197221948988836
0.5436666066059453,0.707510339285623
-2.5900092200805234,2.496085361494309
3.229192166433732,-0.6435581740675353
0.8831731393250569,-1.5831254047321004
-2.381864890390921,0.8699714836068
-2.470666317344563,-2.790005454439263
-2.751253517034077,-0.9731493292874066
2.8562133361372894,1.9973959384405289
2.8552788979421404,1.0998957062012202
-1.0479355234457723,-0.4248888947646187
2.0529204454175853,0.5106243943698506
-2.6341611291271696,1.0825539865941005
0.2380597586909627,0.8873475241555342
2.6483941976404055,2.522036546729578
2.436837020548695,2.394306708900062
-0.8704194440832252,-0.726353568521772
2.474874447576761,2.3979995485039685
0.5924660908724699,-0.35529168251522686
-0.48680172531720495,-3.511125825604516
2.555807508539828,2.4675954452630604
-3.162151194684305,1.8318309086473183
-2.7252059293994844,-2.8164820162432793
1.1963912895649178,-0.9373543433141113
1.4497659177255873,-3.387633844360099
0.7896751859382254,-3.1952702674842137
-0.9680025084843684,1.4034176013440005
1.0811749878146275,-3.4483495432237072
0.8214085819941613,0.4738509217602053
2.3742290223725098,0.9833859667079046
2.927213112499631,2.770021441530911
2.5786325241309327,1.0661068983321844
-0.568891143549075,1.196731249955293
-2.801532573893733,-0.33343925718221484
2.5238149798853065,-3.010152834208252
3.2142429469773712,-1.487223728385447
0.8157017428072219,-3.181780254074019
0.6071068597027339,-1.0246991543934825
-2.705234263869511,-0.5384661012839498
-2.6797254435049673,-2.3782201819640036
-2.244041555646809,-1.3102150441571743
0.7333092645867085,-1.4750013947295404
-2.5618493999063774,-1.0346540695788393
2.083310007015147,2.408079711976785
0.9682218856728069,-0.904491206937574
1.0033994771015067,-1.3296677947497362
2.5850169484301713,1.2406211349437573
2.258248050294742,-3.4885498822196506
-0.9687388766770489,0.5156332601724962
2.994887175455324,-1.2576025267465016
-3.0484717859175166,-2.7971636894458247
2.9065011479686342,-0.9276519817972696
-2.9541047933248543,1.3153766006529093
-2.738239451841551,-0.2942226773708188
-2.898713949359071,-0.7171199314138994
-0.3025034015299932,-2.3486946316490216
0.6941877800988797,1.6976990309783802
0.4633746530592704,2.895998364930692
1.7038001855678402,-3.084431989600132
2.7997598195523565,-2.6152665795971446
0.8782421925991908,-1.217493792900205
1.1097739143846004,-3.1749614891702342
0.8451062598923663,2.027982400995966
3.0264035129999645,-0.5447874297184913
2.6845873835040814,-3.6798667688277003
-0.8413654265598515,3.426446965406739
-2.839916656226546,1.2206547996642807
2.9567002316413338,1.2177798184974236
-1.5673202567086726,2.307828846090262
-2.4473170328259517,-2.5857231546571735
-2.972960147473375,2.3058425237729048
-2.0615598566392683,-2.354394704856082
-3.4634678065086737,0.3217676590251258
-1.7449328590385342,-2.296454141232489
2.1573418488815252,1.8809459217393794
0.8428414815300616,1.1185336715015728
-0.9849209832041118,-3.265557671851953
0.9951869196228791,-0.9871204961473731
0.9526739841445269,-2.2989783395368284
-3.113029181440992,2.6726481817031815
0.8600937421469201,-1.205257303238237
-0.557323246951294,2.749881087038504
0.34799829825512646,-0.6560851766180685
-2.523993025431753,2.7205944363332213
-0.713946192781592,0.9431680195726881
0.14551633394284025,-1.1903929691840818
-1.3213248174909658,2.953638591791566
-1.1861723393768595,-2.440787211817794
0.93999095986489,2.5343802678843135
3.3346793636882297,-0.9764060554487348
-3.6384482414344874,3.04864571181362
-0.5176624528572423,2.5035444946973406
-1.1298825254756801,-2.9757590812062062
2.8436064237329695,-0.885641577230142
2.5282446307147617,2.4111947862179157
2.7484991339654075,1.2548249102385138
-0.9906665152253097,2.0308673174148675
-0.8096599259559806,-0.7668168715676092
0.5459394103865113,-3.271330190768351
1.147692643872101,3.177069479742271
3.235837138032846,2.8953469836425714
-1.3836063109730865,1.1706113278949646
-1.2988858546626578,-2.221833605998654
0.43596296862100803,0.7176377621372952
-2.8254645244009455,2.805182544240222
-1.127543643363015,-1.2816232130275216
-0.9697519075142248,1.325505817781819
3.1497012894954968,-3.0513933685016856
-1.4261176233781947,0.8994229032298797
1.052122949053118,-0.48413419581195555
1.3361704045835743,2.695187864221706
-0.539067818977972,-2.5137853146439135
0.11662160422328238,-1.2176193842394591
-0.712668393350792,-0.460126857937742
-1.2325268019777618,2.9806920944730853
-2.8647833846917794,3.3942425025442784
2.5907483484233627,1.213521798328434
-0.5712133541565683,2.54415042307627
-0.8549035121869344,2.441879528689082
-3.342646164405457,-2.2763271138182364
2.6614584045301592,1.8824044947107335
3.1263117234664395,2.673225777768191
-1.1179299692360558,-3.136424673430477
1.096648334031612,-2.1224896911989037
-0.840920337129589,-2.625925049913023
-1.5725801205436545,-0.44438715238307275
2.769714652078711,3.1955264626877304
0.6932417433755892,-0.45963370341358734
1.0498459707603396,0.7024638838782811
2.84962805792977,3.3919128423603975
-2.8234517630513327,-1.031890078577099
2.7578003794781765,1.009407183543478
2.94102385027584,-3.000468649094391
0.9182872928278935,-3.2427215079808063
-0.9476639703658462,3.2776627192247823
3.079652757522744,2.615625564180526
0.9844524766542769,3.2105465267492663
1.5626093808202002,0.6616015154075431
2.6982946089810507,1.8425599709014988
2.8192290486728324,-0.8431472713703541
-1.179495626213778,2.8773717592363037
-2.1222141438546367,-2.927398876917426
-2.370657962249156,-2.945566597503946
-1.0016650274896235,-0.6210607403497261
-2.7424305184999325,3.091479560147214
1.5467439047242424,2.608939922386406
-1.3716426699822422,2.840403564102699
2.6845749930685647,1.3617551739021876
-2.2437268256551692,1.4155875469479229
-0.8966602527957692,1.4205326311758326
1.0679393734440432,-2.422273017839539
-1.0919850167327294,-0.8428861060487678
-1.3934658419732813,1.281885812566342
-0.6049604011997383,3.4309234587292865
0.8178303206606679,-1.3821770717756676
1.2635502510850167,2.8836959360199628
3.1976568683160806,0.1443646575441699
0.6677286164441745,-2.596945728604135
0.9261091523038567,2.0274735818286858
-1.3123417227203789,1.957717345540025
3.235314405933647,-1.3935232687250816
-2.9278760943643576,-0.9923447176169445
1.0837037297212941,2.792045535967399
0.3787677790500342,2.4749803907114325
3.2422398135322914,1.459555633852563
-3.2957374891822884,-2.676552907775912
-0.7019640666241987,3.053301561316138
-3.191011944403272,1.1255957087834167
1.006216633135903,-0.6690444547006462
-2.914577730923243,2.955836700380574
2.978165530036635,2.485758889198209
-3.1976644931303224,3.5985421126234214
-0.6259245714154512,2.7270131268978415
-1.2895049856617264,-0.6638649680912285
0.9717333569592306,-0.8312895281332224
0.8225989261762051,2.807710229127777
2.907008970715651,0.8463948100805483
2.2436861991718966,2.3814948285469715
-1.867551274396801,1.067216549076363
0.8968542212031256,0.9370412111684507
2.712989315563796,-1.287039428899551
1.1045378527331235,-1.52411671732389
1.166123302820859,1.3501444651753407
0.710823410383668,-2.5934427157346907
2.1117439232351796,3.2039374386067956
-0.9050157356558944,-1.2890114875179584
-3.2975330095826076,3.380943873155356
3.014151020917479,-2.609050531070507
-3.462245292535383,1.790634894934811
-0.7131416599904714,-0.13099661959901884
0.5897349292963205,-2.469882827490517
-2.4512453388635076,-2.0570659285083472
3.0950096415967816,-2.702075056754388
2.6967065175390887,-3.1021941674063145
0.2812592598339454,2.5745596484006787
1.6423112782191347,-2.7740287736231415
-2.679070639369555,-2.4543408547316043
-1.0918744822449105,-2.611903923179288
0.5510730007200145,1.206443492596226
-1.7573305983307237,2.6004006633192187
0.7816799668962676,-0.6620403008165417
1.2019436547107083,-2.771617033784186
0.5859461411773393,0.5488032339598583
2.227771937764661,2.3302483764271362
-2.6584749583861345,2.5952277138755258
-1.084884566687206,-0.15483424120155861
2.2418670345433527,2.5320511083529493
3.179105386880882,-1.213752310626583
-2.8056276415541843,2.696836871843031
2.2286953731040975,2.4757138628485715
-0.2978617598846247,-2.850367016365948
-2.934063931682234,-0.9036386186969191
-1.2274178499613848,-2.4674003821970816
2.802858030160967,2.4794562892226852
-3.066077824037226,-0.5067140474578079
0.9865436400382823,1.6723667380553842
-2.6780284148267635,3.3990995535996604
2.855161407391473,-3.0018382184981953
-1.122543330122521,0.6560724872447897
3.4734271465365016,2.1707221814046416
-0.9793002367569608,1.1517924565815765
0.9640648335102727,-3.281511483913816
-2.607821237890299,3.0885821709002292
2.963458228920624,-3.3882314763298815
-1.1604164237429637,1.2136213569310272
2.020679765798191,-1.7037974252620036
2.8467820272551503,0.907768559369085
-2.6632781704270263,-0.920915945535808
-0.8275379591877045,-2.942810966439473
-2.0761348439740064,-2.8894598935025364
-0.5554531221515976,1.360390460985895
0.42762505309181065,-0.8525705829980464
0.7630504900090245,2.794290615335843
-2.912575011746414,1.2749179339821488
-1.1414795051078706,2.3938025353290895
-1.1848883747052583,-0.844200336982287
-0.9677757910403553,1.1980664385199322
-0.9732664265679725,-2.8888864158912364
1.1741150867841703,0.813605085965268
-3.0217731350247616,-0.685954727524513
-3.0166362500524873,0.6667644373249174
2.948796201131786,3.1112583433831174
2.4806932826942933,0.5345474715939262
-1.0475036231285384,-2.7283794166100725
3.097715839077385,0.2432013184353589
2.4700980420436682,1.824963908834198
-2.210519151241456,-2.318865265073885
1.2044470914592666,-2.6162061226424838
0.4177216186044934,-2.890366446390473
0.6199023891530379,-1.1517039921052834
0.9137389842656217,-3.119074229320245
0.7877166235377504,-1.0884823944027766
-0.7622116926983186,2.7650762810728473
-0.9471596836228037,1.316803121538137
-2.4983710061049313,0.22322409567142434
-0.35432862862934417,-0.8949521344721968
2.621539542207776,1.0186032776597311
-1.459306221841106,2.7372185318962132
2.711586951152151,1.8235902967856341
-1.201819190909157,2.3571708629633843
-0.4796244954077966,-2.609478763109533
1.0222400912688248,0.9458039277950954
2.855048690749055,-2.328459870106053
2.3971782031862885,-0.9596864430922474
-0.900499024936885,-0.4066155506285904
-2.5029288648497143,-2.6895151766524714
3.3738416677294683,-1.0091244389979195
2.046294331092349,3.249887819887596
-0.8900618844918383,-0.7796614736886275
0.6427463358724086,-1.0901629956546184
-2.9434751576801146,-1.1067858247438276
1.5567630230544585,-2.737842591849995
3.1979474128567524,0.7270713426083182
2.8783170836238607,3.6544678150234504
2.758680556889479,0.7672678169205175
1.215020519148122,-2.3764236979138107
2.5802203797210788,-3.0185504609307463
-1.1747765464555586,1.2216640578409004
-0.5937875175978307,-2.9261885841209976
0.6136229447363082,2.868430303620876
1.5766484894885384,-0.865210415460205
1.1777137097054828,2.0651586344361323
-0.8397211474129332,-0.4734528631747448
-2.5784706010579215,2.2179976969794115
1.422273134640968,0.42679911116792596
0.8493775929756946,-2.6192619320613564
-3.0598610773968606,-2.712596008581358
1.2588757291431854,-2.7942439114028437
2.8672817420164347,-2.865376970014031
-1.0508508233718454,2.752357742582034
3.166374953147589,2.9086049095407294
-2.549624503127401,2.773389508409042
-0.7032451586779699,3.068069119957209
-0.8900493451518906,2.812388916153113
0.9674718806669215,0.7462877236805696
2.787923990447402,-1.6580552972212925
2.839172131957862,3.0565337535102084
-0.8898947331126172,-2.231569425053732
3.289571101117413,1.907117292710205
-0.9786179805137077,3.199387694932792
1.2087870955341378,-3.189424055686645
0.41079176890865293,1.2051461408074564
1.1823457647092612,0.6779218754131251
2.6186418416654016,0.9847708333847265
-3.055326103416133,1.4203254583760634
-3.043757740338524,1.0675059926182537
-0.6559415917102726,-2.8548124459183835
0.39559565901803306,1.1496531100019167
2.4288638462457808,-2.8631094346682957
0.6242083780217182,-1.014262973959552
1.3336338361207383,2.7575469735870413
2.081355043183933,2.1613184898727162
-2.378790668617733,1.421234018726018
-0.6747834325739009,0.6797524003344344
2.750060264764827,-1.1339949310718334
2.970148799297514,2.5113509428661973
2.896838156663934,-1.1840163923241982
-0.7722092942353699,0.8473349701808902
0.5853502498194761,-2.54449265571508
-0.9510730083245414,-0.6403254995580265
0.2932750101194925,2.7296066323739048
-2.711008581929577,-2.732977598205667
3.8029310246483052,-2.7426720558016275
-0.28099733641582936,-2.4166409369734243
2.6580711598295186,-0.8065611536884778
2.8375214032633314,2.5159650796568025
-3.4475451989128802,1.3776274869173137
3.2595903493773806,-3.0646470368921777
2.744031988668892,2.8490009772643883
-1.1504279068750096,1.1571664355287368
2.3745547675259338,3.0889895232628066
1.3850197286980395,0.9976332956120109
-1.3021818792006874,2.9583061561221697
3.310855114040298,-3.4065987490181953
-2.814432266211354,-1.3036646596268051
3.385077311009536,0.8855648296711878
-1.342617050489808,1.2533573970956662
-1.3140072840754495,-0.8292322427295238
-0.9757688822240519,-2.5370381936725446
3.4413743653645867,-2.5453730094531015
-0.9005457158920939,2.7689322387404776
1.4792163059409946,3.2517144981181523
1.2632345750226328,-0.6378422337360266
3.245640240877247,0.3949405342185239
0.9724943977026393,-0.7329754650550035
3.1870372599806833,2.5191521913173376
0.9613365575660159,1.7094417595053228
-0.8807080907193645,1.2727862130943433
-0.79407867566366,-2.779053237346834
-1.1330526443602242,2.4969531880809512
-1.3395041122859659,0.10059293032483071
-0.9724395939016968,2.406083683312181
0.5417666817380042,1.2119748061880122
2.9815241825178,2.6786997440870786
-3.408550656813325,-2.2607176483747264
3.210311353581657,0.8107008491768651
-2.966686847002068,-1.915402121741273
0.6886605017804133,-1.3431581601561695
-0.9469446776558735,-2.8900271378603914
1.393705080512391,-2.9880506971258267
-2.6576680542220736,-0.6968177288697827
-2.604573124253547,-0.6514458685474588
0.8386310720902522,3.2069771171587886
3.203009333169117,0.7829891954004398
-1.1054316318910846,-2.5319300386632766
-0.4485116763981489,1.1158109860498815
-1.380887937393785,1.0605223884215558
-1.117751303694735,-1.1342531265747764
-0.8996857832926897,0.7639142239534619
0.5534772807200313,2.795185639389436
-1.4004176743097898,-2.6410532537194404
-1.7015780531931455,2.787700020174246
-2.611765326039929,1.1865335481265422
-2.9708283830798874,-0.806716661149359
-2.8877311516511646,2.8706201155397304
-1.9913537142905244,-2.919828335220721
-1.3416970903012377,0.7323751406003495
1.6493648911905376,-0.9905072592496696
2.4213293057830407,-1.1939173661183387
-1.0850871058787426,3.4360336097398934
1.1517127751996035,-2.6965984628782915
3.0172234729556777,-0.4741465594785601
1.3949543792729995,-2.4241491570692886
3.2798254663285973,2.6060195433268274
-0.6253018391472341,1.1543242138326562
-2.9437681783179395,2.5371487682138176
-2.864573832982572,1.3603588427918487
-2.806158093362069,2.668432205893083
0.9608631819854013,1.556247945490138
-1.0218366941103174,-0.9037936252705715
-2.9238386285527773,-0.8028503663796765
-0.5536815411546063,-1.1578023313708252
2.7780586198757673,-0.4715042830388431
-1.041298830288289,-1.1322094342356095
-0.8062043851041031,1.230172397834236
3.0285317142533423,1.1839199186071727
2.8015645721604634,2.998732663232818
-2.683907873023093,0.9782625795218833
-1.700302846067115,1.262125891148261
-3.633011679267463,2.4996752987301263
-1.83539497196547,-3.05444275930102
-0.4789384452387955,2.3515397640560662
2.620849417021964,-2.2953079813267396
-2.671106220481892,-1.1623968177041284
2.4546857486463405,-3.00361095859227
-2.8853956979356026,-2.647209918384258
2.551721646679724,-3.6631488795234293
-3.0404219776406762,-1.06881350747661
3.2453410596991814,-0.8693357976140618
2.574599698833737,0.8882343072663391
2.8037196060011795,-2.8551474997448794
2.251958111744505,2.0822931270778855
2.9514139499563377,-2.942431656882271
-1.0156058696020545,-1.494011291347164
-2.3432877790417765,3.5020208826488646
2.578095079714651,2.541304147852835
-2.6326293536622645,-0.666764245055266
-2.7299252889159304,-2.8516769011895984
-2.7803233202126636,0.7475593279501134
-2.5624855337730685,2.617995733305419
0.4161334301603411,2.7580690306817237
-1.0108079245049153,1.2245751485576941
-1.140702435597496,2.5115787082848584
-1.0808152310455545,-0.7364689367438721
-2.556790700957122,-3.3419528158457683
0.791698102350642,1.3920470641992386
2.72450761396835,2.5100066120616567
0.9475214555139979,2.7589271054444477
3.164573163444729,-0.8935209983285662
2.6632451911411974,-0.8869773323841719
-0.6676601137116096,0.7302361496793983
-0.7359127553030907,-1.023500178100876
0.8386270380095822,2.2461633871212805
2.7287033993000764,-1.1041427966516495
3.348010485742141,0.660662858973502
-3.608996584440614,2.973083319872533
-0.986669262841898,-1.0402307667199147
3.1441798579989593,0.6385027236428062
3.1070618181233125,-3.106396461753811
-1.193941116634412,2.724162145501886
3.3160266470874373,-2.6244766407123175
2.1050586098417594,1.951286956013567
-1.583364597158222,-2.666828612144706
-0.581366409482364,2.5043236074882036
-1.2873326286132687,1.2235254873793993
2.769411569873463,-2.5867075970588744
-2.349798282771002,-0.6634548226757739
3.301595595885187,2.7193337763326384
2.3495048152415627,-0.9352912518672523
3.1258752664215237,-0.11467684518685378
2.837872703461766,2.5663358713718245
-2.751164055697337,3.1095621035421965
-3.482872123301742,3.2270873091270023
2.7029616005631283,-0.7228296413840538
-1.2943790087763885,0.9648334460942137
-2.6350855900765477,2.55615041914456
2.902936777060892,-3.191192513988695
1.4556796289842935,-3.0078941958159846
-0.3307812212784891,-3.2752564791561314
-2.417608741982666,3.1088200105084884
2.726161292539813,1.215049133889007
-1.0043882708773864,0.7325667470607089
-2.3166424720935552,-0.6441480748149306
-3.0834329206721502,-0.8503209804270709
-0.8065767299583179,-0.29378829061339884
-2.8616277976165936,1.393363617706556
-0.452073788134102,-2.3994141725341622
-2.7640419937597698,-1.158138220028072
-0.27213245150513554,-2.817904665647876
-0.9645211458914936,-2.4659042163809493
-2.704410411830328,-0.873030649926891
3.215859490724706,-3.2292508001245186
-3.3965961969448366,3.103120290905846
3.01221297352312,0.6941111045709709
-0.934999199351747,-0.6567945853555165
-2.630256101781513,-0.2884839271428569
3.1886607508720513,2.370886954369063
3.0028249712985846,2.2902845257597693
1.0448650014062657,-2.7338698993374457
3.2340823268104457,-2.6396490888158293
1.5379834709843223,-3.0722924988634706
3.227335935835412,-1.0106482545066724
-0.6955934327591623,-2.474198645437267
-3.2175352160702286,1.137962075501769
-2.882767927033328,0.8279992240465182
3.117108006628388,0.38327732695862693
-0.8010814981787252,-0.8483940887282734
-1.034624701431375,0.9279695698341492
0.9406249478784064,2.8793246462374262
3.0737904417194306,-0.955242592305012
-2.8509144063059346,1.278483887806172
-2.5415414413354505,-1.65305776333628
-2.30397373598827,3.0482215320656807
-1.1224903901665313,0.8546807265178078
-2.909416048736617,-1.0268466429954617
3.1172841427999876,0.7531528959838351
-0.5403370688120525,-2.769247603712399
-1.0420646939027027,2.5839189172486785
-2.926560707684249,1.2634964138593663
0.9071823184935893,0.6058998983209087
1.235730176129056,1.1235941877289772
-1.1053243362131617,-0.5307752610202717
-1.1292977155122563,-2.953602735618858
2.673676468118517,0.8604431449786987
-3.46928755985494,-0.49208790350085146
-1.0572498691515542,-2.728720443250637
1.2446867296763096,-0.833282810044954
0.7466360388305593,-2.6661687410882147
2.97598916708687,-3.1508900543544027
1.278581763667046,-2.6337998130820828
-3.712783342965817,2.7457202149243747
-0.4936019112881476,-2.275327772964775
-1.0729826039182062,0.540581876795065
2.6994220184845776,-2.7666165634838413
-3.834063277317122,1.3290926953861522
-0.46293904075333886,2.194062565710743
0.3634910468159193,-0.7488843332864722
-0.9324713334518926,-2.348377960734344
-0.8718411209906686,-3.305708471357408
-1.1843374822198638,2.5654356619308003
2.7809238609182705,-2.6830481966068453
1.0276646871923958,-0.22512591753023328
-2.172053329916651,-2.750244938242706
2.4422732294855423,-2.815443016420183
2.6947956096596264,2.914473937702153
-0.5808716235051828,1.1918068338315249
0.2779783187025209,1.5825957727456705
0.9490586018824851,0.8888725774502286
3.2735661426855764,-1.4667661464689663
1.6078827668208122,-2.3833586001081315
-2.7903120381850615,-0.8630012923874903
-0.995082631733671,-0.30815042270701215
-1.1323829161555508,-2.7666782843055593
-1.0716448192844115,-1.2869079385708677
0.990534670393628,-2.561392356077936
-0.5891869373322945,-1.0704004224975263
2.600344957773382,-3.205268636533772
-2.430716023981202,2.5308145773746404
-0.7803093856364771,1.0018955187037302
-0.8519381984200551,-1.2721823418105855
-3.3786843449036765,-3.200335750856173
2.95993614590922,-1.4334897629668935
0.34141872129080075,0.9184390421532267
0.8869873119286126,1.0846751754392658
1.2244380491987126,1.0199309989595842
1.573112413285263,2.8166361235674664
-0.29950849768458904,1.9786415515738778
-1.4493651241934034,2.0865010124245056
-0.8683844671876552,3.009638454821687
2.795217811430272,2.4421566384613307
-2.4497763464811335,-0.37598840186272453
3.0757320877612417,-1.3439308075303695
0.9320703239139037,-1.2194935240807632
-0.9566934350089832,1.0753237150548858
-1.0046377979100973,-2.143504724012855
-2.2128053911050345,-3.376467002980688
2.657448174135338,-0.906910309743225
2.609530272879519,-3.2411456983943103
-3.33675015295275,1.2762373145977806
3.6253034638877466,-3.1284311787140076
-1.1708941380656983,-1.6493197442058976
-2.8991616234709094,-0.627924457845802
0.8060110960460308,3.119134442429181
2.714899479779667,-0.6852873430437528
2.691194201161762,-1.2672386293223274
-0.6072804939716271,-0.3832675497582737
3.6290346893159797,-3.513637328792325
0.7426379701462354,1.3356230681505201
3.3536061887039037,-3.067952222726033
0.7538630279308918,-3.1880642334918354
-0.6509145764056221,-3.0130747545743986
3.1165640513004447,-3.3280184753532476
-2.575715025888277,1.76780265320467
1.8244813592956983,0.8964190232450641
2.802859042898111,1.2796491636588796
-0.6721722446755033,-2.5749149503488526
-3.0561398447418164,-0.7426981215569329
-2.352193128964124,-2.877551252527173
-2.73672244415476,0.7569852750900907
-2.8193670231065022,1.0338457389813762
-2.3571886142184435,-2.614160527354748
-1.962968249823572,2.841240766773765
-2.9318563569204836,1.6064079362528016
1.566095503651646,-2.5995098909374743
3.800157822267733,-2.9522690840826957
1.4317380400766555,1.0060487460482697
1.8611875709756767,2.8293115137079345
1.286409447247657,0.9721144398487457
2.5791608555711485,0.8966080073375202
0.5496228523679597,-0.5989067731444134
-1.3300454875659875,1.7205772452208243
-2.319423880333619,-1.0774228644879122
-2.8142862190855262,-0.9052595510812634
2.9004268280571983,1.1282595294482682
-3.4220249017545417,0.9413592450678789
-1.742363987988258,3.1064660969691653
1.1373934225524784,0.9846510301219524
-2.84397425523977,-0.6373488838586424
1.110522912997822,2.516331375673879
0.36493608262745597,2.48368183730599
1.1651233381198653,-2.28665510046973
0.8661378205874197,1.8858985503621195
3.027837069579381,2.0350207424186437
-2.7222521775286532,0.9099890256965365
-1.126296256459491,2.906527733317561
-2.636605272622187,-2.817273871261269
3.201030874033098,2.3428994887958123
-1.9437528507049424,-2.689757111230589
3.209392821156117,-1.6552565190313342
2.603758322919288,-2.3833688013879955
1.4438959004074352,-2.9510019341359173
1.0051297568313113,3.2164863981597884
-2.794924987378658,2.3838160425689514
-2.6524243888301924,2.927416389274677
-3.4005478484544036,-2.096978784928171
-2.662945241276238,0.8623346939399195
-0.7070912835934511,-0.3857096952729081
1.1281636652510905,-0.9914821869408469
-3.3719775335720104,2.340807673168467
-2.6581003657493105,2.7444892756008956
0.6601213185022354,2.289414814087597
2.7361905660036956,1.232498746614082
1.497828724549334,-0.8714324456867272
1.1038584192494494,-2.331922188058984
2.803209829009764,-1.4172323665646382
-2.8348485517871356,1.3053823459491358
0.8985541443072829,1.0813934899936186
-2.6804234592778546,-2.393772303649979
2.5787626240663726,0.8442316090893898
0.3699345213642511,2.5018449341714124
2.5724451684967753,3.310392995634628
2.465943775847506,-1.095533541824249
-2.9334882221810945,-3.3638496958344204
-0.3665985381348576,0.8767264798190154
-2.4997294820937523,1.1795406324566584
3.2609912424990415,-0.49434472692576686
2.5705308624077854,0.4665774600968739
-0.34059445792324944,-0.3575063058104797
-1.2742685546313661,2.372319930840851
1.5431952346048952,2.69263333455366
-3.1752722882072413,-1.284978811186517
3.563571305440159,0.8560002330033352
2.387414159395252,-0.657330402695829
1.0488200485880954,2.821964479741001
1.7180243822609,-0.21726939375151047
-2.846298969642811,1.2798385188784487
-2.536308371742661,-2.93821590007196
-0.9268796665672987,1.1372700692752458
-0.9941632127428035,-2.614713035610323
-0.7901300041648491,1.1847370889948883
-3.000644762154661,-2.837590552923136
0.9772569115255751,-1.5503053691361768
1.1600744301559307,3.3418652475398867
-0.885919089381118,3.1307789237425543
-1.4701707131996014,-1.356184107778997
-3.1612450202334434,-0.8856329267478525
0.8337786466026634,-0.744586863104776
0.7737405566264234,2.7683980647218047
1.0020036642356205,-3.1204992287204147
-2.5848487188018,-3.152459306553203
-0.9849783601438216,-3.4509933189793793
-0.9185003001997347,-2.681478060985194
-3.2385874051031194,1.2334959308159166
0.925448923182021,-1.0212825045687952
-0.6920705256719768,1.1673694703258943
-1.2488808834756218,-0.6190553732889468
2.966277890042209,2.202041395721585
0.9415898591903197,-2.8784564562194843
-0.9458424855005813,-0.9753016419580705
-1.351302974810969,-2.917308012453543
-0.9337226600938168,0.3768234932143932
2.9617773550118307,-0.09664429342866253
-2.393897205829642,-0.3762853967115206
2.829584372824678,2.3332405647382313
2.775491004134561,-1.0114932223177424
-2.3628876959174905,-2.6940770715069062
1.1184448009841468,2.5886957675059814
-0.4534404810254189,2.550270829622427
2.5707027035822816,-0.9722872089687926
2.8699818037945053,-3.2037115415151898
-2.8877114566735074,-0.7087178684749053
-3.1017915878675013,2.685405250033311
-2.7828712130918767,2.806159694724958
1.0420531015303294,2.7653627269789838
-2.7310111335057092,-0.6406297964500104
-0.9074844798924336,1.414911355793795
3.1301334961280025,-0.6674296251019152
2.5682454037810913,0.7486309831988802
2.5161834879524654,0.3934696133480312
2.7702831514406148,0.9398696627510269
-2.519103600946711,-1.0439828190476108
-0.9567175950336841,1.4690922107113973
-1.085491481629852,1.3976979421030762
1.023918512018928,2.7355366594209474
0.6265357150597877,-0.29948751529187556
1.2016582364400372,-1.1667886802323781
1.0806517607901367,2.935472253129503
2.1657156430432334,1.0242520568298121
1.2472930413965635,-0.846545755710663
-1.0372105545023205,2.8743209937295084
-0.8559296220924876,3.311669643810262
2.6394179876244777,2.486360693033851
1.062844541815722,0.8779637522141086
-0.9097417243778381,-3.13159833184036
2.9269436086847773,0.9345304871932981
2.6659615554939227,-2.543612921594202
1.6208189332411869,-3.401084507220475
2.5954382755554914,2.4444244113340203
-2.259819422623305,3.240692071579464
-1.031164125015361,0.9726805462166125
-0.6925726527526387,-0.9884937738490133
3.4801059001966776,-2.315762904717996
-1.519508035509088,-0.6271438989473448
-2.701365270057724,2.4197131025558667
3.198946592556092,1.256178953856054
-2.282289159719721,-3.011546975192664
0.09070516556821047,-3.1311892152518883
2.3514876010415593,2.2109740983977364
-3.5616689323933453,3.3243977042376724
-0.20046165149012998,-2.422337491473271
-2.4878208324813302,-1.1514937349465597
2.3089472727482905,2.752785808547045
-2.1672009827369103,-2.7262825265137867
2.629416411237105,2.8417530614582946
2.8189134257235593,-3.4760823809712846
-2.0834970428820005,0.9491877109900452
2.437904105072932,-3.26961911440497
-1.0246006553287874,3.0352480909705712
2.6661298594551948,0.8010271697245278
3.1047522707833832,2.4188741650770367
2.702272413907651,-1.1859041445694716
-1.230224409585519,2.634426036144069
1.4597330511834636,2.351900579985901
0.6799221691275963,-3.1120603038980974
1.3230821530287533,-2.7535223661710946
-1.4827307422767007,-0.9639091369447466
2.6826959588609083,1.2413209934525622
-1.101764995568993,0.7190168687389678
-0.9377824926382712,-2.453220687502993
0.9708359454130433,-0.916005108504518
1.227322576376,2.669789230937047
0.3222850085002478,3.270636501050443
0.8846289977307683,2.7890577646667376
-2.658522864542172,0.8049254496664866
1.3472517570095872,-1.1293517145127618
-3.4144970035681292,1.3092725933034024
1.1766047871159078,-0.5809681601208814
-1.4502802133468906,0.4813085186224643
-0.7268521624601235,0.8459903158733494
3.6216412999370324,-2.8117956231451084
2.7009828418107436,3.089219167168253
3.445437367342417,-0.9411777991118686
2.8533668045000087,0.9432410656540214
3.532732906197985,-1.5268161839980061
-0.7107297984361297,-2.3659938924412547
-3.0335350834853574,2.5748353904166525
-1.2879219530114696,2.5308135611549276
1.2705484493333612,-2.997752362174796
2.5872537972688985,-1.0464854460597592
-1.4618233790272903,2.911579939725953
-0.5649699468004831,0.6304566201832804
2.943848636103447,2.175804564585325
-0.7353318519419485,-0.9678313168359164
-0.5932851700442745,-2.6855985785187917
0.3561895920650538,0.5651234435251672
-2.374183210264784,-0.40975691925848345
3.436889905293329,0.32360471872787683
3.025213344187723,-1.2551204668937639
-0.9660341583743487,0.7346506709481504
-1.779294488620032,1.0375765268936428
-0.809593738925934,-0.5088804312953243
-0.7342918656771944,-2.8017871937676317
3.4159437880622514,0.5509917644492957
-0.7670639396472448,-0.4702408653813018
-3.1737184174423807,1.1286085172371836
0.7720397353572682,-0.8011287849032078
1.3676521495660916,2.826737356447868
1.3056961077087266,-0.7379455212601257
-0.6108457964447479,-3.102838321601972
-2.937137658004275,0.5549808362571738
1.3106736519985025,0.4584923054967883
-3.22092854662238,0.32519382894269305
3.499257763436194,-2.6704851528224327
2.472677218362941,2.8988225543274773
3.2407112632464763,0.9856213157327932
1.0029051221594774,1.081173756976093
-2.1527993714781335,3.2264518182682704
3.6872137441774755,-2.9625661610024285
0.5374518365671201,2.570801005972837
-0.6301837975919444,2.6026893772793738
3.2065742616127553,-2.5769432955258984
-0.9042313906118794,-0.6380969472256108
-1.9956937016528322,3.520396032600727
3.5173330526258106,0.7224260401541169
2.619902437955913,1.1402385289036259
2.7746034744788854,-1.0817285631313887
-2.743029269597562,-0.5093297307488874
-2.447259706787442,0.6475280054938088
2.8458192603976156,2.6195815407912546
1.0691440997794879,-1.4274956126856821
2.6755308938854454,3.058859060805671
2.933122500354148,0.9161438554939897
-0.7099742520771102,-0.4404442711632142
-3.153722507728799,-3.3150330425545325
-0.7631375840151927,1.5119177735408487
-0.8053643415001366,-2.546384392109265
-2.9178287528479476,-0.20263436088321066
-2.880105649051471,2.600991025481511
0.389904143924585,0.8125720938435838
-2.6154611753862653,-0.7116839290437329
2.531082748548981,3.2081336523961643
-3.1144007710510104,1.0341603197899023
-0.47343098909197723,-0.6912109374590116
-0.9873378938653596,-2.9259861216292835
-2.5964672782487783,0.6035755039782463
1.0026516295700665,-0.864479828983654
0.6039430805502548,2.57338313852087
2.628627426650677,3.060796026204968
-1.1590828560264805,0.9222989555634016
-2.4516185561391137,1.4439420218736274
0.2803968166311127,-0.7353082812470622
0.9728735369668791,-2.467930733957492
2.68105131678502,-2.8863431017242878
-1.117446086204354,-2.6482032184986553
1.847773364431319,-2.8299647112222615
0.5049246516487195,1.2679511507393604
-0.41899477602693175,1.5782550818374639
1.014284049800861,-0.5406040361921546
-3.456367084432804,3.3650635809862606
2.4486385491574905,1.2992906907541346
-2.580289483536624,2.3111120725133456
3.189882822439633,2.615877471810455
0.43048745754913026,0.43797108434865956
-2.573243546769031,1.4547493046924604
-0.7958382510614743,-0.44010025534238145
1.1341549466705838,-1.4200708766820467
-1.225319105608318,-2.555653609355348
-3.072582646688594,-2.982137583861286
0.3355446972689564,-0.5384140964204644
-3.0077310055795077,-1.6716209531671424
-0.39363111946945556,-0.3805838152430599
-1.441196122789831,-2.726465290039532
-2.475290309223173,-2.906361653037019
-1.2513453238860592,1.8989031228284972
2.6679955313112633,-2.453463005704247
2.535096953805478,-2.9343515486654086
2.856823069867992,-0.8298614869664238
-3.4554921485578856,2.943596935138241
2.9583562438054534,1.202851359819907
-0.7934170503169728,-1.1930708653084532
-1.1734730731164105,-1.0542949536661461
0.1881313761266584,2.905375139511919
3.1181238460619003,-1.2889963954272459
0.9447570957239737,-1.0597359259045958
-3.1413243521767016,0.06499099941770464
2.9329516156592255,-3.8603339238497454
0.6848639924132376,-0.9479639336766065
-0.7717696553581627,-2.972710303178789
-3.597286600885043,1.4030935958357915
-0.3640762819439978,-0.5478924226870067
2.9307520522466346,-0.9815869811996557
0.21404526112440295,0.36471817158610337
-1.1622836323143784,-2.5095003254832475
-1.0101475140243041,-1.1882512817378574
3.2522622162148935,-1.6333361855115465
3.149992126763691,2.528536051112743
3.0233349584765548,-3.0221334091834104
-1.1250729875518284,0.7925605388340817
2.665673266252905,0.2963307606030376
1.3920799695527504,1.8875626154587777
0.4067122861899561,2.8184025824050316
1.2901901491771188,1.5875084128710861
2.4196832661411913,2.2717439999353957
-2.581796363332981,-2.9096959272345577
-1.5484708963658866,1.1543476155956867
-0.9162919102398867,-0.557560549708888
-2.790876516281795,-0.5198058372048945
-1.34696292229505,-2.453375256307957
-0.50645289950113,0.9364936803708592
2.7100791486180107,-1.338544069093576
-3.063471172890749,2.821083252929698
3.9629564889694913,-2.8175712326123166
0.9280376998602674,-1.956159671733164
-0.41244224579445216,-0.3845785425792267
2.656078015026137,2.329017050499368
-3.361564500930671,3.186096352322641
1.5358725679457474,-2.466697593161807
1.185489435651892,2.446839514526184
-2.3610677414224877,2.610649514685761
-1.0281732812898432,0.7706491255553792
-0.8894814694396287,1.119995711379401
-0.8399134095486122,-0.5537966699728906
-1.41008299220244,2.7547705319371287
-1.6573303067436018,0.7930531752654529
-0.8769375571937386,0.9076975292579355
-2.5011989921924425,0.8685475983203459
-1.4500480080372689,2.5321502775724434
-0.47906970783796704,-2.2303235721988273
2.559949171739703,0.4251993799302428
-2.9603875089613942,2.768105176940195
-1.1316055282437587,3.2104071534467256
2.9212219041503813,-1.4464613777206616
-3.2886837998584117,-3.480279079165087
3.4191074422961982,1.2526836687629175
-2.9530730485498182,-1.233585852991679
-2.3466500373034593,0.8555837919993245
2.8798424788580994,1.2804884537270325
-3.128699971941982,-0.8356178761538288
1.212396372312154,-2.6771275006068387
0.5528030743201222,2.88575550344168
0.908345964816176,-0.7142084427714519
-1.5547786226222895,-1.1988078675788219
-0.5331012095127702,-3.128406883779022
2.906772266306331,-0.9886669612755453
-2.6547918343294405,-2.6307812075542727
-2.8459468592820762,2.3585068040085893
-1.3881462274270622,-0.34783313679110056
-0.8498926339843927,3.237073567445747
-1.8848187291354446,1.9546400831643198
0.8708158894323241,-0.9224285964471338
-3.3589088103400178,-2.0995753115759066
-3.085096773186345,2.5659082373219912
1.6945229640388324,2.6071624304617083
2.3914342012042185,1.4969122142630655
-3.511964600951621,-2.231235675848165
2.782287946507937,-0.7765782816665822
-3.441296949309716,2.722727399920849
0.5623333377175745,-0.5445587136066883
2.5657707421602023,-3.081541147153922
-1.3431842057788879,0.6234298454045062
-1.3511940122949664,2.731954748042918
1.0927034374436424,3.1047168617531082
-1.5757310744715038,2.980160252319679
3.2665924348790356,-2.515912554318656
2.9597729479490003,0.6071802187047565
2.6745672828083613,2.9435787647508134
0.9496117118365651,1.2799562235997517
-1.5544013459241743,-0.8200252233432689
-2.651823313243314,3.157931867658131
1.1509550522252048,-2.2056425008437186
-0.5589635432860837,3.1327711131952913
-2.909138649344526,1.4175494751858728
-1.2660589087294887,2.6277246123499225
1.4915264620707878,0.8267718503439434
2.7918073401174466,-2.8500020625996907
2.8882767281036283,0.8874849610145771
0.5616293527352948,1.6450845083728443
-2.572067419763092,-3.346243055993947
-0.6649720250658597,-2.834421757417681
-2.9715581320265363,3.7343227338877694
1.1541268619449803,-2.5860248167991147
-2.924768942347108,-0.9979812236478888
2.2284450815854693,0.5661486452707433
2.527574483419625,2.4041413214246465
-2.6377673330822664,2.6214745067901504
-0.6637654692318014,3.204110310334407
3.1986394726343024,-0.5506626333891081
-0.8015287853592177,-2.717128273946107
-2.863331226745122,-2.663213650950601
2.5910612286566694,0.632799290205066
-2.95288879892619,-0.6859968998049603
-2.5669196486551464,2.5968782070202217
0.8972595329235342,-2.5024017436676482
1.1262177077679143,-3.2339520778568156
-1.3765766451181936,3.3162505654318983
-0.42324744764645655,-3.055000999649056
-2.604507271189493,-2.581371838342947
-1.4418445486306892,1.009695842170135
-2.3625066592978654,-2.523724431148706
1.0079311328513292,0.9272968146089131
-2.6061259889547777,2.6697635324423534
-0.6525765903793759,0.9564349596370335
2.6735939789770065,-1.434561932817458
-2.8324392258410076,1.4586759767293225
-1.2866178977178968,1.08241780903004
1.2947928650114309,2.8410144882115786
1.102052751785175,-0.8601869042262003
2.6731690327213604,-2.949096005880809
3.1581968860575373,-0.20559418815486302
3.1186364566670557,-3.2809443577200232
0.631851720024921,1.0824233190648802
-0.7242829555323088,-1.0174355452990063
3.01462157589876,-3.661248393940783
0.7072162427514656,1.0944541080643526
1.031806562996268,0.9670110468706791
2.887197597270597,-3.6996561291358616
-0.8216133910585824,0.7209338636420625
1.0297681455042023,3.2433168894850004
-0.3006608059263686,2.2216995012249896
-1.286062564799417,1.446612659579625
-0.8113384208335256,-2.931689510429207
-0.9513231202154842,-2.77695700193516
2.8184662068611046,2.5652754781815137
-0.7709046743549633,-3.1800417756336374
1.1335959915081246,-1.057615813551205
0.2943770644779198,0.9034771150908729
-1.2004363231076522,2.917366609947314
2.747310587730456,0.4362238532345922
-3.3044300917577867,3.388886564688924
2.9465971727705003,-1.4943733449883854
-1.3853072324166886,-2.780125919734662
2.8947587396899346,-0.781571384592166
-2.612695198248675,-2.931055313512106
0.613223303033469,0.8884800562767586
-1.033142237303457,3.011317651113547
1.2400007913689732,2.7676602144620754
0.8512235460718535,0.43397150361067366
3.1194047321517977,-3.41635758980051
-2.911286408830166,-0.29106381355642824
2.9902972498557725,0.3272699117868803
-0.9154631771248936,1.0072233470039162
-0.9627010468983308,-2.6496821381843283
-1.2372518485962265,1.1834568467238424
-1.5964571203488633,1.3819685759057259
3.124354904021708,0.2548878142812657
-1.042333553324837,0.61861795387124
2.126981100823652,2.831318240693786
2.8040002175892766,1.2843275887090964
3.2954187255334135,-1.40777308540866
1.934645600346908,2.5239061654738006
3.565257528758172,-3.500148551383187
-1.6685163201030089,2.729206744150701
-0.8395847882431994,-0.8831338181804448
0.3950690738317454,2.304751770963934
3.4754612766303126,-0.7844746990901648
-2.9935515653845854,0.654678836292953
-2.8221407536927114,2.8509181015113416
3.1012560854490485,-1.1153090078888632
-0.7679110513721582,0.9993120355884442
2.654520144037102,-0.8869976306049536
2.8181441089587036,2.735438771392762
-1.3779202627724816,3.28920853734112
-2.2077143893084927,-2.4965976146222504
1.246726315112422,-1.1644920524633393
2.8710136631539176,-0.5704581194097622
3.025898336634344,0.9545081410506305
0.46173830195838755,2.6286574743199145
-3.0009177713706396,0.9599469393218817
-2.8947463960749467,1.048790993421056
1.4339428007620216,-0.2809396931173083
3.0266150976890587,0.5486625390599631
-3.0901550646298768,2.662021406575167
0.9132952356148714,2.4852918349311315
-2.0803256972978925,-2.295529750260221
-0.7391724978177345,-1.6202778995141225
0.7446174351648942,3.3869113671551476
0.03395225750488607,-0.9826954537033621
-0.7682807880670407,2.792691797302402
-1.1701557745054652,1.321991531305067
-2.23695395730208,0.8567579073004086
0.20866421706405175,0.721803129792342
-2.587802249033786,-0.3054473219689619
-0.6744008014716136,1.3584493494134284
-1.1001151806375904,2.6896115094444486
-2.4711771932032276,-2.6793363932124494
2.8750466932062326,2.446672444988324
2.70926687735159,-2.5019257811128663
-2.9071426155705016,-1.036388739100543
-1.4196030127185435,-2.727757753521906
-1.0921990766703624,-2.769144855213917
1.389603180935348,-0.795275880465805
3.128127058756594,-1.0418936130125855
-0.9605326533950431,2.4279502477397212
3.155442932023807,2.916454738795466
3.542674051403344,-1.2604474498570895
-0.8949570345511746,-0.07784580594593375
2.4621012470138988,-2.787757541416333
-1.050729081267549,-0.6189617499556773
-0.9313547215897041,-3.002006696443101
-0.8681574618228675,-1.1173409532143403
-0.951425342006229,-0.30629919153085444
-2.895736292614132,2.437733192251969
-0.13709934434788507,-2.8686830031080675
2.6396911744281297,-1.2759129059073837
-1.4523024631116792,2.7579096472528666
-0.05338941467009475,3.1086004513234613
0.5970302901561921,2.9047292801468045
1.251957540851775,2.7473517530784526
0.7197006986361313,-1.3230015773343788
-1.5381123580282934,0.9832950475239622
-3.176842130905373,2.320901589452448
1.1542231762715718,3.4745210751773383
0.7956473038677091,-3.1398282077602295
2.597209537088021,-0.6888429822515156
-1.2561707860300564,0.8997808925913311
2.914649555387845,-0.7868591333034521
2.5539836361284625,2.8035427617231576
0.7529982020613122,-0.9254171505710945
-1.380871649657562,-3.268005661964652
2.655380271446464,3.54614747581951
0.799923269268915,-0.8489304925032192
-3.268193568877002,1.4264948821866226
1.2384488550324968,-2.8074537977597
2.574393726093506,-2.7543334032991127
-0.9444232696346956,0.7474710980108781
2.81417920800216,-0.857943089721019
2.600699149326642,-0.6951718666936969
-2.2285845820148653,2.646734328979361
1.1735269089134575,-0.7526857383166483
2.581938826578761,0.5759906250833317
1.4076919621755926,-2.782601362681603
-0.5542214357019787,-2.8760615290454545
0.9878752534258087,-0.688431242775297
0.7044651011352122,0.5313468393159055
-1.498046766217733,-0.6371234166997783
-2.6549824788364718,1.0962217579972704
-2.8336747697570295,-0.8044116254508092
2.7457233893962987,2.371940055539245
-1.0666237468019237,1.8194572072527955
3.0346324225862373,-3.761135630236095
0.7926880999685386,1.2091149715288467
-2.430082765221259,-2.815145330414195
0.8755611545754189,-2.918771694854857
-3.042675487349123,-0.42958298135841666
-0.7388281323908351,0.8875044106144491
-1.2998589162041896,1.0532498719683725
1.2636979541898332,3.3273949659665067
1.026388007440074,-3.2675129236574882
-0.28841973874184584,1.1776320139181795
2.6622290765478787,-3.3181639569036636
-1.4277174153066483,-2.8093169908946627
-1.3141272060201843,-1.5234478244353038
-1.1863369357654678,3.6509659307071995
1.5629785816989492,-2.6534939395163732
0.8911716653784155,-2.807442898539441
-2.527181057718147,-2.530705280805184
-2.618006715658904,-0.5411075653195833
0.732566265537335,-0.6045539608400953
3.313472097035464,-3.020866235944244
-0.9118518746976826,-1.6882500099015891
-1.3958982538890896,3.3738247307033062
2.705946320802759,-2.8547303878173658
-0.7862448763268891,-1.6915245511793575
0.2689395135665893,3.091150150447489
-2.5845868695716767,2.1938326618883788
-0.6165017307267838,1.004306435688114
1.0872708584571793,0.7203776092426657
-2.734621813253274,0.9888355763673423
-0.8297952866125159,2.9534810709452537
1.081277464362851,-2.9399586822284762
0.704492884867008,0.9499332254132736
2.5759836640892457,-0.9316332004611492
3.334176862337167,-3.0941593250396235
1.8001871469457493,-3.0400601613610934
3.1564211020422843,-2.102746714099733
-2.646752433410386,1.5533320997028284
-2.6360305722974924,1.4210187290850729
3.1588515269032587,-1.6058321790587036
-1.711535008898944,-0.7494179876678161
3.450620006817964,-3.277226417268824
-3.344694719956682,2.7202188137292986
-2.596768073492332,-2.694281449593706
-0.7673859804378446,-3.3956024972799943
-0.44519663298120266,2.5986935578692707
-1.4145632224511808,1.3846585904770008
-3.1767562733428467,-0.6018085987589948
-2.677841275195164,0.9574267054526292
3.2001588935695966,-1.2389806922126705
-3.042379367798778,2.9720615185683434
-2.2254872729917667,-2.081374736235434
1.0667139696067038,-1.213731770859465
0.9929669272008663,0.7032673752270325
3.182818587433752,-0.7518238609807567
-2.8055170792341952,-2.08863409878271
3.3182397028687407,-3.040740431951703
1.4792532323259984,-2.8956294199707218
-2.4881827707696824,-1.4684209073669736
2.7348790801489464,2.721571558924271
-1.1468837454184142,2.76453407698638
0.676722543858328,0.905666825953184
2.767070982846433,-1.373357100711938
3.3964274951705287,0.7342512188499553
2.9333705724813908,-2.197323136203384
0.6840713886016117,-3.3831100018137943
-2.627520820269148,2.4655053582741076
2.7176926681243954,0.7000128667183662
0.4841975578843609,-0.67849450100679
1.0427782556076768,0.5849031555084528
2.766883144216558,-0.6300645665169992
3.5818989392577425,-1.1679728426297933
1.5265129293264652,-0.3664370635114566
-3.0769075273274558,2.7897975459317097
1.0067547844774263,1.0404128977614764
-1.855669019784976,-2.9252269136065796
-1.1597271261427524,-2.947204961207706
-2.7153387965901383,2.5536871238012657
2.6548464428876604,3.292386241756033
-2.871978521138709,-0.17204566068892907
-2.416274756573511,-3.111489599252663
1.1302635577775912,-0.7546030284183436
-0.9378488060539492,0.8972570369974288
-2.812401978070501,1.3697978023215671
-2.661748335476266,-0.7516897955292459
-1.0990976129354268,2.713047998486026
-3.08343625523852,-0.7770094715246155
-1.9201068516151782,1.2444494647224018
3.744403788846919,2.7133122589886702
2.872510958830708,-2.5345400768910973
3.057259465015842,-2.832294201912592
1.2205524965626209,2.323874380784968
-0.7099748233363968,0.5706019307942997
2.6882503922950445,-2.7820728793556024
3.1263721725792566,0.7782045531036256
0.5040557253800417,-2.685287033957746
-2.902383560096598,-2.427209230741764
2.752209506473704,1.8543659578298022
3.2988177980865814,2.623160033269681
2.94263506722493,-2.7161694496975746
-3.1848494049454095,0.6614966266810726
-2.485162551164019,1.1615721428653234
2.734261482067693,1.396007536173445
-0.6416235155157415,2.8850092635965066
0.09019272345258976,0.8279162239279768
-2.4951826176003693,-2.6885205399701304
0.9313357664825856,1.3044397014572515
1.0177342122158803,2.998266035628341
-0.5329763139756545,3.418006640211789
-1.0224188308371471,2.446416870257265
2.8426040990917123,-0.9485274554357922
-2.4438755667930345,-0.42458922302369856
-2.393252735926648,-3.2356987571388918
-2.726419633498476,-2.2709315517398294
-2.6656100181674995,0.7883738979519369
0.4261472222557868,3.3488343241191734
-0.7024123439495696,0.6155245576048448
-3.0821694500265377,1.2722569187791666
-1.3377460863198816,2.063504377955875
-1.3816194243025433,1.1787112417578414
2.744414120787148,-0.5567987250024687
2.7843877026702097,1.1927815605431422
2.76419887347127,-0.6966138098678857
0.6711501195972306,-2.7529727069265224
-2.734750818682047,2.742347738158848
-2.9564062215396856,1.3077597039073596
-2.522340881127389,1.0695026006438753
-1.1911767556565016,3.6405697403937687
0.7145937786785627,1.0453849916666653
-1.0985117288442408,-2.475370996456146
1.1446464236084777,1.1127049845757004
-1.34084329278569,-0.32598707577497277
-2.3718147376390712,2.594056855565007
2.9425053087790283,3.3736347206745223
3.7411745536634378,-0.8172568226341037
2.48521724685918,2.3664297557060068
-2.7037289151983996,-1.1150578666986695
1.3236217806699853,1.7423109074492875
0.33155124150350074,0.8069751222078829
-0.6051859374889326,2.982783803089221
0.3496710852446312,-0.5957552449304374
1.2281162261939096,-1.3552765327063787
-1.2732065383509434,-0.457367651471898
-1.4909788262323764,-0.6605997321562963
-0.6071855371765751,2.7843546690355616
2.746566531024325,2.045580629593804
3.35561720380234,0.6237368659271938
0.726907328828365,2.590461130958491
1.0707552456760583,-2.1396637592520236
-2.6924970080042594,0.9563013065515991
0.6414298880522852,-2.7884125938744475
-3.027107501778652,-2.4064020487376405
-2.3741041698530942,0.7238038086282265
0.5706604160961432,1.402252876448164
3.0645284209924513,-3.1968397816535794
-0.8594592632731511,-3.0246382415506723
-2.7995814277739672,-1.1024655625527555
0.2186292918723334,-2.4282283664510533
-2.947290127392358,-2.325318162885716
1.5016797020518666,-1.4803369798812411
-1.1906687695687679,-3.600836351114877
2.9013777203946343,-2.8553515023034834
2.33020397318512,-0.7236081979710329
-2.579762966920339,-2.718470525325406
2.9734994602026394,3.2740924753602454
-1.212299440496001,-1.7914789346554056
1.5577173955082622,-3.2628804869101202
1.367212353092051,-1.0359212854326747
0.6613765781190597,-1.1496066133039726
0.8328278626155413,-0.2467695437945396
1.0079669869745511,1.3578861971989735
-3.418999191157795,3.404458066032241
-0.44820829926733213,-0.8154068251146479
3.4879302628451443,-0.8379585498132504
0.6950487530408378,-0.8161302539677163
3.052567053629815,-3.1718031155600555
0.9485748776344283,-0.9685977640088943
2.325329463474856,2.5090508632198856
0.580894102152001,3.0084437813278675
0.8876959227767688,0.8828819173469427
-3.2532779457141197,2.548744982606503
2.9514262144133956,1.1405468928307225
3.4802078622400696,-2.9115921193062726
-0.4768902269884668,0.9688081672001819
-3.05126662809181,0.8922197898920777
-0.775058544460304,2.9822089704671977
-2.9757883249518158,2.838267285649273
-2.706387236833571,2.7560545717221165
-2.919165079191769,-2.7593854749856814
-0.24931324370733735,-2.298438823374603
3.6891713810344102,-1.117371814577205
1.7743845318938687,-0.923752066318293
-3.0485192951486497,2.688093012930708
3.0131263433938975,-3.581956017639776
2.4212797749831583,-3.466253333094101
2.8110197649761806,0.5059705249235033
-2.962916892252858,1.037194851198515
2.250568324967515,-0.7437724212750103
-1.012692228070879,-2.9403132425523593
-1.3599640858341893,2.9056184844375457
3.189941974930769,-1.4715275445275828
-2.7905522290452995,3.364184030512076
2.6134910314022592,0.6872059530740651
2.6214073803290217,2.7680771860637283
-0.49449671189562167,-0.9661086338777299
2.235862327234714,0.08254078987076863
3.223619773793266,0.48940237930945724
-1.2709599302278374,-2.9779623369516566
-2.6756536737760936,-0.8338073909467213
0.5754251510892149,-0.9766148569907341
-0.40186357592396743,-3.0909908863942026
-2.762067403960968,-2.9775732528874395
3.1118942444518383,0.4803240197781631
-0.618039138232941,-2.55128799438709
2.6110000717128017,-2.597290663291696
-2.2448598795740407,-0.6296892824291757
0.5222067246146098,1.0014944322029717
-0.7570104085363365,-0.37329965144727423
-2.104835064982983,-3.365447599024131
3.948470608976858,2.2900805876290757
0.7277686604835837,0.7084918870675035
-0.6041085538134542,-1.4181395873709892
0.7956491736739388,0.8502888799050426
3.2150052215773717,-2.2634903155019805
-1.4061650039493472,-1.7551330562015977
2.9710644589971076,2.7398564558074954
-0.8982912458821449,2.6996026519422474
-1.0126551185878303,0.8174201637673757
-0.8522843483277556,0.9166682239502392
-1.0805587644518888,-2.487560229986394
-3.115800293160792,1.2152076489873087
-1.1153951952627503,-0.5312699034275061
1.0070874966280516,-2.9415740857959416
-1.5584391688890677,-1.0254302566458464
3.190258287516115,-0.9210736637017959
2.6486208943138094,2.479507400508299
-1.4972979377859177,3.1409233372282315
-0.8737076524156325,-0.7432732944262758
-1.1028050977621555,2.3831535650187483
-2.548350399542939,3.441216982298299
-3.1193296846992427,0.8311044971805246
3.0336743812138014,-2.6397728407061276
2.2847481814526995,0.49002011506068544
2.8529917249920573,1.7656846457689048
-0.46543121114305097,-1.2879617345750507
-2.7721466882971746,2.5519855959225666
2.7014586537564225,-2.1782492181669926
-2.9519556690534765,1.0075986528106948
2.6409546904939747,0.9720963160486228
1.0253993602013405,2.7654868364742367
2.710981096205224,-2.8971273726277085
2.9179775592103905,-2.8159094036964545
1.4097563670901578,-0.4102329619859243
-2.9965516613664964,-1.6041700604282418
-2.7463006271702652,1.3832016163273935
-0.7803056570348285,-2.864706551396558
1.3272033634789953,2.4422700217432833
-1.0437030384053463,1.0704570556378121
1.246744745112606,-1.2502061699863802
-1.2096566513488298,-1.0095465006067676
-2.2305461162129046,1.0045558033829516
1.9297066312525837,-0.7140484304221273
-0.8848495188283828,2.1389295904317125
3.0449981286917973,-0.9593516018113296
0.537584135845545,-3.1353100564218943
-1.4578224533346746,-0.5946941077887812
1.1446565217357996,-0.941875931781815
1.0466773312837732,-2.809799868193015
-2.3521435344300587,3.378313734225881
-2.988131489730606,0.30359084218996774
-0.902202535069922,-0.49037204266420353
-1.0979694528293593,2.82403232566496
-2.2404283213963323,1.2484032787989854
2.4920507565827243,-3.3856385413816636
-2.859757307892053,-0.5149384028400696
-0.5717897355183861,-1.4643491139577083
0.7402817079018665,0.07338041171309972
-3.0055504498649968,2.575360959770813
-2.762234598402852,1.427164980719045
0.5330370911661553,1.4436985798764304
1.334545928737473,-2.9247913125272573
0.47726226227523444,0.8444068501792094
-3.1560870220007295,-1.0421265768837118
3.356607765769775,2.715249008446865
-1.212531433168295,-0.4327920390597582
-2.4293818451358358,-3.370978680788197
-3.3855721690696807,3.017532112305531
-1.6751185287372763,-2.6085792900261153
2.0613977794010583,3.0776434028723467
-1.2083483947519227,1.2219874721536184
-0.5296576118179225,-0.47555111696760655
-2.3487593067425,-2.6460802406855963
0.5230757234506788,1.856146292212299
-3.119986127361853,1.6197868883527868
2.5461567611620017,0.7969130482859804
-0.7644158850518218,-2.97038106114148
2.5284423564076333,2.678830156326099
-2.89926477553931,1.1890547394305342
-2.67139022273156,0.5606726219187081
-2.844051762640582,-0.9208208348263826
-2.8754213253536993,3.0815667588304216
-0.747041512540202,-1.0138295239163586
-2.255377470766446,-3.1176473542639287
2.565757549993078,2.994691630278852
-2.256139477238567,0.895844204762128
-2.2474281598304757,-3.1107853166332844
-3.1287645755094684,-2.9160853454181845
0.7385583092939066,-2.6892307543832477
-2.37536870570179,-2.5444838849659104
-0.651787155112394,0.8972296126011291
-2.7653942043854745,0.6510588150828464
-1.5470105699849526,1.4598326682269565
2.8865880386342213,-2.7720622926608365
0.990511438591101,-0.8122852517384067
-2.9852536636637197,-1.1554063585380414
-1.0024230660881461,0.23617876229654447
-2.6232999978926586,-0.04864202620750884
2.372410550232862,0.5200004666073111
-1.1360748175026185,-0.9722707767055653
-0.3895622247984387,-3.2740262400042286
2.1680784606989816,2.7363816787714463
-1.0810562631642961,-0.8463656864562904
-3.410899166120017,1.1488735245798753
-2.6458850044167477,-0.2970693828198578
1.910843869255873,0.5422347058928498
-0.844983177553103,0.32238751754373046
1.1297914421397661,-3.3063540653274965
2.939766009633577,3.017206997852307
2.787835502643613,-2.8170679250627177
0.5726154903736338,0.7956172602010603
-1.5593773120857424,0.8013253908343734
-3.115939294837878,1.293880537829441
1.0282013033638209,-2.8085458201857865
2.663485317098115,2.2505181003123855
1.2197826096412636,-2.636690987271558
0.7027394202087414,-3.5029569033760026
1.3446860714564761,-0.9538509925442978
-0.6576401478445087,-0.7948552944077721
0.8610930196631015,2.3956874269924517
2.56177995920593,2.3077701884178268
3.4086086548090715,-1.3597851739356421
-2.893166184820138,3.3170307297426835
3.330387688237549,-3.144934181718552
1.1127472373056277,-0.8946196864153498
-2.661426570592467,-0.7107023400239273
2.4429076167651593,0.4226979754141998
-2.884132348806197,2.890409359741979
1.114396556714056,0.7081325268331399
-0.6769984738477414,0.7605003037208887
-2.389069013630845,0.8403593742548915
-1.6354409166122645,3.084677355310854
-2.3667689744208436,-2.6489466266403388
-2.8442824506543,-2.606106096002206
-2.6180403877259386,-0.7267235120756661
2.394352768327212,1.1090149728681622
-0.9274901485361898,0.4101026273540921
3.20599902373152,-1.0701942395494057
3.0587775887064135,-1.2386041982583855
2.899600011086547,0.4739129158343718
-1.1974405275504463,-2.4836698173614167
-0.756651291081641,-1.1148846684966716
2.9732936001246997,2.9044407797995624
-2.7599666737644917,0.8159343887378524
-2.8125740174385214,1.0029061176127152
-2.8136111744420704,-2.6470371850016954
-0.6558191384443419,1.1589124235898214
0.6034602368364579,2.6470531736667526
3.2293988214597062,-0.7784193084949346
-1.2889736565825798,2.3931355134021137
1.189936360654283,1.09104642111161
-0.8955146599741989,-2.9632746068863094
-1.6187431257835836,0.8527858959808338
-2.6885730618057706,1.5529238412611799
-1.0958155516130674,-1.2665980627734574
-2.705504453918264,1.404798990435228
3.326232827230138,-1.1037183546083966
2.6424652054863014,0.7962937034309212
-3.0366202681566703,1.1221518609919383
-0.599919754883898,-3.358601545377847
1.4486230461392053,-2.4461854092871405
0.7572964160516465,2.365264875389345
-1.1936785466219093,-0.3496141175142821
-1.2887830221026584,1.8027518543256322
-0.9677696739961239,-1.0873429347749317
3.02979222325975,-1.2914766298066682
0.9919015214548575,2.997595819610557
-3.1118340456522104,0.9828104639950818
2.7876863284940416,-1.4799890586748032
0.6435071660999668,1.082609227719586
-2.691844361579617,-0.6426157048819685
0.9260307982560492,2.622735056707526
0.7819001115847405,3.02864588665299
-2.880810674165425,-0.9151279672998943
-0.741995269003013,2.7192754701177915
0.8808394065311026,-1.074595674746874
2.8378200194762337,0.9032830047316719
-1.6129459517990465,-2.654437470651557
-2.7439966325660032,2.6657647603157653
-3.1772901432003047,-2.687714028706235
2.7782152220972702,2.78396999313459
-1.2722157231778493,1.8134776812329003
-0.6440872662739254,2.599698081773836
2.6985151258576843,-0.8774140025183461
-0.7131714169065594,1.1067905164073255
-1.1007711624089587,1.4190918094637361
-2.564116589271038,0.960365071982799
-2.8320463796636197,3.7139953088797966
-2.694893344606602,-3.55252055869963
2.900132808768969,-3.637510030835028
1.3365069441368351,-2.5195121080780294
-2.677488839002863,-2.5989338782895786
-2.107160946820229,-2.549490929729888
0.7823926036246339,-3.394640383433371
1.1401605225340588,1.031685714666756
2.4067037862150285,1.184185727973028
-1.1026795522104467,-1.6318009720018145
-2.876592277011034,3.217563936623178
-3.011391273027377,0.6708471503925898
-2.8785866523216654,1.1659276823042057
3.434072313769995,0.7669872761610893
0.7954147731640787,2.985636538768976
-0.9813400974815791,-2.129356133295638
-1.0410307057141241,-2.9672872053849035
2.8902502271474435,2.731377901190924
0.31483616011024923,3.1759239278259184
-0.7029562628096516,1.280117214963184
0.47962235136600284,3.164557715630184
-1.1941716207595543,-3.5149126989741375
-0.8858862249437132,1.090912099369359
-1.0502823690103245,3.0529869654318142
2.930290962391018,-2.869238444264132
-0.4671499608478856,-3.0261283225293933
-2.7598224812517085,-1.0223713114168138
-0.326166270071572,-2.5606922025288363
-3.127653081798592,3.19693020835317
-1.5671692821491554,2.5246582655672705
-3.020284195089992,3.407188951440415
0.8632808391802644,-2.9050634070306582
-2.166406691187866,1.55385727660792
1.399519428325912,-0.8259364322121681
-0.6913030155212866,-3.522388536038725
-2.289813699649472,-2.7843181229081697
-1.1170985249733583,-1.119102555227031
1.0178575820980424,-2.5679385361802174
0.886008390497436,-0.868403308692546
-2.824429820126886,3.081454461236755
-2.5987979046768004,0.9221387635805536
0.6875816062824632,2.879929063952283
2.4005656578448527,-3.1048698325243156
2.6787053584090295,2.203841749011225
1.2985903011540736,0.7798068490561076
0.8733752322634404,-1.7206805503434122
0.7522283809279511,-0.860377523390933
-3.2022607152658313,1.1819661143524776
0.4670092760758199,-2.565526151569269
1.1838723174332404,0.6613405495092868
0.9709502069945117,-1.0795089589106301
3.217134948413477,-1.4962777272535066
3.225350409125131,-0.9772099512164593
2.7205091464089914,-3.3585143471287675
2.9943771948636755,0.623837289827399
1.0056925467715705,-1.1407806451834757
0.8462188053374173,-1.345416439524956
0.8961409543795575,1.387540796382954
0.8281295272004912,-2.8234260056498313
2.7412662607428504,0.5242267820057266
2.803982999561552,-2.2908261772960743
1.1023201980489177,-1.194794450401347
0.454494295832423,3.3106744009237477
-2.6274358516935905,-2.2142673431201474
3.2767275125674122,-3.07920351537054
-2.8290455103011367,-2.817842367589622
1.0803222944569302,0.9659514689051545
2.4623930713843305,-3.055778973641047
1.616975922712069,-2.250652504194462
-3.394130990266899,1.279247887929649
3.2298898160608993,-2.740421874347144
-1.7764405321671393,0.5976675651201737
-0.8452839369788072,1.1768428740586152
-3.80762638877804,2.5375620485538706
-0.642715530232692,0.8307448832259997
-1.0718539259610051,-2.4308973999294974
3.47574871706516,-3.0177522339177902
3.5370051256169655,-1.1571963727917896
1.3957713862346464,-2.308119997185503
2.969535547813734,-1.1926342589137255
-0.4848554475817462,-0.6216170458613004
-0.41246549762752827,-2.369590301046172
1.307134430187159,3.123333725446113
1.1233394258936873,-2.6765359171650216
3.2411257333726904,-3.263878183468809
3.0094173570382874,2.40400230861191
-3.585687465899742,2.440321470108368
-2.8898281326964605,2.298848019711728
0.5394897221587314,2.5169354700812487
3.2788511024415192,-3.2244773100497395
0.27151316298453887,3.0104211261352845
-2.720124562765912,-2.5585507453818486
-1.6285866439713552,2.3728147952689747
2.844042894347324,0.4308388929450967
3.2210583429493833,-0.5455718996067106
1.228141278540593,-0.8476885504334266
0.3822378390533477,0.8038747764327414
3.0270182887229176,2.154713591662937
2.9761413350752877,0.5900179629285894
-3.0139231949759893,1.7815796220985947
-0.8409205263004984,-0.9532624736283984
-0.44694948986753047,-2.7813221806245183
1.15465076108723,-3.22547053255294
0.8144350804897342,2.647645581573204
-2.926396037637941,-0.7786343252451748
2.952234214259899,2.4497804099934943
-3.026339426703486,-0.6857128351990532
-1.8984238628033923,-1.1475173177090567
0.5988898172200146,1.169751974146891
-1.0384240643294806,0.23594266357380972
-1.1964981000808426,-1.139207798749138
-2.6851884972210462,-2.540982779378658
2.7054552071216325,1.097627895514996
0.49616751769939804,2.9131704996826007
-0.7461912942696034,1.572878051882879
0.6908026773177371,0.9062850522812895
2.2824219467492743,2.5042183025343783
-0.7910320088832888,2.9412556490942023
1.485565233005114,0.5320014810101408
-1.2378424262637917,-2.5695138689144614
-1.8843618594248348,-0.6709795884476668
-0.7808489492250604,-0.7836100045929785
-3.1948923270836693,-3.2955210217244404
-2.3549394346277044,3.1614940678051684
0.6891051570356026,-2.5062282541977394
2.7974934860167764,0.5212027642149935
0.5422512932128544,1.6998470347376353
-0.48802161521907494,-2.9089704619396852
-1.0807426448421111,3.0383551632846
0.7313336191273287,-0.6410377670442443
0.63394945064704,-0.907935290215132
-3.0452550536380483,3.135359505833956
3.3196605266701513,0.8380016164854202
-2.9544543310315365,2.543042467741087
0.5766091642140833,3.287802960505533
-2.8843737847864204,-2.5958976630818045
3.1854701141993043,-2.3890695525640715
-3.70108589667166,-2.8792059337047795
1.250140100226566,1.0464001161847853
-0.978544559362098,-2.341699832343154
0.6299170689158848,0.6707547944704441
-1.9211602410748607,3.6158150005143557
-0.694714322023092,1.0222295810283313
-2.5447442200801906,2.0698035273225623
-1.049835544106693,0.6204263721313209
0.7129639055895409,1.504379129282943
0.5666029778867917,-1.034649864877586
0.8580352232849328,1.0152650633922422
1.163854304648704,1.0034433609953146
2.3932773189273346,0.926045572568541
-0.6802388062247379,3.3080481769154817
3.003603915814822,-2.744478150216192
-0.6227353713901255,-2.4045595833998106
1.1487238329007496,-2.685074287603084
-1.9847990965732498,0.8702115978565012
1.1353644881217135,-3.3525652323623074
-3.2819192648155777,0.9406498954509795
0.0564099984661479,0.3061764801081376
-2.2733944744738612,2.459817575540005
-0.6191065121121128,0.8369018693948526
-0.9923952466528129,0.7330554207261855
-2.840907946879142,0.9408263589000408
0.7881362697324636,-2.6742221294865938
2.9633450200500895,-1.0780501500731554
-1.8069823693776523,-0.8035350564939036
-1.6207215935574009,0.5740997724588381
-2.9328434832029893,1.1351275866068924
-0.45379285212677806,-3.1669181619337934
0.3854276884748618,0.9332448724482537
0.3867760927740048,1.045769412109127
1.0457512738001666,-3.0908769940786085
-3.5109865975580457,0.6399095447151394
-2.1960151379900905,3.346796980059863
0.101460703241629,1.3202725001511209
0.7868375605772272,2.7198721277109854
-1.3861928517689033,3.1063986835446413
0.758727891270138,2.9552276876931924
-1.238230154545217,1.3253321732524102
1.2639318387455123,-2.5044203079616785
-2.956425659648977,-2.509916369122632
-0.8638725859548997,2.691271127729369
-3.1356276503987845,1.2589059645570997
-0.7298127443708118,0.4819918207443493
2.1912080407410057,2.9578696479178337
0.8463858915381144,-1.1274416379888805
0.5085842346133101,-3.0975322099976124
-2.2827861794202753,-2.16241528597306
-2.9117062617504263,1.2705322339680036
-1.0905027495717203,0.7703712727752461
-2.6695620240177345,-0.8562824695171911
0.48615165861299975,2.984822714885082
-2.9411386701188387,1.7651955868071116
2.625957132035388,-1.2965034765037653
-1.1706376377643133,-0.8414418170991356
-2.6072769242655536,-0.6419107602340931
1.264210288291642,0.8956611341248905
1.0912542897654898,-1.1156289239261583
0.4322776691023231,-0.32857868141829233
-2.8228969227389107,-0.40719453956632984
2.6724494446978606,0.36234592384400793
2.497828341374332,-1.3064291829411339
-2.2195845203563405,-2.665423224614185
1.6075246925353848,-2.1239398185344682
-2.999741624320776,-1.1833959513232173
-2.9407846361821686,1.4715793331876559
0.9847127016727297,2.3136659292263397
-2.842963414478459,1.2895519284878443
0.7756178942172455,-0.8683091481811357
-2.678713530623241,2.9907335609977284
2.784646286473216,-0.6967305293050313
3.4745005862295018,-2.6774300873876
-2.8607550203372165,-0.8191765257649591
2.8619876122440195,-2.6320510479755947
2.598157151688762,-3.2620427634127123
2.6393897604779535,0.8820038118783433
-1.3134739019517139,-2.655490966696154
-1.4461739080435003,-0.9093091782859252
3.16900177666476,1.0643947622862908
-2.2987023932846258,-2.9283538670033837
2.3598070961418744,0.44608986919336435
-1.766580804359115,1.0363040693323773
-0.9250870446884583,-0.8766717882041339
0.8047482009006204,3.018680065840786
-2.7486638003219364,0.6069231113698926
1.4610607435871275,-0.875729508795761
-2.9567744123023503,-2.6305513788507042
3.276079861411675,-3.094283214561861
2.950514655689329,-2.462779045023564
1.2850742802135555,0.4792663574157317
2.6371138873006674,2.8464096167988346
1.3316630070148805,-2.665262437502638
0.7276798861909545,2.9561127977242854
0.0970947395251111,1.0704521224799912
-2.782009638726844,0.8861750399465191
-2.7300521555917223,3.057392708574199
-0.6118845575004094,-2.4882757445899184
1.2103035447360062,1.884985361760515
2.725761049281365,-1.3900457295223259
-3.8655873900776467,-2.94969922702382
-3.091660126102334,-2.834874787334633
-2.6831476596392894,-3.4513713433551803
-2.789258388322667,1.5234232303528787
-1.0785699551565107,-1.086587481375189
-0.7717502742845932,-0.930191689736302
3.0467225444577153,2.393046179494333
-1.229028530525824,1.11918716676083
-2.492904448685449,1.184235932924286
-1.24381986511618,-3.0095008256601488
0.7133074547056617,1.88789718983039
-0.6258848707723267,-0.6163264896111754
-1.4571120018818877,1.0922962348731662
-2.8293749195068822,1.1116707282207385
2.455756382874529,2.032186482929381
-1.0811089613129101,3.310850980615413
0.49623396953336035,-2.6842738618709148
-0.8757816144220305,2.649149764741552
0.7947752808036946,2.3982986394004437
-3.2669594655211247,1.923721140728486
-2.444712274959106,0.8699669262310447
0.9029966153631921,1.060724578333098
-2.8942689020004293,0.9231743136165164
-1.8567415803336105,2.4345899645576523
0.7333988191163368,2.9349464862655466
-3.086596266550987,2.445246891120166
3.3277518321024577,-1.6384055321119317
3.164426846698429,-2.723328153737534
-0.8032682924318215,1.192935463513833
0.8632809405879661,1.5268969208434224
2.4991916924438886,2.558356576957397
0.6181204605376148,3.126465889247451
0.42957302628603483,-2.8811609891857
-0.7169674997658357,-2.6508920983456425
-0.0016205925683578893,0.8632629871034909
-2.9802752199389473,-2.5267716097379327
2.6626877772116466,-1.768374173959191
-2.6583506361896583,-3.0804835439377944
0.931516938898172,-1.7156392114517234
-0.8921153813187418,-0.38739857857754306
-0.844695426391755,-2.5778092664754517
-1.3182137496820383,1.4507822007032039
-2.680748684504215,-0.8551804538297123
-2.2241393797101403,-2.7906008478808975
2.72951730670105,-3.2276892383438924
0.7893702320696195,-0.8428588467546733
0.41077993448903816,-2.944374692813895
-3.192252294103678,0.8785017036656407
0.7022294498689955,3.564863972782378
2.9430459438615357,1.27439848775152
0.5553480206140383,-2.911814593693977
-3.3119907226137166,-1.2742083261435846
1.2839733780788456,-2.3542796358328215
-1.254872274540499,2.599211464482324
-0.8664356508874288,-0.7865563761917135
0.045703236571860144,3.215510955803432
2.297868395586954,-0.9114830606568203
-2.8436877739274253,2.368335804424642
-1.0769925058169705,1.448892558466732
0.4625398899969774,0.9982388824269782
1.0676734328689774,-3.301001515850223
0.2650400132619115,-3.3140520155034405
-0.8665258226646421,2.891604446289451
-3.29540995884957,3.0682786490767104
-3.143677806132555,1.2841657448500443
-2.7692688985379053,-2.445397723499252
-2.7762961139111995,-2.8382548805020225
-0.7458590237264194,-0.8015943105235276
2.5937658128846786,-1.291551935852007
0.8138996384773509,-2.710477730302796
-2.6009916735000633,-2.95012190913234
-1.358687882060683,2.506256787739155
3.031884823853392,3.11022482460429
2.651031445931479,2.5924758853144407
0.5864046071858724,2.706149063337567
-1.1876397821997553,-2.386400960022904
-2.9391672962216826,2.733020678786272
3.355871515490911,0.9994587886692223
3.0490477557233646,1.0588011363724859
-0.955392574947191,1.3567998457844155
-2.822404627275152,2.8248741299456808
-3.126636702965704,-0.42670334163076873
0.820790370047361,-2.9528513928564197
0.9011374503459793,2.2168446358239033
1.0874925773650719,-0.5702811994089285
3.1239122321477653,-1.7395953103324433
0.8278312652437749,3.3037915929695467
3.124262131866515,-0.47575253298584796
-2.5427730428331308,-2.8128324292160842
-0.2570918086607052,2.680093435910054
3.3333785215834566,-0.9633294507305077
0.9896413787733588,-3.084422790851675
-3.04317701765207,3.1995579339974944
-0.8541869802292722,-0.4682601102117577
0.4763316300268479,2.7408733837971484
0.3004561737283479,2.5452562204108213
-0.8758735534367985,2.68207117439998
3.237965662827158,-3.2461141503780477
-2.996223138299872,1.456550755747529
2.0279480518521376,0.7423058973322957
-2.279275920027466,3.0976251257195284
-3.0150747783412113,-1.3505599714992291
1.1167296067773103,-3.1759515351076772
2.951926341242857,-3.1815380129554467
-2.8486904797278387,-0.44562746943875253
-3.1045169195848463,1.1935925592477397
1.2787937933333409,-2.8103207931647036
-2.7139979267248124,0.7031304617632477
-2.8412032167147236,0.9055671044364876
2.37372551993452,2.738769306752608
1.2868210045757944,1.0492149168822997
2.8801805518493073,-2.49772643926561
1.233610774534235,-1.4012934453204133
2.9732078990440054,-1.194266441227227
-1.101703078448148,-0.43433388660524763
-3.393768929341047,-2.8149737090816735
-0.8168007140038487,-1.0462195727220343
-0.5074047491895884,-2.961581752541135
-2.686100998214361,2.3894312862836
2.775520397465183,1.1636618787396293
1.285053659987244,-2.8226464992336644
1.0508271008289913,-0.5918346786254265
2.9915811362682074,-0.1371903035390396
-2.9640581680340574,-2.686896927430845
3.2889326354129103,2.143444954882772
0.9789402025094729,2.254703288816629
0.9709984023391742,2.6536082196925603
-2.392062995610313,0.8060482027835945
-0.889572553244162,1.039538176313931
2.9591566771882234,2.267440020078057
-0.9681920947577823,2.8742790368349236
1.2998453984866307,-0.5832796959573603
-1.7044750181030164,-0.5384095888368131
-2.666221533466981,-1.3458435823474917
1.2280644630722226,-0.8089406999421231
-0.6134976333790481,1.0998974853299137
-1.330887526429379,2.61844905764415
-1.150161270250723,2.6701857336970316
-2.9282878447494562,1.310765308580718
1.3651580141460369,2.7327414917880275
-3.5476727437221607,-0.7243780420475462
1.009229560855419,2.6092348523053435
2.2478991270468907,-0.7105201755485525
1.455612474778005,2.644660286640942
-0.9531970047307374,-2.462373722518001
-3.142957078239945,-0.8635284188015301
-3.1229636234298193,1.2890350195263827
1.0042899200308615,1.0031773508409414
-1.2692537926121028,3.5794862018313327
-0.682585065863974,0.5121549345311296
0.6082838543541778,-2.884331418395167
-2.793936612604344,2.1028198879056554
-1.1617613017245096,3.0439567270959813
-1.0074866569887295,-1.1723219623529024
0.7932367749412863,-1.440450624503281
1.0853076436979459,-0.9721550829231627
0.6033469334905229,0.24883100643961406
2.802265759236612,2.7740124766049186
-1.1585302226687924,-3.283490750002433
-2.584790049477325,-0.82044330346983
-2.77392523725822,3.3754869536051246
-0.6966777820004431,-2.125677027207452
-2.7237299076321224,-3.169916606811548
-0.3242428696260339,-0.24972431347509993
2.572026779221116,-0.6190218238863878
-2.6417256698640603,-1.6710333470219765
-1.7672876720042647,2.383265489496567
1.6389091821937791,-3.0135164092111197
2.7328689588224044,-3.3661527847263204
1.2318466488552526,1.738460403615626
1.1298515296755451,-1.431411117251025
0.8046929424003816,-0.4562335167313074
2.771591440077141,0.822439617152517
0.7668269372373429,2.3018177101530313
0.2910107719564331,2.334733497204886
2.6445280655620023,2.6606297751529975
3.0539096617918875,-3.005934003683516
-2.800593097532668,-2.689443353364838
1.1614619957061407,1.2669412184203097
-1.427427216445112,2.672831178201904
-0.904545836092641,0.9440178354056815
-3.25455616224619,2.339166059263901
1.2423096558496753,-1.4092927465004994
0.10689919501573762,3.2420772870029735
-0.8311373478424543,0.7784309954293464
3.3271878968763446,-3.565774344678881
2.813340606333899,-2.7287345695598257
-3.06863895559982,-3.1352909680295142
2.727068901910279,2.4615120812764757
1.100675429552212,-0.672946379297987
1.3235560618906264,0.2782960433001687
-3.001850175277221,1.4294448158375577
-1.0027416865895082,-2.9934810007641515
-1.098744263891874,-2.558383962185605
-2.872390617730324,-0.5161656387454671
-0.08827287912199466,0.03515089569525095
2.830166614463996,1.9384982018175188
-3.1686437882233154,3.641998295429484
3.2176204841429037,-0.9481107108070049
3.396431763104732,0.943031016789142
0.741902649306305,2.118274154496584
-2.9986685567013533,3.396255098704533
0.7422632206715559,0.7378750814365828
1.2314176922637508,0.9765159109924846
-1.0441958334412016,2.231185077479446
-2.5729374559854814,1.0174275815780913
-1.027509181703959,0.9733061060020303
-3.1339718929940092,-0.8583966013004648
2.815601003642372,-3.0651173880815104
-0.8924763505983828,-2.983254714872467
-0.8842313676742387,3.008670302470912
0.26106547674069525,3.024764108926581
0.9943504946341283,-0.5181486611013284
2.659961367443291,0.7071113746462663
-2.755835120897312,-2.484823549872547
0.630349279756989,-1.4657511045183131
3.140481542213274,-2.683343483032607
0.5811897249031882,-0.9005732515645865
-2.571844334820269,3.019195013456207
0.7389211519672757,2.815717310200137
-2.582957193500259,-0.13156749983586025
1.2426600125105216,-1.1721108242901987
-2.8361914712456953,3.0662321773766794
2.992394733960708,-2.3435313154750226
-2.1890500021337105,-3.0690149209941375
-2.595811554089396,0.9488597571582229
-2.1953341028311515,1.0521510713540811
-2.5053202949077877,3.0879798101676807
-1.098443918557981,2.5209531365013333
2.5556349980498028,0.9530908720719109
2.5826409044427217,-1.3583793540060967
2.8566495980308324,-3.099076024508374
-1.0443688312957655,3.045962780230715
-0.692125344285583,-2.8113391737858953
3.337512864836178,-1.5251931671266568
0.6178620438096988,2.125470116880375
-3.2153756702677385,2.9273915089608855
3.687792458194028,-2.556902070153772
0.9204949654859754,1.1913843639152406
-0.616335750200215,-1.1706589733769606
3.0900871141784916,-0.9440179254110553
3.214418610594003,-2.8610910931072384
-3.239270013131918,0.8682173375680784
2.7985364365977032,-1.184492685301065
-2.638902613698924,0.05844043830196081
0.6348426079568398,2.822461665510361
0.5611298038245971,2.1346293913283363
0.5636850106887732,-3.418279406970505
2.4516508586473904,2.4133404581293587
1.8209017189172378,-2.739961798353547
-2.786539487572849,-0.7800252272401066
-3.53471526553768,-0.9722478831122396
-1.5493761639789942,0.9135351238316843
-3.2205738989234782,1.7631008326232938
-2.786784767377225,2.474794247758758
-0.7857151959704246,-0.570623861539976
-0.7732890580050695,0.8919925990714895
2.9490358577506024,2.48877279083483
3.0559959576900217,0.8101575990590129
-3.1298791035701683,-2.4049426035816017
-1.186236734949093,-0.8266414222592688
3.2568687950040975,2.8444523370555093
-0.8762606666912875,-2.8858473558942856
-3.1064403808146657,-1.06386488767089
2.9584054310248806,-2.680039422959399
-1.0915368912266876,0.8984205790083797
-1.4455188092640978,-0.6337634841194504
0.6764823554201209,2.457096572577064
-0.8846232710826402,0.9718473098114829
2.492363993683134,-2.6404783869765054
-2.547285502699776,2.270150746217944
3.432485754320893,2.4962044455379777
-1.4092464924526438,1.057350736821114
-3.100993578003074,2.5261183912586183
-1.0006891276589498,-1.1532852979096697
-2.9110157102242846,0.9133154657516315
1.0780807446698206,-2.2227702903537097
-2.982342251460075,-1.0021944506229943
-1.4335105267975885,3.2466657385653277
-2.716485556590157,2.3533283630587314
3.0706330741763708,1.1316131575519608
1.6735416411029922,-0.56528471433583
0.7330912883093845,2.1712910723823393
0.8512625278037041,3.2561652844441618
2.6060675452034094,-2.9821658744799002
1.0047277629099953,1.5796978355009779
2.8281655419413245,-2.8335995066707786
1.0026679635620233,-0.6333889673163353
-2.8265241543425175,2.166463047255725
0.8907501792181789,-2.644261552241969
-2.4711577885810936,2.9963901753706925
-1.2706305830456872,-2.015744248097152
3.1234506646197358,-3.4864199154831375
-2.8726444053662887,0.9966880858368736
-1.1139199273973017,-3.103988977630393
2.9657405998136697,1.6627228585378253
0.6619792586254668,-2.9292070637336876
-3.0300720510153174,2.8622942827307396
0.9420124463294524,0.8421371532375337
2.8020283154296743,-2.5994545632319244
1.0638780620572572,1.3266615565532953
-0.8904325474118913,-0.8108124355205722
-2.984955231171993,2.340912679955299
2.3166647074686466,0.8398760526041624
1.6462751056529568,2.6070799963756977
2.364426508880059,-2.3892531869312275
0.9416497538031297,-3.3542594383406454
0.61045839881262,3.479210561325229
-0.44356880369683727,-2.916819715954072
1.4198447501855442,1.093796919638537
-2.720034384685601,-3.0275290679252778
2.4726355276482592,2.3066749310945487
-0.9663462346121007,-0.6262028426405621
-2.583890704209494,2.3697849923425656
-1.5968536228833152,1.326146810795824
1.3589694832528887,-3.1404282143911963
3.3053433623221764,2.6453420030595054
-0.5976912279714565,-2.5623779251425334
2.970119284012037,2.316008171433995
-3.1187838027076755,-2.0845005004706283
-0.9712652469255906,-1.491602253707055
-3.10942126719694,1.5077468919356225
-0.7794914230415221,2.9463959308859677
-3.0201384011315953,-2.8309977890510454
0.9822716549087305,-3.4906774909163163
2.680508079946337,0.5055850258656619
-0.6501477132663149,-1.304865585592268
-2.5577715529608036,3.2308245918010683
1.0262055070158858,2.47738458515009
2.566098101551282,2.765313762684432
0.8540490286332987,-1.132389379320953
-1.2247818773637695,1.2687038464209432
2.8805540800005875,-0.986492552151565
-0.9477047295157383,-0.8065076173943286
-2.232578257075667,-2.651556541222044
0.6599747934581863,2.649185975747501
2.788683634160487,2.909052670811425
2.9679042718459296,-2.833318725993148
-1.12635333236944,2.964784962876557
-0.9844237859712132,-3.4840530656439848
2.7928559411100826,-3.6994580823900916
-1.170781079968058,-0.7755773671467838
-2.2553809787839905,-1.0391728123984958
2.5379901822440916,-1.1188492691879846
-0.8143627479118576,0.8452832731493661
2.364425399076958,1.2351775991862781
0.671053638552346,2.633800476439707
3.20597916329288,-3.1690388499787816
-1.488890756051284,2.9573444042277854
1.0538921539804103,-0.6768158293546949
2.552626343939139,2.1969077083944772
-2.3255691905706914,-2.480087375495365
-0.5549584698758647,-2.951708666921239
-2.4037781869220187,-2.120114037259135
2.456321990286858,0.7748481727862981
-0.6550189535478269,-0.3765227215427118
-1.0272771467254096,-3.2592892462810847
-2.697909195228846,2.735529854766868
1.2544567452233635,1.1015995060620607
-2.495466379490819,-2.2448969579105467
-0.7177479991445518,-0.7242639150108693
-1.461585756602484,0.9914781942381286
1.171377787890667,-1.3433269278509186
-2.4235702297648305,0.7183310314868445
2.7144716071743518,2.8953479203551518
0.1457725122802073,0.7914918684511222
1.4540929520461614,-0.6351192468805679
-2.814281392782094,3.0757587507360253
-2.6342715321048287,0.8077174397079468
0.9419211447857495,-2.8782717124409425
-1.0471655811115383,-0.6611212456766544
-0.5294298066764076,-2.76778410819357
0.8192048601603023,-2.0769691790067277
1.118751189462244,-1.2168870939875605
0.9509689078799612,-1.1275549436936556
-2.959183983463512,0.6367413665680398
0.8818467818248029,-0.7942870591255368
1.3435394211568703,-0.8320148854790965
-2.2079668554439786,0.7940595317730625
-0.7879149165464977,0.6287207703053302
-2.951087689224483,1.368286768065893
3.3938427925503487,-1.294759814867484
-3.2476442217897032,1.1045462494494467
-2.1641112780105134,-0.431996214107415
2.857855070770397,-1.3077207403797475
1.1838515220300372,-2.987499727812268
0.7649583720010572,2.423925067824857
1.2718730985409956,0.7576278260420446
-3.371334005788165,-0.9263420284929348
-2.5869970748537288,-0.957859334446096
-3.1072129841777425,1.1383899727168838
-2.8164884689882785,2.8251006158831
0.49770015429803893,2.935989943893824
-3.6090671069189875,1.3349463685067828
3.073006668256687,0.6486320032589938
-1.3380244710868279,-2.8952420517384474
-1.00645590529818,0.9301560463632519
-2.3781260865917457,0.9617956244509005
2.671439893957416,0.8373780656197347
-1.3852762653531852,-0.7070989101392358
-0.5941759253826986,1.2482808373997933
3.110567032750276,-0.6413637608910558
-3.6705591929655075,-0.8209046108842311
3.27235179470507,1.0024245865393264
2.9846785382692644,-1.3343981941196448
-0.17947834320755238,-0.8796510305428442
-2.9050926898248215,-1.2300536623695968
1.2696950711050432,3.2641648138321457
-1.8790068975755638,-0.9271344084012291
0.5621991863379612,1.0357446143387876
0.8375922149688299,2.843104915463824
2.7261727966384077,2.8517459203292828
-0.8944783702339555,0.8667954558294207
-3.576363531640386,2.469131630780002
-2.420221556162035,-0.5611949102909598
-2.79105250740521,-0.8369791502021188
1.1509900774854376,0.7503507854135929
1.1638967003358454,-0.5995947392289326
1.2373982281445348,-0.9228564607229048
0.5693468820899001,-1.3107364488545996
-2.9464786011328523,2.7727586472877492
2.8412336853816336,-2.2732430924952154
2.278511065411274,-1.5858389667307047
-1.0947026054332292,-2.5383393889875148
2.8459115959975825,2.7225530308355137
2.760120268118563,1.9246213662793425
0.21620342287183034,2.6051186223297162
1.2004216193265926,-0.08985716382400064
2.7822163998311784,-1.3448080699558533
-1.255385683168909,2.6915928962964606
-2.19210832104114,-3.0328234697801215
-2.753387054880497,-2.6391905855552773
1.305688257784627,1.1162347219733568
-1.2335555246048326,-0.4367790571290687
-2.739292177195656,2.621223479376678
0.5433075114457526,-2.5937188053113065
-2.589224492955419,3.0669725475792053
3.3139391582325994,-2.4509183047837335
-0.8424870910059169,1.1122194334739972
1.0435929694345951,2.779163127789862
-0.6795074979209145,-3.048969792786549
2.611041009696253,-0.624951577240714
-0.7984914268821743,-0.9131087724173913
-2.5290570485689656,-0.510442658632701
2.907595890777643,2.525978292633384
3.2179409666597873,1.0526639232503159
-1.2362355099666418,-0.2051896873720831
-2.9578433033272398,-3.0240729035566187
-2.4411993552737368,-0.38662869377151166
-1.298280886957469,2.8660857006041174
-2.2581622050455317,2.49678932228695
-1.0647514385893253,3.214802362401178
2.7438489720419503,0.7591721394591331
2.8234244249318405,-1.1921494291476344
-0.11949311641663754,2.897558710242174
1.1981904649634008,-3.0443217451334545
-1.5305417786453415,2.5916961235744704
2.517726735368241,2.7589960676516756
-3.11312395387926,0.7983028170539364
0.9175502985292886,2.881867240782134
-1.1323233942489672,-2.7234686532859356
0.7122734195315215,0.2063313576944028
1.3215243175487354,0.9750412680561786
2.9389883975776097,-2.84957261697916
-0.7123781661445214,2.623054859274045
-2.891470228648853,-0.5754295477986396
-2.1919146774053235,0.9960840298294702
0.32965376618727105,2.9192554767096897
-0.04816213561756486,-0.5661824493661205
3.3006776050396116,1.009847721199408
-0.6301470765124716,-0.9164960553529281
0.8194202106589858,1.1934758512146384
2.947860093942902,-1.268294806352232
2.249336166436678,1.2753886400106913
-1.1944789777408709,0.8400348147348851
0.8442785511120539,2.1362271579061214
0.22751263701246632,-0.546395362084337
0.4582208054809883,0.5190483746331399
0.5005178162980013,2.795168640242786
-2.7365882276398064,-0.10633379105237376
0.8091025863034715,2.257963535180155
2.577346187976389,0.9074657492718718
1.372830706596966,-1.1328587227092854
1.3481580489215208,-2.7084373827091572
0.5970829506430922,2.6623207035496543
0.43065133242004383,-0.8213115954118108
-1.6599066699127396,0.6067647632342353
-2.018028136653853,0.13338129325790404
0.1637505538585831,2.8968121559313533
-2.82906865338285,1.408315597919228
-1.3895594915932843,-3.220223918782652
-2.4625044914560164,-2.4414527116907903
-2.4110274133049523,2.6600381375644235
-1.454284627702049,3.1070312414847403
0.7281870844805733,0.8701116222711455
-2.918711469556427,-0.565290391673915
-2.320493214832833,-0.8849030658676993
-2.4978802184897977,1.4059204017820117
3.2942642047396418,-2.9554031536661425
-0.7919454848809743,0.7723620138034284
-1.4041947063343176,2.719998837231865
-1.3925485651267362,-0.738098658600104
-3.230284625537974,2.5394289225087046
-0.9964334054613172,-0.5304722574485464
-1.0740205279561872,2.7564199767507733
-3.1809965706998993,-0.3194022479018816
2.9827171358678224,-3.0157905180594438
0.6599800392295163,2.9270819583130763
-1.0636764608952953,-2.8229084215426594
-0.6032176444499086,-2.865662431357799
2.987825292801206,-2.5660265067684014
-3.144750454256204,-2.655746721645293
-3.140332481857999,3.316237279271632
-2.66812741575771,-0.4180180124317599
2.8920143565985623,-2.9336685160369185
0.9634216240898578,1.194097009853383
2.547862741138304,2.264888847256455
0.902810110754135,1.1631688461960807
-0.6944056924213851,-2.616602024026789
2.578931377647408,-3.447055980830714
2.974736445172726,-3.0160123707637947
-1.546156025985939,2.8661740688936894
1.3891315396828439,-0.9989077594989052
0.8044079158914592,-0.9358860194067709
-3.3494323337239607,3.450370740951524
2.577524400350229,2.6014667628238697
1.4625643573530867,2.0573119530482216
-0.870467073113863,1.7759747847305327
-3.0279245360252114,2.8671742906064197
-2.5319372091277486,1.1394661051632031
3.4529588603632466,-1.691937934742693
0.005367188979430273,0.0723260708981728
-0.9864792574378051,-3.3867203267566763
-3.3394130999796285,3.2864621146007313
-0.7374704265517239,0.41139186358783125
1.152223705338067,-2.684485397670606
-1.8047965292279495,2.255632298575733
2.551388094414124,-0.9687556290484329
2.967473950473502,-0.3813246323448415
1.6878648850254698,0.6912098839323962
-2.7460588241142867,0.726831329375394
3.16804604557052,0.9536472990242603
3.382426761172455,-3.408330070615228
0.6639930265004701,-1.5353309376736666
3.1654739382455634,0.3867825115896551
3.1193334763460685,2.8901098687070452
1.2243242483638712,-0.3930466407391473
-2.607535043597924,0.6733810822264328
1.0382581182310748,2.8265923258830106
1.6706528277042572,0.7467601271218547
-1.1685548479587722,-3.2896759555464987
1.0277175986172786,-3.104182290423562
-1.0044781194391414,-0.5834013460795505
-2.618801972204485,-0.5832633787177945
3.5702943674388976,1.117346303057626
-1.3108570004265292,-3.107945300433354
1.356265590617797,2.2667116900041826
2.9914998890893236,2.5862618927510628
3.0370290409335823,1.2547899027823746
3.2166595672318468,-2.733955731306236
-2.8612240348569906,0.5937399192619925
-2.9209860759660384,1.189773104633596
-2.5743049105918336,-2.9484143062350188
-0.7577610931038915,-3.008309554754324
3.708624459100964,-0.7469323179561222
-1.195775735668101,2.904747204199323
-0.9047405020243928,-3.2320968350103407
-1.5427592563305401,0.8248431295146035
-2.5918117591262186,0.540976502464097
0.9113908714731462,-2.812768119352054
-2.4845635810476834,0.9902200737914546
-2.979366552811391,0.44939986777744995
-0.9260151731422367,0.9924559458513997
1.0021786740052205,0.2628765187753091
3.6353459783947066,0.9024539194138653
-3.1847371013484658,-0.5845637515675949
4.202188882951272,2.5253053552201776
2.581882850943262,0.8423869514483977
1.263540027489144,2.9874601668300778
2.587645357947707,1.0461570996560074
-3.340847913424023,-2.5622337126774384
-0.7149060713002259,-1.2630431816837218
0.664060549778399,-2.823755610850517
0.3811406442708887,2.563251367737169
-0.8251349650295656,1.2004295751096579
-1.058608421690098,-2.5836617762440444
-2.470226773807393,-2.5539202871781197
1.134408782905104,2.9126260004103233
2.571357762814171,-2.600385170502841
-2.6004781688331238,-1.4078345271997015
2.54132136404248,3.764254080429524
-0.4178400892816197,-2.927617752028082
-2.5482256351884964,-2.478891573367674
-1.0370924004266082,-3.418544909224142
1.238977889774908,2.155978255004575
-0.8855750489370191,-0.25536660401291505
-0.9193179294617555,-2.3885067651109404
2.7951656535746636,-3.012937998130355
-3.1412474640826145,-1.2187752569174957
-2.4416642692780997,-2.7636061175510025
2.467110096490789,-2.5360783687398514
-0.42201338913252195,-3.021911937710909
-2.268757241591175,2.2835378398128348
1.987407592473021,-0.9130062669590723
-1.2480211415250664,-3.398017444915767
2.104460204508183,1.2459865102356669
-0.38555769312445803,-1.0227793426725937
0.5169137688103018,2.9489237391202687
-1.242401907021687,-3.415267912568274
-0.9908111194469528,3.0821245270043196
-2.2458527619298243,-2.5798110995643557
2.832658226944239,2.1933919057162092
-2.675367563676023,1.8679866839118686
-2.1715123699140055,-2.994343583445913
-0.7082316214491264,-0.6924089412355751
-1.1268190470435908,-1.0379402630712655
2.582921999234747,3.4150111664481786
2.6764019699891395,2.489027874694114
0.3659996168859461,-0.6491377812491868
2.8400588860343743,-3.1537060718322167
3.406106818326584,-3.4183226273052907
0.9960962831685192,2.56739068302946
0.33377995186810494,3.088054310794155
2.1322151307873707,1.5375807431641344
-1.2090358484597683,3.5133576236230217
0.6897496060667644,-0.9337354726975585
1.357780818379719,-2.990152708451018
-1.1115704169546081,-2.699577679839421
-2.5214141815671876,-3.3615735384585097
1.408427977268718,1.2324231129455487
1.2985990273565153,-2.6016969534563974
2.8876757953814143,3.109684042451225
2.9331406422045316,2.067962467460979
-3.705130833826874,-0.5417183476637366
0.6935709193596742,2.8488503812513377
-1.265573893328394,-2.3916790237485297
-1.0991930791376698,2.489114473230791
1.18475613067017,-0.7644757037980323
-1.187214365649311,0.6729263806450803
1.2801050186138447,1.0633523937091753
-0.8684260820181017,-2.9142171284520373
-0.7911853940645548,1.1577509005310345
-2.929719261670125,0.784504493379002
0.9599891233002233,1.2778154873763052
2.8129889253316764,-1.125915641474828
-3.313257558158622,-2.3372283078964715
0.9088652269327705,-0.43748890242366817
-2.6383427201183647,-2.7194519423148673
-0.7241884429634708,0.6314815917450479
1.1222057619598786,2.253494808809498
-1.3416170368448577,1.574255530080324
-2.74934282131185,2.948776738981197
0.0672185474681614,2.342754976610191
1.599959092189511,2.8184606061537782
3.473995581134506,-1.5077228176438582
-2.645979967298137,-2.3641206791652807
-3.101421591099321,1.049783953656796
-2.548041778366247,-3.1130417539452178
2.3589297511066083,2.9760663779037633
-2.8693390988141596,-0.3695684199742492
3.6151600842129894,-1.5616656676334035
0.8102333855021598,-2.7338844513159475
-3.27903416560314,0.8605042698064292
-0.0734445853393113,-2.198003520953067
-3.098546046996448,-2.466732866593144
-2.554822859276464,-2.0958997736525244
0.2805812486084705,-0.7675004971125722
-0.9011291824807446,1.4513046800744944
1.0536609402808124,-3.06996995650212
-3.3575438512846607,0.8283784293371261
3.1741027240732986,-2.757791082378692
1.0850647324441036,-2.736655857535978
1.0515735837322087,-2.265958845840957
0.87262889639821,-1.6382595175324453
2.824260749455623,-0.975586959017314
3.2281820827595324,2.8371571753225293
-1.3304957132320883,1.240151387840014
0.53567319059334,-1.0206140682359042
-0.7862474656780414,-2.591237266824925
-2.6239786277450503,-2.6522740672461267
0.7686249385343664,3.256554670535399
-3.147630091498392,1.2687541938141433
2.806242769573814,1.9700959165981549
-1.2472347568893545,2.0719899743878125
1.0873177029280023,1.1484392767634115
0.9317460025241545,-3.0148496386682693
2.7162072156241566,1.01782350292537
2.6193054382699,-2.8145895018572564
-2.7410210679640943,0.5882404656618062
1.3355953198865884,-0.47443210887238396
2.7365925073238304,2.7322787715971457
0.9213922233848302,2.933418394106596
3.428231937017546,1.1972040483341972
1.6413546374871044,-1.2382804577594098
0.7583515775942812,-2.5641505607151887
3.3562330539638,-0.6439540789267266
-1.2484402328699344,-3.2687120524195437
-0.36780139997777184,-1.155428040114669
0.6352510515254528,0.855922923626636
1.1283291263245792,1.6614165899673001
-2.876095453355276,-2.6122983136487847
2.876437319758231,-2.8888619786286767
-0.6367297289575314,-2.9421869850797613
-0.32509260490905595,0.02557174614470486
3.2784171449545285,0.8583004862419709
-3.371527741730659,-2.739680753117419
-0.6223485020376088,3.638660409257911
2.67430707073866,-0.9379096944176267
-2.680858861157764,-2.3404089679912534
-3.1548138616453216,-3.5994965898551174
-1.0632882948480327,-2.9441353893005204
0.8185603062613217,2.8622647899784996
3.6974453411310106,-1.0121468315635451
2.9933312587391967,-1.3148238703876038
1.0175098942996657,2.9083067711457913
-2.7904730623505594,2.1322412979479317
-1.005050225196645,-0.06158826943565284
2.1974423879093927,2.2419708502752043
-2.904027541438868,0.9167691743553886
1.3020777006859698,2.996053281589539
-2.7813166917483647,-1.98373650655692
3.101795603366614,0.26762952453666805
2.6550387731954954,2.5811849631179093
-1.107916206249655,-2.8020971180610625
0.3898004285566723,2.988791953260366
2.5930147851311656,3.082048032037598
1.379124754519209,1.2779516387113286
0.9983159960790248,3.032892417150367
-0.30758417998996773,1.2450062053946096
-3.364581038546672,0.9399965260022
-2.39169636086559,1.2975248848570793
-1.243577212786574,-1.3293793488494459
3.05871969067805,0.6479037604983885
-3.0031451568396146,2.601275878458427
2.811313656489126,-0.9262312853149642
-0.5898143076810903,-3.155397414293672
2.120440661210955,-2.735929130892501
2.6810379856077358,-3.2438687390283367
-2.7132770329815257,1.3066225455991158
-2.5394235605739297,-2.55150854749111
0.5160828213737405,1.3767509671790268
0.4301678960152482,2.9213071693616657
0.5613599706339424,0.8575399655684467
-0.5714631577807867,-2.694211359240038
0.4679245005716447,-3.1624341511663543
-1.2444516938410584,3.1079983204460704
-2.81186277194416,1.3352972512062764
-0.8470291197950134,-2.8272168749303894
-2.5513066477700885,3.145414527301734
2.3762938933425324,2.805929742991463
-2.2326879875948293,-1.2958491604937012
-2.4371688384691756,3.1865238074405107
2.4875898003395878,-1.377372531902878
-2.769815796202987,-3.020640334111438
2.580845507381642,2.8269238542546438
-0.5775312014079319,-2.8047722497797145
3.2605934035683553,-2.4581805820446934
-2.862928924428483,-0.8796106999477687
-2.9085142781573166,2.5134575415794824
-2.9698924887243634,2.6561437340771756
2.489096889508046,-0.7492077866714097
1.4471719049596934,-3.1740852851300887
1.877719868580521,1.3361387265528877
-2.6938839468211326,2.5190088212250994
1.4545336534116138,1.3100677103614038
2.79039140470868,-1.3682018837976555
-1.051316677927166,1.410248023081532
2.9684197177225173,-1.4044262600212165
-3.118335979804001,-0.3198587389906985
-0.5395710639973298,-2.9845707142011295
2.60355712814688,2.3350073166090315
0.7595957464102764,1.0044026457320459
-2.508048183080519,-0.0889694885315099
-0.7481963569412078,1.2837728716032915
-1.0767240666351907,-2.7768568354621745
2.832054256031325,-3.168605887286251
2.376539956450846,0.6881557563214398
-3.0725552313650604,2.8124490552422206
-2.1004718827263575,-2.169263961384354
3.3464356173114136,-3.222131189636618
-0.6107660940127474,1.5534473869006438
1.161654590627801,-2.695544864958122
-2.717447472237679,-0.6164763133534674
1.230462625335554,-3.3379842511338906
1.1006704935398506,0.8389771742381084
1.241341610640937,1.2280387021048291
-2.723519154466218,-0.3953173404389538
-1.4363332093742467,-0.821802904024378
-1.1372723408277268,1.0001956456765313
2.833263054131717,2.698562119228756
2.5286877612493286,0.47616198414730415
-2.6475710080324926,2.597759157678872
1.0212091199496551,0.7102765570175154
-0.3646741941918061,0.30989403699276935
1.2742898170995036,-0.5031909438812018
3.51022970734141,-3.3274208545383943
2.6072328129149875,1.1267025191575977
-3.6678014321076784,1.3214981520076887
1.3227092210446554,-0.6552071490238611
1.346027508499661,0.5850041723862789
-1.166113792079092,3.065913352373883
0.5264403886244156,2.3733499339965416
1.1257856241336872,3.162014422477518
1.138299349315178,-0.9457629892900402
3.476127692682526,-3.5645999888718225
-2.502736430681479,-2.9563625511048204
-1.0329449856104105,-0.7704258141171663
0.24563630736196956,2.1040150421463304
-2.830066334210158,2.917563332896211
-0.37044033946052507,-1.236390481877776
-3.3187119936285434,3.079507955647429
-0.8801700657199575,-3.0536849771457693
1.7052555054309841,1.4000397517271197
-0.008342654485436399,-2.506887739486047
1.1283088142643525,-2.7371819803365782
2.78590560831938,-2.920494658434256
2.6664063395380118,2.608442214615246
-0.6483647496807887,2.6408031480639123
-2.974551697290621,0.7969667128816676
-1.4212664615584023,-0.6730994025989561
2.603049352270884,1.07337444112186
2.8262310042982066,1.460194227410472
-3.1098172163530835,1.0410453619790554
2.9719114525658754,2.4447854205131656
3.5608669407358775,-2.749464755345015
0.8751317990161989,-1.2694782661031327
-0.6575172221958324,-2.8751965547377987
-2.600012874700115,-3.55447333249367
-0.6186678510702402,-0.5967308397371639
0.5108532825921812,1.2896497174946115
0.8325042170520157,-0.43576750845147977
-3.0544606842589612,1.115906156924092
0.7560800545379942,-1.0612855852903496
1.0320203673699473,-0.9663870814192204
1.4636398002967677,-2.0221158641717687
1.6455259705904257,-2.708589016148814
-0.7800068408768465,-2.4053017789689157
1.2135378409710413,-2.531432347056711
-2.4446945694632616,-1.1293989282426908
0.7677561765882929,-2.874030886770927
-0.48669028051759855,1.1147671803321533
3.187483358501028,2.428606626682774
-0.8807071928865323,2.8694067602385225
3.027619177629898,0.8641257476011094
-1.1178787062884705,3.017173242249461
2.9882267500116875,3.1745340509025097
-0.6423082711950465,1.3157514063834568
3.8573777220322842,-1.1814974239829024
-3.068586136781201,-0.42668179753172897
-0.7898410907363871,-1.3200401326720297
-2.7436650266847527,1.2730322725688912
0.8209422218472321,-3.021318890254231
-1.3245950737242382,1.278447858963524
-1.1775287786906332,-3.0977509515451622
-2.6377004986619452,-0.8546610480236352
-2.134087654156638,2.394276732091511
-1.4259196600950395,-2.4021149598080918
-0.7203796431086434,0.12411641576659554
2.8401402831744584,2.932239962924004
2.6496122590916213,-2.7065199033384344
-2.486438489885998,-2.6162746694069807
2.679650182025324,2.6082994879264816
-2.741333409816816,0.797954734076812
3.1763716307249705,-0.7569771070699552
-3.2548040410950665,0.6591599199414769
-0.11771252620894117,-2.2221901317251636
2.5927732177611524,1.0694623368347196
2.861702876642946,0.6276081402152437
-2.3628328625713952,-2.680654257471608
-2.445265286297639,-0.8542846715383791
0.7168782599880931,1.0556245186252224
-2.7077499292272145,3.348260344385584
2.811651020848876,-3.2573148364175384
1.126894460247271,2.4421036538174086
-1.1456283393639946,-2.841499095524799
2.9718681602003065,0.6446986892332388
2.5091836778223557,-2.99920322741548
1.5954114845559155,-1.4569596632424304
2.4669247452421983,-2.7371814108023327
-2.475395441419895,-1.5048917496138454
2.2181920351757816,1.4287288961906095
-2.8044429986487427,0.835678413208644
0.25767669010107463,2.9994777833110957
-0.9045856227715401,-2.8719081570245764
-1.4161244398685109,2.235784216905378
-2.3971372459511784,-0.5903681944858052
-2.5903363002897124,0.83519593900976
1.128721173409247,1.117819574609777
-2.649834499174665,-0.6602674024003494
0.40758702556023957,0.8962805878551382
-3.310339179951019,1.398197478270246
-0.9874795124792136,2.8264862247233875
0.21332420323887089,-0.9910036799776544
-0.6710133290624483,-3.27960497500397
2.5163487869217134,2.774109564276329
-1.0508362776425155,-2.8733418992936426
0.2724638506386992,-3.543168810453677
-0.8509731101506524,-2.621410586300858
0.27492334285211906,2.978468691438354
-0.9310946109374635,-0.6364839775089353
2.729892716447678,2.4557416701864043
-2.9493123470784837,-0.14057778944417107
-2.1674966738715415,-2.92340494072721
3.149180525778719,-2.825377407481452
0.7108636326055118,0.9679384826865481
2.3545879343524145,3.1284415021579215
2.5069799741099157,-1.9969716354444031
3.0983170213224094,-0.852199855319083
1.0396260365166694,-0.9873399251706387
0.6052694238884051,1.6070274353906948
0.7998192336942567,1.1022368467509465
-1.1814106621109193,-2.5038640226154647
3.1813521718343662,1.9966784002886568
2.5319986230785663,2.226276065734251
-0.7790443164152531,1.6135601178266128
0.7492934416766497,2.358358141439486
-2.4106687113604317,-0.9368378130396594
-1.0312258210967107,-2.483389777618041
-0.8842449438488525,-2.771571083556978
-2.930902844282686,2.9866822998812776
-3.5267201627153946,3.274613897948751
1.4404740975977894,3.126634808688898
2.9271549141352224,-0.8203266047121319
-0.929080514698786,-0.4654544565728924
-0.7814839299410531,0.7888178102412983
3.1198351046223296,0.12475468280546607
-1.3322296771045572,1.2890683665097937
-0.2006170096895616,-0.2546730731563705
-0.9976186689219096,-1.1322710437575567
3.4874936354257438,1.1034523398483875
2.323296047327539,-0.9216370575207851
-2.3742334184772425,-0.808818883431978
0.7261685998771308,-3.0219752566427074
-2.6643484365728685,-0.8061397020699064
2.6866635812859694,2.7108082112220555
1.0770538967100076,-1.3606124098744332
-2.9660489997666493,-2.707213164013155
-2.183732843204241,-2.7857394513856204
-2.619157090431014,-0.6249064116127058
0.6184892275036641,-0.9501455975624032
0.5163731436318482,2.9914019527119673
-0.9175890766815897,-2.5147591498484667
1.0778859794311861,-3.043847188205673
-2.350657888731896,-0.8771137562775388
1.3555710173350115,0.9455026220494454
1.2211829663684168,-2.7737415274573336
-2.801658686871417,0.9146744101330612
-3.098887624511441,1.1438730262908543
1.2997228026374918,-0.9218035858469904
3.3908154072802414,0.3556043835887421
2.496130771085564,-0.5214290569233883
-3.5126047722065064,0.6341986480795836
0.8701407643728075,-0.8858405465290969
-3.06394389637953,2.3337970654011166
-3.015516767487709,-0.44115737340525435
2.823636700147947,0.7079910381153692
0.8087182012154007,-0.7320325445508455
3.3738040688812565,2.7125332820010395
-0.825197312101088,-2.4303638005698103
3.645621814975338,1.4594298821268203
0.7582029735418523,1.0342113347776682
1.4347597278448347,2.526936043980859
0.7310559116935789,-2.641920217998161
0.9645840457571853,0.6728832586786375
2.2395544278157464,-0.1698564752884195
-0.8007166900672529,2.4043595155889763
2.7258246098618124,1.2349156422903262
2.834895113439711,2.430959093114326
-0.0034755477900287263,1.8748863079368459
1.5871078532772631,2.257904987300707
2.981072458114914,-2.666990626504046
-0.6617105431819783,-2.595303508458082
-3.4176412070189826,3.164914595731147
0.8990996886367372,0.866742392656774
0.7049503879582556,-1.1060015203992966
-0.8795278442630666,0.8071443223931885
1.2285414258904774,1.0208755579655084
1.239445699710999,0.4259403973879643
-2.7457888098828707,1.0658624246359507
1.7163105217785835,0.29807346856247513
1.099993924778588,-2.8038003188315237
-2.4836650755418606,1.2663333777470083
3.0593469689402384,1.344007957240137
0.18929730722406632,-0.45555260954367
3.0546377792964794,-0.8449239292249627
-2.800500597857873,0.9286360711330438
3.5842008798914713,-0.8690072118039591
0.32735933801210654,-2.931098939164174
-0.3933269666424448,-1.3510503448721725
3.2243251886445803,-2.8437416848889443
2.6620260537143805,-3.2668993746290664
3.3032602716154638,1.4092533431090102
3.2866892999958655,-0.9653685807271019
-1.1889374129765222,3.5270103232923455
-2.41721930829085,-1.0131864626850804
0.3313768759000144,-0.911557214571757
-0.782458846297943,-2.878661783663356
-2.4920447289377146,-3.0200232397264926
1.1048795231862705,-0.7295943277811423
3.1226642012521624,-3.2334889321986653
0.41291346740634954,-0.812258263996852
3.5801523761394516,1.071452547564735
3.651934811666866,1.1804972907886884
2.8572964191137618,-0.7875895664600642
-2.5679721342987465,2.866115381981913
2.794052307572813,-0.7671447692034675
1.1744405337661388,-1.010642143139341
-2.7346220344092456,0.7688044069353305
1.1396204679585908,-1.361540139366835
-2.69427614545824,0.33388026925403136
-0.9442001836547893,-0.9408069423142469
-0.6365958606397646,-2.6103039528727523
-0.8142123275203595,3.0716212114235044
2.7491181844108117,-0.7906535982340167
0.015912709923794396,-2.845314089275055
-2.6302297984647582,0.6934849334184503
2.8235741516466812,1.29561791731774
-2.4695855155578226,-3.199124654432125
-2.394192374287078,2.52823751733629
2.877932305573275,3.0734953559827267
2.914429323591861,-1.7959625162249941
-1.0306111701948124,-2.72830086571958
2.3749923465063607,-2.9875669114375776
-2.537387223790313,2.5000736835316846
2.6831890518313934,2.623358221964415
1.7634357507207237,0.8221995475564902
3.025821825900921,-1.0635656472796624
-0.8995926571027268,-3.2751488477631567
2.16849208148388,1.4864710344322272
-2.529673046806906,-3.002819403193888
0.8519085321890879,0.8544665946097947
-2.42497005400985,-2.7427060371956102
-0.8704152386432654,0.8247768402440915
2.598096730667378,-0.9132700855660225
2.1007455904799444,0.28072568356615046
-2.716210234409259,1.6718065278789425
-2.580970489098441,1.2981046843362125
-2.283807519616083,-0.8507798717076347
-2.6316478632213087,-0.9826719480592208
2.5481783675798777,0.8099276435338614
-1.1132984612432908,1.035536855329406
-0.5281635787055351,0.8123066782160587
0.6739226966401342,2.9795100736208395
-2.394249398291129,-0.5751906660318951
2.4606992691131384,2.327209987261267
-2.815960592682559,2.548237149114526
-2.6141375809996754,-0.3298842470778113
-2.799556602519009,-0.5088466880693802
-2.196231300935017,1.1442004353934743
2.646741391771236,-3.623199409958235
-1.2308739874134749,2.7536647412343966
-1.4768042332557496,1.071200800043898
-2.622031424194806,0.9947847594964216
1.109485162696884,0.9110540706959571
-0.9579458292900659,-1.6111466124413705
-3.1934136968449405,2.847347465636901
-2.424000001878151,-2.244218210742663
-0.9723369832351997,-1.1604688234848568
-3.0078207068844196,3.309244972715021
0.9461780075038709,2.691379141213673
-2.607688549222933,-2.328835120642218
3.1143517326901993,-2.5492129957205365
-3.1275449257123844,0.9966205979665558
0.42427941880828857,2.3685430940324523
-2.9464984278884323,-0.9604008472378415
-2.2235794586395237,-0.0934694707240842
3.0120016289576306,2.2737503037453934
2.352241601290719,3.135508164573373
3.1767658956072498,-2.0815590824562635
-0.8311972888953608,-0.7699785155826309
-2.753283644951348,0.7749653513051361
-2.9388263186165493,1.0585678578381388
1.9451569347075934,3.170299355181409
-0.6146848647935652,-0.32105088235995144
-3.4142035123787524,1.1032580469386482
-2.643501006731058,-2.7968476599094987
-0.415384032986698,-2.6145240534303085
-1.474036646157405,1.3166485531605006
-3.071099923443685,2.769428885557315
0.9384345680978555,0.4691717907155849
-3.1413897219105458,2.8885505640532765
-0.8576989587992068,1.2823272708434312
-3.3906720459790654,-0.33654119072936167
0.6532735629128076,0.7235132748015866
-3.2102027130138575,-2.172166448002531
0.0668998819648404,-3.399873329160603
1.3780350484254025,1.2769835752214067
2.2190861536752453,-1.5807147841831586
-3.0681427855422476,0.8150346646618168
-1.3313487789021698,0.9303036507644391
-2.5003226416661697,-0.10210927129856999
-2.8600559296637327,-0.5143662474767653
-2.840148878161626,-0.9204875654121033
-2.715087854985031,-0.47538486113787487
-2.350216281103647,1.1450890458995853
2.14085936033136,0.9875698666577444
-3.424439488497035,1.1615501905124084
2.918640655959167,2.0734864497967007
3.096020872985686,2.364049592702162
-1.0561319573775823,2.43061861177906
-1.2795802545843802,-0.7572657543295824
0.8608714826285513,-3.112472485843136
-1.3803579012048666,-0.8640071892717505
-0.5838808057737898,-2.7476681552490483
2.301228241940086,-0.883392384885138
3.1423523055052374,2.9490072922966712
-0.6064482659491044,2.5739582716608513
-2.6737826975378183,1.5122243346950162
-1.0046246463984585,-0.1982718174262559
-1.565535652513155,-2.984555671357879
-3.038769032058351,2.9894206060868513
-2.1880198495787453,1.316772998854511
2.9159477963876097,-2.4103618585870574
-2.626315466617924,2.6608683548835135
-1.333279415662877,2.75234267911522
3.3755298291495412,-2.878369019565903
3.1673830447050153,-1.5483195558143354
-0.7766261294021554,-0.5396083791038412
-0.9750823773276557,-3.1561197139575734
-3.1863378609200965,3.1228659349745924
2.3703893665815063,3.2937332317599455
-1.0950837954892099,-2.6459635534088917
3.304781833314562,-3.3453548090970666
2.6483542260077937,2.8225133141183165
-0.6900044428219082,-2.978333131468365
1.0124702402211134,3.2120669170013754
1.1031004898037509,-2.7999027491945156
2.7493973438606716,-0.9431362805198539
2.7904322724720796,-0.2760941432556212
0.5481226722039446,2.945742431415564
0.4547131009246614,-0.33259820805573803
-0.6873726988580107,-3.6244220176575523
-2.553148393132384,2.9304368445097877
-0.9769359560993952,-3.259028829738349
-2.885087955823761,2.3804412708185443
0.7446196465968694,2.8204553569278286
-2.402799631480774,-3.0376347916496598
0.8640975586816074,0.593989673446143
2.2227356950043773,1.6021297810078527
-0.48337486046795136,-2.684553027474025
-2.8159028662406373,2.5798035926195393
-2.5095050872553437,-0.37271872061546873
-1.4175216473521923,1.9118829605208008
-1.2248269861465373,2.815022944478009
-2.433378328540777,-0.6791897663130178
3.0614189717302547,2.675779303725109
-1.220889518747622,0.9827156100131993
1.6512874351049063,-2.8235832974031343
-3.403840316318318,-1.1073779103556078
-1.7018232128681883,3.362450368996327
-0.9609654413545167,-0.5705360454483124
0.9772980540619711,2.250281823817125
2.965232275599051,1.9629881148625723
0.6133306940790287,-0.8793010509559561
2.4286396051363806,1.1937088143337926
1.2251453774028074,-3.53255040635657
0.18290230530314122,0.6483409468465722
-2.4452024411871998,2.8560902244505453
1.1065299012629044,2.417811057704427
1.038207629754148,2.82906310066837
0.9300937187227449,-2.7902339931327615
-3.0079246442808953,1.2308800404940503
0.914196685410711,-0.7293016972050419
-2.4105523807374705,-0.8804131998174403
-2.394979166604712,2.4589871128762355
-0.7514885135647806,1.3857587767205024
-0.7687966620990201,2.887760623926022
0.8949020184351332,-0.49642538209008585
2.8274165703904703,-4.15601286488884
0.5830018948730132,0.8678050410615586
2.156364929537433,1.058479229941991
3.158000929602731,2.6434010673395547
-1.3871820511057462,-0.61137273509852
1.3804993675126063,-3.6675122545849184
-2.890960906748611,1.0790992337763692
-2.242191953149864,-1.9340270229338512
-3.027233611349305,-2.285051145261891
-0.5408773965514156,2.6060708000625854
0.4781765053294559,2.484299440214677
-3.0060970102620006,1.1666657575081385
0.8168130410166876,1.2765392698928024
-0.9963799428822051,-2.5977162938459575
-0.27232846273815836,0.5460356525035048
-1.6270149229035626,1.4303073732305502
-1.9040916079391224,1.1211972746688816
1.0996667091333405,-3.489031501413968
-1.423766259745541,3.2532329597645204
0.7161857018439477,0.8663724807960836
0.8846152710578613,-3.1346261087534004
-1.0072440870366335,-3.449778494974587
-1.0072419886796327,2.748159198075512
-0.5575154155530255,-2.1121432693022397
-0.6693131893287917,-0.7581163895368217
3.3280451882622573,-3.004919583252715
-3.601582394553971,2.6687446528634333
0.5121972963037854,2.218805160392302
-0.6238163704039059,-2.6764025908403495
-1.1994617787174346,-2.49828220490379
-0.5894677511319337,-2.9173725900502054
2.5802058381107247,2.886989302593731
-2.408444949917416,-2.7277136469529664
3.199096774800498,0.7876854053186487
2.926372434213896,-2.6844143567198673
2.9042014335724264,-0.5877900975516829
2.4506060618974033,2.8517126598110427
0.8194566917991871,3.062349503366104
0.9309903745052992,0.9417020475932998
-2.916675595674697,2.915711152124632
-3.0108137831813777,-2.5379050891686807
-2.849125726521371,-1.116605647138898
-3.5989356495816396,1.478518190556384
3.002842328005411,-2.750007139582011
2.3647615206414847,-3.4134445978857815
1.72267268327603,-3.259082468715023
3.738373014569398,-1.3320585300986265
3.7392176239926194,0.07614098112333675
2.792458100057269,0.8216418846306796
2.7298863236439526,-3.167811087310324
-1.2881285048003133,-2.8368092606436406
2.7069967342752914,0.43778392488729245
-0.968073541475669,2.5901355765623952
2.811048521595549,0.536374793634875
-3.4312594979701667,-1.8791615941620965
-0.7709498800951533,2.3806759335165264
-3.3699692142960247,0.7282039227519508
-0.11764324768341439,0.14276112862603904
0.415761139113476,1.8703664966736402
-2.7407924451014245,1.3796553289784763
2.6433261850113734,-0.86748869038933
-3.433897043707266,-1.8950564352406052
-2.803308365671715,0.6370703581210891
0.8329296571257288,0.9173120317475217
3.7998629301479356,0.8578948718816499
2.873706096059443,-1.1173359615943597
2.961518087578256,1.6609186274328154
3.561840570414954,2.8980165173349315
-2.7282362160124465,0.8347546046561521
0.6609009239723803,3.0559699406434127
-3.3357826213025885,-2.9412962385532744
-0.9910838627004968,-2.7063379840315354
-0.905218224451516,2.690153125219201
1.3649623732998646,-0.5719516657018079
-3.5061329735730253,-3.2830318896987847
1.2988745300781332,-0.6538486320534485
2.3775268891844528,0.5043996751631092
2.871895228999453,0.8934620425517911
-2.469255409389088,2.67923780358896
0.9762957529983632,1.0321505940038596
-2.1066714241386264,0.8832757017961305
2.811071484712273,-2.682209831380717
1.1617753159248894,2.520406144791104
1.2729629837008838,0.7446539733301332
2.852003270355133,-3.034287531113027
0.9256014066688346,3.1024261749743545
-0.2869141173736451,-2.579553252491133
-2.7508909504063697,-1.277112876211504
3.180343938527179,0.9616949560525061
0.9768499582774931,1.169448185224009
-2.619446995562186,-3.02862247395665
-3.108077699571246,0.3883605914332635
-2.3512956873693773,2.4408810077640917
3.2097548683689907,-2.756645656935191
0.8416750587107994,2.720204151039761
-0.7678234645566795,1.1009945583601894
-1.1774567167945664,0.8064428095574614
-2.420447528023198,0.9577400239485976
-0.84505276135901,1.175500130727475
1.18033855906314,-2.6790129045857785
-2.6717998432204095,-2.850195354203435
-0.9509097468683841,2.6190753041104164
2.8650567713276156,-3.091018659167237
-3.1776644720654983,2.174116125238331
-0.791468112988482,3.120458681482101
-1.2474061655530253,-0.29552440974375227
0.37163550096795744,0.8476686300535284
2.746367021839402,-0.27865154576934353
1.3348416806033465,2.356138021024349
3.0070995444723265,3.2722886453067193
2.616047989188856,2.6803413407569026
0.8627216069402966,-3.165865572558999
0.31550732770853385,-2.774477561076559
2.408353561830422,1.1574621634874913
2.437934076812189,-1.4384093627427221
-2.95247601546891,-0.9831411652449643
0.1851817729166102,1.4944106457900068
-2.5511756398824486,-1.0137215503540344
-0.45155916131553214,1.4219888394010158
2.2802295757674007,2.4316855099576395
-0.9723566041632409,-0.6022716937566786
-2.87179462535072,1.6020630792421515
-0.7711555285981653,2.4755310111273277
1.0351397189405565,-2.9068223183469177
-0.56353625131323,-3.146058579182743
2.508725169082457,1.3530113513086706
0.44984662883132903,-0.920005332661551
2.500633079550744,-1.1654728591758796
-2.634472143826501,1.4926153740543087
-0.9113418903739184,2.5165740521283935
-0.707481975548828,-2.1950099283850992
-3.122457964827824,-0.6573700628638667
0.9426536134476247,-0.9276208149526964
2.95098622134357,-0.27478363496502756
1.12995527625281,-0.8426668582952205
3.4575034966566207,-3.043699039762543
3.333813599292472,-1.163050662863741
-2.260636785506719,-0.799851827340333
1.0798947195311663,-0.7186391788364069
-2.710050381020718,3.061788385445088
-0.6440393550910782,-2.657044736950672
2.8793960426532377,0.8133829522903958
-1.3850565083679263,2.927078467291287
2.521017509449961,0.9518525545671539
1.3560819500662686,-0.8217565493641865
1.1234812245790733,1.533349323281699
-2.4314761473504376,-0.5335386487396585
0.8551623539088885,-2.698461163625537
0.34574561071198723,1.0221637863881623
-0.3577025731325656,-2.7401158182327565
-1.1194017400167602,1.2113309432676966
-0.8208864254726497,-0.23730827336515392
2.662814314646049,2.483772196427895
-0.27080776480782287,-0.9881439518066593
-2.335912250018368,-0.13825328627308384
3.1275621064735617,1.4515008120623898
-0.5045506343113183,-1.782860727363894
3.546557699512651,0.5047451683585719
2.3642981558813716,2.774423922039532
-2.98977535671365,2.520882465983799
-3.2474317266425845,-0.9936712760873067
-2.9583378630023267,-0.8863029119225704
0.7727024198887604,-1.4656863609725643
3.5025704740509562,-1.0639752955794706
-1.2207024824801274,-0.7155702312156349
-3.112950915533896,1.0603932389355941
-0.8951775859364303,3.197002366032798
3.099740913764125,-1.2519045091992231
2.2468559589558486,2.688483535539387
1.310668235580331,-3.248084124075969
3.510799544650986,-0.8875657230497631
0.2527660055714298,2.2113612063109485
-1.0149151721870866,3.1331634530959236
-1.7167522417440493,-2.6551671512890826
-2.5234190673126426,-0.8207961313493359
0.7057311037938084,0.7727475802169631
-2.064023368818542,-0.5061840621262592
2.70418690835809,-3.1169160659081183
-2.5002756566062274,-0.9069114879617884
1.082098504655197,-0.5204460030293425
1.2565088565422433,-2.925655225302371
2.559606314323946,-1.0615661627319435
-3.1523482950310733,1.1620012574107672
-0.8525384672472313,-0.44796502926368614
-1.270594834418557,-2.8302372496046866
2.9002665279263056,2.588261298389822
-0.3435776163738967,1.0833721599812858
0.9887562416940354,-3.2984587764067315
-2.8694441502446053,-2.303423871393256
-1.1185812768002632,2.3662572514582534
3.0996016356927667,0.6791629844819863
2.7864979453554226,-2.821391653586218
-1.3489928331397538,1.5175867303687143
2.6278147143784247,-1.7988730348579614
3.0327066148011066,-2.2971325233932056
-1.1547204219902703,-1.309299621273267
1.430218093975601,-3.239945994105826
3.0011649471532658,2.331421793110994
3.2365019071066863,-0.19789763729075413
-3.695790902486658,-2.31082563445268
-1.4023138620518538,-0.7372487535977191
-1.0370463186279202,-1.0728580814868687
-2.6208010752462565,1.129224055173881
-1.1317979508463971,0.6944291378406978
0.9911920914979494,1.9589801507404745
-1.469519585019675,2.2723518756267644
0.9820371595704186,2.652859316846648
3.0258521036326655,-0.8197921316236151
-1.4901487745598143,3.5750615225710303
-2.594928301111749,0.38495312806171406
-0.9658652358212898,-0.9287588899805643
-0.6853244542999346,-2.971824480438668
2.898639030425566,-1.5264026431505657
-3.18144418634871,3.0751913798206894
-2.6752255565747087,-2.709407895756316
-0.09244767181911859,1.3920700844245355
-1.6530987929380068,2.2399451355543416
-1.3063314200322476,-1.0762826369478562
1.1790804575823794,-0.19742574609434285
-2.583971267450106,-1.1585070397527217
0.7307217619291231,2.5617836815035444
-2.5148534766242614,-0.9218604451277574
-0.31738437329718433,-2.6585483792449063
0.9825005496012964,2.9128293294024763
-1.11217457148836,-1.318757259021419
2.3826467428398557,2.6043483819635744
2.2916734025570036,1.311806852610364
-1.4636372414744534,-3.250638036185389
-1.5099533284902331,1.4385265882601879
-0.2936692960401055,-3.0761163713638373
1.2367721752686112,1.2930472174004415
-2.5287983966895125,-2.892975347050229
-0.9754369664622523,-1.2369229144662215
-2.3068057056800817,-2.8412903740892115
0.8418031070900175,-3.359304368130329
-2.8452335340765846,-1.0574637853109798
-2.3272443571919363,2.836201558808594
0.5776095179232236,-0.6177114310540451
0.731571340815003,1.5304537421547868
3.071469445671515,3.0081352407787465
0.8819785018590851,-3.158255639738398
2.749431269113725,2.228742119074295
-3.3483716216420114,0.5666234570938071
0.8816437461508646,1.0917857597812852
-1.5121763996582085,-2.868006571258164
-2.491991756026913,2.872785237940955
0.3840482888636466,1.0691545499146695
1.0135908167848993,1.1084931979789274
2.4337767194781885,-3.1498352783496615
1.4148420818779308,-2.9829635106474206
2.444786601258045,-0.8546254733984839
0.723596214492863,0.38835950088281923
2.5078289285024042,-1.2638524165861158
0.8100382550579316,-3.20976216942522
-1.1537963712275636,0.5415602225123777
-2.8879343471955967,1.672982394469218
2.3165062168757364,0.7860951083914933
1.2969249087661723,2.5803695837849
-0.7611594214883044,-0.7651172088279891
-2.77999179200107,0.6769998288772598
2.7186995424535447,3.4590008488927695
-2.7603912819962013,-2.663689417366029
-2.520656234854687,-1.319947571589449
0.6088231096542063,-0.2709027082329198
0.5541824355494573,-2.938320758763054
-0.9712593939042149,1.0513447425764777
2.742784916206415,-1.75525254106749
-1.3866276516873095,-1.2647213163476823
2.5052335182884313,1.443399632501936
-3.137701878211383,-2.955913564840821
1.1735500711979365,2.852278479192269
2.7615182219779992,-0.6855166175238826
2.762085964850407,0.6636933871652132
0.7569716458738598,1.4926324230088786
-3.13880496056082,-0.4786225143628138
-3.631921990948597,-1.1252790581650436
0.9687003713430143,-1.94781806485163
1.6269078669255073,-2.7250811595805984
-3.243106158571786,2.3331020737205423
2.528847852988005,-0.7133377820988075
-2.9535409486299646,-3.1647100889164075
0.9170122309065187,3.423223807245796
-1.3224479997911114,-1.1045335644218923
0.8913109084104127,1.4733701626924272
-1.281084828014386,2.471702778853134
0.9173397921583574,2.374574799957879
-2.4293799144585977,0.7756023274114958
-2.3422914207400027,-3.111530331766112
-3.270141752687389,3.2021207617394825
0.8742055223686989,-0.8539769940549234
-0.7347400911047328,2.85360482648173
3.1886642451125415,-2.7922329599448306
1.2366047122174366,0.6101779348492171
-2.8112014227090945,1.287929996274908
0.7107892451626144,-0.9395664034203425
-2.06684368698449,3.2952890682465954
1.0040497536942368,-1.037589129001774
2.7721058217007024,2.663761421049717
-0.8710295021434642,1.139986663216784
3.454643585263104,-3.3421565465783467
-2.8448579850666276,-2.445830308672862
0.8679079589455275,0.5759362817016364
-2.9425979803346167,1.2892818840059208
-0.12939785412736574,-0.7770334656685001
0.5451230048241968,-3.021598804169198
3.4704680889105446,-0.989798264793674
-3.0453605564363375,-0.5170930695985818
3.3806858610103636,-3.048302395247275
2.5313280137066703,-0.9863637733365533
1.0873475400304728,-3.0750595953397504
0.884873019875069,-1.2077835084687585
0.43628845199270627,1.3938314522487505
-2.604605734405793,-2.8304450307137174
-1.4789949794188921,2.6829891038033176
2.572355081190497,-2.7717534429782362
-3.0001276575327878,-1.590202493532928
-2.518472815758173,2.9515344702857855
0.3541307036102108,2.033374583840898
2.202338328952093,-0.8212159779651573
0.7439077994212647,0.8171256329699982
0.3241922899642337,-1.403134820349203
3.36001805041486,0.8404521074683542
2.9593746128319833,-1.0281613403591114
1.121565210709442,1.0395089119433434
2.8419421604094666,-1.1801056250687705
3.00288714955203,-3.14333266958263
2.229473974600842,0.2551975907618924
-1.0793773644646867,1.5038865794081937
-1.2873014695913942,1.2249498734789654
1.2994943728409536,-0.7875233669451226
1.1011568075908524,-2.8015023214517885
-2.5610657180987757,-1.3457003991231065
2.8340906527871024,0.4416274237331084
-2.663506736220401,2.614654733725572
2.744167970200117,2.4805984410609727
-3.1610305817090643,2.913593596831473
-1.0360369933288354,-1.2451048514774936
-0.732839889060792,-0.49546702322623776
-2.8296977330655277,-3.1314533942683442
-2.9690569238183504,0.6232049337998781
0.649487659565108,-3.0518732433419435
-1.0491323742807745,-2.522395848257987
-0.8764775669743701,2.8269442793653567
1.3920916054349892,-0.7698087979859192
1.2907426343330568,0.7495728208629453
1.086565265201571,2.7763304838451037
0.4430696411839238,0.9574680420852968
-2.5184143136802217,-1.2078963503114548
3.726731393266245,3.0507282005874643
1.158324122888957,-1.0071908711272959
-1.4697572657246532,-3.0390724482941462
-3.2249016977876725,-3.3863433189806256
0.44733357641614996,2.6280959529534664
-0.5385250431991795,0.8381835265753345
-0.359373818401745,-2.935937699524792
-2.6981132706267097,-2.9764305177862886
-2.3363057356783576,1.1005006379692528
-3.003879454221175,-1.0698240697880348
-2.41137551509502,-2.691710062630457
3.312915215328846,-3.071031446819426
-3.391105391611496,1.8468172494240147
-0.08462128915141345,-1.2424428061123352
2.5222343364185122,0.8971932856338606
-0.3495789402457328,-3.0728528086554903
-2.2360312506836895,-3.3181115014487426
2.8446902394449025,3.019738124171694
1.1661729268588612,-0.3646072282493906
-1.884473061680014,-3.079671611573399
-2.0382492109102386,1.1704396828103263
0.9614031925598453,-3.195653195540139
2.6787837629228664,2.0575123768592083
-2.160785991140438,2.961818381278682
2.4063780537250494,1.0966941121507248
-2.487784919312357,3.1269109351288455
-3.142469690196737,-2.999047663079343
-0.3427406383648312,2.8268905692778405
0.7806909788773589,0.4585918610509398
-3.0100564232467844,1.1826866055094074
-0.8852069751410652,-1.0136973170567534
-1.2384584715847733,1.3170351845403878
0.7601019221461032,-0.12737080736938136
0.681144037664371,-2.993769350522637
2.7857780348993155,-3.036645443928931
-2.9315775358664897,1.6276038143479519
3.063672381063737,2.8571137401941074
0.9314809669011691,3.0463811788134882
1.1890394210195956,0.8671286131521037
1.1502650411340025,-1.1589980650597036
2.618725512569668,-2.7332226699501208
-1.3080910245985093,0.8587124714109724
-3.047896063807183,2.6965741747249554
-0.8941371710883305,3.2686522066342327
-1.6400782038643473,-2.5651965512210695
-2.64304701871226,0.8015535273782809
-2.4885064136486474,2.7954261951761428
2.604757960260554,-2.9686844396241394
-2.830235193377229,-2.795207893679401
2.4780968806492396,3.580780949590402
-2.665100828229878,1.2120707338517693
-2.524562556953466,-1.1467361671067258
-1.7166045547798225,1.1965244948067189
-1.9830080139334152,-0.807600106980055
2.729667461744163,2.5718528480666745
2.844065488310562,-2.334940001173906
2.8707079165561216,2.220769831521518
-3.509372949880771,1.4127640025723305
-0.44745852332656627,-2.9424514571246934
0.7135425153153603,1.3599526394352666
0.5015733185070522,1.8897120145515833
0.5107174399475833,1.4384948223744898
-2.539086172765507,-3.452097472651667
2.705997437769356,0.8905269724300305
-0.8005014100228224,-0.7915863049597546
3.2977626751856612,-2.6363940566673056
-2.9375063825019567,-2.9071971512348855
1.001864612472521,-2.7684182976003977
-2.9681360256977674,2.511302734812292
1.0861516264262723,-2.3097822123209593
3.0120649473291423,-2.8204836705819694
-2.984236859858204,1.3604328524246017
0.8713432689374451,-1.2539213241065634
1.419383811032945,-2.5595185945287873
2.4955425828888407,1.318013630070348
3.342524439259677,-3.026787802070695
-1.109482823669068,2.4003261911412723
2.586945124212625,-0.617695442511359
2.7867647965123568,-1.3708651460347197
2.569552233018162,2.639565936050145
-3.1442262577914493,-0.9858785188805905
-3.126781537338743,1.4926209693116044
-1.0714325043326907,-1.1740361636978032
3.29523078674744,2.2006086286175797
-1.3927155168928904,2.8751200427306833
-1.219405656843592,0.6175270690208579
-1.0172412890618419,2.7088180988149877
-1.017869837427852,0.961492185458917
1.6484470127330786,-2.71018021064308
3.485075252831106,-1.4120559934696442
3.4637943132054905,-2.660735257559036
2.4167732649536933,-1.0578570923099928
0.8123940898867575,-2.6781770737175967
-1.3735886606697836,-2.5706559622027165
3.1970451378395404,2.673457684490339
3.6733625729122905,-2.6329138412645037
-1.2802447151516865,-0.6379589886310075
1.4421333573721178,2.17463304845319
-1.0864682367679224,-3.087075522446
-2.854697637641566,0.15851281107887652
1.7404408257345014,-3.0985548845700164
-0.9280656162146895,1.0311207061287118
1.6620451346726786,-3.259607527413601
0.839034149226737,2.4490873217719153
0.08687132733934368,-2.7533170877893065
1.040475454821603,-1.3645862982593564
-0.9386026007896003,1.0319924648371444
3.3999331044448433,-2.8691806179298354
3.159081899093219,0.8417415423651947
0.5396936797105707,-2.4693818466358035
0.6322242304330566,-1.344336867334748
-2.444688094928136,0.7411599771244235
-2.54231400969193,-2.9283821806946553
-2.580591335988126,-0.37102000678792935
-1.3967159275473429,-2.8872345623206197
-2.6309817686089714,-0.7978878443718732
-1.1511936511839687,0.5504220160143913
-3.048170072319091,-0.6445353775027327
1.0346555370618,0.7923646778626976
1.7262728244416206,-1.0398193026840146
3.4302140808040322,0.8540511145746335
-1.720266633705468,1.1154650582934582
0.7315262075861896,3.0155364376926594
2.9091957204764536,0.47669900825762324
-1.2404720013745298,2.7646701888143954
-1.571073996071863,-2.3687052557902217
1.0907544188271097,1.4721607080297516
3.7902192059654234,-2.629671763615553
-0.8584173739494945,2.4075657576318443
-1.2118159847486032,-0.6616596942060032
-1.4972322223540253,2.679716726854896
1.696123416999114,2.616367684806474
2.6447183069773605,2.6332094328837687
3.131942319876177,1.234701172831913
0.6078121527383866,1.9742973575793805
-2.7444702811951376,2.856342031959538
1.4711003446137367,-2.859571377742287
0.9846165930918547,2.221160505381106
3.4186346393261267,-2.085484759485461
3.1769266381155306,-2.767253547858489
2.8625893574119097,2.4918068596868976
-0.8652325992599925,-0.6246664913858241
0.7318855220564757,2.6042504256123475
3.1249790280680676,1.0556066459444922
0.7991153521362677,-2.5299771680716714
-3.562673074321623,-0.6471674777493099
3.24782129133563,2.939299634050128
2.9419615572871236,-2.6987567334044456
2.7822687623956344,2.766778658845316
3.097391664806351,-2.703444601932937
-1.3339237768961412,-2.8033801295018397
0.8583533699338064,-1.0402552129568772
-2.5964413694194426,1.237132335322421
0.6785280974616298,-1.2221741624655418
-1.5272521525163627,2.982514760239168
-3.1283427737616525,-2.4967139442483304
2.7859492577170353,-3.3007610756075807
0.6079370633952303,2.8282862972090532
-1.0671128786981974,3.1857052416075637
3.136238712413439,-1.0434654292794296
2.608770349299087,-2.7462616545205063
0.5964863775692154,-3.2807758363171455
2.3375812105595126,0.5987689545923794
-1.0183089396767868,1.4386852468018025
-1.467894029430093,-1.41546863841334
0.6510146281979438,-1.0129104229145163
0.8150483558304071,-2.6733571117349704
2.6553119871447834,0.825757145623153
3.114201166950681,-1.1394666918692773
0.8674999904684088,-2.9088482566117557
-1.191541807470957,-3.1157859838992126
-2.6314745919450186,2.5695662154234733
-1.346568883644048,3.3549580672272112
1.2998907155072488,-0.6590430700164072
-0.8395180600047364,2.895699922667215
1.2518995685669385,-1.0546562247867939
-0.8834721475632109,0.42001437483228937
-2.4347551528693936,-3.1578399376491193
2.462516326524186,-1.6086828084197515
3.1367667085124857,-1.2626642356020905
-2.712245413650132,-0.5818360115417308
1.446987540181993,-0.47364613629179303
0.46021805049250336,0.9031153452074631
-2.548622964829976,-0.4602215797320084
2.6595533473077877,0.7307534172597121
1.0570643698921351,-2.7270448489719916
-2.8588308185174967,-3.1695835565854265
2.7888972288783807,-2.880385387317439
3.189937311335512,-3.1169570375518796
-2.806188524046116,0.8576093111415876
-1.6205286091693625,2.4525385657160035
0.42404808794651866,3.2411725161548715
-3.057575283861715,2.6706391640261447
1.46368409077873,0.4547304899244004
2.3665229722311536,0.9124960544453553
0.8699602973780651,-1.4482857519951229
2.6295094488870294,0.5972943998382235
2.9731575274764186,1.063847901296409
1.2244707307648013,-0.5001883365725289
-2.0544269993475797,-2.613397506105857
0.3508517421405229,2.723522465666587
-2.181614112337775,-2.464625260658162
-2.8013025479405145,-3.0904381588940724
-2.746418724184586,1.1533920740964818
-3.0112916885729217,-1.2640757106652023
-0.9920590212779257,2.2711017863732073
0.6498169948634456,0.3833239817290497
-0.7162439506596497,0.8389749726098702
0.6558025629140848,0.9345637716565712
-2.5438291180531034,-0.8363597091307847
2.605696104907,2.7257525673794016
-3.1439624900441903,2.9447532371793685
-1.2486437676912063,0.7656684062581287
-1.1592629817736482,1.0798621643829507
-1.274474368404725,3.1402776781324593
-0.3864789873811641,-2.752097814164733
3.1345981996182894,0.8089168520507198
0.903772681339431,-2.8391583957058892
0.981747495409856,-1.1184185037604795
-3.0122318877086456,1.5735592670840686
-1.2284604824328915,0.9006736125952457
1.019384193271137,2.6732244846318896
-1.1521485945036913,1.007586324074688
-1.3422021188629165,1.4534219937555384
0.9682409571019158,-1.5513401219911633
-3.2622293633685233,1.230818294849087
2.8755855834288035,-1.4846245806356193
2.7805746977010695,-1.2355196164356028
-0.8991647293907515,-1.4747115771961272
0.7517786876030549,2.871947050671173
1.15747226078733,1.2217047158141603
-3.058150400006532,-2.1991953122239773
-2.5673857471935775,-3.037164208660728
-1.3418730713776488,2.5906425788647485
-1.186777357456789,1.4262115970091405
-2.585655276993792,3.284774497804663
-1.7209998548114713,2.7380381152438904
-2.7758955443039413,-2.684353164904201
-1.0297072262702893,-2.468305768421919
-3.1043223113804204,3.1810113428931133
2.2279217119035906,-1.396396305220338
-1.109552894067859,-3.1276589512794466
-1.3409998211373086,0.9731841403146853
2.5515470447089017,2.8802800219144835
-0.950240948525111,-2.837495017472947
0.5127334435609947,-2.6842903672677836
-3.4561052517216537,1.2443669087071372
-2.507934231500872,2.897642132401352
2.01554160443855,2.7081876633358535
-3.3249870903257728,2.7754650164901165
1.0649631924450331,0.40951220501832963
-1.050317528819851,-0.7383181724704696
3.3702965920265098,2.688391681685389
-0.859839395312422,-2.7803287343521164
-1.0559951026947685,-3.2951197319300127
0.27425797424012005,2.532863059639086
2.9241559449896353,2.4087627643687948
-1.0846957517429474,1.3575232104244783
-2.6279281360458033,1.3915531130616523
-1.6238407395857424,2.487502212517261
3.2881295652088065,1.3395425395418035
0.1983613523984858,2.382133915802436
0.5032519201490677,2.727428067009504
3.1919348311941214,-3.078121046144092
-1.0714800231970782,-2.4099886243296895
-2.831826461947889,-0.377688976668122
1.263439303216512,-1.0554123601756156
-1.2563100012925772,0.9877465876155691
0.8457814701293834,-0.8245847203258523
-1.9961228804441813,2.511031277019787
1.0952692515652633,2.866698371935034
2.987304853534265,-0.8141239780564009
-2.752921764473448,-0.5679510512331574
1.0222558123698435,-1.1882050401326065
-2.65200598545173,3.3144782299754305
0.9894151265505555,-2.798765823500139
-0.790606644603748,-3.1969862074325994
0.7170600469644153,2.6980217515242693
-2.6385939431624985,0.4296517413914282
0.6209829496955761,-2.7254685904069103
-3.323696623353869,-0.18707875672956856
-0.25289963234622337,0.09177282276203386
-2.5667208936471275,-2.3973669372948727
0.7995080083395226,-0.4183471142683232
1.2602705780268266,-0.5734084774608583
0.8203085803923186,0.5433995469866307
3.4716656031795434,-0.6259400096576785
2.6793768704951795,-0.806257516154958
-2.718817728959839,2.8980344217914644
1.1006131196932925,-2.843639067522483
2.416621600742606,-3.086765568507477
3.2889026712729517,-1.017144123391479
-2.8147004844148964,-2.728519234331131
-0.6564886048558854,2.8068033990072943
-1.2180900965819312,0.7435006126847155
-1.9308215768126584,-2.4999436229077263
1.019490073308796,-3.024788725334007
2.5927405511035104,-1.350658450057833
-1.9121100036247753,2.4655970844151347
-2.9508695124052404,1.0414039003724147
-2.596987145170606,0.5904247125657293
-0.7362305424037034,-1.2539965113051021
2.381877968069066,0.7756042255422049
-1.4337088136060623,1.0084292497073297
3.148396853826302,-0.6052667259235675
2.6721850315983793,-2.5985309711093874
-1.0433600194756516,0.10311433031711924
2.706665087062652,-0.874118126391778
-3.0795140305549147,3.0176710857309197
2.9139473761380716,-0.7106832273485748
-2.8707143744483714,1.4227205831135836
-0.7921560779277413,0.7557199235723501
2.229404527306826,0.5656253763310352
-0.901084796619579,1.291986176763731
2.8034289131177164,1.2270587481390036
-0.6419093315449971,2.2672198708169042
-1.3572418302052294,0.9624121887472379
-2.337455200443199,-1.2040843615921046
3.2817452775460394,-1.201334126265987
-2.645130680069477,0.9773672200987973
-1.2540974496672808,1.6582960272441423
1.0432408496794847,0.3764820754197367
1.2480590016184374,2.7138602373355902
1.502593018124026,-0.5497553077685348
3.504746729410552,-1.3123487434170704
-1.007628523734468,3.0149276372336713
0.938349979753316,-1.1480766560486273
1.411994424674092,-3.3849770574466205
-0.42284768686067015,-2.747173737172852
0.6811119700101201,-2.7573672380042225
-0.7227587346220127,-1.1809529998314752
1.3020725632933214,-2.5259749982846187
2.906521879912556,-2.7765949993743573
-1.701102627327241,-3.3726954129770763
2.191634433105177,2.423773558850471
-3.005153814423348,2.6987717235665336
3.109462418713297,-3.2546093070128315
2.7157978999175367,-2.7943442097297044
-0.6981057115796463,-2.6558837611404797
0.7718518999867016,0.2898524326602134
-2.77736937591138,1.7173725556620214
0.8595742066261843,0.3588805700283048
-2.749038927209695,2.7245144901331986
3.3461145349621333,-3.396967494304945
1.9780809248626325,0.8865541019118055
-2.4210087148176,-0.5004389113998226
3.1717840731324105,1.272214910557751
1.0951504554233282,-3.1217664801713694
2.2942135984045287,-1.1281683884086138
2.832927297115223,-1.2027679868798296
-2.189443780367975,-2.526361625796845
-0.7843550908221473,1.2541127294766412
3.033572144758364,-3.4212051612097936
2.1852656854054846,-2.791413550712848
-2.6737684347037947,0.8603099266191426
0.8828686374189307,3.0498309322634176
-1.713646114457777,0.8093705682582558
0.9233481859824199,0.8161773894096793
1.515603001850108,2.9834268851279795
2.152246726921657,2.327857567376973
0.8329626084219842,-2.875945163572757
0.9500269563313927,2.0015740393394226
1.1856923782789537,3.0234817582670424
0.6911284910333545,-1.8134381687953411
-2.400489228927525,-0.5973485340715443
-1.1472910530397749,2.906368500032859
3.5199533908419762,2.2862489052573842
0.526779617007013,2.969356796429019
-1.2497220988450441,1.1633459344025983
-2.899265695743601,-0.8320154461799518
2.751788767303146,2.7922249684898057
-0.7570746299469124,-2.7215017356557096
1.009586943912177,-1.3050251813402067
-1.0643061936796798,0.6781100128955562
3.4617739397598712,-2.9367593378348653
-3.102633340421393,-2.4278018051292176
3.424338540198889,0.8117968455787177
-1.7784964833617363,2.4446382929932096
3.447588453745304,-0.8916360281710806
0.9663393264299578,2.705478154205364
-2.0143803858530855,-2.5670639355151943
-2.2937643948795063,1.2056990134769816
0.4852341115608124,0.7334278104350741
0.953196552264825,-0.7073468435141017
0.8650959986329099,1.4262249865747294
-3.251913763999501,0.7796131710475901
-2.691386722858144,-0.6100952456058208
2.916253185883672,2.878554164206576
-1.3604197661178847,1.213768215153772
3.417101660076087,-2.749269723082595
0.93703519264782,2.5006443132707243
0.504757477068534,0.8036434874008747
-2.461409838925001,-3.0468676435013173
2.9341395418282477,1.2755027752799601
-0.8262686372094158,-0.3228790033836095
3.1124581759795062,1.4985832703795665
-3.168769010593571,2.091678802459864
-0.974793789528589,-2.7284387892167574
1.272353616383504,-2.5415282508973838
3.402848418807448,-2.6693155937012456
-1.5694265418740356,-0.7748424901259253
0.8901210162741783,2.739698405078725
-2.365860536220604,1.5167630112206019
2.74387928968816,-2.625780871811623
-1.1703396126816703,0.8002325862957718
3.2764849308579334,2.014908296796736
2.593891445131842,-1.3774750438784191
-1.0077490377568246,0.9471698997953204
-1.7628438664562156,3.255075080647028
-3.0528855576256726,-0.45034110481156475
-3.2601051265082392,-0.5836442861488677
-1.060719393055382,1.549326196570833
-0.7917627433161135,0.9058287048416916
-2.2284494049402093,3.395379633721762
2.707685243284546,-3.422671565179776
-0.3356944660140686,1.3395718076818064
-1.1086079916722633,-1.1804948423053048
-3.0742532709272075,1.00999543063473
0.8472232885649099,1.6412804627172475
-3.413281976261365,2.5644314573102167
-1.6469905931227182,2.631000799065807
1.9929746018663712,-2.410612672449392
-3.209993093045395,-1.53846740596638
2.987152148150542,2.7479133487255822
-0.7548765328052746,-3.145066065401064
0.8650338769087975,0.14657102553567786
2.585834368963479,-2.6986476179001455
-1.3109201047247896,-0.8439196186556271
-2.9420441527131893,3.222063557195806
-2.304963952905183,0.3008112082386597
2.7952368900774007,2.5221500834344583
1.0566646886054818,2.3097520001973537
1.9786059857235176,-0.8387119351632285
3.0616052695246916,1.3928896323704054
-1.8082332094330675,-3.1762644484207034
-2.917860856319904,0.7394516778501582
-0.23479857299520748,-2.895866822131679
-0.6886529175726223,-2.429898817387186
0.5847070073048153,-2.2944906597848918
2.9077134060013377,1.1116370962071753
0.7615163280176388,-3.1245622736456298
-0.617200230211411,-0.7129259098544583
-0.7005119519662486,-0.9048776324185934
-0.9295693302464545,-1.210517057465972
-2.541574319099446,0.5831173723114813
0.7035480116361927,1.2174313650100774
-2.3859864381815785,-2.732079617911016
1.0928847915175792,-1.0085375705967907
-1.3799424889489056,2.590321087660692
-2.3725968002499096,3.3692292509020834
3.1090876395255047,-2.676738640017549
1.2183653939737158,-2.8989909265244034
0.6673908930447843,-2.6061531452950524
2.986188821504829,-3.148780682645444
-2.786467716350103,-0.6644940286154947
-0.8085034568643212,-1.5040201544165996
2.2257116565579156,3.2353137676542247
-1.209029629318579,-2.6834853852737512
-2.9648865404050446,-1.4229062348745198
-0.1882443227761475,-2.9540496213380587
1.0751959609056745,-3.054935659962706
-1.0152277522852198,0.5322633361133567
0.6444433305619705,0.06811880993518123
-2.518309293433106,-2.7556793257519723
-2.3308847481466053,1.205147370728227
-2.828433036140377,1.2936591304785625
2.86103328859013,-0.860826304984455
-3.068078293170602,1.3739413446966766
0.13089554462953715,1.3358966372624805
-1.4740064224585034,0.016189158134973243
-2.2802735143799993,1.167393791618121
2.8102286889517005,-3.47043795842635
2.6187597596022987,-1.7487996422269265
-1.3820663319655553,1.0145913941029376
0.8879421137070406,-3.203152227057547
-2.830867435296268,3.309246698108933
-0.41811553460472284,-0.8798185356785373
-0.5880289782666758,0.5396921547935037
-2.6076057203905427,-0.9559000794679955
1.0246042823036396,-2.4167425097750623
0.8165415998808998,-2.7839105978351295
0.8671163171154398,0.4344318958260125
-0.5188242302610083,-2.1132847810082787
3.0711288625448865,-3.6001834376168507
-3.3714160905496087,0.7543688406405898
-2.0351419567481974,3.044033211777248
2.2146678237522393,2.785330067887834
2.8300867823303144,0.4492096571922794
2.9844230242890224,-0.8732920759212391
3.467857197068327,-2.4690228915984265
2.9164944375633106,-3.038879369884057
1.2086853043068417,-3.1586342800165252
-1.0436562885805447,0.8194361260912923
-2.163593819141199,-3.1623300486768584
-0.8519802949174774,-0.8075617810554258
0.8600738538706134,-2.587741603991849
1.155222006485902,2.33036065737497
2.7379012114572365,2.2404624621503437
3.3099865805895288,-0.8042034816734721
-2.9544911418442656,0.7262564365419434
-2.8080716131753687,1.8032068053498276
-3.093620055140635,2.5837830505673023
3.2000654308737024,0.8660911354280848
-1.4006045029941885,0.6085385074608031
-1.000927724184957,1.0093991225490841
3.1294653956319687,0.7113490081419701
-1.4496176807437613,0.33886022958964984
1.465899272573247,-1.4265159122484639
-0.4834168998161296,-2.877705738700149
0.7194514169468398,0.5986111174688497
2.4365522411497236,1.0372245368905249
-1.4920264115500455,-1.2317785936079952
3.004238523978132,-2.7032419457723806
-2.99764228154083,2.570886319009703
2.9673409939186306,2.713270533733039
-0.9901471261544751,1.385085613188286
-0.5797414589626768,-1.0006177333706412
2.824919377994393,-2.7306859961530874
-2.5514932983135323,-2.950751640438966
0.2097773793180707,1.6851515091937892
-3.0105342437824074,-0.4648255766710562
2.5587984283321097,1.026106746321988
-1.2914782401915916,0.8601027461901127
1.0469669035918818,0.19381513031491157
0.30127644460995134,2.6820753763078775
-0.6795868973677915,-3.074085637473783
0.9568333059789119,-0.8421567016722733
-3.301816436416111,0.9300185531281814
3.1318740668704907,-1.6665086636006217
-0.8183655302606818,-1.2872954732310662
-3.1627011134164977,0.20158606719024583
-0.929288565814788,-2.2331567482762598
0.4975613493196957,2.0367886533950266
-2.4829080531710295,3.04669243032192
1.124678902128579,0.6714709736709268
-0.9630602072266976,0.7705397317313639
3.1031167130481263,0.39636660544466895
1.24574724130603,2.7577227211397446
-0.6836716229717377,1.1152572872483926
1.2914959887893729,0.7876901748246532
-1.7989135279238275,-2.082762029137242
1.364954393795527,0.6229332473630572
0.8780188579875837,0.5740384980671751
-2.7050541559557555,2.744774690872334
-0.9222147949740077,-2.7600899383720394
1.0006259357315852,2.598155694946774
-1.4441244341953656,-0.8934412632484239
3.1260809741429063,0.9607694130003407
2.7671174153520215,-2.697408558570307
1.2204606811049952,0.9462080574450056
1.0593574058749464,-2.1309024874733655
-0.7447004166534018,-2.5967484839423807
-1.4337298974320578,2.5560710884551474
1.0141691162643973,2.3008846336890927
0.07154289755321852,0.9039368428637825
1.2182208214898138,0.9495986438869064
2.721587195611193,1.5904585861084568
-2.1721203221163266,-0.8369473617880914
0.8915105842221024,0.8948433120122324
-2.93307974681829,1.3421396212922974
1.1565568484637245,-2.8499020064920364
-0.5291170118306091,0.39264362804350883
-1.038364605324663,0.4543196592269621
2.4913263012357545,-2.787343914026828
2.5660613489014525,1.2912913220328175
1.249163976554101,-2.547339510090915
2.528270297646224,-1.1337752675533475
-3.4117203923453188,-2.42900696963613
-0.5410857679402397,-2.377324928526612
2.6497276152356775,3.1684619458052814
2.6459714834581223,-2.2449803971783395
-0.47546648985372586,-1.1375662638615596
-2.303272950521967,1.682493239425801
-0.7757195771465495,2.8841688344015712
-1.3609990541849546,0.81773773821387
2.5351063503187667,2.4705994573517396
-0.9898512478935155,2.4367812963921565
3.076397955075912,-1.8387353269257514
2.419416040499736,1.1585366832441073
2.8524398241410793,-1.2451490604952222
2.9212167495825923,1.2058705613633
1.8365062956717184,-2.6627321344985573
-1.0944153400493606,-2.289223906309158
-2.6957931248686684,0.4887205372734963
2.620395017013436,3.143905394753338
-0.6769197371416081,-0.568075867385699
-1.0761641195678124,-3.1960545108694136
0.4971339596660601,2.8597424126085893
0.7777036436739122,2.6459821676501463
-0.4673604071425728,-1.040476375195099
-2.9047292538994416,0.9462879649060879
0.7134537591993397,0.6516523876073
0.44681292963651503,0.8424494758198904
-0.7177305853580837,3.0704274943040692
-1.0714434167032938,1.5833084275259102
-2.605671477448883,2.4615274999740246
-0.8030051653044957,3.1090274614878544
-0.7977104110798872,0.5672677852516205
-2.3411060840225093,3.31905173285041
-2.1984851179310443,1.2790468068750345
2.8639830519256138,-3.0091658901350518
1.8316826761095872,-3.1797145734782117
-2.8398427322900224,-2.6085211230789853
-0.9379345118068872,-3.423624222022399
2.555653360010587,-3.386949558486521
0.8784884713376956,-2.8183283714387555
1.15649183498314,-3.139471347706434
-2.5056367793863292,-0.9165424474416193
2.9916117497117245,3.229396781371959
2.7266696598777043,2.294785680327475
0.5744944450391983,-2.510983258365742
-1.4605611862687728,-3.3519175874334324
2.550255028387893,0.9022524471265516
-3.333286010212551,2.80065832242285
0.5899095500697462,2.7570913833914372
0.6955227383077568,-2.722547685726697
1.3580676372470122,-0.9952323930481147
-2.941857915142861,-3.3530641333444557
2.8590023564501736,0.672450346174751
-0.6726290529227363,-2.6968840893728094
2.8281514682277638,2.414721858283955
2.258398644910299,-3.058208159624354
-2.3668559090713517,3.066451582296675
-1.4576808910650443,2.7339531089278037
-2.934316918325614,1.3920294697283158
-1.207310756193066,1.4981269453903874
2.812121008783105,-1.5102490267233217
2.1437132125445704,2.777146089183795
0.920205670860021,-0.8225276226134297
0.6765237435904901,-0.9747755784049041
-2.2936621238450297,-2.8491189675637836
1.048293098655173,-0.7158548780996228
1.2996633596161162,-1.2107332881759791
3.4017683375113137,-2.673956665469087
1.4459477442903959,-2.9479256356035375
1.2740217276977384,-2.9659921276126737
-2.595115328401774,-2.6713015911104674
2.660844538161464,2.3652813248744473
0.9254874623717201,-0.861176486049547
1.0169882433417292,-3.5033958364101787
2.327896983486018,1.0704433945122975
-2.753892572834454,-0.8002726083684376
0.9215181876756231,2.4818763199316125
3.7117912463806695,-0.8857488709555887
-0.5922513800687388,0.8089592431229712
-0.18291806605865282,-3.228511828967001
2.8382048299182903,2.145213561478672
-1.5461369171640105,-2.3053284514789265
2.914404616543072,-2.593226437971326
1.0164902347368145,2.9035249971317607
-2.723687254943984,-2.8519729861356544
-2.1466742497155797,-3.5132368124983673
3.228449259107781,-1.1468636504487997
3.262740263072272,-3.254627816994233
-2.798181131350933,-0.9195111651355539
-2.8987989405508094,-1.4680850791530948
-1.1598564641534148,3.018086418736165
2.6857993971561247,-2.3608421439278553
-2.6385367033529743,0.6334381814206114
-2.83924838682135,1.6695621133342438
-0.7057478046531326,1.0279373533930931
1.0283247196741867,1.997369991155087
-2.8166997136309417,-2.4046716934955494
3.282530165475011,-1.680140830854028
2.6737035547240535,-3.235017194091874
-2.6841905451718255,2.382726227260624
0.7059103728366322,1.090695553158469
-2.8839024614186903,1.4273744137666728
2.8069331247038187,-1.1678735113085532
2.4880207116040576,-2.317544492557632
-3.0663710548776364,1.27763683323311
1.155621911869608,-2.582527828455297
-2.6031019402028113,-0.801842529220012
2.7199999719856387,-2.9477169496825293
-1.1715670222251018,-2.2570729463809514
3.3314969436369744,-0.9765276972633962
0.8068417529141797,-2.6571326997689226
-0.49091949485241476,-2.705368968593395
1.2532870748078626,0.9609456034692712
1.7862757392334114,-1.0718745434392976
-0.7319111469632956,-0.8479330319963144
3.015397721729102,2.587787140150499
0.7330857044829184,-0.834566239508561
-2.167351991071457,2.8671836744669967
-2.593726259850257,2.5295771230156725
-0.627539323949009,-3.1808722843479345
-3.080147914929487,0.4664750752872604
1.3190800603738932,-0.7375459059126128
1.103283205530458,-1.2833031701124336
-3.402662109346267,2.7724157307214585
-1.2056055721614454,0.40465279474670646
3.326085274001438,2.508556221653287
3.2415155795347803,-0.7897133067653116
-1.4092155543893243,0.7059610122651564
2.6478244967833215,1.5042768803563928
-3.295329248191651,2.5119348859093242
3.4219260663112396,-0.8596212580145137
0.7665382993477421,-0.9654530588015308
0.4033154882966246,-3.179721717657494
-2.3672428694053624,2.92570600156612
2.6436864777845153,3.1401394735666055
-1.034756503886306,-2.9786286204539576
1.8058305918867932,2.743516837378678
2.919122172597605,2.4748939261403065
-1.2544760613784784,3.4740798612978545
-0.7462509980058475,0.6296639166315733
0.4785812285917528,0.9698549764689393
-1.033035913386073,2.8526925409324546
2.4392835294545767,-2.7445855193027984
-0.8976580063095463,0.42762024073759386
0.5057749782445216,1.691991252911133
-0.46927668617389023,-0.8434358602764239
1.2349484734886493,1.1664622879619393
-2.5820476239108965,-0.2957920391455782
2.667347511746131,2.643661465624574
3.178714313822165,0.7763099178731957
-2.551314248608176,2.9178019559390065
-1.2077149822752011,0.9100248077676917
-3.4479670252248797,-1.5805483157198355
-1.6827768575452176,2.676062654633476
-0.9176864298186301,-1.179291342704597
-1.3160991010897092,-3.0752942021338407
2.692369807660681,-0.9612149264828209
-0.7223347651021531,3.2962992357392653
3.292278618634374,-2.9495660523755296
2.4644388122025247,0.26723082395258185
-2.7680939768476596,1.8554595617328877
2.759957207294027,-1.2243023424186075
-0.8613502284387378,-1.0877208440423207
3.3324917901818742,1.5093648200537821
0.06292913297954308,-1.2156161122805933
-0.8698681390516408,-0.24370225634747839
-2.4422686836353096,1.655786316482808
-1.2195910585021348,0.8648062260469859
-1.8691539949532125,-0.5629932816970465
2.800694432761145,-0.8425938794045048
0.743781734305557,-2.6019058015267467
2.8136253236031226,-3.2559744535166737
-1.389977370104793,-2.9072593719548703
-0.5128861909882318,-2.901807609277393
0.9105844586665023,-0.4851388075546998
-0.8008597023204517,-0.4077718695950792
0.9119744402961149,-0.6770650118905248
0.8082116937543149,-1.263056563777113
2.2752968098067385,2.7432648896311513
0.6448397703242061,0.980401448883544
-2.777849672291127,-3.4560028906699887
3.89041860945544,-2.6417036667998834
2.2230260789479934,-1.2780103691879803
-2.8063225931204836,0.8498942495623208
-2.6413138752540206,1.301660360035577
-1.0840211961409765,0.6090741256506454
0.4457307148514124,-0.33630345545104995
1.6896541680904091,0.9135848595814374
2.739757355926724,2.174663165133394
-2.7264744875473568,-0.7382697390766276
2.9040854778628513,-0.48883553061797896
-0.9635235477623735,-0.606978715564633
3.070993584488362,-2.8780542174901655
0.69436187706939,1.940757571825974
0.850928729725597,-0.5822619197949094
2.4436976780583683,2.0415625092076364
-3.5194736126889827,2.346202968045236
1.0542366440187305,-0.3409297676522623
-0.06522234220032247,-1.0832656510481071
2.9468917660123934,-1.0569541447915052
-3.391449410911927,2.386387901594194
-1.5537698317444044,2.8528084694677354
-2.878252963313097,1.825804462627366
-1.9721638669593273,-1.186863166915494
2.4673372667140385,2.5696209440015507
1.385642478276776,0.7351186855118278
-1.190769668546319,0.6814629040846125
-0.9227808991911017,1.10387618179288
3.066998970773431,-1.266163785527724
3.1990939954890694,-0.4080456718600117
0.5973002762084518,2.4266658921028363
2.7112662881057794,0.7152384997466548
-2.5805717127658307,-2.7696353093718935
-1.8064244549393749,-2.748829299239888
2.3582248168160107,1.036875530207223
-0.9271407529759969,-0.9008391869333898
3.145906798581468,1.3767519136448307
-3.707378655059113,-1.379304097141417
1.1476346694162425,2.2724258238423434
-3.1146212308854904,-0.6169395620803876
1.191886130077874,0.3050118041365204
0.7481055577849475,0.615772732463612
2.8648706136724713,-3.1477722863280455
2.76548362427255,2.717447099725311
-3.026426387801719,-2.3262439727046575
0.8854502017826039,-1.5128440082428345
1.2171362127379524,0.8449612645778485
2.501887835032889,0.5309832866621949
1.2010653239170312,2.7640187320397187
2.7622052799092973,-1.3806323205043163
-3.086289938789674,-2.8036325923162373
1.598139360604029,-0.8988560186963107
0.9186668833108066,-0.8952075306672269
3.0006675019502986,-0.9238729179999842
1.2851725858526792,-2.4804097698527694
-3.7100352578802798,1.2338792981408349
-0.3360619494385307,-0.9424873696920043
1.1559098183443748,-2.8162299248270126
-2.8331530224586707,-0.9832960079544065
-1.1328853872772127,2.9808978829380566
2.9230879783492574,-0.04893387248887269
-2.6597617222272887,2.4527606158606825
2.504293504288563,2.596819194658124
-1.127508140095543,-2.683582902891756
1.879234451008068,0.6145627177514135
-0.809160584469414,2.5049288296798085
1.5487674334682244,-1.1170102594606826
-3.1034980745797496,-1.0442160022501044
1.194747564442839,-0.8203757820531392
0.8106631937908726,-2.162150282389531
-3.1725634611113387,-3.128287556682332
1.1106219220719369,0.8995704733034495
-1.3211166965024619,2.3540360954328006
-0.9794058759075238,0.6390237440848241
2.4978157218495913,2.4586505808640813
2.8932718400166793,1.2119324379663354
-1.5678835213400035,0.9900070174511809
1.363012959195218,0.967368717558858
-2.8129727730485716,-2.4439485652318527
-1.2978159696214642,2.240730765322407
-0.6506746288140122,-0.9798945470360693
2.830228519729861,-0.901188096432595
-2.7098632901193773,-1.347965427864349
0.7477683564314879,0.5955372378860024
-1.326704236193021,3.3146640953231294
-2.9517111149308306,0.43928949420225005
0.5877205626234905,1.3345192737834508
1.2369128250469639,-2.665864405209429
2.5347330678905813,2.7051782721367177
-2.2344132579845626,2.8253051197767207
-2.228615128323474,0.9176991604790329
2.973700115487754,-2.866871297224026
-0.9103998510924254,0.995670567820859
1.2748653320887477,1.4533955291927991
0.10202870132233577,0.90888704061974
-0.8906392591476491,1.1533653584344943
0.7870880337236916,-2.4776617127338287
-2.7953408163493996,2.999006691821687
2.9664047447751503,-2.4180702020342677
-3.2745458053438887,-3.0009957824302
3.411894003863901,2.297884144058328
0.9520561094392748,2.649401744484083
-0.9922526226093142,2.4553781405376123
2.4380228119694616,2.154755412744903
-3.0897412766539176,-0.407328741723625
-0.5384906107649075,2.98707891730054
0.9087973040619215,-2.400908884417311
-0.5944607412311,0.1890693887352663
0.8158512250582141,-2.96109963710554
-0.8869169371023364,2.4427287085382363
-1.194239287655112,1.7454198794467413
-1.6022062773621035,-1.062453716645138
3.0799854364182866,-2.8329229344500937
-0.7359234608250356,-3.115605574952142
-0.3553820154522031,3.318731566085371
-1.2997307256684272,3.295773496693162
-2.5136732049231854,-0.12588159526219256
-2.450603548540307,-1.225346511638619
2.4247862682848873,-2.3658684059616726
-0.8811707114799127,-3.0937612748314405
2.964975108421463,-0.5749937667028615
0.5691688517023744,-3.0117693764860887
-2.305964082372868,-0.8534082686292754
-3.011594169766646,1.383534522041736
-2.184800068237806,-0.12844601437884748
-2.887194380921359,-2.2247423974072134
0.3768735621791413,3.352271296849879
-1.2148041865642607,-1.1330425703371894
1.2020910553419777,-3.1215195981988346
2.6637727401219733,-0.46025059252650474
-0.4112115624026214,-3.415651575247674
-1.6699062087704453,1.7136955463016292
-2.7485251350831703,0.6787733937144111
-2.898648930887193,-0.9490607476599635
-0.7731764636789155,-2.9114260232068045
2.2497035409465838,-0.9865479963458621
2.985974844882669,1.0017900748976014
-1.0244945823764342,-0.6680724364132307
-1.1337628646816633,1.9949590141052453
0.45892376986561123,-0.9409791915370472
1.4895014700942093,-2.774934642265782
2.494868191598531,2.917824392846331
0.9408402966546209,0.7649631003021473
-1.2736855612993085,2.6418900859359753
0.5095283053317793,2.4896981691145004
-0.3627310504705028,-2.5241136846662555
-2.7897482326089045,0.6806267009777206
-2.082430304660153,-0.7428806888866347
2.64221748686383,0.2403575868450609
1.2389993360857434,2.7038705570933548
2.6430733397519544,-2.7803098681057334
-2.424577494256253,-2.74329619249682
-2.646568436980575,-1.1046525425186742
3.5685878535866684,-1.3208729894993587
1.8179257958303052,3.2917387568908967
1.2426978675910196,-1.1894196378824156
3.418777608652644,-2.950401255723437
-1.047458851732575,-0.03002343132094391
-2.871061204372605,1.7513370706580123
1.4443774462318446,-1.2962795017130526
-2.957933936691557,-2.154646473824703
-2.7298425978694287,1.0964187919068187
-0.5582700615681944,-2.7625602935601963
-0.41655393940930724,-3.137080369618084
-0.646718131643086,-2.6955135715611456
-1.572523662095076,-2.698287764565548
-0.6378899715568842,-2.8162955045527642
-1.1397768208735657,-1.076137991030037
-1.2664578380514184,-2.001367361261845
2.841187806368199,2.0827613385678734
1.578253569872396,2.62748127639988
0.6278182304148106,2.527832973252463
3.410330454210309,-3.6128014160153006
3.1325327587287437,-1.6309188011020008
1.4344531527985045,-0.9114018774625978
-3.3563416741646375,2.9996534487891
1.1955244333388226,-0.9520449372884816
0.6923477535736606,-3.460079579981482
-1.1485049381586023,-0.2864025320934579
2.7849480492417746,-1.2574491475518148
-1.203445654246306,-0.3586619055397624
3.3128869837036397,-3.171532547708074
1.1419111505769952,2.4903818811821052
3.49388420999868,1.687292200043612
-3.2632798038958493,0.9408960398217213
0.7350945335396216,0.5689044447548807
2.5190188952756216,-1.0738481629165366
2.906461525040956,2.2659122253464266
-2.8283568600915254,-0.486607007822092
-2.7102983165203334,0.12465612028673029
-2.7279172278532573,-0.4978433030972767
3.354693962709889,-1.0087429430381125
-1.4366365304520445,-0.013538437459674244
-2.9099490661498053,-2.4345205761972353
-1.5297152541667962,0.8630717415976205
3.880686251538051,-3.0508826320688165
-0.9633409344853767,0.28711398359741436
1.2541713346795997,1.2667151311804268
-1.4888084624958569,-0.9553981163402492
1.3883974573025826,2.609261018285332
2.47975732692622,2.6352976809014312
3.0664915777648316,0.7261669847089015
-3.6002849327174653,0.4943156159863358
0.6383286422350904,0.2673546374471173
0.9628575220686942,2.347561426928811
3.4075029032221167,-3.1243772086516377
-2.6598162637653004,-0.6827526422101043
-0.6435737385216121,-2.9990141378341724
0.46685945281237845,-3.2114498885801517
2.9856122429681538,1.0026506878358816
2.772756302067471,0.675212589357686
0.8553057257997582,-0.9702100426613683
-2.929692522983754,-3.063374995852399
2.962976032257241,2.894496486463447
-1.4423148126684902,0.6885828420038629
-2.4172873677613222,1.021552280821774
-2.4597886069944015,0.6975088658468866
-2.2571193485238847,-1.148746755755006
3.0382075754840634,-2.941403981515442
1.588706703067676,-2.56177985153479
2.8164827389308598,2.5610118543492315
-1.1965000711521139,-0.808933243843915
1.5091010386496457,0.6615949976782447
1.3398068093600184,-2.575200395720621
1.3469107976654073,1.0196547627088524
2.9691256969762034,-0.3432877850620383
-0.988283519918079,0.7059630189109383
-0.11570861464905659,-2.8720001193031917
2.3739043914627507,-1.1758918287089934
-0.552338234974948,-2.7363092198121763
0.6537711118052477,-1.5354377111246225
-1.2536373416672526,3.0069951640431274
-1.2840020059287527,-3.6416587377251433
1.1625841334386362,-0.6842579936122586
2.757989430748327,2.8880179174952327
0.9951159787647729,0.9339251131401849
0.605529697608281,-3.107204795562257
-2.5301670445883344,0.8970351535196991
-1.0345503633590059,-0.9524578844767764
-1.0995594058834326,2.6755421985692807
2.1469200804482207,-2.6907637578239894
2.3899169313371478,-1.2502340669479854
-2.77397006780496,-2.611360192584828
2.5496871260998497,-1.3031102487086796
0.5594094010988886,3.443363087091761
-2.637516076646959,-2.706420989748167
1.073202152879852,-0.763789805519683
-2.9115139513183754,0.6842182026197544
0.6180884204369028,2.688332090395561
-2.6195901229741967,2.9522166002801447
1.4377636950458241,2.5144893570108713
0.4467277483097613,0.878325276517211
1.094616185244323,-3.266974950339316
-1.440958012198279,-2.6160364202915987
0.8525619019913047,-2.5686281300077156
0.7920548318416756,0.3479023837257245
2.894657556376751,2.856456602578926
1.4192098990452404,-2.6297793720293687
0.028861209516815346,-2.567481845833481
-1.2017622264922692,-1.4771067714065034
-2.948291411789862,3.208092803555608
1.1571006705802014,-2.6876804282317983
0.3237908023760218,3.0196573441316286
3.630963045929228,-0.8573612797477677
-0.4553642128539753,-1.498557673646709
-2.9959861455958805,-2.7671666728875235
1.1434948639775024,2.8394156648775035
3.31687426149297,-1.1110762677546355
-2.516156278201455,-1.0676383925843127
0.5793319510864994,1.3485805840118776
-2.881701781926726,2.6707825057128853
-1.7006534971123535,-2.582530004803232
2.4215227228547542,0.9427007746178339
2.9182314228327804,-1.0069541540915252
2.2414061396085994,2.8456799523835468
2.824858731306339,-0.7335125137548621
-1.2134405010028961,1.3223879073468725
-0.4424710268201709,-0.7934897862207416
0.878788179814056,-3.528726856248616
-2.833095425856774,-1.0431921327246736
-1.2942837722704583,2.5954562113482873
-2.747139471353611,0.6803819590402085
1.9713189856615965,-2.8519366693151937
-0.8084699934582165,-2.5676712439396168
-1.9137262023321118,-3.131198494827735
2.5237566023669364,0.6010852136599709
-2.6680948826005526,-0.7957974335523972
-0.3429129286455987,-3.268718231752941
1.2597199569412798,-1.2642198337098298
-3.556025311322579,2.3764267412052686
0.4773155631879237,1.3290472731395147
0.5302962721254199,1.0345227870295244
-3.1281450333806573,1.2207863195808963
2.2439577117768406,-3.304357258372695
2.49911820682084,0.3373480132000839
2.664809454769052,1.7642937702113066
2.455893899301747,2.8758228621964697
-2.6310925400006586,-0.681343457457858
0.3726310658300576,1.2772585976665118
-2.2717774311009555,-2.253633494811075
-3.069343995081851,-2.3797597300384448
-2.919431686975724,0.8651278055258483
3.127091277240503,-3.185147414271871
-3.3839673851048624,0.5421593977121655
3.084781190445598,-3.3880964789608194
-2.4431857807729433,1.501339299747853
2.578013361690458,-2.404138494005788
2.593943149952105,-2.6968941114799585
-0.7304327063840054,-3.230007395338453
-0.9665354418152252,2.2242491299900093
-3.4454726988466486,-0.31919057498803144
-2.629871088359331,-0.9138992458890608
-0.9944788424735528,2.830701308229034
-2.381956976716788,-2.4413170767356003
0.6553448632283454,-0.9104577555448071
1.1857721221360515,-3.1779469216680125
-2.571143023044217,0.4415769637077269
3.18881930393869,-0.7533986776296907
0.8210539524855668,0.5097729557249319
-1.010761433571231,-0.8560079881179574
-0.9342025946473966,-1.0979704871655913
1.2652574620048926,-2.696420376573075
1.3053161560863045,-1.1151391697804547
0.46453897379406384,1.787956311500086
-3.215772987710681,2.609784512978827
-2.2957512994825207,-0.6537783901605109
2.814459071164843,0.46361671680105965
3.4975955323762067,-0.753965579592949
3.3119818571730684,-1.337900853072635
-1.1074510814063454,2.8770287164321493
2.9701224702222055,2.0678366285304843
-2.623473292667814,-2.319590506328431
2.5915659975726175,-1.46341254851846
3.2337982084971015,0.46452847862000957
3.0245128945478905,1.0129399708057314
2.9844291887224106,2.4909543808950483
-0.6459731245019549,1.5449029611310183
-2.5959415880437082,2.6159268544594725
-0.9750118430458542,-0.4432794477425244
-3.3610513244736824,0.5903580330282214
-2.68638229404201,-1.4927825228397302
2.5002883948905215,1.106342644397309
-3.038236679526526,0.615512288042173
-0.9617305841935019,-2.802829069145692
2.7527246770701503,2.644920013160863
1.0375932393512222,2.6865923433113155
-1.0812216593300157,2.7867542242756675
3.2066415767714704,2.8183983514851527
-1.0243508444701577,-2.5914628653811094
0.4461020876144194,2.3463672817553562
-1.2847861597617123,2.952161911809711
2.6655277420757764,2.7297853759454296
0.7166473502750295,0.7700777809432401
-2.1123629011867266,0.8757354719332754
0.9144026752670457,-2.8984545956739485
-3.6211392716198056,1.174439457660572
-2.141027231990095,3.3622762435983184
0.44582404548084326,0.9656979382833552
-2.404503713564161,2.909092361785407
1.8916129021795656,-3.2272644474341114
-2.205671148381785,1.2247479396397796
-0.9625027159785259,3.2115029221287656
-0.26284679017681406,2.9223564331981677
2.391362894541424,2.251940453455014
-0.43574608715979984,1.6162240113272186
3.5740939308421202,0.882284462437348
0.9846814004653685,2.821095325250763
-2.8198697894566958,-0.45405231089904224
0.5450715369460314,1.926857406429192
-3.1613804130001837,2.780174710789558
3.374627695402582,-1.1096004787962614
0.06200597429906026,-2.6794323004862277
-2.286436738737272,-0.9760511748157454
1.3356171349426353,1.977030673206037
-2.4158593920878118,-2.4557920053177176
-3.1370937172904547,-2.1343907736003502
0.7722639432860653,-3.328663511473484
2.6869345655157715,-1.1526372004659289
-2.5996870557438148,-2.8180606003293347
1.3725819263711714,2.860751471199156
-3.1819779930007104,3.176469171149945
3.048327387682564,-0.8742821596080474
2.805449120473065,-2.251836628460611
0.8775153179040913,-1.3411747969749037
2.972617544924602,-2.5367316643237605
0.4182883414963521,2.943914786906537
0.66995251608183,-2.8477033474986966
0.47745389787067566,0.9261148614208973
0.65931323342016,3.107887885532679
0.6256037532287777,-3.0186733490163813
-1.0109434928764602,-0.11200505182358396
-0.9562673935163216,-2.780360433847658
3.1206437045665774,2.9561500397156286
2.412735011987585,-3.139802184914525
0.7851352514778656,2.6078382092431194
0.2990738416040881,-2.4956496659372527
-2.977299809440762,0.4905672098945694
0.6339335472685456,-0.5451311464734584
1.2960744067219794,-3.1728627149672874
-3.329069018130651,-2.804993805082264
-1.66442145156842,2.672344271347688
-2.989821263644528,1.5335809388060782
-2.115757056756094,2.4190951413576394
2.80486589999695,-2.5664871933049302
0.6158631776159945,2.633429292662416
3.2371439306453147,-0.12404938463080994
0.9657852052679664,0.34471739979432403
0.3118630778047052,3.066211880668864
3.0911208714250717,0.7430370695995024
-1.4968368220989912,-2.8184694936451145
-2.002951341066556,-3.07249243226179
0.6987676476618104,-3.238157701445667
-0.41902674352112856,-3.6717249704576966
1.5685722832347648,-1.22713219729853
-2.6755218627610584,2.398825688382779
-2.9693846397767825,1.00509129683103
2.894794134760949,-0.8965053411320234
0.16015949104340246,1.9107757496805522
-2.4504453350601745,-3.3581119426247343
1.0404490736214558,-3.0300115223772917
-0.7379426670379167,-1.066067025321942
2.3638726276743327,2.8981174769942473
1.1870174606155117,2.483876738069129
-2.9401092384774987,-0.5785137650892032
-0.6674067005559019,-2.261861033701728
3.137369860380992,-1.5406861533391183
2.5422617877598417,-1.4232226006385118
-1.1304534363115157,0.7504166347474772
3.3051343276827034,-2.4407981442633235
-0.7463038209047301,-1.0236274088656705
0.24646377984593731,-1.486575375328255
0.8335103780863998,2.2808858371523835
-3.6767895626923224,-0.49958876379542383
2.800100297611561,-3.514043512392567
-1.0958922590606879,3.118184113947872
3.3315088084798288,-1.408350564959959
3.353782222337741,-2.9043846491557734
-1.6162256346014452,0.88347258297113
-0.6222713304148906,1.0287053304752811
0.7008599370232964,-0.6892507225226764
-2.9181993115549703,-2.4941780376477323
2.5476401956807644,2.030497739588045
2.232472352243728,-2.7984287214667773
1.125956707297261,-3.2504604044104966
2.286534619226836,2.7940194806450123
0.8316679827524942,2.4282347536488147
-1.0951277270024775,-0.0630675839429089
-3.375528811361851,-2.3484130894815367
0.8577390523498446,1.180119945475878
-2.4266484227053713,-1.1476311599952922
-1.0600190591754406,-0.7182361370098833
0.7764834125266978,2.113706603631017
0.5239214413083441,-0.9419052432279024
2.727916579465765,1.9814280053922844
-0.8713320195541867,1.3708171062274357
-2.430290922238208,-0.7455597594983963
-1.0047945443837771,-2.7325642581097025
3.0904013448778245,-0.9741232883513429
-3.292587764737308,2.213915988156671
0.7575917097670738,2.693807203002393
2.648720688165555,-0.9447402189878247
0.7834138869173936,-0.7850314490691986
3.174958263137531,-2.937288027002624
0.798973619000904,-1.1012385520928085
-2.7896627477126117,-2.972943682857077
0.5994618638130725,2.7412981189594325
2.4555030458715517,2.864447650061785
2.665877278356411,1.1691335143203005
-2.9933094826063305,2.473371722012173
0.6359591614647505,-0.7688039059023254
-2.775871181210008,-2.584987034994701
-0.7524927293265615,2.6682958947858815
-2.1962535993863823,1.003094565400076
-3.161075589228706,2.563281738051819
0.621273492500551,2.0491408208579123
2.8763048306897794,0.7250841858311765
0.3830002256566356,2.4331458003042132
-2.87007089228822,0.897725975446035
-1.3012675831960754,2.8876085338527244
0.7771300411764019,0.8575677220496297
-2.5233110442634996,-2.718900034225386
2.727347527565781,0.9888657723958002
1.109721739901269,3.55732916488342
1.421123060184663,-2.5151295882388376
1.369548788259691,1.2407647780526634
2.8225150954706115,-0.5007544975105273
-2.45530199314022,2.540398231195542
2.849326699014629,-0.40628546166087615
-2.590359874568413,2.6892660539091233
0.17310616675085377,2.786138339877815
-2.8487544255129134,-0.6161202752000651
1.271211904544998,0.12385246274694979
-1.2060377462035363,-0.8089012121167336
1.2625036119676598,-0.530423885799747
-1.3123488313761191,-1.0292887204348045
2.9932758702155304,0.7458141711000601
-1.4059678982662378,-2.647116978344353
-3.3123332414050326,-0.4658172527913551
-2.8784879352354804,2.9009638169365846
-1.1678426439222482,-2.4452230803353245
0.996976886988354,-3.0920812710320047
2.502549667199293,3.075924468012328
-1.0523551161579763,-1.2564985645521645
2.755195075103999,-1.2024849416400654
-2.6952359888503805,-2.5983280091435206
-2.555115620996484,1.3026940215829401
2.122267215842331,1.2980831554435222
2.366016644633496,-0.8405295789287308
-0.9253329137070064,-0.4372621231504417
2.737888802331347,0.5454579621413308
-1.9860049045137456,3.1288345626441996
-1.9126076750489547,0.6704724859788802
2.6793612825374975,-2.25731738571435
-2.848446503335613,2.931856504070754
-1.689549469904654,3.208896791671705
-2.7315416546186158,-0.9932464706197867
2.7711139272229564,-2.2675602183326045
-2.391102900304753,1.2357547638841275
-2.2565680977953857,3.4961078484679113
-1.1019354994761548,-2.8583016040782807
-2.835035537776361,1.778148695339809
-0.8996843751154935,-2.5798429052291914
-1.0083538771426412,1.3093863018990473
-2.61842741437071,1.494852151494653
-2.8077450471386394,-0.37554431107218295
2.557787168571862,1.4762974379025144
-2.902917207668221,-0.5081562043970262
1.1761214664669606,-0.7619783452477236
-0.5712805424456814,-0.8699232882960132
3.0827654671502875,-0.6428486241040948
2.5936982557041848,-2.234687494556745
-0.8853311078680217,-0.7629605654604253
-3.632467179053413,0.855401295861403
0.7943148027833908,3.325707763924708
2.8237417349747855,-0.8282985734327911
-3.268064461338755,2.98456623765715
2.759921271946878,-0.40924812669174976
1.0787745296404336,-1.249348529366021
2.631410390534843,-0.9968582519941591
2.3249462989919776,-2.4589752449786704
-3.000843704570926,-1.2058988625700502
0.7628004332235688,2.7857591843003484
2.990050079780805,-0.3747704856375171
2.8845926160634616,-2.9433968868710374
1.5171761601578841,-1.1139039565013449
-0.5263303459939707,-2.3503999285397255
0.9709464881536547,-1.070819315084515
-3.1186099555646876,2.929827087937364
-1.409262422467834,2.710719733822877
-1.048393562215558,2.687382305762469
1.070446727921164,-0.9765756920914477
-2.3378046406003437,-0.8215879181711783
0.23124127525509622,2.554599781004739
-2.241319170115479,2.736485299999773
-2.354051528314325,1.5006734558424963
2.5442229722653416,-0.616352616279198
-3.2129357558410154,2.51380388322919
1.2866258900705052,-1.2125842550278094
0.7121044940838966,2.775505487922024
0.9707732755966181,-1.2434964224196174
2.8597334298253103,-3.7267406562237406
-2.1877746712194797,3.0473856843378146
2.2734348856259428,2.8615701747674147
-1.4518327897461898,-2.0223713128247183
-0.7715084036316904,-3.069638195912673
-3.0981873374391413,2.4924537221545946
0.8151420193414055,2.0463029360213714
-2.38179835658504,-2.8019580731476643
3.0984426014637223,-3.012332046707786
-3.085273124010903,-0.7959427193558714
0.8572672370091149,2.8659899622053935
-2.7376678855738805,1.0673217066428293
2.880803743621736,-2.66267410002927
-2.9051277250001224,-0.5732927598538875
1.06067888308256,-1.092047416653514
-0.5989900343593161,3.7412174324104077
3.35295011060411,-1.245023061250609
-0.5829253089144757,2.349446408945128
0.01137886847191101,-1.4948959931233514
2.819075583681711,-3.069395323614011
-2.8811801837521527,-0.6577421039847112
-0.5787794938219327,1.10038016471288
2.798211078446473,-0.844187211537004
1.1276047513693437,-0.7368887311389789
-1.7481729790340463,3.166675389517841
3.4040683491604544,-3.109535240989579
-2.568643367173873,-0.49287652846347624
1.6861995554406342,-0.46534448685021834
2.4420163220542217,-2.6376328845420143
-3.0793044118493205,0.8681637397015757
-0.977017054979534,-0.4815848730068479
-1.2276021132814103,1.0568153481829292
-2.3627292591525175,2.375828275435906
-3.0124883005572776,-1.2398041960447874
-1.3502808399467532,2.4581219445579214
2.902844941476217,0.37977785755879423
3.3837021856695944,-1.274488653211052
-0.7707230065037207,-3.233959757107706
-3.0779534503057033,-3.1830026235110522
0.9523973940032088,-1.5574982024798507
-3.227593596377346,-3.0900364860164635
1.8017837703868933,-3.034367521674619
-3.6552996674224545,2.9370313720849497
-2.289756742133263,-2.4934397113805025
2.4633769687057145,-2.4257364632489877
-2.0047405800443725,-2.217933052521539
0.6844365630705582,-2.6891955123194515
2.699424202689132,2.305694648217383
-1.1395996071906118,-2.2916052169963055
1.0545621056542425,0.6160223378213258
3.1052157456896983,-2.688398737985056
-0.758843403457511,-2.7934039590069792
-2.297397226802341,-2.363084605193374
-0.4594373960052708,-2.5993243441255456
2.7762676449739847,1.0422517169526662
2.635650096727498,-2.867342792105917
-0.6499644824075219,-0.9180272223764089
-3.412785031124051,-3.13439764085626
0.4165638032294447,-1.4659011042730792
-1.1695641146762017,0.9105687652330523
-1.3181446657308076,2.8190586691809068
-2.9366744846164585,-0.4795011410243366
-2.961248944385032,-2.823548914010451
2.2584233572084007,-0.9801107055067557
-1.4490983744443053,2.6253255634906116
3.5483606811387465,-2.5856565609542725
0.7324593126915395,-1.232004127575842
-2.6934078421274505,-0.36194034246042656
2.95134251477165,2.404777528664388
-1.1162181400662128,2.3549932297646112
2.8389584680346345,-3.0331348820388127
2.263256540633232,2.5902589942523324
-3.673100860938329,-3.09287285678764
-2.6737258481387767,2.787287294550342
3.0907246569028617,-3.653043770302912
-1.338903732623801,2.654552667663778
-2.0556651737529723,0.7975416923818697
2.6710681270323295,3.075754246936222
-2.5331720220253087,-1.0855567093453058
0.6484245746349454,0.5697458557995517
0.9815453732567713,-0.4454468461545313
3.1670131225796947,0.5203654320602243
-1.2993280949390396,1.1408097972779276
-1.4948875821925254,-0.874708231603857
-2.496026935864465,1.6867140561524632
-2.719534667405505,1.4519158100796443
2.796286077678583,2.5392049775946792
-0.8579143687226081,-2.8638268384895222
0.9080762516162866,-3.6016328636243395
-1.123329784280665,1.1374025581284528
-2.510965725804952,-2.883749369234682
2.7638121311382737,-3.6102536962949414
-0.8058458996728473,-2.779551286390638
1.0192411397542238,3.6251674660042497
2.41468148410329,-0.9099723011297169
-0.7214567741627341,-2.8341897995428074
1.3460523411389893,2.7135591697524597
0.9977765681332421,-2.8337865512592733
3.258186279162711,0.899619253247323
3.1646649551328854,-2.5066461722003077
-1.1516866734730067,-3.074100795650595
1.068340899644969,-0.6884120526470872
2.5153291029320672,1.0609422220859308
-2.570936059222403,-0.8971686496852496
-1.0361604210337059,-0.7860012881836829
-0.852081084046581,1.5492763793397615
3.4712072052509506,-3.1152520028837665
-0.7372502626053845,-2.755419304471393
-2.132176013385683,-2.568345725205577
0.9241379350369876,2.5874316314250945
1.0993434580663988,-2.006288746960126
-0.9482176673331391,2.469826791441046
-2.0183018336061065,3.0014413180489385
-0.37889617634243505,0.8520703891879783
2.1197797432847567,1.1585713051277537
-3.041488565093353,0.7091484992790636
-2.4769069704740283,-0.9267259896401483
-0.5563028315354318,-2.889654516121885
-1.101968960592593,3.304790848583984
-2.6637374350485596,3.24688915426927
-1.2544385222904673,1.072807255073308
1.5403645829920487,0.7843507672115132
0.9072150488815073,-0.7904115837255369
-2.3935181971817903,-0.8836385376286837
1.269848271061723,-3.117455881705935
0.8259152954685487,0.9722951303832686
-2.758102091769841,-0.7924880710739978
-3.2133322215098703,2.8746531634983072
0.45871254174616477,3.237615431717038
-0.8397399198283545,0.7145730672387313
-2.4887734287249934,-2.0822956840271627
0.6667448559553559,-3.243805277084193
-2.646708263800403,0.7635850882919683
1.1753448208676434,-0.661097209950247
-3.0018759880056756,3.967902142428833
3.000366568668618,-3.0479814635984614
-1.1337876424454205,0.9441956461393881
2.664022730598127,-3.520257603215487
-2.809393518943694,-2.7643734791335466
1.5584389617337744,-2.824372381696143
3.0077379030000757,-2.057460839527312
1.3762413723980798,2.867840983679153
-3.016857908645331,-2.419076502036267
-0.8808731477554909,2.797958411273645
2.7806971442214805,-1.409482626181325
0.23271805508547264,2.7911831439892323
2.8776706330963058,-1.0182052997399587
0.5447423309314837,0.5833524498967283
1.0436685468193931,0.8815570476605683
-2.869075756096382,-2.698104390103233
3.735550178786825,-3.5611121232724336
0.6709414161451084,-1.0524646386141745
-0.8735189402974577,-2.212325134172685
1.4404025788128205,-2.732628960333646
2.749160009952714,0.886182582055565
-2.585654731607218,-2.3065814314163826
2.7342706409735604,0.7945832966173278
3.346898196614023,-1.1170410330218012
0.9519295018318314,1.3980371772643654
-0.6844934494663782,-0.6793767283158046
1.5984640595013442,-2.935406697261039
1.0031180687865306,0.8917418964436792
-3.3934493967381445,3.2558273153652704
-2.8085666771818447,-0.7420877173680459
-1.3080056610259778,0.6176227499529795
2.5015160046349294,2.7767212316197436
-1.0558951807326409,-2.626490667898433
1.4598047412776312,1.396471624365237
-1.0915851246547483,1.611765435067246
-2.600411122929005,-0.5726859946663287
-0.7007405855170706,-0.722061863013529
1.1172948101961788,-3.1046302524429765
0.24567365256454204,3.2925949515630935
-2.573631172609976,-1.0058260568434525
0.8971203850636612,-3.433657434819361
-1.1620909429532558,-0.607326839949426
0.49435433286218966,3.1932305136595183
-0.7780254912653429,-2.1650844856703046
-1.1250497969935125,-1.6858704456088665
-2.599385996029875,1.3022422863088112
-3.4255403399883555,0.20420943083631693
-2.889286535602136,1.1805698752011544
-2.887107706999667,-0.4858995225073183
1.145283656123329,2.535071899482203
0.6689770861574584,1.3961634336341306
0.5967305053413172,1.151375621082981
-0.7723631315690402,-2.7367072726179464
-0.9130821805930909,-2.520918619518317
-0.3988116199168721,-2.7365415538645514
2.854451947696066,2.7711678246492193
3.2364937134484464,2.2984634813017895
-3.2210768541049575,-2.757715415169467
-0.6634280658903045,-2.9135376013571666
2.4050990673711348,2.71684481519148
3.2277978057416044,-3.080444554277095
1.043493263684598,2.6765603118473598
3.39272479124207,-2.8413861731000747
0.8947875440458057,-2.834462895906521
-2.5573953105637264,-2.947830006787562
-3.1056665917469064,-2.7846218950200887
0.7887273553336079,-2.6350560758960535
1.1690287711221254,-1.1788902611292256
-1.4458407741746373,2.4727350596699114
3.2868537048409663,2.643030742392755
2.1417697887446003,-2.625578319357274
-2.646019183016186,0.5385588082194575
-1.3646588629710084,2.723075355980511
-2.34431290677057,0.5559247664968209
-0.9780983047699656,-1.1270865975364606
-1.4086146925565295,3.0624384042635056
-0.8810090410866713,-0.3612740907997339
-1.1931153465815159,-2.9675027189161507
-0.9632940380491496,0.9924149130457027
-2.9488029537959846,-2.906511106404008
-0.8306536258422534,1.037121589025568
-1.6521333546713073,-1.3586335628610797
-2.7838438409317012,-1.045202427028812
0.5769421295361845,-0.6255242077901353
0.9195346447777661,-0.7374164721685252
0.5911637271707768,0.9367790013528202
0.5266598095029109,1.4229363701845483
-2.9184834590587685,-0.7189622225030524
2.6481013872685084,-2.941719777011451
-0.8847432084621302,-3.1414266206697836
-1.2751567259285872,0.9828780408943036
-0.8899041998368777,1.493171431891146
2.7565126857480284,2.5503593833862133
0.03619856350734317,2.061853649443215
1.072290795258572,-3.137357039711216
0.940619454789869,-3.708624118780773
-2.585959599624377,-3.401088005730633
-2.6459769979053314,2.570037346954107
-1.0718657200115214,-0.5233547011975881
3.164713988377236,-3.552879633681386
-1.5104070831729204,0.5255465823500575
-2.484130260543988,1.2832405189385152
-1.0513264743177675,3.3113829551969554
1.9670740896103776,1.0354768286190483
2.1818911251762776,-1.2792172995941948
-0.42870575543928124,-1.0589059537770322
2.6601013366448245,1.3148310021750458
1.660809177742783,0.7343096636074314
3.299753021994728,-3.067837468300695
3.402856144030513,-3.2367746025135977
0.7027371435028213,-1.5550277442332139
-0.6594301265941175,-1.053134404296786
0.6223543393278681,-1.3871796835454664
-1.1547690394406402,-0.8214702183032534
1.308722441703137,1.0055403370289844
0.3204063506195248,3.1201787788308897
-2.399593191428581,-0.010490067522935858
-1.1215502933387091,0.9867783217884654
-0.7195557719607879,3.0323456143858123
2.4489460002010115,-1.4092697305184343
2.078056184851942,-1.383012703125358
-2.397020241086984,1.1363421944229342
1.0984432604933454,-3.526195165201786
-1.1130999362817589,3.29750034571712
-2.933135204712603,-0.9650035395030033
2.9347963944650783,-0.6318629924352587
2.8388635227037997,-3.0415772017157736
2.9624021862273437,0.3956165466210495
-2.9174657223982314,1.261456380983646
2.825978674562598,0.7827642934780336
-2.8857709610974376,4.037023817556702
3.606743235890003,-2.7696986014700125
-0.8285902780270222,-2.550164884545272
-1.054517816163807,2.436303542268427
-2.602006418983951,1.1590798621782863
-2.85826390584018,-0.6851253953145796
-0.8899244826240444,2.8213411528111068
-2.2821004935895433,-0.7176252284472833
-0.9082467944640056,2.5376305223180387
1.6756581187258128,-0.7348568776040293
1.2906003220961562,-3.2566065245740066
-0.5731369215203416,-0.5747142878573722
2.509829230299136,0.5850586160111865
-1.0698663093904777,-0.2509882233801126
2.762315163480985,0.7552720753634695
-1.1474747995684456,0.8532726205604555
1.244336166848064,2.726491965868848
-2.72835783585544,-0.24613196102669818
2.8425318266295525,2.206153937500481
0.981088651986911,-0.47143785223945756
0.20473587293739082,3.2780130823006033
0.3149560405345336,-3.175090136612284
1.005798696610285,1.1987209874633493
3.2489838906414183,-0.4527034871676551
1.4961466220300184,-3.0534073250266336
2.888533481399993,2.76084483438791
-3.4171683317225168,2.866236926899843
2.560703130469445,3.0451200835341283
-2.5431982072480035,-2.128062316184381
-2.4658960397448655,1.16558387696415
-0.9614135428555233,-0.9952538417157071
-2.91405078775404,1.0161859936818967
1.1165817500676596,1.2488949907998872
-3.3052564859123055,2.8363455155964172
1.5219785074459002,-0.9669350015555623
1.4258530233576634,-2.9873734706023796
3.9618400745975455,-0.9085528985463343
-4.100873338829414,3.0147841903876187
-2.9500629826531024,-2.922742280353063
2.399758222152785,2.165437423737637
2.479960442979198,2.460115833404376
1.6435382787134631,-0.7874168633907442
2.525403658669437,-0.07858147141234195
-2.961254561823916,2.381752358774904
1.000869643667278,2.5221689439391026
2.632863136252942,3.1953000367855835
3.02786927300802,2.039743847872869
-0.9075875272295131,2.367154042132405
1.1335280999659951,-2.875335046958666
-1.1919352529671845,-0.788479324520142
-2.8710564182259755,-1.961776015941898
-0.705128299354776,-1.066195907577013
3.4607374479204296,2.5140625034155777
-1.4451024487288067,3.1671597540258483
0.7957516444726263,-0.31061882420515746
-1.278061170848174,-2.55827456280647
3.1643478443035473,2.8046817918835316
-0.8930653813774155,2.7299415641666864
-2.70654168131863,-0.7106506976499707
-3.063596904315571,-0.24118858163460616
0.6449212823618808,-2.607650802015128
3.0766563503842,-2.9257632927194672
3.2410373485821067,-2.428794029857628
0.4735641644395408,2.7709742606346754
3.048473724539488,0.6827044291137518
1.2487061444449796,1.3223369341804732
3.07168795034612,2.893456136788823
1.0041614189482468,1.6676826347198876
-0.7784703989871254,-2.963554483210329
2.7737475349103886,0.5834096385013204
-0.4521757668394831,-0.763299538035417
-0.9896704771455683,0.8121399410913692
-2.365787545924531,0.8484558414723256
-1.0694231136895793,2.4626582015836385
-2.3757890887557123,-2.6278430546026716
-2.653115498125194,-0.7852448800584433
-0.6298168658538091,-0.48310069176985126
-0.5241785046570488,-2.3387184667046306
3.3312024273954313,2.7175614324559825
-2.4732424593743834,-2.871876461876193
-2.291999142950954,-0.958533024506637
-1.0165069660292443,1.0745869464491058
-0.6888994042496949,-0.9078428723694328
-0.7345243557871656,3.2668852944197577
-0.7512681440368691,-2.6830019726214798
-1.0621416359952083,-1.1621509408949
-2.4855446929277223,-2.841376902388103
1.0447057596679716,-0.7893871618962964
-2.5751531546763338,-1.060621650965281
-0.7748873543976232,2.997675797228885
2.0242083006694744,-2.6580561879944753
-0.9719464326559349,-1.1135234918372399
2.9689995037509473,-2.596879871132881
3.064297678473589,0.5510612034865677
-0.8867875303559836,-2.69080237218114
-2.873403301637538,-2.600721298059153
-2.5922548670381453,-2.7215444687740744
-2.9714438042610416,2.202698952630725
-2.3040564044576897,-1.6392409416661833
0.8410455657287301,-3.638488757527524
-3.167316643504356,-0.29524990053518974
0.9318687834213464,-1.4878834177255562
-0.9432997713247812,-1.2555937272122788
-2.843504607091543,0.29430934023867017
2.966705407074536,-0.7049378436909236
-0.8769690494981518,-2.9080749063668803
-2.6722617579573402,-1.2614515814106326
-2.9338866036342552,-1.1164369414213042
-0.9673938460854447,0.5961735232336159
-2.5256013478220867,-2.3545692422610722
2.4248073868850386,0.20717167606024423
-2.896157384745296,3.1582062913224145
-2.602405497231419,0.732672150952304
1.15472858486505,0.624002701081869
-2.924391390401514,-1.4167284195263128
0.7553871454304504,2.6336189538526007
0.8751941889892224,-0.5646514989778498
3.6775689057764693,0.48634320685461907
2.7687126732326286,2.7558211702201203
3.078910980263027,-3.651354439849559
-2.4831267092489315,3.2490415334062237
2.911687128126913,0.5309597930910851
0.6675645058441964,3.4135846875578233
-2.6855131867415234,-0.9065806088068167
-2.742468216967392,-0.7598813826845441
-2.4805584173888997,-2.7487327219281723
3.562109823543239,-0.9743530226857242
0.6449609622101133,-0.6141567240582094
-2.5137761253354567,-1.2504122189510887
0.03194760920566503,-0.6037785405106697
-2.4884439028136853,-3.6304642870681803
3.1073090851201983,-3.25385936589939
-1.5727056580419856,0.7205700838010333
-1.3329531568979307,3.1516726827974018
0.013705398795543895,1.0637860289998837
2.7113782831702635,-0.11819397302355053
2.9231865683191005,0.4595744703530002
-0.9250830701104603,0.5620934860673675
0.6809536478565309,2.819923831581695
0.2116346303613111,3.1495463614190076
-2.7670752703674757,1.5273424748537852
-0.588545800330443,0.7050680792816153
-2.995359038211913,-0.5148119147141443
-2.042908859842626,1.4237692886027749
2.352913882389237,1.3576910372100945
-2.8216887625490346,-0.20856157806802406
1.8736188220437935,2.012919935666059
2.503458025008286,2.8485105495552454
-1.2780430608667712,-0.787473990288933
2.6264035517978606,-0.521905218698596
0.3850551388047353,0.6116681277814257
3.1088981376885134,-2.8966206211730543
-0.6901308056677556,-1.0343175598109609
2.9465148348737156,-0.43809755152264374
2.8777053485543593,0.6509992197792969
1.1052806941266478,2.896593999164223
-0.905487790533201,-0.961194714682466
1.140257197963088,1.2203443569524512
-2.6201925444266023,-2.519501467478426
-2.5187683828524143,0.8956375135855725
-2.827814740450062,1.304682468454056
-2.717630266414615,-0.38282654546206824
3.3418347190854667,-2.639241893450228
0.9318041461340574,1.2567636314765012
-0.7656135134431663,-2.5170410028976455
-2.431594369637547,-0.7590652613628381
1.9243029754975332,-2.8312493242294354
2.617065033556939,2.4868313676681746
-0.7946059523466954,-2.512715972890724
-1.3143300653125711,-1.1448770041105958
-0.845248296092613,-0.49313221650393463
0.8374853624082063,0.5875651903587417
1.0043888914979002,1.5415618934519977
2.44945718495106,3.041113679744806
2.445792616577613,0.774177017511787
0.9046221436053593,0.5669076952892018
2.948369719625592,-1.0330617176895682
2.2579189085562694,2.4136289805420597
0.8463061158127548,-0.7343102107808224
3.31549171416215,0.7012446909749626
3.0852730058096896,1.152929435922
-1.569669425433424,0.6445177643779634
-3.1064186896347876,1.4197728982585713
-0.9453946773705759,-2.3739550193039687
-1.6975730164839313,-2.5380741627913053
-2.6464007897382493,-2.3488301813523247
2.161931401242674,0.37455285201785166
-2.0653886142618534,1.067620432359884
-1.0702662949458632,1.1683755864489218
1.3171343655075263,-2.7204542084100947
3.340434195900514,-3.3950259707128168
1.3746857354462172,1.3685900400496647
-0.9378512275223367,-2.2963015771154676
-0.42497009958653514,0.9290048993851828
-1.372958898009392,1.1066948220655561
-1.0377445523878108,-0.5847855592475646
-2.873422359875699,-0.4443030526816153
-1.0508138828756222,-0.6783732441926098
-0.4791406502038046,-2.7964975196696122
-0.6798433444133075,-3.0089078284627995
-1.5925682266335233,3.263990468394239
-0.4173711869920053,1.0571062623833383
-0.325713034987946,-3.3517964947338332
-3.243118422304048,0.8226847771295546
-0.8123489334109536,2.3050494445887217
0.20820412857321322,-2.8680475805269667
1.4862796432258032,0.8018237810845636
-0.858348830948885,1.7617005415637759
3.1727447415282803,1.224296294262672
-0.5843921839862809,-2.6323489249079017
2.9185341960063362,-2.9485696361581186
2.8354186149742797,-1.0268176651551564
2.800951459958184,-3.1077582858068005
0.6360511974786249,3.0370361009135936
3.2642623825743917,3.492043723503371
-2.3938329286600317,-2.0791303404019756
1.1825770017881894,-1.01115050604833
-0.4414447688234776,-2.927464020841753
1.166685774350298,-2.9744746905990094
1.179112196465059,0.8194223923346475
-0.978066898827055,-1.5498562344850637
0.8899615599164535,1.1692759436486697
2.9694754364566416,1.1715211544847808
-0.6090281430635801,1.0787927624914422
-0.3900245968946963,1.047134631002925
0.3882811577762619,2.5126065535680744
-0.34929446266418657,1.1893775369737347
2.8523710028887614,-2.4500956170843646
2.5348352281779847,1.2536296075382811
-1.3817391791230997,-2.81823535780132
-1.4531248822731464,0.24019302132443426
-1.1762824280048652,1.4117015274146776
-3.0909962262206556,-0.5701147753624499
2.4774648752828536,-2.633247317931733
-0.4718804840473538,-0.849532469488198
-2.9369177444513035,-2.5366439196096144
-2.7200650883578064,2.732783554223165
-3.220444971004254,3.024229526668428
-2.37654923366073,2.2001564855088747
1.0916124668022464,-1.1953088376450514
-1.0555579704475504,3.1515305995928227
0.53570727159926,1.4688750180919539
-1.2008910567914297,2.8086354569049665
2.7923523742706395,-1.2156557566265
-3.1451163556959623,-0.1211058938723539
-0.49663099245603554,-1.1654564623996257
-2.998353590330404,-2.410964255011296
-2.7679367261391246,2.480064453533527
-2.167105938854429,0.8438656080415825
0.6988158038394134,-2.8419414418696554
-2.887429405987015,-2.0816058617184736
0.7763690837970982,2.7041656928624223
-2.9391613959849274,-2.720007479613935
1.1495695834941122,-0.8956458087055825
2.808920747405051,0.4596519813491131
-1.1405294417898617,-2.074007327412377
-2.8893091990784328,-2.6822285694719183
2.7332446863599618,2.9056130391734714
2.190056143632965,0.22610691060585392
2.8340227505331885,-1.5600214888409112
2.445981615582406,0.9316718407158621
-2.5524153166520764,1.4091041190499023
-0.9587984332393212,-2.217724695842888
2.9998479655369277,-1.0196730662176585
-3.031965741733495,1.979972387820155
-0.4480476035125554,1.4102205099319343
-1.1497120552769025,1.0037798815821573
-2.55858453755116,0.6421709291812316
-1.3824554787696204,-0.8247098656376141
-2.8540766123401125,1.4981831988934995
-1.5106712881550288,2.778651728781125
-1.1994700920147534,2.4895074107108144
-0.9141008315110553,2.511957259538089
2.937431554197254,1.2345277656856277
1.006146789204161,-0.8869252046874166
-0.8675033551704062,-0.355993106529195
-1.2123867921307006,2.8377577380183387
1.4168238272410958,-0.7703370662481299
3.082155361911792,-1.9835123250119062
0.8449643069322107,3.2182086773276377
2.677960495248008,0.3557295300699534
-2.682410483801619,1.864691272209821
-0.49327205129303475,-0.6053701946308655
2.9205753552075535,-1.3816802906300563
-1.7192687321630507,2.5602813929690234
-2.721281521124032,3.130938169965768
-2.4181908357198183,2.3534428221272146
-2.303475675927868,-0.44004691700985976
-2.477337037015786,-1.0536360167662695
0.9716293935305076,-3.066879302664245
-1.5994380147758662,-0.9152189486652916
-0.4606514585101326,-2.599446086790675
1.0097735539020087,-1.0233673396671488
3.5964296306549266,-2.1426025384597422
2.3059928345851715,0.5864879755128427
-1.6549670684585303,3.4339162046723364
-0.8128830164776405,0.5939079210578527
0.8597514151396605,2.747141085249536
2.7477528429433016,2.3668513029458755
-3.893309574102813,1.3122699200558967
3.369103056153201,1.0795946092500255
1.4256756403945385,-2.965305969704011
0.9073772613915242,0.28343437310311753
3.2078331302724115,-1.2033110842435981
2.8341482522872385,-3.1725120748871833
-1.427618965248066,-0.7575325549628942
-0.578551045758969,-2.735445310542416
0.5265206592744474,2.5008091604167433
1.9569520232800206,-0.6067218100357153
-2.638627851338135,-2.967219381406394
0.933410732491474,1.0533273283004794
-3.120895445753259,1.3426217444188628
-1.9604031182672155,-2.2020577567578097
3.1503182107189525,-3.1795109437222604
1.0482092458937122,0.995833240796191
3.3033873950452843,1.1528517497120156
-0.8317439455895962,2.933114116555261
-2.8995834250342125,-2.4262332983765513
-0.8830773933079533,2.7824975104976164
-0.44782055129444825,1.5410540582286139
2.6215310121117836,2.7164862922357487
-2.6288078036729523,3.2267997754958015
2.814807983167079,2.439259697330393
-2.8360541122186493,-0.6416249176470329
-0.4746724096278533,-2.4113636159698055
-3.3366326622247358,-0.9683870580248115
-0.6559464078719477,-0.6695554728135611
0.6654611148221472,0.7472037321263617
-1.2890679561751497,2.5501246230120604
-2.229291443834911,-2.3673728821283726
-1.1504442096555574,-3.0217358620107815
1.2143775550208027,-2.5024254078691532
-1.1590591628498,-2.805188033581847
1.1492019338369166,2.0592576274665366
3.1715905834800315,-2.3310713243419663
-2.7215083541659704,-3.253811109798991
-1.1816751317724163,-0.5349565380311817
-1.3542779715795006,-2.90688354587106
0.9635573904526257,0.4635566836641723
1.300709176585981,1.1328934024575668
-0.8606660900040377,-2.3724750764396028
3.2490264214088196,-1.4528370340612016
0.8409272275980866,1.327764617269816
2.8353054527863435,2.547344400954183
0.40899734753133526,-0.25049365783223226
-2.6133380252739813,-1.2898214149786946
0.706146944613289,0.557983985994111
2.889328691479332,2.1787264572111695
2.3068086677882818,2.461129212458024
1.5795689686734584,-2.7022520395434597
0.8086752102023327,0.5040546193976965
1.224838281916697,0.8440758369589174
2.9058541951292036,2.928690309167544
-3.3524265358404226,2.558359093961497
0.47325083638890253,1.9598114608519788
3.6011143346274253,2.6954395443553474
3.5273271570645535,-2.6039312781163555
-0.8987787755863778,2.8733599791270614
-2.7600007907663073,0.14097853378641856
3.131292012199821,1.0921824833570863
1.0319506947415704,-2.561143576338029
2.991291992165741,2.867718120724876
1.1183528180450883,3.237790470001489
-2.770494487414001,-1.8048362763291805
-0.6050393206445803,1.1312955321141094
0.7433999189285984,-2.4407714813944104
2.4826254023466428,-0.9450026508664555
0.701192319509631,1.5980650317039862
-3.263826301210105,-2.9609678727246753
-3.1763581260029037,-0.943854247135358
-2.5084013668573477,-2.0200549362686373
2.768576179005403,-3.225757568497195
3.372348455319042,0.28172223242803396
2.635359707590626,3.081468794475147
-2.6724555860054893,-0.9056842159831773
3.2884068584635475,0.5360787493911148
2.7712375625223324,2.7213012256863016
2.9615244348090943,1.0729998686357427
-3.2854723611942207,-0.8359707832262153
-2.931255138562469,-0.09371859048571458
-2.2575485204959995,0.19593680896360322
-1.1772654811636132,-0.6855344183224024
-1.3383687911623035,2.927125864314554
-0.8749308864889122,3.0113818497346783
1.1833671777389039,1.250829752089287
2.908920781765467,1.2248451231895405
1.2380969442674268,-2.8960454915268348
0.5948851129464572,1.2487860667130246
-2.771136467262296,-0.8844021617187663
-2.731037258557599,3.029291998386029
2.320367676493131,2.0366028655123243
-2.6469132606570502,-0.5394896875352201
-0.5327930547128801,-0.6013426326736342
0.789058197420932,-2.6784999816521613
-2.8094536697418455,0.5595221489666404
0.83320071975096,3.219454478747236
0.9750877635458953,-1.060703673412268
2.775713315275272,0.8290729172414145
-3.4405807108976525,-0.8757689211483677
-0.17638655734005892,-2.8232316539902897
2.4938941534476124,0.6692415458765593
-2.4141811688282258,3.419798907660506
-2.3633471554761982,-0.7736602746579424
1.2554021166982043,-2.4566121798241394
1.192080020255113,-0.629049801295507
0.8391731888768093,1.4846208036703248
0.08826262324515195,3.316812775359196
-0.3418802263437468,-0.5389238677680811
0.7891340344435912,0.8090356866718786
-3.4945524742468734,3.3416734250950824
-2.6669649694392326,1.4791643925050382
-1.7792726447787044,2.6394677447840738
-2.8035223856425517,0.8399916740719106
-1.224284890826893,-3.3860812536486553
-2.003999838169744,-3.1439779660861356
2.570305131115372,0.4829564833563809
-1.0160426460812817,-0.7335322208144821
0.7614093090850238,2.295650951207249
2.2202055664350446,-1.2027935196817663
1.1790935474090305,-0.9334093240023118
-0.820461727795676,-0.9626317976518765
1.4290396047211844,-1.787409979604877
0.46537016409708915,3.1532819726944927
3.6103240611766965,-0.9097858074400356
2.6192999146908216,-2.952651734963301
2.85451693614154,-1.848594019435604
-1.1772836354611176,-3.251618238450569
2.851675386737024,-0.7406197955368604
1.3627635090510284,0.712215098563212
0.44804803751393996,0.6485485182078965
-2.9305041874533106,-0.4020717815937826
-1.004263193104141,-2.567213641317018
-1.1639949349168015,-0.5215851656240877
-0.8779619038123679,1.6422365948188349
-1.183056593242714,-3.0483431229869122
3.0272962567465025,0.311942926556634
-1.0740984722511429,-0.8652002231692804
-1.2680421641478004,2.3216118809853734
1.0265937138100931,-0.92398731468036
-3.0694222810185634,0.9348428647266144
-1.3527767261571697,-0.3950216851329124
0.2274600371407793,2.2759242255402623
-3.1830918002840316,1.5218504149332934
0.7189833481635849,2.7468389141130825
-1.2785765822502648,2.506467817582062
0.6887156777646407,-1.6579702044483355
1.6635507422371965,2.3241124789690084
-3.034588072312992,3.195803795148777
-0.6188784736643563,-0.853904590995023
-0.9774911679983793,-2.641236486179591
-1.777466095530637,2.0513046422664636
2.676414537598512,2.427146175294076
-1.2118134569219372,-0.7661523696014922
-2.8085869777324746,-1.074144595131164
-1.5752925917159157,1.5073178563849188
1.7208994701428544,-0.7127985698043995
3.338822514749775,-0.9301711921047013
1.174915378686997,1.1807482509964247
1.2071525427324625,1.0414172609679222
-2.876282063513084,-2.5946745350150295
-2.660193627824466,-0.9497871785461143
-2.8086312443392054,2.3133930468761594
-0.8020377346234826,-2.611491536385751
3.207172758829608,-1.292799316425197
3.1614464663715265,3.2092009063638645
1.076368782532913,2.568892306559733
3.5137492328650395,-2.6674249467802484
3.142927829891079,0.28373839823655583
-2.5836451551365074,2.531189083092275
-2.8139807325976944,-0.5453962394904677
-3.082320783374817,-2.402829158063657
-2.817194925551355,-1.259703661238009
1.1096114384314417,0.8096156328405659
-2.5611677370044412,-2.6194209104582615
2.905207823699698,2.76817214177023
3.122711769549535,-2.9154896051751344
2.603949102417236,1.9398570906741321
2.8627436108007327,0.3972141341807856
-0.7818986268161308,-3.395480792331504
2.729634761046192,-0.5894019688806879
1.2592295499438895,-2.7232573387406753
-1.2092441157465332,-1.9108408221601711
-3.2315555300245613,1.0441534121295006
1.0784923954513694,1.2605990780456378
-2.5271279715440986,-1.1764351958924177
2.8370857254842017,1.573930575759245
2.8412328847689965,-2.7685519226401163
1.4659464806364777,2.568618099407982
-1.5927365417787254,3.180408502283042
-2.8930319794464445,1.1180233473837653
0.6329621449501591,3.342773066979647
-2.532059564978922,-0.5253626725479306
-0.9179977360520271,-1.254582621319815
-2.1174739587947555,2.8302053576758586
-2.518913101108989,-1.1853449058101322
0.3656089352532985,2.4907070258512842
-2.8299458842037364,1.2686542602363513
-2.7511907881829956,2.888946236036394
-0.9304604734228905,-2.6438536539950954
2.7388597185204335,-1.1695853205365943
1.1800636145064372,-0.4994490299474387
0.31358552694067826,-1.5912673784848397
-0.5392413909734879,0.9793548676895236
-2.855150936217871,-0.41492654432688586
2.963969991305135,-2.7814330898992066
0.7065426045342539,-3.4945863621354034
3.3732003494936387,3.562812573375204
0.5537720391349208,-2.6244029011053884
-0.8464754218516257,-2.8116446964264936
2.773192376699281,2.8264890666992963
-3.0957861061522505,1.3245462011538354
-2.3999647642962203,-2.4423686197684615
-1.408398969135359,0.84946790779535
3.4793552055299397,2.8346486946329437
2.8298659410096407,-2.6582703094965754
-1.0090794304372945,2.865697947036927
-3.0552121062294755,-0.8339372714588684
-2.432103159959927,0.8396244031777904
2.651927608048664,3.149827116390441
-0.7825373922611853,-1.0177739973311397
1.1211794895852414,-2.6616279273469328
2.793541069439904,-3.213139497997624
2.298610222188465,3.047145498714563
-2.5911181336443074,-2.386390301973987
2.3106199386073367,0.2969547231513354
1.1863905907967858,-0.9574406608828604
-3.2498306486933766,3.168320976352651
0.9039725911952959,-3.2901327206853415
-3.0038037747783792,2.7558917661192446
3.0005353808988313,-2.961763209232276
2.469452685999768,-2.4954881908325066
-2.8890374754372345,-0.8720959129485343
3.441162287001105,-0.49875941989167416
1.1534960833031178,2.4198574320755686
0.44033088965264355,1.8099408165224222
-2.740126300915172,0.8461927016595819
-1.0588787012598702,2.546755190423805
-1.2775074572782643,3.040878846924407
-1.0533957992124505,-2.5521394782353233
-0.6654613420489397,-2.43906483020065
-3.1730689848599223,3.388147208740675
-1.8711599932036072,-0.9372260518515857
2.1657128933667114,2.123794518149298
-2.213974719570784,-1.1986274031090753
-0.49626090875135337,-3.225441971654871
-2.8188407438561147,1.6954226638684329
3.08387350390815,-2.4335391321364988
-0.6368359259727501,0.957484128979312
2.449381568754383,2.417401620086705
1.0347715576749124,0.4717344702668932
-3.7651334918362136,2.825320294605502
-0.8479038866151504,-2.714577149407859
-2.9762616004004956,0.6686222263158544
-1.9332408923051863,-0.6026137124309997
0.19379712839091806,-1.2261628290583575
-0.8860135893075151,1.3690430491519183
-1.3797736142337205,0.6050801213856554
1.1085983226509557,-2.299062568559213
-2.9068312675640477,-1.1245282155057061
2.5892200156326766,2.065621818046451
-3.3028004703311735,2.49727844387391
-2.554338288413537,-0.7955805435049015
-2.834604182216165,1.3579333659288326
-0.9407594537406795,3.1806201894883417
2.3948655734346183,-1.4686800271993499
-2.873230434260259,0.6348379960420202
-0.9469522791613169,2.6737050369907367
-2.664228124501845,1.171361903691482
-2.4047531438986134,1.0157901658858801
-3.129506347334141,-0.3572669379042107
-3.266185797147505,2.9423959727082334
3.3504265399294657,-2.5924060953778674
2.578497299507121,-1.417094989932947
2.727321820773615,-0.3130675773934846
2.824854745996034,-3.4858723213453575
-0.9705853147125387,-0.6057834627357895
1.0764586535437581,-1.061923751449428
2.25512906386547,2.7088398212792137
-2.5713218408380074,2.7632876929300463
-3.0785056416779506,-2.730926478773979
2.7675403833419914,-0.8532268507213011
3.0349509454072816,0.2642814879800399
1.0092263874465794,2.6707018934935154
-3.2544797880921488,2.8037030901285402
-1.1290631835670477,2.661314081836262
-1.1574179058792753,-2.941646644739863
2.7556671965310673,-1.2783181800219872
-1.4151224761242749,-0.46906873022084533
2.811038487588393,-0.6859039440079294
-1.1854810424772624,-0.5172070462239133
-3.673404701482046,-1.369196247156616
-3.124596840618708,2.582987308922037
2.780373369222088,2.527836269653393
-0.8891684397520947,-0.6547967244734213
2.1318116492856367,2.703499507864499
-1.8712558260439718,-2.1504856261516965
-2.6124185506015936,-0.10639155910680734
2.3141306635577874,3.088490288115963
-3.103282592101248,1.097483776510728
-3.512948616825185,-2.7629111453637214
0.41991785319462105,2.7872750046753727
0.36995009594979916,-2.744113235597404
0.4722486851473803,1.5073480119158251
-3.280560210748328,-1.3293187023436177
3.2397682097687017,0.8306982325465759
3.3897055111261793,-2.4964402214675947
3.2029536562128014,-2.709549179199861
2.884679220802528,-2.251665029721203
2.5599794841691237,-3.238658864983394
0.8387265874706349,2.52264352883602
3.1047974720325553,-2.592513246345525
-2.519086633739115,-3.0058088533624177
-2.853828211999525,2.6706210632647807
-1.1574247532870263,2.4160170023756766
1.2890582103056156,-0.9728930461991656
-0.736355271685896,-2.9245773252922467
-2.8807028412494238,2.413036138113807
3.33357417742795,0.6115249959411048
-0.995723630863736,1.0155421193954612
-0.46791230166898196,-1.199418136222734
3.353565978897406,-2.8394831471674493
3.6826246443817454,-3.3143773851448017
3.2046297542507736,-3.1239008331634377
0.738995861150966,-1.2499846807286397
-2.2765981226622007,2.736862597638145
-3.0432750468072958,1.1497783135969242
-2.3707399566545297,2.5677334512484453
3.0030158985795214,-0.9642721830313216
1.0140032956952894,-1.3860879039376022
2.705210130452955,1.3655605839398075
0.8428982072383219,-1.9373386250938214
1.1490210903732274,-2.691826009250973
2.591826456615783,0.7755155338026196
2.6533698275740325,-0.8986236647439232
-1.1522464460219286,-0.908205214735239
-0.7031794037898194,-0.9554419987707535
0.8715731184871157,2.1306058684739657
2.4509281965121055,-0.773081433590965
-1.2534071295434372,-1.298214747378873
2.7023356682975592,-0.6072985569070556
3.1172164708299333,-0.8780018411456162
2.527276890158753,-3.0495696604453943
0.8866179198347155,2.6249619772689026
-2.485094444767246,1.5965373935676188
2.986173024576306,-3.4991704536868
-3.0356130049574714,-0.07031178421004466
0.11034296607128395,1.908646908222086
-1.1841749971424769,3.3814221028032474
1.3381177568945286,0.2738629492650703
3.0285276910631502,-1.300836319944293
-0.62045242952909,2.866296100534607
-0.882999412545772,0.858679156447688
-0.8784480482074434,2.852226445798028
2.3464638715441484,2.537265731754031
-1.0094160031075634,0.983190847660835
-2.511934182242011,3.016793776860782
0.23687959585965024,3.1292807955052946
0.8697365265132553,2.630923126990622
-2.8410845939847795,-0.6426082746845486
1.4809986926679402,-1.748202987363573
0.444607790180962,1.4079667028352776
3.561212923372652,-2.712891197401567
-0.9587966871758086,-3.0735612770079697
1.4638319411560765,0.8078742319877643
0.32220676975904033,2.792420610993817
1.2707150546557773,-2.714333611623689
0.6381006544817955,0.9519256993496125
-2.594423920796921,-2.1944469374971205
-1.9971338786255688,-1.105581049110968
1.485279933559123,3.313848918231041
0.19387079404704882,2.8049572433756236
3.048377018691266,2.5748346384389573
0.5104861524402329,2.5684316624329617
1.2269885102883096,3.060354851745989
0.8621821073585993,1.0241949104456045
3.475769757048426,-0.7125690092479513
3.1478349808345345,-1.4555882541603238
0.7563275089768514,1.8501034306788589
3.081779928514208,-1.2560101378299107
-0.5644827731600244,-0.9323315117819527
-3.2236679247526188,2.4709038164976977
-2.521094930391359,1.6848465531451422
0.7900585378499436,-0.9154701277165886
-0.7592769012863906,0.9082033694181949
-0.7217458462774339,2.337366433665361
2.9897533077603318,1.3704575339211371
-2.817587703040051,3.0485211662771623
2.997515171157273,-1.0493570648351382
2.9799022607552725,0.4941046465875044
-1.0116494799136238,-0.27879151632397403
2.944288266814025,0.682199060834773
3.2158419274853514,-3.2425715463926714
0.7511615042050387,2.0324682280914517
-1.8563144597071997,3.4386887214626616
-0.5785757481239479,0.6009119472497935
-2.891501636592534,3.586695390415533
-0.6888256314149165,-2.9968108641125086
0.17885104469423505,1.2768526783271539
-1.9122818404777335,1.4565758000975002
-3.1617170922461484,1.7741981439210297
1.0153699258102,-3.090853608822779
0.5485592036390626,-0.8598431111970984
-3.29475566987338,1.1955577264817014
1.775264307238268,-1.1156085205496125
2.621713061135361,1.0926176692291132
3.033950649970469,2.3265484112809296
0.8472333193683561,-0.9542662594557294
-0.8893207921659088,-0.5570715780296426
0.9241250068874248,-0.6818883573689087
2.4902733812563453,2.52580489312412
-1.345081459426875,1.272587978998488
-0.7612421581359371,-2.819062869938289
-1.2116398767180423,0.8772399596176579
3.2418622980280687,-2.4497395290392565
-1.6646895283992156,2.3673221481554942
-0.4360429185202841,-0.5402293429414842
3.164259990997823,-1.4471211964552637
1.0540903642641157,-0.3504789649065423
-1.0065336366116648,2.985044256851891
-2.903975147881106,-2.711583211071526
-1.1501195858914355,0.8307774385752789
-0.9928444069673025,-0.8304240211774068
3.1843818750529045,0.44479686367354465
-1.33226749110045,1.0753451896857515
3.1307031517040946,0.42774085437367787
-1.3994516676705349,1.4823474392199396
3.1422146369027395,1.1675473152195226
-3.0247204436999433,-2.941502344286825
1.2284920139102442,-2.917051631719413
2.709797267558958,-0.4746309116207638
3.14763644109915,2.1982832091748286
0.6248788589283698,2.3408951418953254
3.188417906748846,-0.936012062779879
3.6452556621188914,-3.4120076215660085
2.7106142475673694,2.6231018891784554
2.9694428827453154,1.393784576178367
-3.0564058328075787,-2.9045098748756297
-0.741013874926022,-2.393257535581335
2.4189710609227726,-2.3418830584763346
-2.8601227719085154,-1.0771104248876486
3.076814999089776,-1.102361712650724
2.335114222498704,2.620564534251618
1.3090682370279179,-0.7559839282355043
-2.9339988603585785,1.0082530135505834
0.5369060171651681,1.0926207688003842
2.6914394121320404,0.8971240488838508
1.06500065306731,3.024895884734809
3.2954424553327453,-1.0570864794637125
2.319360381847309,1.0426917332519812
1.8173887784583531,-2.7290795269050503
-0.2591291283739174,-2.640752390935504
-2.6509998412038387,0.947307938978641
3.0938050876572953,-3.0430718539001034
3.25532283741479,2.589190565627588
1.0626478174535847,1.008745107973809
-0.568619213850208,-0.9072125464233384
-3.406734510021317,-0.597212713692115
-1.1770021295564896,0.6325103550560978
-0.8026068339133983,-2.43884657729031
0.8843618087891936,-3.4983081461431755
2.5035200230186554,-0.870236350802831
-0.8555757191819495,2.1678262948388642
2.9056309433990215,2.7115797401669606
-2.965416065501524,1.5091095533210603
-0.9445863129713759,2.703051514248552
1.7751930262252609,2.715222180162677
1.1748964091150105,-0.8122613559358303
-2.8372026312530934,3.052025298332475
-1.3946202684343916,0.6478586640194433
-2.2769644322397977,1.6094683380385533
1.4128754869709046,-0.8179518191762909
0.9123765757954554,-0.957854448165809
-1.0656552109618083,-2.538984639935334
0.8384551976458453,-1.7200259027596179
-0.8567418188944453,-1.028462817668446
1.1467956518701186,-0.9734125750342311
-2.766354558706215,-1.0136433494885144
-0.9263172191660018,-1.3258775139028993
1.54782404867109,-3.028211010212124
0.5039373151736981,2.694180628936317
-0.5558001682366117,-0.8463613166588168
0.4826924494544523,2.6294309963012275
3.0132368243564507,1.1550206002221064
-2.3899929423371726,-2.6624453162067607
-2.8489886799540787,-3.0302312530593993
0.6649287882019604,1.2739920872295893
-0.5549527401364566,1.2223260607984403
0.8155821710334655,-2.9983534022733105
0.9161162799987385,-1.5997993860114257
0.7003175736432735,2.7536067491732483
-2.844350555188533,-2.9356357299966813
-2.561323073699188,0.4451135440482491
2.371561603695029,0.596905568544072
0.6137725422495939,-1.4719250337423697
0.6420344199166604,1.1674229491096366
-2.4453942361766283,-0.8398532320094098
-2.93899354419627,3.40005616561056
0.4646464383113141,-2.852202316774797
2.528262600632486,0.45475727553130363
-0.13734210744072994,2.798171693513256
0.440013628760947,2.889431479186512
-2.615217503067032,-0.5106424187178944
-3.736853558224838,0.974266693243359
-0.19832179862996882,-0.929485462901624
2.326561375403479,0.5885608588208726
1.4691662576315496,2.422758529605933
-3.3868122604948496,-0.3958887857713113
0.8236373614795526,0.8416179629505559
0.7603782170259246,1.1922128725702106
3.1166524178026953,-2.848023687825755
2.9683379223369832,1.224935580519948
-1.0739797302612015,-0.9128651825332639
-3.5379546733691676,2.202548731934965
2.3755259628154057,3.242068758461309
-0.44617780052956924,-3.1060757880312133
1.0111660379226906,1.1129117439625464
-3.319705748106748,-0.6719756230740568
2.6877800158806977,-1.1028286935470248
-1.569332808854563,2.867283202742168
0.7856403306115463,2.642279495476015
-2.893046418085327,3.527826278100795
-2.9328285111945527,-2.0032262190815224
2.7196761132448644,-3.512381822703612
0.7383280533217018,0.37769521336174794
3.016504878259674,0.5518886026588197
0.8829898934131087,2.609702103385972
-2.5000391529282093,1.2961531416286218
-0.9532090648247488,3.1607786384425998
2.5426241294474083,1.057238661078275
2.9860457201640997,0.6268010631608821
1.1372113526837795,1.2910832849599978
0.8656576451268293,-3.2112820188906332
1.0993585224592655,2.787841226346803
0.6345064320032932,-0.6710347653451675
-0.8090869804631602,-2.6038643265114008
-2.749788208806726,2.9181291071873354
-0.3316025462882819,0.7349306709762073
-3.297596211288688,3.210361686855988
1.0041480930045286,-0.9492666882481002
3.4656143842335605,-3.3141711289578075
1.1758453969362053,-2.3935094607933265
1.2908895327213092,0.49893504244809483
-1.3785893526307884,3.038874940391627
3.7760034958893467,-3.3649606180414584
1.5110171422307537,-0.45054929316371356
3.0662943871687816,-0.7883704009037154
1.4846710433379753,1.1705215358723884
-1.4510768989219447,-2.8722879459138047
-1.1380075938186098,2.777389688265149
2.898701831866844,2.4675084493801
1.547796385311669,-2.80477100081643
1.2463863135121722,0.8323933639939352
0.9538176392780832,-2.8857510814562026
-1.5587213023509612,0.8624276168683239
3.172246775965844,0.4029373841146865
0.8813952762331244,1.4293541586252854
-3.330587575341628,0.975146304343171
1.6931682130598584,-3.3224005184676213
-3.419285564512038,3.1383890429809265
-1.100751312276806,-0.5066230682168104
1.1178973314631648,2.5722877382977543
-2.8878884265548406,-0.8494702198156311
-2.306787742422375,1.8121792970825168
0.25188043498527823,1.7447332462663983
3.4054376978941265,-3.0536044204538872
2.354842432522448,1.1738010339746927
-0.7062679147371217,-0.7848493274232985
-0.6787509375161838,-2.566430666293501
-0.9076164108538234,2.3816834074421527
-1.2211568435844493,3.0843219869084435
-2.91846312888133,2.271614533295057
-2.86242843324439,1.7060811622111576
-0.8693584076978217,0.7442385985900204
3.2768067783640027,-2.4974749371419214
-2.9257552776269757,-1.000550761219314
2.8490407772844666,-2.4383408011127368
-2.6336909602154517,2.1565642722671368
-2.3695119929347785,-2.4243495744563233
-1.069513276633095,0.7895449551268787
3.47842467519345,0.8432549762615908
-1.3094458870319312,-1.2868263256223262
-3.3951602732297164,-2.5353531854043125
2.653706230816667,2.4367755248515715
2.6101690642409126,2.7215362260914047
-0.6986053720773874,2.44572854882914
0.06840716359382268,0.9984374402656713
0.6508274255289449,-1.5914632144744385
-3.0427804078682237,0.03197332818276927
1.7173244597573076,1.381291082499717
1.10438213104417,-2.620187321620043
-2.841147287300166,-0.9332238866548092
0.4075367439842233,0.8837124803504598
0.6590356418697975,1.0711153627462426
-2.9184114595797537,1.722535673977347
1.3586691994670776,3.2960303119940884
2.7321728415499815,1.242997888727041
2.356282503048419,2.6009399931571546
-1.0698400956626837,-2.411955780798438
-3.293070168872519,-1.1081019230242708
0.6227259953270887,-2.6733553632340312
-3.6754667944310047,0.9590206404804065
-0.7782136645397101,2.8153481607810678
-1.5652851134766952,-2.417622045342341
0.7887242810897104,0.8051866453881055
0.16638316823123128,-2.2488645460264576
0.9228221085990062,-2.9860559855688145
1.1720028834240372,0.5723787174497031
1.1608672172576675,-1.4964326455265693
-1.5799711464846478,-1.2334190184573897
-3.1146831537162725,3.2332033225853323
-3.157333146642147,-2.325304263137628
0.5467404186756399,-2.3808812653614346
2.9543024319548103,1.0024859664754702
3.4091983729268773,-3.5424065704475898
2.59065476565784,2.810060123622932
-1.0390053085673825,0.7516982769236401
-2.7444957453253047,2.322491590144967
2.333757006719907,2.3869418295199383
-3.509294714681443,-0.9745153613961117
3.4191722218680076,-2.5069490431692403
2.430668812080165,-0.7859795790137392
3.6999405888557173,0.9875265335638168
-1.5311639033470437,0.8704210748023583
-0.8062589965561671,0.7058281256485651
0.8164665348436193,-1.5389287142623531
2.968871316251474,-0.5199166392750879
2.826107408144177,-2.6030146368564515
0.9095868859024203,-2.4211708510518712
2.7219595415940225,-2.741527833744799
-0.9792858488378262,-2.7856269360895087
2.548098301750058,2.9723930520077233
0.9004976232392042,-3.019583526165921
-1.30101888625217,2.9543769770080988
2.6639922660848483,-2.048025846666993
2.9472553718140446,-1.067053777608338
0.9908779517002767,0.6966860762137335
2.971926101302808,-3.059306025938739
2.6820701966347094,3.1725205533947327
2.2242199667661056,1.580509340176403
-1.1017525667707917,0.756389382598696
1.3561515673124724,-3.420866588730798
1.0723009274182569,-1.0707032928565017
-2.6871758871600546,1.6206250424308148
1.223199294562374,0.24124908313657895
0.31293374069881047,0.8997928820473059
-0.8903538232392438,2.369751660306564
2.9111356050547026,1.0189621021588047
-0.623705213886103,0.21539685280251314
1.1608599679080058,2.8221919415814845
2.9330335891044412,1.9670667027901354
1.192924926191269,-0.0727322889897797
-2.647568052717159,2.736248000764926
-2.3077335696442125,3.7747838954259887
-0.9900232692857851,-2.7112340172626896
-0.7040473379198128,3.3427029407826097
-1.1771187875965632,-0.8975898623299552
0.6327371815055409,-3.6979079580125775
3.4640476046138167,-3.5952560684836237
-0.7734268148351497,-1.0287002575780877
1.4057250204282667,-1.3058501703244774
0.569422204620173,2.4438972691746357
-3.0472309079076214,3.3102182232214212
2.6222363945695273,-2.861678405493994
3.4275382133578156,-3.5523629170035584
2.659659221464833,3.106003960935036
-0.6963056295258784,-2.987287903458216
-0.9320272704154264,-0.9671060264008977
1.0438595046727268,1.3496062813631782
0.7343460128357328,-3.0434315332310424
1.429794070575883,1.719909921870161
0.8535824171879646,-0.8243455026316895
-2.123900305941793,-2.7672269012430726
0.8583020770051675,3.001158054006424
3.207452522709513,-3.5183647962987714
-2.7149004722105268,0.18475916416717728
-2.60861747809701,-3.135546677721442
-3.3142495366984748,3.47859806847554
-0.9352105513332509,2.335486758436955
-1.546880910115845,2.8909101416344964
3.28434949290336,-3.2323409739347135
0.3494962474482804,2.8318580867273857
1.259454978537257,-0.6180410319553098
1.328492019380766,2.3838603317558795
-1.036009924451707,-0.7960093261603978
2.437897197773082,1.2498952837486652
-2.592152956529361,-2.4863600897828815
-2.8214705482412117,1.516370670545287
-0.5326469740380757,2.622497136974501
-1.4756076835137382,2.726254691142347
-3.341282692175534,3.154572948874701
1.152946583603372,1.2452325791867438
1.1720267784836318,1.2814928865346409
1.4076099525174157,-1.3716137710177276
2.5619074939370297,0.9218739203043274
-1.2271973512912735,-2.5488127517777746
3.408937573466435,-0.9349390611365962
-2.8915634336105316,1.2455935451181044
-0.13719890425461428,-2.328457408239077
2.7157139030179,-2.5281709963136105
3.039726951892653,-3.2853177892587024
2.264502288859625,2.890181899209592
-2.9849532266347016,1.6009580104414614
-2.7353008391653715,1.699346527781128
1.352982308315347,-2.886747781349954
2.2110600545259533,-0.74536373339001
-0.7693585970721918,-2.9836910401212307
2.881142042293964,1.4399580634985059
-0.4937953840341411,0.9825716324470678
-1.2810497450204428,1.1182983065199728
3.403850505453602,3.3139483457582473
3.16954334829654,2.274026594994948
1.3678629346509918,-2.732183758825756
3.023205713202244,-0.7379713904274765
-3.178652385482997,-0.7436198795337826
2.544409905821347,2.7147252640266943
2.902634820906829,0.8345620099313623
-1.668347974716267,-2.9537480359418358
2.8513367424674443,2.653469751221035
0.6012230871578851,0.6726176041899574
0.9970370844704339,-0.9675216019672529
0.7942964861212569,0.9119215815320335
1.158075825596322,2.2185588571545796
3.114873482360133,-2.388790805286094
-1.449748497772831,-0.46778467300981535
3.0733128275764585,-2.4383033523905433
-0.8009784859118156,-2.538165183685415
1.7891706991929552,0.9530901095807697
2.9068438326378336,2.818717845212812
-2.7661702034564652,-0.33850918735265767
0.3597409674103516,2.6540328523765115
-2.628468647302463,-0.9939351704254067
3.3879382763033052,3.1654613159052736
-2.9463376548735214,-2.175862709573601
1.6264535268508558,-1.2302803002318117
-1.825713514146121,1.1396311815209157
-2.2350308543357014,-3.408719241016811
3.1615927941780524,3.2275415298644825
-2.9804731660461523,1.0459008908563177
0.9092264241579564,-1.2055403375665186
3.1584360747953912,2.6644019655467286
2.992511635767673,3.4341609706986063
-1.1865333752325513,-0.7929587305462935
-2.086952468580309,2.709481933689146
1.3202618523835796,-2.1694279472412656
-0.8697873379534029,-3.357707793666431
3.284305910466171,1.364576916796997
0.7256456066192214,-0.285755136279146
-2.918122487467918,0.8092168666431968
0.8568522058728035,-0.7694945591475967
2.71998638782993,3.717225585653726
0.4285512950779732,0.6464018435203288
-2.5428179405216893,1.6658040564218588
3.4406118354327178,-1.3415343444533319
-1.4715055775632129,2.5167969310986913
1.2284831196631538,-0.5416332745309893
2.6722711962449317,2.900785919325833
-0.05584117733785163,-2.905227550725968
2.2987819910092653,-1.4245435606861565
-2.9133031667587757,-2.211986942847046
3.027210212486541,-2.68948606950134
-2.868252454487372,1.5951561446087799
-0.9967052077115459,2.341070333453207
1.1461454303063334,-2.4759157019166755
-2.2400677504212028,1.0744215740643366
2.4603873487035104,2.589267920046613
2.6297924340938006,1.9723075250093105
0.6390815167425489,-2.3211392621108353
0.982443273358029,-3.304051512373216
-2.981837366568814,2.4643614265713527
-1.0505493433879491,-0.9823267404969666
-2.4692443941259388,0.32854785521115776
2.396226098017517,2.088581532237938
-3.020847192758396,2.705455194359718
3.1308699895953347,-2.683318282525797
-0.6939742304733063,2.940391070622855
0.4209164634101902,-2.38581953534696
-2.4587362543711313,-0.8647001029188879
-3.0834824495183843,0.7707376098017605
-2.4647949855214404,1.0760621341811574
2.7098419954194637,-3.162072023027148
-0.8671232941864229,-0.9524098935529691
-1.2461992365628287,0.054420892695746716
-3.100135499886695,1.4510078493164094
2.513757907381917,-2.962477708722697
-3.062601747391969,-2.9055244526310293
2.3057779940818217,-1.4425787835022226
-2.6921020547744448,1.1195380996764122
1.038762382159472,-0.08351424626629189
3.0953826541091325,2.2032736880178185
1.5114125476679263,-0.7260707669836493
0.7197577086344076,-3.526955144159232
-2.6725132481316516,-2.3416641188176412
-1.8217588492885388,3.2199725164615516
-1.2663701688673965,-0.6908613864483333
3.5216563334171034,-3.4960725722687367
0.39207501264261924,-2.9205973273419876
-2.675593257709802,1.0670947377743187
2.6600370564791245,0.9778400025408346
2.7265600467915383,1.087810980729615
0.9345869522157685,1.2220355712819846
0.17519100015404226,2.7937258896625474
0.7395857433508307,-2.7953443317014415
-1.3378351965047328,2.7719098751434976
2.4244245578011054,2.6191170335800105
1.925308807323231,0.624229555888543
2.7191210790982723,0.6202802609478151
-2.986522691851709,3.012918935229292
-1.392186375255887,2.477075394503355
-0.7180932262872118,2.809343031664679
-1.2462970107274454,-1.1093912587609627
3.035387720629914,0.1753240444803456
-2.5290348979071746,-2.2881396589740945
1.4473337928210943,-3.3457037714819737
1.0116311505379936,3.0050178923462307
-1.1611488242099388,-0.8427796516893328
0.6304880723460219,2.617231177348267
-1.294159338049497,-0.713303531383382
-3.0919626818112658,1.048806072662733
-0.6935371076396807,-0.9795761620996419
1.2290993138352124,0.9992888664312777
-2.9764249028341356,-2.179242229568637
-0.36609534302636854,-2.692873655813697
0.29346524186829104,2.9177784914962737
-2.2004605765009497,0.576158688214174
2.6026612401615576,2.3199155683020933
2.7193805377429228,2.6767360140686023
2.2714957893621603,2.2996790047220377
0.9860400499645353,0.42812417351638615
-3.2408013196672782,1.116305597676367
3.264816725032444,-2.2745250840052402
0.14480429596369226,2.282828403880303
3.1057520888082144,1.2421434752162306
3.079577110549201,-3.118269276666508
-0.5010653373552626,-2.181066052015555
-1.2047634232683833,2.7720593653689134
1.1906957835918668,2.8249210079815024
-3.2047777400474975,-2.4652259542875528
-0.7599379099934822,0.639494283282035
3.1492712078340737,2.475024391237805
0.9938200490925494,0.8777460158017709
-2.613393124914135,-2.0439863007410395
-0.35501454212673467,-0.8260261231516915
2.7252003318788143,0.6893182004478652
-2.69080597550852,-0.3344624874660014
-1.7749631601374594,-1.9791221081196484
-2.259778499116491,-2.9353974491048604
-0.8225384872053046,2.514869721702812
-3.2596482131873774,3.00670777524665
-1.0947832829473185,-1.836101761111855
-2.85869199349639,-2.2551598868577583
3.0167322069082037,2.4504589514797424
-2.7062908958635283,1.2887974647810752
3.173867687388315,-0.8985061334682911
-1.9505229145316274,-1.0187953389605082
2.770599132198915,3.0259389921269912
-1.1203508084013265,-2.9593171823924447
0.8950659619884027,3.391077191074119
-1.113970470440859,-1.1628352983713446
2.8188761245779457,-0.9682633365117143
2.3751615068762986,0.9609258169258881
1.2714882498145363,1.4876340443666904
2.460990310752072,0.9103756725240493
-3.175422116789483,0.8943350645227237
2.7370039192860314,2.716197971692072
-1.2171439850424188,-2.657602074647851
-2.2150699505728646,-0.863029151620333
0.6146489740370015,-0.5085404292836341
-2.530677722124541,1.600699130795451
-2.5512289357634743,-2.448113801151498
0.9827242726300257,-1.8360046338522957
-0.5035285867455404,3.4604251485693087
-0.9047540409288245,-2.8571425551803054
-1.1464325559123156,-0.7370655152270598
1.2099802488817797,-3.1132152847259142
3.087890654057904,-2.8900424347133087
-0.9366399539272792,-1.3053379775834257
3.1303494054816396,4.020571295032502
2.5458753015785884,0.9314014574646536
-1.402268686254645,2.3933028121534154
3.30738438313227,0.8357436686256275
-0.9121262727265168,-3.1386382005754383
-3.0259292766990424,1.463772301385619
0.7588946229381444,-3.312379755229251
-0.9788880000167827,0.8300823825533581
2.8873352523370492,-0.6449355986491527
-0.8724987031260115,-2.8222221398962635
0.6017797062665828,-2.8599038099100804
1.0393171297389758,-2.2980174698963007
0.7715249787866527,-2.387302907986787
-0.48307321477754617,-3.0376901329066195
-2.392839802856802,0.45339937547314046
-2.671815887624079,-2.791005901194126
-3.007013855995148,1.0894100777492364
-0.9435824577713484,-2.3879072994361286
-1.310762293772902,0.2285203391570573
-2.8001053799758986,2.4350011908992286
-2.172749798944578,-2.7063890287224486
-1.7547163615684662,2.8124324056588597
1.0604163629036887,1.3859875247555944
0.6390517810295336,-0.7962569424655214
-2.2980819277962867,-1.0686298811993098
0.7875971592558334,-0.9038433772392099
2.381275240968911,0.8398173101137083
2.551254502235228,-3.6130007077506527
2.486537579630128,0.8553137315629475
0.2828479734035236,0.9843444765665272
-0.5929823357979389,-3.2196122693063245
2.49843674198878,2.321954711665096
-2.9259358349690903,3.516313665824291
0.9587117818770751,-3.0852528692333863
-2.460183383080273,-0.954646068196741
3.1211479594769234,-3.5218999343189137
-2.671152284286538,-2.8277457315052024
-1.0180533500802214,2.8473445550282714
1.077392894065833,1.3733985827357764
2.4032445695553823,0.14109080328338913
0.8678604821546132,1.4983562987604708
-2.2590136009053983,-2.594386025207457
-1.116106133842051,1.022105394056698
0.5894446445165413,-2.958285627510692
1.252805372148175,3.266438823621127
0.8016221110109034,-0.46820685615040414
3.2256042160868104,-0.9053452698014612
2.631108245725803,0.7836409285311018
-2.562129818316363,-2.715879711402723
-2.567290168364125,-0.5268412346199103
2.5753884156620375,0.6685832981865036
3.0714367621096894,-1.124123679866867
-1.0659045080358727,1.1606262942881649
-2.2833471049849674,-2.8066040283103533
-2.0810450933674516,-1.703450559110141
2.9468567347570653,-1.8816171267181598
-1.3844570243428926,0.620705325692785
-3.3563163178550055,2.7875087528793108
0.7736574189697615,1.1819742435896192
0.9487460387315994,2.89300056119746
1.3220729292657898,0.8070459251886865
0.1600034110052805,-1.313539284742566
-1.4130132227479868,0.19757069460354473
-1.886656053154654,-2.505557454916428
-1.7216268188791097,1.0315781776253032
2.4574520711949885,1.0409647286602473
1.2120678670027956,0.8504032237154984
2.4226794389295803,0.9851254176348468
2.9640322032009476,0.4404203469496156
2.8723641283713723,-2.9446572365506305
3.118293495429706,-1.5355944490482951
-2.6937553041490934,1.2860575846532747
0.6348249263930027,1.120080540530229
1.7438216795009145,-3.108248635824564
-1.7464700385397407,-2.5944303111096336
-3.2247799894198654,1.2831717153208722
-2.574464319750432,1.6274264829521463
3.172947457559101,-2.900632787705709
2.759911460861416,1.284099189325141
-1.1038434510846544,-0.4812432835070148
-3.705893348027501,2.3451573387337037
3.0161222729919945,-1.170068838897075
-0.5323804922739859,0.3377484865798958
-2.7219257674444073,-0.8762095400342321
3.5145814520324667,-0.9110274968001421
1.4196930180812233,0.008215280024142844
0.6219519266634667,3.089531834852894
-1.4110715275675283,-0.5044533938774682
3.034116389420118,-1.198032003629959
-1.3620892594866254,3.3706264410434694
-1.405027668813728,-2.4401055515823367
-2.8812425257619676,0.5696130292217392
0.9341370379326522,2.8038045314032125
-3.143595102191326,-2.5898831319097244
-0.5563365798237917,-0.17071620976347293
-2.6997710540698088,-2.247038326066853
1.5685658977312797,-1.634551277935402
3.5531191425176223,-1.3562231178189565
0.8018359859593479,3.180885615830632
-1.1652966801723803,-0.8709970566775004
2.834643048076167,2.5749646383013407
-0.3541391208026914,-2.923256038434214
3.0051180052593214,0.821690340324636
-0.8091845644641189,-0.29089501908819965
0.5813945095297126,-3.408147854165113
3.711680836739763,-1.19382604722298
-1.3391386488203656,2.462651888259188
3.20141946506244,1.3401215528392774
-0.7676406536524192,-2.6237959570837837
-3.61314773119294,2.950417905529074
-0.571977281386734,0.868460195484498
0.8968473205218872,-2.267156124296194
-2.3301742629211564,-2.298373173924088
3.324237736729588,-3.027518706166973
-0.6266190979200384,2.4437933382069597
0.5573317764769598,-0.5469330119092497
-0.6056076318203657,2.21435368471109
0.7244940754157966,-0.6949735588573133
0.6788791303172148,0.6655557791728467
-0.8073961211529297,-2.862228931087006
-1.290114393060156,-2.6063003829076243
2.69416125135635,2.632121684127266
1.010026393355892,1.0886718167728027
-1.1041751410964828,0.8878699957384144
1.4138391927118963,-2.770891537523191
2.7736252676750284,-3.3090470495785302
-2.7153412137452917,-0.9827555847780471
-1.2021029583894436,1.4509346491220751
-2.834215876223327,-0.7875371511411139
-0.8575135518261015,1.0063703251527074
1.1021046369748497,2.936336356102638
0.911466086128471,-3.244800723246037
0.8080831916047828,-2.4115760152500463
2.6130297632365975,-1.251465725396322
1.2633803115875617,0.08169674569504386
-1.4003632335552587,3.19307788223801
-0.20586962856121638,-3.055231088318317
2.583637223360508,2.6305157910007977
-2.7462315134430115,-0.07612404732290884
2.3101807912015504,0.6688870668919832
-0.8560650763046405,2.9789569864569514
0.5194253177253461,1.3237617834306865
-1.0333398404317578,2.6093419228002763
2.8750751084334434,-0.7205782846273739
1.2470130754875668,-2.7159070935035543
-1.2384526778164435,-1.1752993905983318
0.8661885008890741,2.8342069101049203
2.866748637051721,-0.2861860095609008
-0.9740232931206532,-3.365628514309056
1.0444193090476286,3.2388179893651357
-3.1309393137244474,-0.21364759813728176
-1.1720001689798336,-3.642045957729584
2.6253473603282655,1.0684789044565774
-2.763377170102737,-0.9449147920155468
-2.7055752646320204,-2.6700242516018324
-1.0872514137368368,1.2047301065705793
0.6844607188337027,1.5525002822491631
-2.7518273852688235,-0.8697593045197639
0.7310365279277863,0.5209974414714543
-2.6165331047594194,-2.712565705534529
2.831619477615295,2.563585877463786
-2.4301472545127054,-2.806512142632144
2.7238392559262663,-3.2200916605768515
-2.6413479868251666,-2.876984046566076
-0.6688207143721328,3.278798049287771
2.168505879178622,-0.5659737807735253
0.9325267556409164,0.48466788265842464
-2.4529547279169566,2.0199636202625544
-2.825239607526362,2.976487816535731
-2.814902427063503,1.2453300336407416
-2.525135201677955,-1.0186572508321656
2.5828550948333566,0.7381558014669871
1.6849759541044076,-3.0897258450504332
2.5972455578444555,-2.434952607161065
3.229253381720153,-3.4662515222581978
2.503169486875734,0.9876728163376499
-2.97453323463775,-0.6509535398915999
2.8127287454715533,-1.0362994413392062
-0.7600347886179967,-2.4744553159801765
2.21600585439166,2.306487002150391
-1.3250558176571205,2.7830980272195447
-2.473250023563632,-0.029304726292257475
2.8763488105358883,-1.5477216451032674
1.0972009310111706,-0.7390089545544591
1.1667510413917495,-3.0544003395049115
2.555689954022949,2.720759706425881
-2.4085047037002227,-0.8754686828349847
3.2342426330051457,0.8070334576823467
-2.330648580709043,1.310243207282035
2.389675116371411,2.722204431950282
-2.9215983839893656,3.3607626672886584
1.406922106865367,-2.9283884795722543
-0.6000784898888227,2.7678359730480104
-1.316518125016481,2.8413476681512564
1.0494844457429293,2.6672635321419955
-0.425401229355323,2.9021087162834607
-1.3822552597078757,2.98015701721691
2.9499678858716187,0.9829201822811967
1.1326301327530783,-2.8155498288144973
0.8521412283418456,-2.8610625248588
3.0476227904078725,2.4215556275490973
2.467584822774686,1.03419807952818
-2.8351807923055854,0.4715740616124487
-3.568765588428128,3.341844993456089
-0.34248566523748736,-2.3766260971906967
2.7826495874735917,0.4937768965563482
-2.579247543789707,-0.8052337989448435
-0.9023406437513206,0.669986872401228
-3.151720226422077,1.2800126329350632
1.001426443009731,-0.8963033441155448
-0.6568906959044762,-2.555760277702415
-1.3521532491548411,1.013952872019416
2.970687582247801,-0.8764324616811934
3.340418867115143,-2.5935360906731546
0.7265077170147233,2.4849046709972047
3.147114026490719,2.5870288474074195
0.20363859713831892,2.6777513540660265
-3.238751531715931,-2.237979295949104
-0.9572726753178779,-0.5976743698987403
-0.8579909994060099,0.8660082967602077
2.7725655718184625,0.10211506513248463
1.2940170293077953,-0.20114773975344374
-2.6458732381989636,-2.84102096033154
1.0872465014412507,-0.7003524348882703
-2.851989020000979,1.1942355649350895
-2.9193010374583785,0.8676781610892533
0.8414874141571744,-3.4525467768122287
1.6801278528092876,-1.3887108964161168
2.718288041425656,0.8004525577145387
3.005596187230729,-2.5337594634627965
-1.713391801496116,-0.46460703628655065
1.5161003695480173,0.6637039143744586
-1.0850295810016044,0.7190606560938331
2.844375417281762,-2.445561886549944
-0.5864717685273991,-0.3331637541883528
1.3503135597964775,-0.6999898019124174
2.7650919852196485,-3.1512097794555625
-0.44744930353143114,1.054336634841617
0.7224916922988384,-0.7396360731431542
-3.1042831246537665,-2.9675758994117865
2.949452962204682,-2.9925108549604595
-3.0706956573981845,-1.2025949935412397
-2.360891737053355,3.4025001240024486
3.6657318539060992,-3.062100486124689
3.251250878467314,1.353784449197369
-2.8685839279820975,-1.263325966080108
2.348787563671719,1.0518992864214238
0.8180212388322046,-1.0218007894294123
2.927214397278991,-0.9549057491922269
-2.9181469523454253,-1.1393207588977519
0.6936676717964414,2.1511642225333665
-1.7489283096883201,-2.9452925606756226
-0.4489238547003322,-1.0569953901295381
0.4926961315291427,1.059539315084426
-2.8471151786140627,-2.438399194935623
1.0007600747034398,-0.7152432755264646
-2.779606111114448,-1.101824745099555
2.7479204201108516,-0.6433787211526286
1.1517220885431476,-2.9944385621893774
-1.1907086750065776,-1.229864142616305
-2.8107526448882507,-2.906869306834856
3.089875623453295,2.452552302690297
-1.4689071470155437,3.2725303424711227
-3.3944932974886988,1.5356386968166131
2.5412502565565522,0.9696719200681113
-3.548723441234711,0.5142237375105643
3.5721606649569213,-2.8415162764244517
-1.1946700506325758,-1.3281163970660834
-2.166229416534786,0.6628534532966724
0.5901652231601344,1.8780695718120217
2.76205854062092,-0.544573468657685
3.4542117366100027,-2.9349844221197703
-0.6040875724054752,-0.43962987620719113
-0.07903311626542756,2.6535539918485265
-2.211287622545857,-0.885982499803571
0.8615486687859852,2.518606163112159
-2.687717738855176,2.8328314350477393
-2.579620148586527,0.8570401750521387
2.6170074153105265,-3.1771400890818677
2.9204477448856494,-0.7114310828739532
2.9119384137185222,-2.809499246511372
3.118842806282864,2.7422396599809002
1.4177314437222825,-1.330245709146903
3.0683354108198,0.5283234592197856
-0.6337434703322423,2.8236069691125376
-1.3458419296852078,-3.022263680233223
-2.546946669830782,-3.266702641025428
0.9670507752975319,-0.925657616163468
1.0348601486910114,-2.9576186227062924
-3.1609945944709685,1.0134043260520489
-2.8890330744179114,3.343892223665071
-2.7550955119040514,-2.9809883468657556
2.9256049741308736,-2.9214393865336703
-2.563527513078197,3.4702702463526967
-2.3565692591119456,-0.3391916570359202
-2.8005307815561795,-1.0940601066716658
-3.028861010746143,3.8594675649179684
2.966154368050791,-2.8047407434196376
0.7086346810858793,3.1156939824392227
2.852241823395186,-1.3675510425402384
0.870666574664532,0.590025976816872
1.189893261899335,-0.8357459781085695
2.8487179870302204,2.855021770406255
-0.9744986911511451,-2.3388360001020962
-2.450241269717532,-1.4266999790913444
0.756486349979477,3.0206600039509537
0.7893399709468588,-2.974002853519839
0.9346583372089621,-0.6421131440075096
2.6135195774745195,-1.1491400772976523
-1.3328081246874566,-2.598497640612765
-2.9597084308089894,-1.030307999069353
1.3688663571484028,3.068814452011815
2.705853195507702,1.453810637781932
-2.8516910822098747,1.3206796418394786
1.0521067364403807,2.7981246502522765
2.184413960581215,2.562331739928904
-3.1897678408000187,-0.8374934425337541
-2.3987896198976837,-1.579812854693543
2.483393641767744,-2.5861717823563795
0.6005425248919366,0.47832993422369885
1.5500275705854245,-0.34244715086297545
1.0211066988841926,-3.1636817584815944
-1.0325222082962437,2.976127078187089
-1.1960703616500576,1.3154442098364125
2.742907773624514,2.9135008474572377
-2.819202808239898,0.9552187216028917
-3.0196599279241227,1.2868462166814962
-2.8966562532874605,1.3328703490239393
1.7039126928668429,-0.7773964862621995
0.47145426154381204,-0.34574681729302614
-2.951154557658379,2.0991700263781388
-3.02149602112135,2.8175030365180005
-0.12962983417911483,-2.6602013358729995
-1.2301100163671261,2.5416177510995945
3.065554021275723,-0.697359233642976
1.0797185574460257,-3.0429089977157187
0.6708593286791327,1.211225234565905
0.847070992568729,-2.4519139145112994
3.2063628865193508,0.8645413438527437
-3.6657473371502607,3.1345335716461022
0.5845704321496608,-0.5028636156931262
1.4150968192248732,-3.0997324622601594
2.58182915565687,2.291167827022052
-2.910753057288086,-2.5403257793098013
-0.9874826556279046,-2.3646899181416705
0.9616008127091313,-2.592988200138123
-2.654162023718046,-1.275902356039057
-3.087321827713069,3.324161157431851
0.29180835022256707,-2.4973382543576648
-3.297172050315953,0.9261074549962259
2.8368305115917543,-3.1608172702127506
-2.8755528956113117,-0.49551465857967514
0.9200312132299578,1.3437221080040778
2.5370177979747828,1.0544773126895026
0.3408020117188088,-0.9686437745501764
-3.884337975405172,-0.907793311841673
-0.827656789689482,0.24766284015885617
-1.3988702878108357,2.3926358679340125
2.954718470340167,2.4185481659182284
-1.1919936309605657,0.5526017270299288
-0.7899514235824432,0.06141537138785476
2.847408387941259,-3.6197287967112044
2.5745913522833237,-0.6260597798401657
-3.14949982832345,-2.4694486932327657
-3.604775624429625,3.1491196966794504
0.6667627196231662,0.8592572523558556
-1.285666143094805,1.0621981138492977
-2.626367590634153,0.44767607169898976
-1.2415590437086852,-2.757411906866279
3.3261960673197453,0.6823202489768826
-3.7550535500241558,2.956664905117843
0.55905449324819,2.6918464364662698
-2.522920662278645,-0.8253013054246994
-2.6957921535101415,-2.781587916232657
-2.5034224834201293,-2.818393003742598
0.8201789981756626,-1.216322736986368
-0.992285209694644,-2.413905941908331
-1.13495912224473,-2.5022566595358535
-2.6492918584727145,2.7883308487038314
-2.2713237909547632,1.1267139325235491
0.8208635049383117,3.0247022557943035
0.4510709223514024,-0.8385157514401536
-1.03639437777076,3.1197813559116936
0.8038542158793698,2.5235610774840187
-2.525653845961786,-2.7996053164616486
-2.440237085382679,-2.446021312996799
1.2064410490448834,1.2863495702641856
-1.1789682262372545,1.0942663643382675
0.5682516034594185,-2.5745539594532167
2.4620609524957664,0.9434718436344989
-2.7761562569571603,-2.468631824058466
-0.9995790173821655,-1.1130768812722753
1.198631996116127,0.9164313325929887
-3.3026727955321564,2.7654056296619065
-3.3637129993227504,0.9900602824086864
-2.4005441578560647,-3.2207166184223612
0.8836134788222407,1.3603150185438249
1.3033327181495966,-0.7753791676980768
2.612628212737876,-0.9709630196513976
2.90985899891207,0.8399988904526166
2.300186502659483,-0.5409416629142819
0.6188261542017122,-1.197185853318712
2.9126381842417235,1.2891418922893616
-1.217783183694274,-0.8380810821744726
1.0726469539408432,-1.5112471073525104
-2.6017246357139183,1.793601226486759
-0.7872206996568175,3.2887924765677883
-2.233008194710627,-0.7635642153249113
-1.2060234527951852,-1.4073926074842749
1.1573165977950766,1.3908927789082564
-1.2117940953007205,-2.893704576031453
0.8777481091297868,3.209883033475041
0.830011737933925,3.4673710534886153
-2.7202475404813273,1.5492236314057592
1.0148441938446882,-0.7462949974655437
-0.960254715486694,-1.1255446474015496
2.9480984673104498,-2.6684326423433693
3.2300598770783973,0.759580163394827
2.8362926874332026,-1.3042374217986321
0.35080898374196445,-0.6524546534270347
2.353205619600102,1.3190932470412668
-1.0879736356075158,-0.5422351167667901
-0.9739948965302042,-0.7712753838064802
-2.955189955616306,2.572034025604288
1.5894054715137542,-1.517920762255877
-1.5351183217914175,-1.1960011462320368
-0.8860259538576576,-0.9082576298482564
1.006416132191672,-2.913188027184516
-2.081877455781131,-0.7841691099615071
-2.852533673573488,1.1557046896384986
0.8139988292837123,-1.8910331604920974
-1.1449597579785975,4.192042312133369
-2.59570958239283,-3.1353176271872325
3.1234247749277873,2.931015731536846
2.9854531657102057,0.862256969117375
0.9137654616969352,-3.1176879422594763
0.9205340118323909,2.8776794654278044
2.500933676025611,-2.2489251068993457
-1.116537966487831,-4.129558261307697
2.972171966779796,2.6839231747424166
1.120269042405753,2.9177692275222293
-2.503963258551244,-2.638172365356838
2.7630826980126835,0.844238999718726
1.2134571309949376,0.46075735456020295
0.7923050331474697,-1.027806612389157
-0.849153190072569,2.8077453259506586
-2.814558529856186,0.7061885126275318
-0.7022159451809965,-2.929840429244475
-2.5939663094689696,-1.0329454609708957
-0.18705387991335465,-2.6998431947145587
-0.5939708867788978,-3.550358528995071
3.2616732467501492,-0.7163597070568345
0.5672691620828729,1.167215208508606
-1.3123639671290357,2.7185309931661434
1.0052434210023022,2.3058801630568153
-0.4379385655996338,-0.24089935411109376
-2.628980303942344,-0.7585959741367795
-2.80979532381623,2.874858340750756
-2.7744544510829354,0.8791234587211475
-0.38685667814551095,0.9835990064565202
-2.7404958684194676,1.038327981320605
3.3471006406657695,0.8166252980404881
-1.0183008535118614,-0.824031443032093
2.2306779748580454,2.8107259168474816
2.447019145305665,-1.833487434479986
-0.20302811720271913,-0.7195881640813064
0.9715974030130842,-0.3652270035984848
0.45092231788396886,2.692981468093831
0.40992958161564214,1.3665792245948531
-0.8980668596445929,3.2471606410719556
2.7660302006775543,-0.9514876722367037
1.2932768370931707,-3.0584272350457913
2.868774468504744,-1.1173253961340148
-1.76111263241094,-0.7427492489755995
0.873415329130928,-3.0872966780175704
2.708631816976179,-2.902249603459596
-2.360030732774125,-0.4744500109976365
2.6336063869979376,-3.066859025806034
-2.6030098614602606,-0.3242434984659435
1.2795033379057879,-2.870602434984177
2.5423274659993265,2.2137113130456076
1.1997083245116682,0.7077794766514459
0.8221415467373502,-0.8567347105416036
-2.4357176381816297,-2.9026927591551828
0.8499734287549894,-1.2180882962841149
-0.3947368853819014,-3.1781819498056727
1.9563724941084746,2.8516612592413346
-1.191625507407829,-2.3907514121380538
-1.1509183296655032,-2.9766301253599314
-2.728573425415109,-2.126722161991582
2.626517408005583,2.302261783164335
2.8594568520547563,-0.9903821071435291
-1.444930541101908,-3.0275579554252627
1.5316174936744515,-0.41654892480155525
-3.0793253247615855,-1.276100219217601
1.0491836592987478,2.7128975574296725
0.8807000186970125,-2.8748780819166564
1.0581759756920253,2.5707527721390244
3.169385716443996,0.9876291070741805
2.8320876443088214,-0.2692045878128486
-1.3008200039566107,2.5118420373320176
-0.44932657126489145,-0.8348196380450129
-2.9826492538376295,-0.8434944963043143
-0.8701898234742901,-3.064457099322053
-3.1381086594669134,-1.7602960830020888
0.7248675117759671,-2.937830312477162
-2.703157748615275,2.721220768700236
-2.985137424587745,-0.8534507086817386
-0.8332098194843682,0.989894753574807
-3.428059187635325,1.321856606142096
-2.365573240485471,-1.0138150737847784
-3.172750513902437,-0.8739036717309707
-2.451769845384616,1.0239064948978303
-3.16274609853969,-2.9730365405805013
-2.841093778433063,2.350606819921745
2.9716886380963268,3.077069491477079
-0.7529656261893692,1.399876602129997
-2.967648893888457,-0.27061105054401824
1.4359468076514192,-2.49117789343136
0.9855014646692135,-1.1535973195837916
-3.008081881213455,0.6828281071482674
2.5019201170920335,-2.7461023571195406
-1.454153735995347,0.4380090107611544
2.995746058875622,3.1329916163147478
-3.117350663749621,-2.7247524246913684
3.223530888308144,-2.4006483181055427
-2.2176254940270166,-0.5637912623378817
-1.3631946922307,0.8702803872803857
0.4381460113162803,-1.60864775065959
-3.1900810285316883,-0.8235988404004536
0.8172084323372045,-2.7963965129343484
-1.420559079462104,-1.1192059818855173
1.8161367160945685,-1.058625478220418
0.7633081964143097,3.0029019925114913
1.929262873188453,3.275923283537088
3.288356616752264,2.5169881618380963
0.9327253508966182,-0.9884426497168777
3.2519706664181687,0.8558721938871958
2.652311549482001,-1.334686991046326
0.6495410794959829,-1.1074591455042553
2.9314281732487184,0.8925341839147963
-2.7395003093257446,-2.286456057728637
-2.2050339517374895,1.1489170758298162
2.953270569023489,2.5996747707352714
1.0472798346501921,3.039824030575331
0.9819419020996389,-1.2268404844353065
-2.6014226652871995,-2.803748386606371
0.35400641780260483,-1.5231601072072545
2.8324205376583955,-0.9216262587028944
-2.5597383509059175,-2.842077745293682
-0.6228738157706064,-1.288852174209257
-0.9968689346797805,0.9794163899423213
0.848357465517302,-0.4426641963621802
-0.7692378703303514,-1.2701865661303449
2.515470073622475,0.7543193342715306
-0.8958631670202611,-2.6465567624876214
2.780638704915697,1.0646509238104505
-1.5756889045005629,2.86999287349741
-3.1375211622381998,3.1953279580802207
-2.672352594630833,1.5076629897320761
-3.383706614544993,-2.8075139428779705
-2.434652890960724,-1.0489211878607652
-2.3665121639690145,1.1278087752025119
2.951986704552377,-3.261795261434024
-0.6969900619126879,-3.286302334615802
-0.5253015959363091,-0.6932304920458575
0.9090384138281787,-0.4843653272652258
3.381329874290534,-3.2483552528836888
0.8757538176404784,-0.764476299875779
2.685445257629719,1.0224695191054172
-1.2608153009203764,2.680679971116367
-0.7830757364594876,-2.351595877279539
2.826514568060527,0.2674889164171543
-0.5308288277063338,-2.3562667248826044
2.5268068276675386,-2.844904768227097
-2.8178917838206177,-0.8266247008510007
1.3846744551974677,0.47209752905313757
-0.9781610802162042,0.9149133493859931
-0.41156906108315056,-0.7608255706762882
2.674561521423288,-2.656376201871686
1.1107854140013014,-3.257095944061173
-2.5987765531322133,2.462248572736869
2.2129799550169547,3.0613171593047106
-2.3992659696767293,1.2332681574883746
3.2226062205970494,-1.4120865719437246
-2.8818204267657217,-0.9961701669487532
-0.6761395057718776,-2.8095312159137724
2.3628573815047784,0.46263241309968695
-2.4435454445434948,-3.0078478402811624
-2.29900558355208,-2.552962367494776
-0.8678233258658766,3.1574793573073654
-0.4751832077104596,-2.789412686450828
3.6123714402040292,-2.9884795491961076
0.9200121322251447,-3.4798851327056353
3.4379049887416118,-2.4989076604614846
0.9319750610669457,0.7188377851625871
0.5083653797915367,0.9922485968668925
2.3095672707984,0.8695171400957601
1.1110247118044523,3.094950503298433
2.119750002074588,-1.5412702720878113
-2.8495652899515114,-2.8989420692960226
3.0419051653522042,-3.337000493473607
2.67275911434072,-3.6043400366332765
3.014899953694661,-1.0306053414758207
-2.5307041451671717,3.0027348330213166
-1.1331088799607854,2.9868554178313342
0.9271726956684057,-0.9287124286155355
0.5489768181173638,2.8931281511292575
2.994769698608764,0.7262937824227224
2.000165774652366,1.4609721887905078
-2.7696920680669295,2.959734558026486
-2.6803112695822024,0.949521356543549
1.1640676042081461,-0.9348361410273971
-2.955308236828237,-3.10189971543785
0.914441585586167,-3.3469404960827465
-3.234961945412605,-2.850095024129774
0.862928774809884,1.1947776609067
0.9520298724176471,0.3625979658184382
-2.5165314217273065,-1.502951479235667
0.20614683379213186,-0.7799643591779427
-2.324076814000319,-2.960201155738377
0.6772181150576145,-3.212097969096482
-3.7303201224143536,-0.5596760096362147
0.6654323911689928,2.6189329833563115
0.765626617796638,-2.4797111127284825
-2.577049678700747,3.2341170104434744
-0.5839943260287738,-0.43057470895839134
-2.4518687273725486,-2.638965099539215
-1.9180901350000108,1.1965465675196996
0.8969925360992775,-3.029202349263044
-1.471847389319649,-0.5801487598228156
0.4269436560409102,-0.5822312854055146
-2.2232798239446203,-1.148859186174157
3.462984976463689,-0.6538355715256003
-0.8294209959256305,1.1867125841550377
3.5280320227131483,-1.0245471797652252
-0.9841626056903436,-2.36012096369339
0.4986414630195387,-1.2232394202951116
3.1404018329994776,2.575017328591661
-1.464339220379385,0.7792533342687615
3.007651867740457,-2.5201906731954753
1.240602645596259,-2.909892687748464
-2.95718008038192,0.9617079631427993
0.8879976902240976,-2.7121148446940637
3.2779319035496317,-2.4596626110175674
1.0683111902257092,-2.7511684858444077
0.8067907487166891,2.407170346309629
0.45179977938510957,0.7973861725113256
-1.039830618507647,2.955566262129976
0.9030433659741081,-2.0319303564930555
-2.9838073422469904,0.9429848279247587
0.4968282167726829,-2.750516295726192
-1.1902251511306363,2.5734230819708794
2.3936742943557756,-1.1737623421130607
-1.2089720391179983,-1.333177671053935
-3.128675153351249,-2.2239040762732687
-1.2730714335259583,-0.9315089882276679
3.64963050060637,-2.518048705705988
-2.8418468471473717,-2.4611916964126954
-2.195612585280788,-2.109694368963266
1.0770742907858428,1.158726775359042
-2.39704899710932,-2.2606243547425398
-1.2140456069540135,0.9635272101449148
-1.547205634076506,-0.3363766025202631
1.0846221601474058,-1.3098574602550082
3.08349669025779,0.7872017552716292
-1.1625809143569092,0.9398999525034744
-2.7106544214594597,3.1307576944735147
2.9066599441461816,-1.4692832958242041
2.2369107349457593,-0.9580959470015926
0.5152225767323694,-2.8001000505567455
-1.016517180446627,3.143888944877282
2.018315484300791,1.0586582599810188
0.04326355131986446,3.0403250254176033
-2.39768263213036,0.9889241580877047
-2.92965972894538,-2.248031321496907
-1.406668516121977,-1.440900256861353
0.44265306934987525,1.9584686319943305
-0.7159750408161891,-2.46514290265051
-1.0700582220454316,-1.0660498170819313
3.2494592371252247,2.704786393009694
-0.8304950905197495,-1.0978631500557359
-2.4330810935692577,-0.5516764608934623
0.5548244346009565,-3.1518317236148228
-0.7458358188403047,0.8747585775770989
1.126645783262554,-3.057041822191802
2.4713725594996223,-2.8639418723879393
-1.0897921094964864,-2.9135027483874514
-3.486803081489191,2.201348478865902
1.5375491188121142,-0.4242029310900732
0.7541029043756959,-2.874748781656726
1.1245758135055348,-0.48698545796442627
2.985047628094214,-2.642703763117343
-2.4883900744864995,1.212737395544538
-3.31900413276778,-2.7473360460648113
3.4357565275401547,-3.0855651693967174
2.768330079906479,3.083726673078352
-2.230153851042242,-0.4181875575937973
3.224532063031398,0.6427232745665928
-1.2621756563149638,2.5267912742412424
3.387764347262435,-2.7657489077319957
0.9871577175056394,-1.0734302463093504
1.0920722750649596,-0.973316905837723
1.1751434208196683,0.8288966511978246
2.7817175752842354,-2.583314404048518
-1.2295501228689731,1.037498664314266
0.9945533190303868,-2.5323357208123434
2.8485373224689003,0.9479055219792931
0.8283013238946707,-1.2285029121342104
0.9896859600517431,-1.3557304980857865
-2.602173982305173,1.3515200078740797
-0.9704822571749908,0.9006217288016403
-0.6767779792442657,1.3772832585999488
0.9756585854632184,2.1032962059746794
-0.5437076528186089,-1.0083136623023754
2.1389640929772353,2.6110072082164746
-2.982465250346491,2.817192434997722
2.6767141181616902,2.6141294966817235
-1.0883000006852226,-0.8242452372873292
2.643974154696825,2.934632775591716
2.1653388262956557,2.7313533638375778
-0.8204354396867396,-0.4808561506378643
-0.9757088992785168,-1.2300626487552073
0.9738206870417454,-3.4266612124361124
0.9510997423301464,3.5615964194188092
2.836642159178331,-0.9104089702172015
-1.0417405575369525,-0.29504651090082246
1.0233401406318958,0.894511710056634
2.901505158244525,-1.7934650915289612
-2.8010966518093445,1.7719248007035566
2.9987608623920825,2.3440470832417897
2.625049800544139,0.7419494057907001
-2.3335235827535175,1.2581826676321786
-2.6757343652820302,-0.19410552171601944
-0.803035626539699,1.1505358249175084
0.9630783797110005,-2.594148844197674
0.8594399668435289,2.7554274761870143
1.625041439874455,0.5840788671657539
2.8864713286269477,2.8242593133422025
-0.5473297833789805,-0.23747224656040472
3.0818538215633646,0.1326109719301364
-1.422835177625613,3.10548071465803
-2.657167777802318,-0.251284094885631
0.9993615483114495,-2.340171990117717
2.4357095047120056,0.8767491207339952
0.9681072469995283,-0.6150855768879534
3.198240249480321,-2.915478773774817
1.605633646126893,0.3763419537982775
-0.39829423580492784,-0.7912927353206128
-0.5004715671592552,-0.9302513115484805
0.5383560941827499,2.6231928514807095
2.600861633787791,-1.2298721308594458
3.0768206327955556,-3.1502777644128552
-0.8241364141997641,2.0838477480185307
1.386055906411309,-0.8095366505660474
-1.0310884229100183,0.7025794513281052
3.6996672754012643,-0.5772074939399513
1.136892173245393,-1.6058943368715368
-3.288189082544026,3.194553048592383
2.7304318366778535,-2.398529343969656
3.1079869375338864,2.502322862412552
-0.580745452078585,-2.792525686603178
1.0717723295603652,0.19081335712461114
2.859956657236239,1.2812822985538297
1.6459722403244992,-3.2921856877869957
0.8650337963398467,-2.502378590059962
-2.985896505996897,0.7315773440992753
0.9810830060431446,-2.5493395984522436
-1.5417820351462577,2.580881331085508
2.203042780297067,0.7749716089851074
-0.5663060001161133,-1.4289222059195084
3.311054394763157,-2.451956608793099
3.452310027437972,-1.3934943599906628
-3.7115194064363157,2.4822424138312713
3.4092572953545672,-3.011896935741406
3.122764257578468,0.3736443296703429
0.8184649219876762,-2.9526111489603406
-0.703984274964743,-0.5422330087449816
2.784126770209096,0.6499557449870685
-3.086949855415732,-2.4209397044927394
-2.7934612537370658,2.363337504589613
-2.570169102934983,1.0358895895630449
2.675771172571898,1.1907328276621199
-3.193662064538736,-0.7873004552187589
-2.2144534055461995,-3.519895007471557
-1.0600929123746754,-0.8146634715518415
0.30165886674775183,2.632274651337308
-2.371408275384567,-2.4404983871586965
-0.6070120814071662,-1.037454621716907
2.51149041111321,2.3115769084482234
-0.8519618559680023,-0.536166810437849
0.9123026453362448,-2.358952791470498
-0.9956927856550638,2.7482030833780584
1.019318795897636,1.750430265556539
0.6403336598974492,2.4024634074642512
2.5063002455674566,0.39218105368339307
2.863687357660727,0.9208122260102358
1.4490248802884562,0.8204011627104586
2.9482794147752953,-1.1653416646341745
-3.2189737315945686,1.8065279307511133
-0.3797505886596234,0.6618426470911701
-2.9340095302839995,-0.7198348784062077
-2.729491775089384,-0.907498052611899
-2.542023349297231,-0.7835444683588241
0.8493687580082931,-1.0679019209378098
1.270526552185767,0.9105960103758648
-2.8893156816364858,1.6841533758197642
1.1373332333575799,-2.8992601797046946
2.7730726176752625,-3.2743717197629607
-1.559615683062228,-0.4308394572233825
-2.9936649350404023,-0.945921578337403
1.1120173929978525,2.817884141672688
-2.672395173434574,-1.0602332623338862
2.6305019821668143,0.4443527398007929
-1.6494683570634532,-2.8561079366294213
-1.1797984895586449,-2.790774119648293
2.96119900802273,-0.7346937547546504
-2.989112478781064,-0.5406306662830201
-2.052384265067191,1.054828758696531
2.512985102108498,0.47065385438110274
0.6963839317791196,3.189015564853266
-0.8973027428562662,-3.244480439356086
-1.05857603002778,3.1324830526682037
-0.9090457638267719,-0.12202035758700441
0.9616841615623171,1.378863725251381
1.4327721947936842,1.2610131205284014
3.046387755536702,-0.7053109358230956
0.871631460817441,0.42689172285870464
3.1077242806196153,1.2108225809500237
2.670449317226798,-0.8579951508917982
-1.0506188357347617,2.7703421846087264
2.6265705497869014,-0.5791433982724344
-3.2733808934482638,0.7491235864553012
2.3002243827324755,1.4122315104846945
-2.780330980094672,-0.9204107706923617
-2.5287629585954337,-2.1103274292620395
2.3232305072036374,-2.9155420693783003
-2.9103623234101246,0.3978581821856638
3.2755347668000896,-0.754826445877
-1.0814801072568156,1.437570336001569
-2.135244220293313,0.7295356478949457
-3.723731749966659,2.5517843049771476
-0.6735073123239995,-2.7782600335056706
-3.1078505376932175,2.429588564875368
-0.5838976077760781,-2.6100497148691595
2.654593413941247,-0.8525722505342463
-1.3841906182120072,-0.5809189789780673
-0.6876856724743086,-3.2004194793103107
-1.5542716778385044,0.5799449743327513
1.8405983968174207,-2.9113493400819848
0.2889952497214494,2.661441127842291
-1.2486490053505401,1.0455567008736868
-1.6740502307783778,-3.512220938816158
-0.21874366886564012,-2.343360119721088
-1.1215519773153002,-0.5750589514924123
-2.0307051810898202,1.6790701625408548
-2.3266280730733686,1.2414510696901027
2.1469790238694286,2.754436767060208
-3.1543591948349223,1.2671217272039212
3.0762410462747622,-3.376782726104113
1.712077797294565,3.1302964569249734
-2.5601406611717756,-0.4762152184856372
-1.615213777798672,-2.701952534979097
3.7227989051902504,-3.0225922450987666
-1.483056741986386,-0.970591717852777
-2.617754260654282,0.3892902049418893
1.2931857310356663,-3.0986578746618685
-0.7990408935542296,-0.7680261968773173
0.5605262625168306,-1.2278699235184338
-2.448395018564126,-0.5124579906671515
-2.3595858264564367,-2.975720151371889
-1.156593990757788,-0.6505215621494657
3.1752611968217384,-3.275713625920105
-1.3511325449635774,-0.899428331291996
-1.558725724048876,2.991572705355182
-2.43117699224141,-0.7349544313164734
-2.655001548097242,-1.0962064663901292
-2.8611553707674764,3.218969417085423
0.7428285971223902,-1.1667509541402878
2.780713606850677,-0.6443327460516638
0.15723467184269987,3.1898912585940113
2.548466006080985,2.3843598233930456
2.9394109174295724,-3.4648020830275468
-2.5323390250204407,-2.5781356464979788
3.501276410317409,-0.9702548253844401
2.404643964693948,0.5706388325427403
1.0215435970307836,-1.0921538635411585
0.5861533072043055,2.4419668146356495
0.7796909272078885,0.9916137100896486
-2.2821791654871606,-1.7235658938158187
1.0495950486055503,-2.73167659161477
-2.571332345524871,-2.4808575179742394
2.5202887814681363,0.39860236091660267
2.807277670380799,0.0732818400804143
1.2487035170279726,-3.1706951997121835
-0.612878345717299,1.0458004221941806
0.5631024585914389,2.6992798166780876
-3.664113417669546,3.772851202071846
-2.0773138631813883,-2.8908423966993655
-2.220625134270801,-2.7809786581112386
1.298863445514804,-1.4195815687700517
-1.430824198332215,3.4340006747452034
3.4483972301493973,-3.1916847893131064
2.1846700308267364,0.7176869484730135
-1.538716092567072,-3.6657156952252796
1.24490103318308,-2.540265808720371
-0.8731608949364504,1.3524476400998233
2.918436323504624,-1.887826560742452
2.3336714757051866,2.25362049187031
-0.8108899619885187,2.926905702438856
-3.326953364363041,2.3593025272156973
0.81439407683009,0.5317908065299166
2.642118508437877,2.3276431027393647
-0.9010445114543342,0.9252389510393131
2.785036433134039,3.0716834089830445
0.6493983347255932,1.375891087365628
-0.7496514160643012,-1.0958904813421213
-2.720718711231659,-3.2619286102240097
2.557450191289107,-2.7952017128000883
-0.5227850964596261,-2.65242310854464
-0.1569276451541031,-2.7396766304620264
3.3487381468391715,2.484379239767082
-2.7492592501509,1.3553205942972684
3.2228808454906464,1.1939872532124387
1.1051418009482865,-2.7604398472064497
1.4184950695044587,0.739129521934038
2.9895275172693907,0.923238466263595
-2.7663523991715357,1.8596392248020943
-2.7130309559869197,-2.0614042398102828
-3.101610968867691,-0.9049564243996279
1.5782075431090496,2.706127461743708
2.7843626644171504,2.516723159063575
1.3128006084941042,0.4807084353923892
3.0840614049725694,-1.1926952653470988
0.6116487128806042,1.1829173631699337
1.1099574953417644,3.1949096236329435
1.1552302250179114,2.656887966470731
3.5617842721147013,-0.6548303948429842
2.3782981353456942,-2.788839210300751
0.731124073449683,1.2291955649740103
3.329132345020888,0.7433728194916984
-1.0026622246191759,-2.7730406681058715
2.5599652572259606,2.2373207912432975
-1.2087817567768644,-0.475577433298584
-2.855654474811927,-2.1854205071153046
2.708867541033388,3.5097113060025458
2.9274991112247926,1.2450395049721714
2.971274519178179,3.720680789691811
-2.7569682549285535,-1.036723257157165
3.0248974467180583,1.1819708324464167
-2.6316578346164166,-2.593609730923765
0.7248372400595676,2.700258234443721
0.03601631244912407,-1.8878886944928954
3.0979997100531613,-1.2895655799908978
-3.298306038649966,1.3278018302076788
0.8360594973051922,2.474477701799737
-1.016672356173011,1.325211085520349
-2.0750600076298804,0.7500245688889027
-0.36864253547139175,-1.0137358866568422
2.576478554834426,-2.802443221005969
-2.5925820410092832,1.1671057045879303
0.6900898483855024,3.2242122449239137
-0.9279779729989772,2.348554367929865
0.5421571187773323,3.0558045449842117
-2.4177793065329576,-0.5428648248208641
2.8146718488672087,-1.3757155271526162
2.9432429357108343,-2.9529802997988104
2.8858287143009833,1.1107315132389712
1.886014627522361,-2.7936719851232503
-1.3094055825792261,-1.4979313082910901
-1.438335150798296,2.634666776264948
-2.73688645204182,2.566603257305811
1.2996361545976522,3.017927664373571
0.6889744641709127,0.8386961468904343
0.8759183351464861,0.9801354402109688
-0.6732949982256015,0.6940042654648477
2.8809063202465763,-0.8591381821030715
-2.68806920593834,-0.6886214647114617
-0.6055036039718225,-3.144473145347881
-1.7974316774031163,2.7090496002594393
-2.5708756775946386,-3.2974253224210375
2.174731213668471,3.0939259176734955
-0.9104891278592128,1.4956710638534183
0.5099815667000513,-1.2599704860081573
-0.9493695269475876,-0.48371511192255207
1.1989531115648122,-3.4042348098022845
3.0352574110917048,-3.367392580327167
2.4997292024718925,-0.5610775621921957
2.5724763833949207,0.8816739948611924
-3.020175855117659,-2.539852110563417
2.328768142599111,-3.170773174082237
-1.682205625265146,-2.636515854588867
1.3549910568130885,-1.2149636555439571
2.808471080518766,0.993833723895983
-0.8328867053181744,-0.6385676626437967
0.940819409597902,-3.1918384559082424
-0.8873289018374109,-3.622918864130066
-1.0536591762438532,3.2611223954408657
-2.9709258385387827,1.0489712701936909
2.8686198163009755,0.618777574658518
2.018001778119906,-0.7334435804500836
1.2443089402812064,2.6152988452268113
-2.430269807906199,-0.8310406321045206
-2.721376178831257,2.567574854525283
-2.891022587265769,0.81976395340907
1.0477708307026454,-2.5469467585398613
0.761360806244115,-1.6720440624009245
0.740244999639841,2.548560822040286
-3.0523021670305495,1.2216571534303668
1.1281228501863236,-2.1211310775383225
3.265317061746695,0.9133588026101088
3.143878950763209,-1.2894718686161746
-3.0599972436796814,2.391108274175174
0.2391193094797428,1.2052354903795959
-1.9174036540088466,-3.017750015246003
-2.6536961276375357,1.353910529611697
-2.587804933570707,-0.8329903556236136
-2.5220970313705475,0.8474006161988686
-1.019912655940683,-1.0416552384990319
-0.6347770537350016,-1.0998671639977933
2.490811529952593,1.1591817965962212
-3.0113548866884376,0.828221449285526
-0.10592421795463317,-2.78631570112834
1.2262642817044054,0.5927730578934556
-2.9409408794484446,-1.137486418208781
-0.7533756972843986,-2.8491179921712035
-3.1728052748648587,-2.78469125810961
2.6452729641641053,0.22400962647507844
2.5498526880143664,2.5930005986298643
3.0712692208514984,-2.8166864717440814
2.7484233254518236,-2.949327102350445
-0.6879366406721305,-0.7490919396010147
0.9056804520412803,0.6881607506489756
-0.0121424876524104,2.357685672092064
1.4362737205778209,-3.105643191057808
2.7961257895263856,-0.5723905352103177
2.4054266292408846,2.8522158709895216
-0.9011851147638175,1.11299437179821
-1.1668348479767174,2.6415518336716635
1.00856905236417,1.429179913781893
-1.047368626087457,2.5806877141873006
-0.8333360202421952,0.542558115967039
1.2833719456635715,-0.874318934604065
-1.1159705311911674,-1.220916724022666
-1.0302414861995546,-1.0820133421445584
1.3350671678227828,-0.9892986919160904
-2.561479742113023,-0.5974741747157271
0.7183031858218247,0.1932072280173184
-2.4010660896938636,3.047656925183301
-1.0770265988575185,1.2893184093169607
0.9777181019386527,0.6102199658645178
3.3356787296305,-2.982665583391094
-1.1228691024157051,-2.360804232298843
-0.7853072344720168,2.895629329138635
3.1396776172110363,-2.7157484624683996
1.0027045198574065,0.9910020517469871
-0.9235289248275413,-2.7130455009762873
2.56789737560062,1.7783267270232175
-2.673898231524727,3.0540584887450692
-3.3428363028785157,3.1356707703099826
-2.623979191238106,-2.4016350815972856
0.6937815376954044,-1.3597199023859405
3.022059816376867,0.8309907947558736
1.4284509454266439,-2.6553336019375005
0.5754399214493991,2.800279568115961
2.820803698366102,2.231213723803804
-2.704273445310282,2.843101119550911
-2.8692808280628537,2.6296025898428574
-1.0298564005135347,1.1989291880505992
-3.1186454173117175,-0.24673577653632275
2.916077618184323,-1.0511951495836356
2.5896023942442987,2.606343661905286
1.5603174504985455,-2.218534046156616
-1.6580319402124963,0.6276041200973982
-2.4513442185998744,1.0970741292949795
-2.9547606383675498,1.1577433034020725
-0.8870418235656194,2.56444245251123
2.697104177268061,1.0591449812979183
-2.41120921432995,-2.9212019312764315
-3.223025273152168,2.7210012523363214
-2.3328992441807537,-0.7733727894835258
2.667952508891701,3.1024172876200757
-0.8582604681743475,0.9237030459435153
0.7389253624601688,2.2535734810805406
0.7672096838597833,-2.77883409182322
0.7951876714863498,-1.1960051112579082
2.9195184962980134,-0.7915506827189883
3.0975276101536244,2.834887776992614
1.5076614411919946,-1.991223834546551
-1.3872277174859733,-3.0228499618184386
-2.6622386690471473,2.832875424058287
0.7701754599866847,2.757504440145585
1.0792644732356818,2.519970866145823
3.196463051898053,-0.7101309921336532
3.1390059203185707,-0.9685186391777121
2.9944004340518715,-0.22905688624335663
-3.0579888330133196,0.8369786974826098
2.787900158921704,-2.8252976269344083
-3.21048763830125,-1.959253843094839
-0.12533024289641276,3.4629312308052578
2.8355775899876345,-1.211717155248512
2.6497977707734384,1.298355647160396
0.7912533934424882,-1.3630657694636445
1.1473876103972174,1.9920801212767711
1.1192024541513967,0.7429754562881528
0.7157205349476057,2.673947419485793
-1.0576682633876502,0.8270260425800036
2.5868322540994595,2.8951810793779607
2.6655346585990265,2.647535658432367
0.20887249476918632,0.8070580227365338
-0.37129458327162274,1.251610971999151
0.7081071002622411,3.1276194005775366
-1.5415481311349502,2.6789308872833235
2.9581871162564415,1.4571069787880917
2.9156856830120828,0.6191867495202372
-0.5736905288881381,0.7838095457963522
0.8864052275974514,1.2762893943295572
0.9832812859219365,2.690533463930258
-2.980668956319413,1.530527897053608
3.135624620860431,2.957420453741988
0.5873275190418649,1.3665085699859383
1.484940628964024,-0.502895909568864
-0.9382803990888784,1.0320718691632922
-2.3802654223682946,3.3375361059238657
1.1406257353208855,2.882159542067752
-2.4945452026476294,-3.059883406835069
0.903987200136607,1.0371438952187078
-0.902327764910294,1.8555065596066762
0.8115343322564018,-0.8883316347222475
3.151963001684662,-3.1843763865272403
-2.413066497123309,-3.372186610439301
-0.6293052724298717,3.0497283815651235
1.0076737050685576,-2.8388367288001284
-2.8177982385023896,2.8951382983788725
-2.696264540044523,-0.9600768239899435
-1.0598793530384116,3.1767370871578327
-3.3638676765467133,1.0707375062951503
-2.6292053225674743,1.448238825760902
2.5650715662270773,-1.2440708308501323
3.3038662431156833,0.14531794394210085
2.9820719660966657,-2.841644774072167
1.3294080834748174,2.156379210172546
0.9686235553542539,-0.8761895151689446
3.42632038685188,-3.065582311923771
-1.8544494296579062,1.06998595444046
-1.5185096136720084,-0.08750005273627662
-1.3503993044078024,0.5846513073259796
-3.0558396935619627,3.019607517937024
-0.8460295381931322,-2.236024948332355
-1.4920812505712047,-1.0361259407933332
-0.212043501136886,-2.6401086794903836
1.1090712002139387,-2.4064002515027996
-0.6712210209024633,-0.9738379094054134
3.0506235280322196,0.35325772295620783
-1.392237661909333,1.3911675415927671
2.5426370091350745,2.5605876731026638
-2.827095986954492,1.4307445559764842
1.2737490506626274,-2.800181264947659
-0.21757977990950952,-3.0502750010353497
-3.0808993134710545,2.523638497018956
0.6835520199267652,2.2355122268052963
-1.6045087033019019,2.9809230504744404
-2.788912547591492,-0.5407953590308214
-2.9676518713273525,-2.921419531081193
-3.1266683079514603,1.0333933214948052
0.8995724338877495,-0.5800095497300919
1.00603664832132,1.397896382227843
3.4569492416614542,-0.749979500065489
1.63713336349324,0.6118702058094944
2.6704267851537273,0.9602277377395108
-1.6871932642762864,2.6116826903699963
2.186979367552773,2.76387505158178
1.2093500960995933,2.789859904322696
-2.8247300203964927,-0.7148177558974504
1.1643250985692644,2.832289287025408
1.0150308497923757,-1.264695795331659
-2.9603480358752776,1.096121217462007
-1.1636785621888122,-1.0377519228096264
-2.802783506662727,-3.2468296522900757
0.4998408777921434,-3.0753616089477687
0.6503052976672079,-2.013767798856773
0.8615470979396386,1.0386259791424675
-1.3038899912843076,0.9078382122736282
1.0395464980977491,2.5529251532142765
-3.0376751277477974,0.7457041169978688
1.6341310993768068,-0.5832857611859298
2.5398218697559827,2.0732154215189174
-3.612176362314012,0.6185769458556565
-1.3484815669517822,2.5901150450972796
1.1092036076066332,-0.7465313205467239
-0.8676721943587922,2.573823976804495
0.6329948581493484,2.286788681465699
-3.0745725524986143,-2.971539134477371
1.0932416681599522,2.017209737703422
-0.6594607942782404,-0.29199101203555455
2.7228371160615628,1.980919735323703
-3.1033483120263483,-0.5281751209034458
-0.8944274160859268,-3.274946895006655
-3.445149106405576,2.9566509482975314
-2.6505240703811213,0.8975433700136322
-1.3114355924537202,2.791136221689518
-2.3134231464599178,-3.0851009092201673
2.5052157510904784,1.0486840159845274
3.1281475048661274,1.1482566276507957
3.1526052606807853,2.4184236715274863
-2.7552293868886344,-0.6823780225180859
0.30754164642678655,-3.0527981601468976
-3.510411895493903,-0.45257230259173153
-1.1427004507763125,-0.5491020725548414
-1.2540472833490912,-0.09513891705773522
-2.1529788355635784,-0.41713434994735205
0.5779388162596968,0.730000161075207
-0.6558066983427229,-0.9248548560591128
0.9613034322232652,2.8402984490581673
0.867747119424576,-2.271750265116376
1.1201602674368052,2.1984457783403224
0.48075464568648557,3.028585834637085
1.435143576874936,0.920341311739813
-1.107149560322314,-2.87464713657846
0.8958912770357352,3.319979446188934
-3.366979891949721,1.1277018184303649
-1.7208911233929944,2.7567429473940024
-3.124539086394042,2.564048976899142
-2.424200265483424,-2.6088585195485767
-3.045240566630325,2.7422099717239026
3.177224653673865,-0.9681988072740175
0.6957039842452999,-1.3369213919762735
-2.3148599888265324,-2.515175007232201
-3.3454636211779993,0.9449286631714724
-1.060288270464144,2.9116723567494835
-2.6764408089239042,2.885323196099186
3.1925430251040927,-0.7323848436652248
-1.1019041923625588,0.7082608760016322
-2.9007180580761744,-0.40817096732594504
-3.222478290547403,-1.2301820619360484
2.9355265233591328,-2.860224186038479
2.0865419289320073,-0.41407981784379233
-0.9319976015530699,-0.8314875042781399
2.85927897215704,2.574627357727963
2.9917732878079084,-1.006737485454388
2.7305121426481516,2.5377276857255735
-2.058837892252835,3.450349613587709
2.9103933885600366,1.16828390997429
-3.051849924864244,2.501737922720937
1.0678557566931888,2.577811461767609
0.09407950519929013,2.6577018849688243
-2.381122513284697,2.7995532318882987
-2.9496354927195485,-1.060615109599206
0.5959837383232074,-3.426602550683686
-2.6817858663642213,3.1738410621744575
-2.414476524482581,0.9514821682126804
3.249574409626915,-1.3240915991606854
-1.3710123944242305,-0.46200061043066104
1.2497675404314723,1.0865546093074563
0.7467130575278444,3.3670302457220203
2.9090270965293037,-3.2211111088368543
-1.3300231746556912,2.8230686065301334
0.8801027104493034,2.7098172548305275
1.1948797469828585,1.3152854180291467
-0.967533474002951,1.4749169126806294
-1.1532136928694814,3.016122850394912
-2.8816865521833313,-2.7497787830978795
0.43023630135189705,-1.166379985286677
-2.5470832298542856,0.7980573720092348
1.3374186589504549,1.7212801256462906
0.39652541258793883,3.0446597336037007
2.818095410136988,-3.1613280688460748
-1.2797665212980809,-0.9931182835011794
-2.290760857911803,1.5833271952842345
2.8778483470116947,-2.350216217570615
-1.280928142593975,-3.164346851406975
-1.0882261790847956,0.9506132917845034
2.417536553104491,2.648491559459363
2.6148622522242,-1.271731448151212
-2.6511709474197653,-0.9058730306102712
0.9038124096705927,-2.207121056814642
-1.0001224061000418,0.9598722532710363
2.936793696991016,3.1206102338044706
-2.775485366043475,1.3442653779833922
-1.733998684554637,3.1908886663644846
-2.9725258890088075,1.0223865048850558
0.5592282902400448,3.394867119427819
-1.9806932856212198,-2.2545626798075644
-0.9839006429003464,-0.6471526783433982
0.4963920272445139,2.366704012786058
-3.2629336982309995,3.2321150564329812
1.5232159341575229,-2.667935937298075
-1.0361294200350333,0.9192421015238128
2.6787012637301175,-2.73277361305718
-0.9203561773989455,2.168389954953769
-2.9487471257631195,1.5273367221168215
1.492406662185643,-2.7732597395563405
0.4737153622949743,2.9775547007623437
-0.4433851074368766,-2.6476093436257644
-1.7688686244765877,3.017871737196699
-1.7916400233037828,-2.9004467712730624
0.8453446504805835,-2.6297620750429163
-2.940693125187778,-0.9116514639558829
-1.2899405909619894,-1.2667102945291113
-1.27722889127096,-1.677841182799249
1.16542443123373,-0.8965542109086282
1.5034706748142508,-2.9903511875462097
-1.7464106551181835,0.9744032167616227
1.245913046377081,-2.5419550239947797
3.3628175303502217,1.7187548976382665
-1.0463673632344843,-0.7031233720699561
-2.965165861775919,2.800200391850686
-2.7994221337237217,-0.5796376625702319
2.9543334407013035,0.20620970729935711
-1.458543532520857,-2.308605225943967
-1.1086859270618712,-3.225375447614172
-1.0222879054166776,-0.3098137979729652
-3.0385929292607328,0.8628813018146188
3.3408335361566155,-0.04092045116254937
2.864891834077745,2.845251246307617
-2.961356734505237,1.3716444162849997
-3.30332025019274,2.521385750930411
-1.2265627754513906,2.6580455580681224
1.131470410976919,0.6331746345349903
-1.3583925050224006,-0.37501262199924523
-3.0103851442241103,1.2770179883643156
-2.7642584531380168,1.135087996775851
-2.4087968934485633,-1.28805182702566
2.9702788505679236,-2.727030676091943
-2.840511493652146,-0.48196157649854193
-2.8676828171102313,1.597851967089019
-3.3567438819618474,-2.41736446740795
2.7917217978983464,-2.730047726617552
-0.5442046241902315,-2.9079520566283925
-1.5368337342643241,-0.0780538137316497
2.8478631628834545,-1.214990671656838
2.2153228216777676,-1.4905040052922454
-2.8141429966816998,-2.951768416249653
-0.6753863291989824,2.8301861351794555
-3.0827976763483758,-0.8020657925653105
2.60263245321817,2.0065404603107653
1.0162845685566357,0.9561503839253225
-3.10464337078778,-2.689077967306471
2.758256189339627,-0.8022979275384494
-1.0309026172799551,0.9500222546384252
-3.3317748936888543,-3.4026740276377425
-1.519730106595037,0.9668264133265779
-0.6183682582643629,0.4121932228932955
1.0511251544722566,2.8977462564772893
-2.8912236598992007,-2.3062779918629537
2.242810012371392,0.7698899568716888
-3.12421965177805,2.771255055374563
2.8636686285177335,0.7201333603937804
-1.4736514835282173,-0.885621882963813
0.9904495895498412,-3.0644178783124887
3.0750272422387313,-2.0940239044846973
2.9314887308038666,2.625157860758479
0.1857239361326704,3.0221495956574795
0.614436322039948,-3.821382877786072
1.0047546547499977,1.0039426467893315
0.840893414415218,-2.3763844412073682
0.6959612475642196,0.8683584775211858
2.5126505432673354,-2.2559155888648217
-0.512671331759921,-2.6997440376644337
-2.9387761791736824,2.046425804160091
-2.6202644050553334,-1.3330624944984546
-1.3517861382503176,2.5268403170612506
2.25195137987402,3.1803210654930156
-3.154819617483618,-1.2003659028886509
-1.152635022051525,3.0546210802565126
-0.6473427689931411,-0.8530350056892201
2.479135962143643,-3.3480285754371635
0.9031072843016962,1.3344843058090459
-2.6344935643294702,-0.9926567350247508
-2.589790529737072,-1.0838495169124684
-2.404596895481191,0.8458618117789216
-0.7100939743813698,-1.135686615647748
3.2405414456623687,2.8362668066034864
-3.4273906001420293,-2.698081458922688
-1.3464198349076342,-2.793065330884965
2.761207844071117,-3.012347954113435
0.7023019100849208,0.922774052006466
2.8577188543213565,-0.8661744172294424
3.2230729046157918,-2.8956035447036546
-2.9883853732575907,1.246458175103402
3.0487899885760923,-3.029746399673075
-1.1323479561598626,-2.8439654639148046
-0.8639128206314332,2.7815040482019455
1.1682408190199158,-2.6864055948365744
0.6133357271518495,-0.8880943073697997
1.248867960817943,1.2815008090422804
-2.861438774829248,1.4283968668734914
-2.6102040713748513,-2.9504684900859774
-2.4878875642162686,-1.415118483194902
3.0158593649624805,2.696149102933255
0.3928035512996836,0.7227336457826213
-1.9294361495718046,-0.04193417783743231
0.5656082128296537,3.1607267799390932
-2.46204946937598,0.8937284258432676
0.8034384718578765,-2.7208857555177057
-1.3328374929047555,3.3778653141918404
-2.8299231403745373,-3.1094929083517093
-0.4830274781698291,-3.2317086366537953
-0.5074195697652083,-0.7681960695190755
1.1266808478376193,1.0189069630411707
1.0415166851809894,-2.4652573036734835
0.7290028693357958,-0.9183574416398909
2.6700517659107237,2.6669252602088327
0.9473708562976751,3.09386262621046
-1.1050387809241387,-0.9893561673977327
-1.2626068481288102,1.0868898943614138
-2.8621379525766106,-2.5892430238270463
-2.6989540682383173,2.34644419803208
1.9253335618444898,2.9022914957454407
-1.8725103636451472,-3.3728548088004553
-2.6367098389900403,0.9129194388188341
0.4900197209198906,1.4172118819100805
1.0738860829112251,-2.8322107610152836
0.863385433995606,2.556018597298754
0.8504563176613639,0.8967838532465465
3.3137350465890436,0.23516864756321904
-1.212724511512877,2.7221057733228538
3.1915598132943948,-1.412385909967166
-0.8229543278802509,-0.9211353470970122
-1.3699338313161378,0.8771011550102473
0.3146930700114866,1.117578761886576
-0.661064481613494,1.060868364656243
0.9171122544264318,-0.9353402142243493
-1.7335589374018783,-2.9654568506089025
3.4965066971068617,-2.93754957091758
0.6003856716367695,0.8713431777008619
2.7570135803684637,1.1093835995818073
2.3530095889916898,2.6587420492490628
-0.9828649064043434,0.6292173949363826
1.5885212804344202,-2.9969161340501125
0.6263051666970757,0.6470894451860867
1.3436396548660448,-1.0735387902598692
2.996895717707462,0.8766849182754493
1.3754989950745378,-3.193302082273252
-3.018185071735653,3.317788689797393
1.274712942302845,-0.8415503783007536
2.676922912950248,-3.4476496333998443
3.50358528808163,0.4242586956422783
2.794505479931537,2.518282861251636
1.377426426184145,1.121240248644258
-2.7432673395446248,-2.2487208856329093
3.0418711171776818,-2.200965213137684
3.0376672664767983,2.0210911495002764
-1.2684957537951813,1.0426705925866322
0.867630937398035,-3.320405605384176
3.1034411644029376,-1.0020592711102638
3.107171631322641,0.9690398392781295
-2.627018067072557,-0.29948990991075447
0.8404269898604445,1.8635341313936975
0.9703863163120207,-0.6460402649613809
-0.4549021115424776,-1.0674468667576673
2.7385628793429704,-2.6604279830066013
-2.7056418552453176,-0.3174382983948367
-2.35462942423698,-1.1791352541720619
3.344788033099418,2.5266812428076975
-0.32449250343306135,-0.7406747546004069
3.24831498583031,1.1116762349064773
-1.004060623782135,2.5021168913684697
-0.9549603230905336,1.2416158469437393
-0.8116121991563472,-2.2414209306542965
1.3763098112125405,2.21534604012146
-0.6653872102909126,-1.755020544133642
0.3625420506640678,-3.162529754779811
-0.4350959496864751,2.8849939233023267
-0.9936613230987852,-0.9319726716429417
1.5322073283818294,2.557034207518098
2.9976483489609262,-2.285498178076501
-0.5756525450209478,-0.18138438364006879
1.4072080924028678,-3.2038618677280915
-2.4892042037061097,2.791969422420633
-1.3585076019427476,3.3795209074780916
-0.6966109269328886,0.6885147499896126
1.361883234330399,-3.305652487638836
-3.614301698552495,2.861095906479145
0.5937131406063858,2.818321989599512
3.1305622587544804,-2.550031669493261
-1.3492256589826017,1.1156972949382493
-2.93704335846491,2.7519335363105113
1.3633419729015679,0.8783432974154588
-2.4074778537724604,-0.7923464212624962
-3.1510874332103427,-0.9842699755491527
-0.8261961242520269,2.7597394507317894
-2.383720027391003,-2.7357243905516806
-1.1080909558747505,-0.660508640772037
-3.300733107938817,0.8460769141104915
-0.8389393624151035,0.8397276625354295
-0.7443751201754929,-0.9378204797229803
3.004205851061097,3.16360132117368
0.9068914873876823,2.4670154858672633
-3.094055509691557,-1.1200506580270686
3.4590607519807075,1.0920552236764107
-2.736858852944711,-2.764544410979644
-2.5711457385484455,0.5958844259347504
-3.5894778969074403,-1.1415417057364476
-0.7620758802750811,2.563547079168415
-1.2269854491626817,2.006332947103794
-2.433410620550161,2.7036486099767965
-2.925235161526471,-0.4103438983112608
-2.7685996604526704,-0.7798154840930595
2.7453271315032794,-0.9571773529435396
2.237223721563188,-3.047027930590937
0.7709591666549842,2.358368313705811
1.0453178241997076,2.8845903950553584
0.1474941699910334,-3.006724373708603
-0.6876342995278238,3.058352735693818
3.3206615696589465,-0.9779729965475535
1.9661991544309587,2.0258444824778485
2.7290881385977515,2.5270175726045405
-0.9382983196907979,-2.5307656648668027
-2.6949477240546744,-2.978488644407816
0.1786207177997701,-2.2918615353449105
3.1416848336559324,0.6748684789428119
0.6475402086643328,1.5129336704052248
-3.0461971981525697,-2.654051096212127
-2.782242042540415,3.431365384463098
-0.8573887057137576,-0.7012797632017216
-2.124557804969602,-0.9486840558202921
1.0063036698325736,1.3619306779473117
1.007698109251846,-3.2712991305057013
-3.266791100684982,2.88896965300853
1.043328715985083,-2.66645216318158
2.968493115085459,-1.6550302227954024
2.8733860691678847,-0.5007159962740161
0.9978144992731601,-2.598573631011146
0.3058479826877195,2.4325074881181212
-1.1537016292658453,3.2972197651203783
2.82298247757292,-2.760456718567202
2.821321686825117,-3.300716968102571
0.0904633307629026,2.487936374732803
-1.1181529098392344,1.2741230744675878
-2.6835797045890843,1.2567339474366048
-1.062793574418936,2.8533213320638873
1.2558548461220027,-2.9852500039770793
0.6629872920877351,0.26196537844054574
2.353483249367237,-0.6128237082580954
3.18049770597757,-3.2790637978819714
-1.4094326922718572,0.7403925946884781
-2.197500491916223,1.0866374592501957
-3.0593415443339627,3.158974700181884
-1.3150874632623784,3.2555416964248085
2.982670693765446,-3.2253113989867264
3.0502477782961575,-2.8497375999429617
1.1590794370032105,-3.2796887680204807
0.40939344633226965,1.0554411682967906
-0.8160618832852196,-1.3635646917681763
-0.9028853022052298,-0.8945145870557641
0.958272223122234,-2.5598433959081417
3.0866849404206658,-2.846499288395523
3.1416731160116727,-2.8070202451622834
-1.2029022218670822,-1.8644539654499537
-3.2670277437068544,3.0357932288650864
-1.1092768895695315,2.954091470728389
3.1010498574680962,0.39929898338697334
1.217433831907125,-2.815627517457956
-0.5884462051923899,0.6728371190586439
3.261308028932876,1.1773286872804076
1.1450293250165913,1.4320728096467334
-3.146226510466375,2.9343148779398
2.8510984841642797,0.5208645695110328
-1.1514700517017353,-0.6828120424898909
-2.6239243588027366,3.511619896511637
-1.7741415012314363,-3.0939182319413967
-3.1150022298235154,2.9162000302159456
-2.297953678305162,0.18222110316621512
-0.8871247037850039,-3.652734647398251
-0.7709538423551021,-0.13305081114473608
-1.8699351882178386,1.003547260673075
-2.3238898990978507,-0.5591605648820889
-2.569823716457317,-2.365035965518143
0.8525189321844986,-2.8543531412883243
2.8482632404557204,-3.485784804506089
-2.4941296847481347,3.3446490321629105
1.200982302677917,-0.7771467077493305
-1.0920264554240975,0.28788312518740444
0.026555696657268358,3.1405478243270233
-3.280047921809163,-0.7924307723821685
2.6315817627854865,2.400882841972844
0.4991921799400224,-2.35510385784462
3.312119307447307,-0.20760950998516287
-0.5781509841659752,-2.5087256385167436
-0.6171790116616483,-3.1754296228813415
-2.8818546816059945,2.798491277403987
-3.1292523609263463,3.0015529917183703
-2.9337047656309303,-0.0029924781811435735
2.914399261221747,-3.2115468490302557
-2.6911343167502815,-2.2700275814915027
1.61423835708599,-2.9338364076531165
-0.9661208969918065,2.450886492772325
2.8323688886886877,-3.5896409230215442
1.85004336909513,2.952625002180617
0.8793776666786063,2.7294281628281185
-0.439110216481225,0.6071106327957226
0.21242590264638816,-1.1712414408851375
-2.4141372305468707,-0.8508254432610143
-1.5530175417840255,1.590834836218176
-2.8343469920729207,-0.6566581347024648
2.8435853894849514,-3.235309631452588
3.056517350203499,-3.1950658570733466
0.6832448008287894,0.7051972978427437
-1.0785981381105956,0.9208111494852718
0.5990153039878726,-0.3606253247330474
-2.451737508795141,-2.572391232735937
2.5493495020169954,-0.5262694045973744
-1.0307802427555375,-2.8619504423134567
-3.1762204596760277,-2.369857674574165
-2.78163107077846,-1.5847323773058672
3.254987464092736,1.3166911116227749
-0.3403058961549432,-3.516338010724799
2.189957180414106,0.9738137254630992
3.3325579040772744,-2.1562951183818195
2.8326370364148414,-2.718260453156223
3.06629532696001,2.679377200713985
1.2602912237146235,2.671541380892976
-0.9492155852837829,-2.0382159384514886
-2.4788082374269225,0.5326406891347302
3.0732516711553877,0.9774217750380066
-1.1797885926834553,0.5222758510157552
-2.6228331375099825,0.7440967502087861
3.063554882284983,-3.0044578130770963
-2.805793409652557,2.9646170334947874
1.528672160876231,-1.0936782562353164
-1.5448975202335649,0.491056090626459
-2.7647016582092756,-0.7057877472433748
1.0449206123165515,1.9598959481450666
1.3217825196664557,0.7988038276529568
-0.6831272018696202,2.554212967853942
1.5468177048237963,2.695871091709853
-3.017583097875777,-3.122411912639971
1.1874993610060662,0.5141869464727568
2.67177330843602,2.6997786238670654
3.1218937831736295,-1.3778825981867635
3.026779867804279,-1.2250989847143516
0.6387394744704437,-0.4887633026137529
0.8125900310618595,2.664956710653228
-2.6298899243489275,0.7940555320952709
3.2179068362642647,2.539453797557976
2.6307246744861326,3.1672285166698306
1.0306606701381305,2.4630355738015055
-2.7888060172332403,3.244731499045781
-0.8013426923835139,1.4200226889548195
0.7676745337676111,1.2852381238392934
-1.4387702978472428,2.4008419044051075
3.1299677946832696,3.478538306086713
2.587478223195929,0.9335624044889639
-0.9464261268562013,2.2693258919757517
-0.7605215072345403,-2.084205506892705
-0.6661380169491655,2.308117212281526
1.3705256707821414,1.497769095771251
-2.9854252910271857,0.8815785305219769
-1.1586741295960874,1.1727195088050102
-2.736865999876718,2.946696802899837
1.0733011605390939,2.692856416595566
-0.5204017241927372,-0.4485567722271445
-2.2752340645471985,-2.558061053403843
-0.9214867568578942,1.1205978743985978
2.7608226680217736,1.4402490170466808
-1.2060565291587666,0.930782434981478
-0.8885639951944397,-2.144802461905418
0.6518458359849586,-3.5275754263361874
-2.5045436350115007,2.4681408078982288
-2.4651155278074,3.3024472163810827
-1.1292607973703246,2.57656804384341
1.607190675990587,-0.5044547674195693
2.560363801040334,-1.1044271495585452
-2.555697140193037,2.8315523221298755
2.3556504595368803,2.872989263887255
-2.379148818216747,-2.6476028627976147
-3.3152484883314792,2.159462164126488
-1.0183573983512646,3.5955949763113617
0.8330329122318298,1.2806027263274986
2.8292363505301394,-2.4375941078508534
0.8422698627962452,1.3458576028713602
0.7307597297018457,2.9730296470302013
-0.6704776779012945,3.2003696423354793
0.8306303711723297,-0.36786370410667785
0.7269905526709737,-1.172328023218598
2.7130272492830283,2.086347808933955
-0.9566871023102105,-2.6175174827353693
3.59254286290023,-0.7856225801165282
2.676350465475066,0.9877486720848708
-0.9510836018652097,1.7009788926526033
-3.1337690455067158,-2.902227003558736
-0.47629646933069386,-0.3725623060080325
-1.3770447532195962,1.5598403777222891
-0.4266543125532954,-0.8948691287082499
3.1062006986939767,-0.9036876244741131
-0.8876436407636858,-2.951164724808873
-1.2826414283371077,-0.2336818556188822
-2.593030938806416,3.4168969392486983
-0.6889522172528193,1.2269478895295747
0.7612687473344486,-3.8177137623256003
-2.2730943781186026,-1.145863621858759
0.9761542800204609,-1.3899372572457689
2.9537405566410504,-0.9793962687085763
0.7558547403486203,-3.1878138447458593
-0.8708925395484558,-0.5898685881740143
-1.2562382188401857,-0.5078719077946786
-0.8091363811517244,-2.7557041053841425
2.895435113702158,-0.9695884586045432
2.502440462144851,2.1179646146325237
2.614132848532026,1.874511858390882
2.246388145897358,2.7370225709581986
3.2308863366490055,-3.285083148903332
2.763351397838804,2.8134679089061176
2.641823302498161,1.1791660376253845
-1.1050191108825795,1.1941615310515123
2.882895892445195,-1.2949666771981114
2.7750775710280573,0.702361162195447
3.550515162833215,-1.3755934589579244
-2.9021171127714744,-0.8027865938969153
-1.110155070814208,1.1666436176589892
-2.0417181126906683,-2.247715884727794
-0.6697238599761753,-3.3196981558320555
-3.0027286254048127,0.5891701879521906
-0.5386003590523198,2.8544590762004467
0.5088014915205563,1.3435153488866733
-2.113559716910923,-2.9632823512463173
2.6816293729547422,-1.306596240902938
-0.8057600674619323,-1.5005287065608015
-2.893924461695052,1.0971310816899522
0.8432852361930716,-0.8539735034324171
-2.8730361701991036,-0.9399175555115714
-0.22089681397335909,-1.0861982377561765
3.001233851733375,2.32199323578459
-0.6098702502020381,-0.744106801806138
3.0612778347428358,-3.082389916205528
-2.284148629473279,0.7678214536996583
0.6983460414313439,2.937004597741031
1.135909085672451,0.41048633352815633
-2.9477112639874092,-1.4902015614775257
3.0683221471312856,-2.3288099857994164
-1.0669362395734168,0.49198234302725685
1.052890719119472,-1.0034047662523433
2.85773289004377,-3.327752474811892
-0.3680591937144233,2.4877471634365578
-0.817409580904355,-2.7912074982209463
-0.2800993398566857,-1.0193375595086267
0.8559502846327987,2.602797855669724
3.5403118873894592,-3.2776582535675223
-3.26519147398879,-2.5680885994940956
-0.8082039565439184,-0.8828900608357778
-1.3027280637406453,-1.1364774326509735
3.031591397928092,-0.7889247850237725
2.9725551605384535,0.9658365205990046
1.0713201566690953,-0.7917553675825932
0.9864097341582029,0.5001343513485188
0.7495687411435983,2.7562231670318202
-2.457967553860837,-2.8291312540231135
-2.6273697114041052,0.8720506603253699
2.4609368180818074,2.3316964962678
-3.2307105432545113,-2.128526578048871
-2.4045284446828474,3.0849000005755296
-2.6522930650512313,-0.15339103177942204
2.922208588435843,1.9185715413068571
-3.0365311179372845,-2.3790866912498383
-0.5432972027470011,-3.5031034641081407
-2.780692134591525,-2.642598651720528
-0.5204011331152142,-1.2084869825454099
-2.9171322664382293,2.8776242962441745
-0.3955303332013879,-2.640066080020408
0.7026486768189596,-2.41880339531388
-2.5369015988186434,2.5988933198556476
2.579457421410201,-2.8969367067788303
1.3759735380428575,2.5117010305980574
2.3249905158591906,-2.68282778839648
1.1470623699156561,-3.6771026588515934
0.9026203809066249,1.141922228437006
0.7008938612467587,-2.9567235902281803
-2.8847343684781244,-0.6529799603272951
3.2050752265890985,2.429642458780395
0.6789338485600921,2.866636907236325
-2.6555775982477003,-0.5126124032607869
-2.689735895866365,-2.748387183740351
-0.43937741188116525,2.6373282171628616
0.9119898648618853,1.1437105455585737
2.4937004198876678,2.7181315339831875
2.7986932170600345,1.4337457235607587
-0.516767751330675,-2.908413529001991
0.3297021815621665,-2.9123580649804746
0.8786984023243731,-0.29048989046220736
-2.7615612302521466,-1.0961983313818442
2.46464526277309,-1.0005070080808116
-0.9299629183668069,-2.6535334718407366
2.904063789386679,0.2638766008371072
-1.1387479555412083,1.1446894743421525
-2.501810158398272,1.1838569349216355
-3.019806069148038,-2.549756032867895
-0.6723367024688878,-0.6540884162903793
0.5341655767987756,3.3508248534581027
-0.8871680549946895,3.1893311939996956
0.8364854157572482,2.731401590652176
-2.8844455891076337,-2.3573712228373984
2.752950813360063,0.48521534323201243
2.739948120207177,2.7229384859075307
-2.7296486688058805,2.639572111568293
3.1153459404264927,-0.7331983922496186
-1.0042110701773916,-2.939074034945156
2.6065691361915486,1.625062081978315
1.8306675459554391,-2.6187960537612622
-0.827280322470094,-1.0664991994590889
2.353433985767959,1.069675914980314
-2.594678386096997,-3.2867494518210694
-1.2114566108933311,1.1922871055706261
-2.169063426196175,-2.4300034410619986
2.4835173517407787,0.60456117343786
-1.7150334791461928,3.599464405466627
1.0320398020884856,-3.208596163043108
-1.2137061639896987,1.3752480024488623
1.354758451915348,-2.780314252952415
-2.58811544674102,0.7788253568241321
0.7887763612746157,0.4864421018997574
-1.3761274393288436,3.132557264034446
0.553467682104534,-0.8720925539485588
0.3320391532688704,3.03977168861239
0.49093148572593115,-2.8854538257369704
0.8011246697247002,0.8105871229409272
-0.7176241875542457,1.4005493946497458
-0.8155590791371661,2.4922315837349363
2.9702945606574445,2.3777583586381774
-0.7089437125959595,1.7639750871635556
-2.376774629988034,-0.48910796499425735
1.9834016391882987,-1.239458892334417
-0.5335694881106833,-0.46774889267591974
1.2342353467416702,-2.70668493795853
-0.784144534974446,-3.064101039237408
3.142207073087313,-0.5864256648185567
-2.5208109942721273,3.0518616092061754
2.7189928831117456,1.3483110385691581
1.4128397556865613,-2.8723306649327176
0.7629540750941165,-0.5755141450411604
1.0405933663357343,-3.6737180664250193
1.3182187077139038,-2.9401690969870704
0.6196514370395011,0.8514143333835411
-2.775004361880416,1.6922532178548
3.453604482918632,-2.8727016091175748
-1.0997546533228848,-2.870467379438748
2.2984202516477388,3.373009349721922
2.535650222171929,2.4510911983293986
-1.0889582110522642,-0.9514340990455787
3.4312595007429274,-2.51173167288889
3.072541242818525,0.6737996767026351
-3.1962694217663463,1.2085132663262035
-0.8408946941317537,-2.287900389104732
3.019122258299936,2.4753853043489835
-3.599958335772422,2.340625809564822
-1.4430274030552948,3.1123279536313024
-2.625524469354718,-0.2895074851698048
2.8735538140959007,-1.2314958938983291
-2.9877301599232884,1.7199636160098088
-1.096467051552166,-0.8117157186456685
3.0174692989305356,0.9784335340996956
2.427307794259019,2.4972250505295235
-0.974115795217762,3.3589299981365226
-1.0918152097910416,1.2241557391240458
1.06085902814346,1.3158957830115245
-1.1426633626253067,1.282042202177146
0.9849048663155795,-0.9845423933928064
-1.1414258957331045,2.532097972519394
2.841822871890122,-1.163892463681737
2.9935332925460205,0.6042441575576677
1.2036196373291768,1.7517483241651617
2.4102006662104247,2.775839788631809
1.4696419399248868,-2.557258760583802
-2.4570545580175533,-1.202191170193819
0.7269120579639149,0.9438763120566539
3.102200373274237,-0.9526104774921785
-0.9091767553590132,0.3724203120061586
-2.366634033467192,0.8416437337858882
0.7679539103511145,1.2590683180977889
-1.4064452435596422,2.8446991606791503
1.1774323432302858,-0.752392665214819
-1.3173811067238732,1.20762953278938
-0.79049600908301,1.206466535383542
-3.484191243698686,-1.127516244503066
0.594457096103538,-1.193727932459426
-0.784688967122458,-2.6395352903424203
0.794184273744227,0.6547331726954014
-0.7032507212580582,0.9568375992164525
-1.4088637143379932,3.553306680761901
-2.6140308390645117,-2.7222302016606803
1.2935167153028626,-3.135997031024837
-2.652490979125277,-2.550094499009373
-0.8117774870836291,-2.774133626290626
-3.015564125736575,-2.785960722594585
1.112117161799887,-0.8612513525236738
-2.434874956570892,0.840638953865574
3.3314926927112567,-0.9702197558130036
-0.9695927128254892,2.6068847162759
0.85451409308188,1.1079526565577142
2.6114236933778616,0.5891920341154125
3.6303200542157747,-3.1097272891806886
0.614778559613626,2.772778337015898
-0.9404521970189645,-0.8669122212136064
-2.844229148920829,0.3650925491126166
-0.6315825667987237,2.8983007351018695
1.1648696613616794,-0.8309905283598521
-3.568357273766716,-2.6427948431179304
-0.910961610447179,-0.5954185022889356
0.965927207138072,-1.272520903330177
3.4783660656414677,0.7243575393587677
0.7460627356094475,-0.44646392465368934
-2.5437866991902816,-0.5297371800197423
0.769275339917005,2.3467905261339665
-2.2415117357991767,2.402474618872477
-1.5456110913275125,-2.8037817126112476
-3.164804721067814,2.431736037262759
1.087791585128085,0.9773906857524355
-1.9913486312152517,0.8056967367254259
0.8930835662071931,2.9294297324048735
1.4049753857873277,1.4156286170460537
-2.949676367162896,-1.074644062724178
0.6734914435107666,-2.757360609208929
0.7708846140329598,3.2361168220204375
-3.0623821121579984,-2.825875244746679
-3.0704875732932346,-2.520705514169283
1.0371915761050883,-1.54639228420072
0.9016232278231789,1.620653376627865
-2.3192083599054882,0.9557558672967321
2.9821970991059925,2.7339607010992864
1.0205060691815708,-1.0896772533095567
1.4351935755678513,1.1166689040348203
2.5844229498368336,-2.898571933071043
-3.1463708526719425,1.2129546949633725
2.1236875515418734,1.3726571688211457
1.1279447318440732,-0.7988658453391158
0.49814825360273274,-1.103586149602777
-2.0284705885199967,-3.0893917611371178
3.35353866981049,-0.7418138217719404
2.6372545005284915,-2.236798098772743
2.6549567735738955,-1.0693304476935606
-3.21953187388259,-2.6783213963913566
2.5607095497716155,2.8607104898929507
-2.1751570385827894,-0.6095497137399332
3.47856287536314,-3.1965213572685713
0.99082319279719,-3.0047621348269615
1.5235427509754722,0.8161270452794933
2.71892766944563,0.9970176064415115
-2.2097474563991018,-2.7901670246212835
-0.8181287305363693,0.8230661403212063
-0.8412852584806892,-1.2054614191280453
-1.1022460479426748,1.020758704103864
-0.5469194922874792,-0.6434918005602749
2.742930934649461,-1.1153741670523822
2.835400724434139,0.29902030645632005
-1.2124943477565018,-2.8277241024319744
3.729238945179224,-2.8264893157027613
2.5391770651855365,-1.6222778523425054
-2.693009781094684,0.9472473845560093
-0.2979168078774197,1.0459919613532012
2.7538230476021894,0.643514117502641
-0.8101715803002003,1.0605611284772711
-0.23004616502110403,-2.7853137768491765
2.606098121267026,-2.9852511881125876
-3.1392931130764987,3.042571007672229
-1.1914880658619131,3.1128137466876815
0.513331555575277,-3.3076487658053075
-2.2963758869161577,-2.1235719511848097
1.0612293648743056,-3.539661362332717
2.8571682897813178,2.6956765292718265
-1.5377055849888812,-0.13158954699848546
-2.8000167488843686,0.5623533713136215
-0.48760710360869447,3.2077197942773603
0.948902066072921,-2.5179143578374505
-0.48962293753593145,-3.2506651047333914
2.9255414541914186,-3.060296414082512
1.2471146225122465,0.4055289272195057
2.677698345573392,0.19366674610799856
-2.5082297435169134,-0.005537831497027189
-2.59864373713839,-3.1278458571104677
-2.6574953202669795,-1.1255076389103689
1.4076118435667837,-0.9300831644658811
-1.2190116352934433,-1.4715453154304725
-1.0202875274769705,1.3687260381477244
3.2667580281385584,-1.1666673292979362
-2.8607190567501704,3.6661110284054965
-2.7154727379107455,-2.70807036914602
-2.0947369385966157,1.1886772494395164
-0.7715564764879332,-2.569663801096162
-2.806600314234303,-0.4087316097875431
-2.7280787399461643,1.3793366534574227
-2.9498076623681273,2.486962140154354
-2.5226797721506897,1.4413898278709643
1.2603144389158356,-3.1436731874521224
0.5567514558169326,-2.4170874755683727
-1.680742949952553,2.4532408025002947
-2.175018347928825,-2.850121530127742
-0.9144176628753361,0.4238179410947392
-2.8436509676848307,-2.647878614402222
3.120962442833075,-1.3106569704350313
2.8949194133303418,-0.8598782884314364
0.7464332341845965,-1.246342836398265
-0.9020186238738452,1.3598098149882014
-0.7572190101086043,-1.4137320375044715
-2.5092913087773936,-2.1955479337356985
-2.8931458539807817,0.8538943354868568
0.5021067026116567,2.980765580871943
-2.637165246782636,-3.019717636137534
1.120866480249705,-0.7647330455586019
-1.5033499372861143,1.2663988333685188
1.8048354122749264,-2.8207620760653835
0.6675849321320447,-0.8836547250023844
-1.4325171987152217,2.799575032308742
2.8261905010363564,3.125286400637394
2.6071639482228015,-2.3688995255927074
-0.6374159206175501,-2.4354561357576174
-3.389613716101168,2.331792279820052
1.3182782778882587,0.9196144142241823
3.0914246517764146,2.1356484907022653
0.47648606313336467,-2.060812312756136
-2.5977365528323406,2.780309593954152
2.0991772744836776,-0.8998761946630192
-3.2383526290496816,2.39600024105745
0.794640719379665,0.9355615022825289
1.1194795456471396,-0.7889053095620548
-1.1090956293821201,1.4796550765042455
-2.9680917663519146,-2.888193728548789
-1.2639109828565351,1.2913941691177446
-0.8535425315681049,-2.724959932119421
-3.1770124581559647,-2.5328862696331234
0.573080519046558,2.4191242868325227
-3.3314518643961146,3.622837151207539
1.783675558584718,-2.5315372464568293
0.710660318261156,-2.991882128835474
0.9914169385688197,-0.9958742547609836
3.2073218585636134,2.8187820816792293
-2.6398226177623,1.2577642167326644
-2.33251873967592,1.285759775574999
0.6717440943326516,1.3496845324403672
2.599573166170485,-0.871455907026898
2.5543308206595565,2.9678168006683205
-2.6156080893193816,-0.9345968957402576
2.657146366150341,0.19069055705600266
-2.8398716481884074,3.286095317533591
-2.9262993807225666,2.388493336696839
3.0685450584687657,1.267082434333968
-3.2107296620860337,-1.0993892989571588
3.6572176215612817,-0.8106804541509027
0.8840596928990209,1.0738022607295485
2.840011348791842,-1.0421749874892756
2.8206198693968476,-3.190813720808289
2.8120476214849948,1.3389681804084648
-2.7978086207734267,3.202661525826031
3.5169069919178293,-3.3106949940610737
-1.6742960586070736,-0.6611397273349645
3.479485993155432,1.5067702097120022
2.8939679840863852,1.7437053442824246
2.590782920561864,3.0440625278047806
-0.9364264913726393,3.0476689427563013
-0.7892503647937571,-2.8718652922554075
3.3662920917944303,-0.5647574178173118
2.6859304523895386,-0.8716616474706737
-0.9477608481915182,-0.9748670340012638
3.1292949582194947,-0.9951233008077108
-1.4283678121028767,-1.0769597207348722
-3.0146548837314637,3.6510887563786487
-2.27989145938354,-0.5172899753603288
-0.30764900510191817,-0.7035035505467093
-2.6238120649760344,0.9161533318713675
3.5082030210582444,1.3372301505059447
0.5507369382473557,-1.312299701572079
-0.8635181091829107,3.5299994223721787
1.467265621431891,-2.391964234892448
-2.8259159308418123,3.3065182978520213
1.3739591846855037,-2.9493761390761857
0.3716200097909903,2.910469896981387
1.2887256044787265,-2.356462907714225
-0.9948129576247777,0.7903649814669311
0.17656800888732466,-2.535487695528538
2.5084521122350876,-1.088438142687205
-2.8866743263770336,1.2958618320002937
2.923552424509847,-1.1192535770052754
-0.9102995805833942,-2.213611173190815
-1.1501416521997774,0.3039766474596223
-0.7157568601207159,1.3800000495517448
-2.7091579914406925,0.9196221776538076
3.633995475321875,-1.0067827497005177
2.1460597828642043,-3.573131396846812
-2.606757242192223,1.9024095617589452
-1.4834265850924906,1.2904095305483536
-3.017766972059315,1.365348114646869
-1.0321938099732095,-1.0754773161896365
2.4496512512494313,0.6780644166242774
-2.9674931938408227,-0.7175720547541601
2.8797793816429964,3.17138349596418
-0.47766674990337865,-2.51473258993306
-2.374654253428681,-1.012778329791975
2.433490716010618,0.7696930301947108
1.2688556655999197,1.191970035681283
3.021654684268726,-0.8771586109980799
2.4357748169551208,-1.5157900376714026
2.569516274619336,1.0091557835598814
-1.5021518182590752,1.381583240375046
-2.6151972929724097,0.9576138633509612
2.2114534337683325,0.3556565984351812
-0.48891701350754047,-1.1161424180166186
-2.903284652668204,-1.3069899633459698
-2.6527736681153073,1.0469393569460756
1.4032199741878317,2.9035958759247493
2.6999564249224806,-0.9205691542967462
-0.8922683618879226,-0.9876463331912687
-2.683836394786283,-1.24263272749595
3.0658390245160136,-0.7616435025884537
-1.0419870768548363,0.5473304646126711
-2.6689273974845835,1.2705138850320516
0.9377867406846672,-1.1179093114028416
-2.663815700536276,-2.761831573780271
0.9163013114415788,0.8645019817700947
1.060227463672634,-0.810489855746996
2.999493765027956,0.3211149925196427
2.2996177764879713,2.7440029338026894
0.7645277190228004,2.366900947916074
2.393076365948891,2.78720374434839
-0.8197544857414798,-1.2304384107957966
-1.5934125511990016,0.8217861663045535
-2.592095083183522,-0.7363174391594399
2.7538602729843644,0.758545758422021
0.2782655230706216,2.46533546618167
-2.7328253103798157,2.8397709175149175
3.2911174991158454,1.3973692522576835
3.6892596521438112,-3.037436761421826
-1.4705273272531734,3.2753731389690386
2.6908878647308336,0.9078192999451506
-0.439834358670768,-0.6641161622697985
-0.5692386343981236,-1.0564673492507586
1.3979639951832223,-3.460970823176218
-3.159069642861827,3.089805715830722
2.6002891300486546,-2.5907576333252567
2.774130513825925,-0.4693370937720373
0.4323243673185849,-3.032637430696725
2.7706748045459055,0.6924108427251953
1.5401384099270308,-0.15839930777808736
0.5039983332680338,1.7333441189666772
2.9248481652278637,2.9393136511278017
2.321061860165633,1.5002544858006222
3.1150140492989973,2.8933727795925512
-0.6729864214678466,-2.546834565737553
-1.2560555338098403,-2.7778465281032414
-2.705326931035016,-2.6150901700045734
-3.2373867686626676,3.0438352980045686
-2.1750203493779527,-2.429333944435607
1.1258362301489708,-1.58736870342505
3.0109353235889578,-1.6711776027845584
-1.355108166425586,2.597703089693161
2.7226971624679255,-2.9419529605980697
-0.9417835402701338,2.3433778802484344
-3.482884795586712,2.890988404389464
-3.018042560839402,-0.4835702874221318
-1.1774004290617093,2.8523853437957767
-2.891131004080302,1.591928622539192
-1.4069407131477942,-1.386346802823334
-3.6085066157583503,2.8018822137571076
3.0322623744337793,0.9231904068918458
0.6652764827434671,-2.9687952064418703
-3.0609897568220332,1.8214471377597643
0.8909500265455093,-0.9970404329306114
1.2719158167163755,2.686997983039653
0.8928895456510726,-0.9133763684906863
-1.4218296030676492,-2.3056379137038037
-1.1112312386427903,1.8458103679842406
-2.9053725363750673,0.9741907288653643
-2.691258707325897,1.0299831154973091
0.7475395131604066,2.614725764488901
-1.3287474267842259,-0.38475851768164016
0.5194806571259499,1.0150150209058628
-2.5904804921868387,2.7562417138186017
3.3267965260466617,-0.7613640243337078
2.2389108423509536,-2.5575327869473963
-2.329169060111655,3.0918303061494283
0.8030896067333269,-2.6161866046516726
0.5243602735314721,0.740782427571079
3.0617040511551976,2.4386613163840773
-2.9812252250372437,1.0684798392072044
1.2122538145238182,-1.2701814114387042
1.5689521879660038,1.00886459215741
3.1498468759628038,-0.3180056611575295
3.2517802323561944,0.9199232949738106
2.938490002908811,-3.05875620233432
2.709533122278278,2.8107858604405513
-0.5759199954250328,-3.1326774456461237
2.8531762794395554,0.49465426744044816
-0.5427491871497899,1.4870642388757538
0.6487285861742459,0.8139298506912593
1.0672853838890193,-2.7420112249388264
0.8673983821541954,-3.22776073497276
-2.794530882278524,-2.4466128418460418
0.9024227409291518,0.6552437584366737
-0.9285661584551942,-0.7606516346998411
-2.324341057974098,0.5484007104991276
-3.167912006955072,-3.625421483233253
-2.643959569123784,2.6166241756657933
-1.4340583607550268,-2.2064994167759444
-2.620273076567386,-3.55828976175772
-2.1561817024831007,-2.8586967789368423
-2.691327638031221,-3.772126223837653
3.395972273825481,-0.9458068925216948
0.6416927087265322,-0.9275815068249468
0.34104962490638085,0.9964957366984406
-3.5356056817729624,1.1419528343841743
1.0516546697384983,-0.7997525991745457
2.6919861659877267,-1.093947597077326
0.5601966323021916,1.1682200162944443
-0.982956817008209,2.5500908218417697
1.153236078469909,1.1381828867148498
-0.9319667518625327,-2.6696613098166435
-2.675625764947138,1.3605268744224217
0.5954733248677863,0.8602898043992104
0.7424978513365327,2.740127234373437
1.0261941682115,-3.077750589711747
0.3019192916482883,1.0467646583967918
-2.887314133974129,-0.26699445377553327
-1.1999229521257726,-3.2279439652946733
-0.5180360804198689,0.6549166843821943
1.374817204569548,0.6885801844337293
2.440638550180419,-0.7506412759422825
0.8697038399834078,0.940491823382715
-2.70857881680134,-2.5233647497438323
1.144512733657013,-1.300802161067402
0.21511542717030868,1.4892951664449927
1.0454286037482399,0.8563625495838788
-0.9591572230266812,-0.33209316826620466
-0.579499530971599,3.459379335494739
2.9938521078202514,-1.7673044582877675
-2.750006823229889,2.6777249219645145
1.3480830375161716,-3.2684399906941244
2.563166822512735,0.8500901471471674
0.989239037682303,-1.3413510289662225
2.4800302157720076,-3.0439424502796943
-2.241850532874485,-2.4856606580709912
2.4497642378111206,-1.4556310970050834
-1.5480203346730994,-0.9105987395266558
-1.0046820233552742,3.030849392224539
0.607548534349918,-3.3309101737233386
-2.7636314062663954,1.5595393500969292
1.503830214046985,-0.7143821620491326
3.092828751687979,0.31413861315425257
-0.6359116315618945,-2.7219321848076694
-1.175980965297203,-3.4753538044284733
-2.6016501170710566,-2.734841870172237
-2.760225574424402,2.752939940757055
-1.7499382972559245,-0.5247889321399963
-0.5471689776078074,-3.314154891885032
2.266845048671919,2.7239675921754625
2.980611105622909,-1.254470776463409
-1.6396470172047928,3.1254645504026017
2.383115982138974,1.2289982079662154
2.8729239855153423,0.3091784817158388
-1.0209006675932775,-1.0049395105288494
3.485178586345039,-3.442898620592307
2.5844500559118297,0.8937409730267355
-3.0240201794913935,0.9071360376354886
-2.487912874940226,-0.8456634239525023
1.5809137849254338,-2.9907282861224602
-3.206360964565996,1.0973461873425459
-2.5986866561013837,0.62539438736775
0.2999173961572319,2.839998143604541
-2.622592997855363,-2.9503028655470667
-0.5206639620084694,-1.3882887943884255
-1.4775844380991119,3.6639823074297246
-2.094855292484876,-3.2824050435442986
-0.737397411604882,-1.2688564660102088
-3.4067167235994185,0.8772081608410323
0.40137926481653363,2.3600296230334514
2.5707996310949093,2.1793559094967088
1.4579304995398685,-3.1587935183360156
2.7997752766122654,-3.1457069373286024
-0.7544873614891785,-2.7720821140716163
2.366969792536776,0.5234079756034111
1.4100246509839205,-2.869653456801619
2.8155247444692377,2.07928484116143
2.9736925035005166,2.021457790986228
-1.086989551201657,1.3447850402580126
-2.9590003925699198,2.2869452135028547
3.012181008766269,-3.206502358444441
1.307371147881338,2.5268705917693146
-1.3078785978759648,2.546017112221138
0.3214652617021935,-0.7517950877140579
-0.7441910370516195,-2.969017715042325
1.483314177252026,-2.4307167075057774
2.9787943684348686,-3.5415522795267025
0.6926386564987932,0.7460752297520954
-1.2141847243366166,0.7421721404241541
-2.973356592682647,2.9133622486342374
0.7763831823610463,1.1835840995449403
0.1127076966896358,1.5541403604937916
-3.5112518380817113,-2.7618310738858454
-1.1144535183723412,0.4989199289915055
-1.5248673760763602,2.928009205214901
-1.1565150086867786,2.5988698795833236
-2.968723390886644,-0.2283121709153639
3.5055822178386573,-2.895928520036197
-1.3115531357598318,0.9599899366792474
-1.3852217812954806,-2.0331206755177234
-1.3085439295152177,0.6369566783974477
-1.2327874529223586,1.1065332520172435
0.9871183444264974,-2.9730029537602847
0.5969714239657058,2.8180380817667863
-1.2199442729877603,-2.8963617184360277
0.9514492366496018,-3.050092734498937
-2.9726695140443584,3.2741078373457877
1.1162028688494428,1.0751538538511065
-1.3167980522854548,1.4044002137120217
3.0809164120135466,1.9814989865416426
-0.9293761239444273,2.7583182321460464
1.1440902598153218,-3.090177795948984
-1.176560036443956,0.6854626749047946
-2.2374460213853538,0.41479295446816156
1.1832192343431494,-2.7656856909203302
2.912502824026271,-2.3944840722827023
-3.6330334973823293,-2.4323626822749325
0.9898980618477898,-0.7252622421495519
-3.694313757466788,3.168312062352994
-1.3198601817261082,0.5563222442392712
-0.7450837791430964,1.1609932227836286
1.033605250560638,-0.8481932144087715
-2.8011140003597754,-2.847887782200642
0.5150978228001454,-1.6390483599168868
-2.3193778718996754,-0.6443978939567141
-0.5107018796318012,0.9675962221617548
2.8181879168477972,2.6476854592271573
0.6729630111467331,2.310151767611818
0.7405020930492555,-2.505071834519055
-0.5882566945981902,0.18425078847497198
-1.997560997873883,-2.955910933435622
3.260342874288137,0.8198454910040017
-1.6060166254090833,-0.8970440443358189
-3.1954064547655077,-3.2482788438594263
1.036945851105735,0.9400175717088258
2.970168967076185,2.6798138078562728
-0.614603233509282,1.568000980118541
-1.1869983892113811,-1.09938246698943
-2.6563390776351077,-2.80052207771878
-2.30513190807506,-3.003762956424789
2.9960593486971225,-0.8723410251582294
-1.3689440993176465,-0.6103022793375497
2.5144421359851297,-3.210936091073655
-1.2619011316789381,2.9486614864608023
-0.8795953790709276,2.509425684241182
-2.6921838586549165,2.974691772598953
-0.6887261901086117,-0.544137803080733
-2.3512113355343476,-2.7441886377989366
-0.8351889244600047,-1.694780068172258
-3.014676477886923,-0.6707767619440442
0.7906661096694791,-0.8575012877352618
-1.1538208185627354,-2.881975427485758
-1.1245788964923267,-2.853577791643967
0.8346367274241084,-0.9769436501394774
-1.399976781408751,3.288318426355525
-0.7451625253269545,1.0048039924170282
-1.2023179652687577,2.7975752379867744
-1.4543206036884564,-0.7929790683465888
-0.8527114378916381,-3.0515028178023114
0.9978548657904693,2.5903014694149897
-2.5963350821606106,1.2835935160473129
0.8184285761497444,-1.287612519699652
-3.4655686481585897,3.147536728494633
2.9525944380800486,-1.6727157978683749
2.503004665233953,-3.141043929294054
3.143449833393286,-2.6989808374354323
2.7835110225318034,2.370000389306927
1.169446022568002,3.005370682606496
-0.3648390188915282,-2.6966315852408274
3.0760377880095544,-0.9059636626323387
0.05896745272241036,2.5975892045347253
-2.5630257931460165,-2.9857591363134466
1.4925119188111096,-1.110144635115587
1.024630546607326,1.2079225372378133
-3.020042421890133,0.4825290006901999
1.5993294120555994,-0.6006721589309739
-1.1413806624406926,2.832116023638462
-1.026501158966519,2.658479398337912
-2.4590842809665765,1.2186694765702961
-2.372134604149545,3.40007458340696
0.6886685653231237,2.2935139656645798
2.871828239514051,0.6476844494858532
0.9456361402915385,-0.96922803365955
-2.600931888826857,1.305516160033916
-0.5063388530708107,-1.2675534332231169
2.1488326775253093,2.536387696790778
0.8266415502837086,-2.589307454289143
3.574621449309577,-1.8145604786912115
2.0504558323552486,3.5250598606944004
-2.684654587411829,1.6249857948560296
2.7901438585395733,1.2669354788181177
1.2061676369373595,0.8858673699272267
2.716060057701562,-1.3588568234897571
-0.5821675453422596,-2.4346303466061805
2.3031695147644733,0.9386564140703226
-0.30281027766418095,1.100207967913244
-2.44626665703073,-2.8639743204438624
-2.177813611618929,-1.1241341117462633
2.6223437589922325,-1.3718758334960657
3.4647395274244013,-2.9204115772761177
0.245908020113269,0.6777387359164055
1.6788695156717335,2.291470042324958
1.660169957230024,2.434829748346185
-2.461399660594483,1.8788276323612436
0.9813303091614569,-3.132170953090834
0.9221274818760234,-0.34344275340114183
-0.821399425544967,-0.7816757579915055
1.4306740072390864,0.718538539083692
-1.331557299143308,-2.4010978481428427
-1.138295194040526,1.279499274079016
2.952559568189959,-3.0903776415950106
3.055258655105132,1.0493031335525118
-3.1295605393761785,1.1791489399060227
3.2688821186944677,2.1832723012133983
0.4532719594294746,1.0789889787310272
3.1157482568373243,-1.2797839522643828
0.8026149219718187,0.8355737504995774
-3.5713370272117952,2.8357086786202124
-3.2694327912211008,-2.0703240938392002
-0.38824754689435814,-1.0945940995885188
2.448734049987418,2.5400670348303924
-0.6806160568785089,-2.872943079724978
-0.5869631319127322,1.2723669640183022
-0.6308365070964504,-2.03756824642417
2.8440066845237126,0.4585146399879897
3.4188313157575534,0.5234938935695339
-1.6750429066504255,2.7588339431145417
2.9085949739707995,2.72551939471551
1.1846943517057265,-1.0793511353364442
0.91271654354547,1.0538550050002
0.4463674049247876,3.146849603414446
-2.1540691108703514,-2.57534485509752
-2.4779151312721956,-2.6995964717657213
-3.327832056931841,2.833074846404522
3.2867094851796277,-2.683963957011858
-3.3750023300190675,-0.3551470162335661
-2.280549898218208,-2.940462013892924
1.342366927599351,-3.180857163523649
-2.4300391763028886,-0.6329398853482677
-2.3816178359341014,-3.1991636646381507
1.2886319332984646,-2.1468668148149797
2.9378279204955775,-2.168291359863418
-1.1700813638740402,1.3633428091880084
2.323102338004372,-1.1412580071041183
-0.8519552804137558,2.7054713332393834
3.116034325563964,-0.4748007501986909
0.7643498036921234,-0.705881156166239
1.0966489480182482,-2.5443714904077614
-0.2949131096326916,-0.8168845525571578
-0.9396033003071054,-3.43894706389862
-1.5360473182658232,-1.1824215153483404
0.9545802897080344,-1.1044256890287591
2.87807569126202,2.7624394136292567
-2.828168570971889,-0.88951762738272
2.310742212953415,0.20816716144949118
-0.9870204273512528,3.0516759518829097
-3.097741926024905,1.0905098084367697
-2.196227306592653,-2.412127784775879
1.0242748780942135,-3.333058899308045
0.20286219960109872,2.3334145537035846
-2.4450755231748627,-2.802649205142343
3.104866817418529,1.1861939731931281
-0.7565996598968334,0.9220349822508426
-0.5318985360095335,-0.8296932404333498
-1.5592814923544163,-2.676032645793759
-3.1739701598074257,0.9565885449456372
2.4701739186512577,-1.2300612514485887
-1.2646054110131235,2.3176876771440846
1.233835787496265,2.6511897669145132
2.9165980187776666,-1.4651220410353387
-2.788174262666003,-2.426249927631906
0.9859887591776628,-1.251216104085416
0.9179553553372688,-1.036493012739977
-3.1087878537080256,-2.6910316151149463
0.8965445738186141,0.3896434514433635
-1.2421934619228596,-3.1266401403950996
2.8216749425263754,-3.4547989467322093
0.8555818898615469,0.4767597423417946
-2.346453633525008,3.1950179355732113
2.466581195053674,2.1984119054412994
-2.5801355300532585,2.925173452745247
-3.144028693227741,1.2716251539150218
-0.5477015939959847,2.8304570372477373
2.3846680944887866,-1.3726744727946965
-2.988162242340566,-3.116514477958861
1.2050160604247573,-2.7856546439076935
-2.393778853182635,-2.5398045456025256
1.7331241943787166,2.659513287329137
2.9331122822520035,-2.470826856778647
0.7322412740986376,-3.3013283198397865
2.415242230849606,-3.20020369093913
0.6830525635861466,2.704389995896236
-2.788904173529758,1.3154507826214106
0.4329562583402707,2.653740577033597
-2.7551496781915032,-1.0831150799033726
-0.26264843873226446,-1.67889612967634
0.5848487766870771,-1.21623633914489
-2.499193263050471,0.8202796901185987
1.1781980485451031,-2.3141734128668396
-2.673847270158069,-0.9475534043695795
-0.626051494202024,-0.6020460266710795
2.4460746356086798,2.494465041443684
2.518423563702446,0.9350971440340499
3.0146698339521816,-2.147783303287377
1.9803030929312158,0.7847582193522227
1.6299887131187758,-0.7911489520418362
2.9898631692255213,-2.9503663906771305
3.3943676130698193,-1.7185300993910875
-1.4490502946245225,1.4491272941041162
-2.3254782972026673,-3.558311072203282
-3.7590866985416027,2.811290168297993
-2.286520452423497,-0.6311068725950821
1.9560772214742708,0.6723977758869786
-1.093204794482207,1.3198882476322988
-0.5991182307748101,-3.2391109885116114
2.9796670875538975,-1.0354227603709265
2.278579027583244,-0.45475715311722037
-0.8598315309764575,2.567078473842959
2.4802723054398,0.551650547882936
-2.2694496140246607,-1.019190564454501
-0.6147233667613363,-2.703228943396947
0.29284648403426894,0.8723403417272948
2.604546448894841,2.4733425728662537
0.7127554211978098,1.566773988467737
0.8723345683057762,0.7753880986592324
0.5271259800356747,2.9919765144237376
-2.9021036863481684,-1.0118925840216495
0.9651127473465118,-0.9662758234789023
-0.8349723921498106,-0.3028831301443
-2.903444334001655,3.553564794432195
-1.3119215820323218,-2.267922788982704
-2.5033974330466138,-0.7315976821641786
0.5892909868013229,-2.525252125664398
0.5868590763887512,0.7821435514027754
1.0734383586118634,-0.9598380382611669
-0.9278915221577233,-1.1698855351316546
1.5960216210614049,1.1328034235482176
-2.838745624937633,1.7635780449026264
-2.8737017045870794,-2.2232769198045
2.8953473212175322,1.7446929333142944
2.6868426004039727,0.9058941089289624
1.337944389912396,-2.7159302587987155
0.9173821740767674,2.300344017956556
-1.0830339974500351,0.4604545133243789
-2.236389859830035,-3.110913585101894
-1.319999306934318,-0.47956611178426956
-0.9306863438820135,-1.3213115596844236
2.5964555983674873,1.0580314612436692
2.578897369604452,2.6031068826847625
3.2702922703848976,2.7631199448214314
2.4124196818022496,0.7880895224781712
2.8906139074405064,-3.6883455925548048
0.4855897681268486,-0.500641802422554
-2.8795665577799605,1.2961069298206653
0.6632647077203396,2.859195884622653
-1.0095440655496803,-0.5047985400045956
-2.735514372660293,3.181784831408056
-3.0548370436583765,0.6646139816189461
1.3835414657639056,2.5657912848753157
0.6824979862452852,1.780364964439124
-1.258483693261299,-0.4735155715838413
-2.6538420531929,-2.3022608602885524
-2.6612365852111206,1.255260729161914
-2.7842232731239047,-1.1004942966188687
-1.054477671410757,-1.2936288896339294
1.23850478587294,-2.290285807823192
-0.979680849987301,0.7248433370580206
1.9904795087641929,2.7307113537892618
-0.3971243558693622,-0.9222461718981191
-2.6984451350210583,1.1093177816341935
3.0488809524603853,2.5612845221902987
0.5103943998236237,1.4878540186901785
-3.749574376050316,2.5065826429165003
-1.4875758464713154,0.7194969978020129
-1.88932891439557,1.3947163490468641
-0.675764654993168,-2.6438833598463067
0.4898977562707047,2.5756828285826323
-1.3654353955325689,-1.0345028631183875
1.1972543778630609,-2.785884530275627
2.8383829652879755,0.257061952518483
-1.5897278463096358,2.6925957272301266
2.560016780811946,3.1799625526378232
-2.8607558199077996,-0.517632339053861
1.0481445722974039,-2.6975472311226527
-0.8452844779476576,1.3504307818880505
-2.672906650686956,-2.67932659485927
-1.268472405487814,-0.4039078257077643
-1.1264604976444481,-1.2658045558054594
-0.8028575239879318,-1.3922173491570902
-0.617145902630397,-0.47509569036121513
2.9624161537750853,2.4132746957619373
-2.9695193037734517,0.8170790713456871
0.7407580699248787,-3.2739930773847807
2.772747122537004,-0.9207567643667625
-0.642873860353447,2.691058372841959
-0.9405509692400935,-1.0256245786478526
-3.043335632709875,-2.967157809817308
-2.573301837488942,2.806613982631556
3.0986034712759616,2.8896445078503534
1.9148923260052666,0.8783938960516945
-2.6307426327295635,0.69069777019118
-0.3964761701576733,-1.4723029901057116
1.2166093356578451,3.684362252799344
-2.9950286238142096,-0.5197808326655745
0.541177397742143,2.3741460607074667
-1.0364239930671413,-1.0670305319819462
-1.6592715288663087,3.0435191642198265
-0.8969251090329837,-1.2321085295330516
2.8272381415248944,1.4151611586837434
-2.7445181026984975,1.670019641330988
-1.389591097124591,-2.9420315128571874
-0.6319118891346243,2.9743666591725857
0.236195916372696,2.2336142580272793
-2.6364170739489308,3.3183220531928233
-0.9130724319574773,-2.492138232248621
-1.7506874345925643,-2.9956678929069382
1.2778285017450342,-0.8911641879101384
0.664137159253237,-1.3384220183968158
-2.300732487116516,2.8926202680066604
2.50251443669353,1.1721998444721988
-3.225068695039582,-2.9480132189037014
-1.2924434101367077,-2.6678275123710398
-2.5743085102605776,3.108666517465877
-2.335664002110067,-1.1556772875889298
-0.9597222749885542,-3.618992248078656
0.844197334419415,2.9345701736848904
1.139650247724131,2.8970146887423667
0.8844615594906471,-0.2421859495084861
-2.564859201379381,-0.8277568162299735
-2.8016092373053407,2.589838753506264
-0.9415960109682442,-2.2932136422487863
-1.657727616606762,-2.9353074123445135
-0.3124067429434654,-2.424008762436058
2.8291270673087623,-3.7292651703357786
3.326266785342935,-0.7232837642156391
3.000163185889501,-1.0195216082599534
0.7752930362926419,-1.2011487763493898
0.7993675554333622,2.78079337794335
2.742347674586923,-0.40261363639169795
-1.6266335250376103,2.6970953898117838
1.2377349294354767,0.33408900037114997
1.5294543123226667,-3.266444177682415
0.7742457553584519,-1.4067589529761222
0.8133077583195304,2.904479141395947
2.0111739848139054,2.5910026484593884
-2.809521361986029,2.7895621609921304
2.9962669551520853,-0.5711164347502952
-3.0383975829213927,2.8812064632662984
0.9749945594002452,3.3467026059360565
2.422110985270874,2.0874399999411577
-1.573713879409725,2.720041007473418
-0.8814247278276381,1.026060209197156
3.314596716247394,-1.2354183242338626
-0.197111442204848,-3.008919064838958
-0.9640358893056408,-0.6433913739833367
-2.903098649253741,-3.152689646094882
0.37381327081475835,0.9949857569369943
-3.141695700013255,-0.43257302664724057
1.0010021913565392,-1.8296603365839297
3.5435162202942334,2.0244019287311947
-1.2030534512645286,2.910104850430097
3.3760250753378935,-3.0402732265640764
-2.4986632494095753,-2.491319604105972
2.583982805146139,-0.10099247108580311
2.8987169116956,-1.1267284701638833
2.9694232550727078,0.36763329914520865
-1.1557618830129512,-0.6827693419107824
1.2360572811720305,-3.3197336621118994
2.3818870005555857,-0.8910019416033007
-0.4546735404220373,-2.11007972414009
-3.0530419176276227,2.538915841920063
0.9578870009999544,0.6677673288944397
2.1588724071603784,1.9284241158434106
2.613227133404768,2.5685560271350116
-1.1344835784387126,-1.2422494802960244
-2.610824183922058,0.8265029407988265
1.0590410207381544,2.775693781902949
3.3288076064691015,-3.0320990008922144
2.6325769198661626,2.4101925591792073
-1.1024456247678234,-0.3726669887988718
2.617540598129897,2.286289303025137
1.384717618094523,2.18682258921535
2.53840022353686,2.4608251660305367
1.0372876984815487,-0.649828877827002
1.4868060224598545,-2.7176325572852265
1.3923859399057623,-2.617180646655904
0.059639791365442146,-2.8227411859956932
2.5826958893358145,-1.3497228260005671
2.7069400131842825,0.7996357855899479
3.081527849478251,-1.8920534034558096
-0.617195224755967,-0.9550380819536235
-2.361325044018508,-2.7036194791252437
1.0089265451223681,-2.7924966856340134
-1.0924685972979253,2.9275562029074873
0.9644173973240617,1.1243732209869084
3.3872012143626438,1.0743531605490846
-3.2521446719061693,2.7417296024358584
-0.709148381154072,0.9662183160273327
-0.9175376131518714,0.7504467521282616
1.5855318436610326,-2.6281097238033997
1.1667899694299917,-0.8238248638502894
-1.1451059854849583,0.9602556396820146
-2.354058297437849,-2.5218888602816922
1.0042741944170026,-2.2056137983942774
1.387497650044244,-0.9002961692102371
-1.5925026674707932,-2.2905902657867734
-0.701758648241798,-2.721541995749541
2.803629751889531,2.6203415208426426
-0.4463233724033764,-2.323141979917916
-2.7981219880212453,-0.6366661080015485
1.1620523700130467,2.7118774476045355
0.9244825373150938,2.3029571345797084
3.1855996206321615,2.7570319499080633
-2.5885686270640265,-2.258565232754738
-1.1714436424537205,-2.6519785254988646
-2.4271358670586523,-3.7377977017194257
-0.5547517989291755,-2.490788762391879
1.533721950019462,-0.9939385991524018
-2.828870062664833,2.6456069005114315
-3.2111354187901795,-3.0805457318593987
1.396310178462266,2.5327820682014304
-0.9492778986856907,1.426693991531044
-2.741958476102707,1.0427061171728673
-0.8193274566304581,-0.4057988395750613
-3.2694367639350403,-1.22508739587175
0.588742116433295,2.9893058278190545
-1.1413793070566587,-0.78811064588097
0.8873549945803271,2.8258281730384627
-2.6244373083885124,0.9552213312678293
0.9649309691286548,-0.8229254787582965
0.634894532272024,-0.13679036115263726
-3.5885630777642032,-3.0463656255027045
1.5807353006013185,-0.9954320722950912
1.2864798543411833,2.9780309896098243
1.3113294554002133,2.4005780137205934
0.6928873031523107,-0.8040091104704339
-0.8302895844095047,1.7248030571755375
2.3443442780467687,-2.7336113106199336
-1.1185340604116703,0.7412523062151801
-1.2693023321740313,2.8896823279222663
-0.9477996226883509,-2.5974534400079117
-2.6627832783004903,-0.8511939967974982
0.8045576927801645,-3.5430556276434824
2.571010290753819,0.5814137610147654
1.0134558962243188,-2.6311089656500384
-1.2226937092442938,-3.470787974063683
-2.7359751220751294,-0.8684807829394386
2.721234550598983,2.908053639683456
1.0249284159908683,-1.074127303958271
-1.2009991690693027,0.9607329663076764
-0.9932006102104428,-2.169915741660249
0.6290630282766143,-2.495107135208794
-0.944966133717098,-0.9867743808558995
-3.147710547541178,-1.136609978282458
-2.2470237678187543,-2.922731322211249
0.2969743756288818,2.2720764348528943
0.9350266396732776,1.0376484465362423
2.517382400970137,2.5163394334118876
-0.719787439599935,1.1877633304413961
2.7581871494657446,1.0612362950738143
-1.0079510868843393,-1.1052720282417614
2.831200254572798,-1.3717501483526124
1.9534867216075462,-1.1832708427421637
-2.8039093538361683,-0.8685947784242877
-1.5910220783678508,2.8493803960219686
-1.1577194770001522,0.6874989036609872
2.767595406134467,-1.9722799950662466
3.132575071100118,-0.7295644145804228
-0.9219663121511447,-2.66645686695025
3.5129137179240177,-3.277507177909118
-2.6160817631569517,1.9036993540402993
2.4834813105033082,2.4640770328986856
-1.0887463734851426,0.860641980623722
-2.8216461454002664,1.4173359215557801
-2.5210298228567254,0.617025702728236
0.6697899055127267,1.2857617536680206
-2.657353427654025,1.0397104169806084
-2.923397309715663,-0.6344802841891466
-2.310776308271628,-3.061109180364253
1.0822894568349632,3.216337633655252
2.405516590903328,1.3663836679208392
2.6455909659099484,2.7129393001208837
-1.409549897011389,-2.8080178233814723
2.511989445729298,-1.9726620851207575
2.697692046999956,1.457705112662882
-2.8170092941344707,0.8938349152342683
3.0349409422797184,3.2246602134519353
3.3272687206346294,-1.083780376462687
0.8652929016325965,2.591903635017685
0.7089982204311897,-3.1150749556289403
-0.6366846106195974,0.9089474309994949
-2.6998853253984847,-2.8718397818979833
0.9863396408210611,0.393292238364563
-1.0937136276264094,1.3314275757013807
-2.3401085102620365,-1.0544289376613964
-3.021444919652372,3.9404231149856233
-0.022574758071407918,-1.0103139078179075
3.1528018107418236,2.2646750752646905
-2.780324562336729,-2.436040195225933
-3.0483492155779675,3.078103492350424
-2.5625471187927897,-0.40140953230607035
3.2049138213410426,-2.9887368777514727
-2.2618585222975107,-2.5701799585373557
0.7843935250101699,2.4780790703208515
2.7997983299017077,-2.416697759061495
3.0058740054317656,-1.440960723672047
1.6004473131741774,-0.6986500431616465
-0.5651374643659324,-1.2667688625564786
-3.1688578134899297,3.3847704952981763
-2.9107956657782608,1.164541575376671
0.6954322848671259,2.509658673348307
0.8727222886098551,1.043596249855497
3.1588244371181937,-3.3902658975612163
2.787571096310775,-0.6428449013813705
-2.4115823660513294,-0.9651247317677999
2.9283381326333005,-1.8340223013286905
0.6095636333587613,0.7909911231090784
1.4788858761934482,-0.4539264143188097
-3.5608214197810466,1.2298945751158983
-2.602455511177252,-0.9530022905526008
-2.8672294236282196,2.713299061874721
-0.6017919330398378,-2.6051900673514146
0.5665764364225645,2.782789764498275
-1.356732846517898,-0.6793109591724448
1.580016528082247,2.199474167849227
-0.8912652059718174,2.3046551476908856
-1.2049443437783103,3.1645873782730063
-3.015686980252635,-0.770281205704657
-3.041938677566036,0.7625258404307761
2.8938314466910517,-2.6392682621523256
-2.2801434849603015,-2.4166126435718476
-0.99487072863038,2.5609092105153826
3.336163800140865,-2.6520267492738645
-0.8250493281837233,-0.6294792419227632
0.6812733382849349,-2.783664635205856
1.4307667361599499,-0.6974615191638378
0.3668733195932323,0.9486296148873768
1.186695636750286,-2.5580524088793863
2.8546377725749776,3.488142966194045
-2.562956703191685,-2.1648431776618695
2.466479800824704,2.09545459273048
0.9380021459219531,-0.5693019652812256
-0.6348137060723764,-0.9292146778751073
-2.4101557992521068,1.3461024769543704
-1.1094409177267894,0.5784397646640816
2.8101974614075766,1.3539312613741303
2.7416080524345223,-2.9651727792182094
3.322665822211874,-1.389518534437697
-0.3845916999949444,0.8869925636729439
2.8487674347843313,-2.930046449419394
1.1808665390210809,-2.621711116252303
1.2335568615541217,-1.3936498017395367
1.3673672679318027,0.575333688747643
-1.6281088165893782,-2.844730184394048
-2.746817909526008,2.6823961755945978
1.3588576938917367,2.8026171657883303
-0.6982659920715306,0.9852033184588765
2.9792748961980826,-0.8605357182205048
3.0323292087722025,2.6020451016651602
-1.2002604632353768,2.466528111457354
-3.1485386265053514,-2.2482835617433627
-0.8684155563378033,0.9753480649498535
0.879118194265391,2.2562230870636357
-2.3926621838211606,1.159697736998903
-0.9225021052589323,-2.846917701861445
3.0621469970062734,-2.3500279683508905
3.1019410349409076,-1.4196370034377608
-2.6652141437650743,1.1493027866185346
0.702095756333702,0.6540900659292221
1.128947293218969,0.9501127956663817
0.7732545738753409,-1.4008422843305588
2.867249706706122,1.3813280173597657
-3.1754765947298575,-3.1832235423780544
2.447042884034227,2.5907012278035806
4.059057793240471,-2.487529153668162
0.6939386172771526,2.802593612132219
1.2439565273137543,1.415933878651521
0.6398607877703125,1.1331658736886492
-0.7657406892607227,1.5221456557303237
-0.7505223689803736,-2.884489121807435
3.0094374608055894,-1.6050227402709478
2.363725416246224,-2.707024367973353
-0.9320654899214061,-0.6417459144048527
1.0491232236850327,1.0699748529533106
2.534163253014507,-2.60276504800044
-0.8631164696421502,-2.823284045596408
-0.6758292609793668,-1.3686692154319906
1.2543406833579038,-0.6478812177876445
2.4056892552851767,2.4321476915417857
-2.7494052934259847,1.364467794221605
-2.3059232777586893,-0.7907987074364629
-1.0530985108868052,-1.0575101616885838
0.6010106077845586,2.231299896981865
2.9027393528562713,2.8183821607644997
-2.1814954052221602,-0.4336096812820485
3.1993293562996414,-3.24941149008187
2.980985490838461,0.8568535624796457
-1.323229791239134,-2.925148977602809
1.0785165689271787,-3.005837444298714
3.2073686612803534,-2.9607037834038814
-1.0526817758367475,-1.7594224071284472
2.7562459071833922,2.3501026939904284
-0.7168400024788342,-2.5700685817165834
2.179663920397706,-0.6707404536756962
-2.9955434245726096,2.8604572506877903
3.158998098742932,-2.3416954446812785
-1.063648842280607,0.5626285586543023
-0.6046553141841075,-2.194883993176428
2.5303886393860506,-3.0714592038260444
-3.1653970403299962,3.1074602985958903
1.4073764774326574,-0.9899619961916678
0.5985656172374437,2.4825874342158145
1.8580105058602066,-1.1433336933359708
2.7025139456394274,-1.7159069497796469
3.497804192342377,1.0770811367494386
2.6770264992916437,-1.4736867256681088
-2.7306747127132582,3.1891165302575346
-2.0248140114729103,0.9051107848090628
1.0289171543164286,-0.7397109938444617
1.0343157797602474,-1.5071347091722702
-2.510531319998519,0.5842897366506032
2.520287635530734,1.3194986755710025
3.3283224375233047,-3.182779186268226
0.510902800566929,0.902607133210794
-2.0429323229710037,-2.0943839606247834
-2.529362797540973,-2.651802756892401
0.673591338944352,-0.5364603929610161
0.8382564700511298,-3.2377297860745617
2.8312095677363964,1.0175477283790388
-3.5004811748296785,-0.5754537338435548
-2.0509221903027726,3.1166935276769334
-0.6166020497116724,-3.2323553681916337
-2.8933602603877,2.869606146990034
-2.8538555667332113,1.5003812957025473
-1.8119208197086678,1.4317626091370614
-1.1245599667859167,-2.847312655155422
1.369076573300949,-2.97961583643631
2.4022849673911812,2.7657030407238863
-1.0237232164911254,-0.552540856152025
-1.95810032736719,-1.257958964541825
-2.53792579266825,-2.767080692041109
-2.4468250021904354,1.221873655242992
2.633268041268634,1.0258224713395043
-1.0087739618689462,-1.0422084647541048
0.8020201820692395,2.5192864129999437
2.675340068701035,-0.8047576657196576
-2.965717380626025,-1.2660880832717063
-2.437530567297332,-2.2137344136158483
3.121432261714184,0.6607381624396497
2.750905726949638,0.6361698481765233
2.9600192846035274,-0.6152118327694167
-1.4530537078444685,-2.592923532008884
-2.874352699501788,1.1671219561467558
-1.6980079007534605,2.847211216516048
0.9202157454815739,-1.1071590171310508
-1.3573970623674585,-0.3393954892971667
-3.099243305894461,0.9041165071525934
-0.6605212565797918,-2.8666163620231293
-1.3586736578871572,2.439360692816528
-2.50503278942887,0.5310177604877078
2.200117860643446,0.8905564606982158
-2.1794516198099565,-2.0939140735094397
2.5890292135412665,-3.3929798849341
-2.775392591264212,-0.8447623047510523
0.8148138639559465,-3.644949083250637
-2.0762936161399077,-2.971580947826896
2.6626158210462507,0.1184513740046043
-3.0160448501410175,1.5665178678127103
-3.2307180065729986,-1.0249541442143555
-1.2591105027926046,1.280969743113773
-0.520344033824452,-2.537634888668985
-3.406626888006472,2.6452933409874233
2.9027827259767167,-3.2525255996756015
3.0037213842614734,-2.444231018088521
3.2409707927304767,-2.9873349501140813
-1.3300192280853325,-2.6776935694389645
0.5295634604974427,0.9546401057015008
-2.9640957677334883,-2.294027607092509
-0.5003459124636865,2.5730828161448933
0.6300485437357314,-0.6256706937388882
-1.5085748132455918,2.7036400934977327
-1.5551720101716944,-0.6187360887340909
-2.5711256908436386,0.831403747344286
2.524628213349112,-2.7982968208715113
3.421643205361548,-1.7576633832017774
0.5871707124121851,-2.679156894541772
1.1587281246600356,2.8622721969143528
-3.3739515799442814,-2.5096375171249097
1.0684427199788677,-1.1562728041022727
-1.7259701973383061,1.4846693920840666
-2.408173831231096,2.8257166516754313
-1.1487066678330642,-0.3502124153577395
3.2512472796765657,-3.4377073567376777
0.6428365778216034,-0.9262733018024168
-0.7568684372613377,2.2237458887566763
0.967629824580335,3.4941646075721318
3.1042127534208728,-1.2132831080494997
-3.290152532176348,-2.5603321938230024
-0.7868380168279406,0.7615355793671675
2.908376472921302,0.811609717522371
-2.6272779435091618,-3.0036110216173246
0.9381750779583538,-0.780703007920097
2.998120352773283,0.5147348652223225
2.804767563634966,1.3094970360632334
-3.0163163384008316,-2.7107728294922198
3.48814479219453,-2.968603870808446
-0.8471483523942189,1.4167720542935993
-0.15987538970886944,-0.6365379736103636
1.2052853385322104,-0.9629172908597732
1.2429016749888981,-3.5729984833090387
-2.9166830732895788,-0.6644867439881963
2.363999057489709,2.725196210721553
2.9045930547766865,2.9923459090405458
-0.562959720537964,-2.900166267197732
1.2023217015877659,-2.7126492313928026
2.5880515980773118,3.2531583064513754
1.0691449254268088,-0.5216145665769633
-3.1413452865884133,2.3091076538765773
0.8677188182601933,-0.9629442153101392
-0.6945089317493455,2.537023887783632
0.457273469497625,0.9905033779531266
-2.781474547132901,-1.0128985116110627
-0.7941220999861108,3.127970922083816
1.1218968011384474,-1.1110646637602033
-0.7173975881955942,-2.4729637940462124
-2.7385567401591135,-1.1180998526409858
0.9616341901936983,-1.05291306308254
3.409339418804763,1.646364456944365
1.3278494793781699,-0.197631589066447
3.1735642645515116,-2.858008524357271
-0.9479810062847834,1.5436394329832461
-1.6214732663952158,-3.1082939908038396
-2.1552259695106852,-3.278939489431048
2.705453168298282,-2.749762865648724
-2.8301870313579944,-0.7847763526754122
2.3875318385912743,3.1951798416011052
-0.9017227276132868,-2.425997721248386
-2.346812286018934,-2.666223946933375
0.9802472897915893,-3.4969472902414194
3.272366954328702,-2.805485922446673
0.6436932567491871,1.2199425657468985
0.5565582388313048,1.285298581112212
-3.273110276667707,3.0995170311784546
-2.7521624612335565,-0.8381162005429232
3.267203689004154,-3.354362474946139
0.7151004197941127,-2.870705332203969
3.1716639865724585,-3.443615918490433
-2.441308142919006,-3.3572880717282803
2.9551813910993903,-1.1707089790789293
0.8455901008380738,-3.1148121828153053
-2.8784056206188544,-0.7432453186196901
2.364789091957907,-2.0091576149429056
-2.8440445745162397,3.5212962672011883
-0.284764232118526,-3.3041763439383285
-1.2202249418772775,2.8653583741191975
-0.6188420656219912,-0.4726405739441033
2.94945538965522,-3.5122976633228262
-1.4776058218716577,3.196354267623798
-2.2416379574579395,0.7891712358380015
-0.5313692138583892,-0.9371153340610562
2.5907028872761684,1.0368860959343886
-2.7918133044192417,3.256981480943749
-1.3534386569749925,1.038504020862914
-2.8520198055353565,0.8813949431913374
-3.0744175853630717,3.1906330600935413
0.9275410614698683,2.3329807912751317
2.258756756867283,-1.6801634524601479
-1.4239084765690058,-1.1521458302906344
2.9086674404677066,2.6878831571907194
0.824953341065741,-1.2983697756507036
1.6128096798028144,2.5085049453982364
1.9018552656008179,3.2096531166109012
-0.6234837883682273,-1.2678442484497037
-1.1589484345130112,2.941477687388435
-0.8355572395521981,1.3373878395203538
-3.1475038032198843,-2.086799599360396
2.5296918915001485,1.6628617613105494
1.3491859447560768,2.9884092162691083
-2.6582027158856882,-0.20779643271882592
-0.9814517576315347,2.170162380767959
-0.3749862799604396,0.888460232035449
0.6428459816740597,2.566047298606723
0.5083979426617449,2.808070583178245
2.1534256729057604,2.7525728994446905
0.7539329425269431,1.0116420036549485
3.11959100675634,-1.1131313084570005
-0.2250307504553262,-2.862388542236824
0.9556256532494771,0.6903432733690698
-2.103993731655122,3.0572315428339882
1.3824472618749488,-1.0217969166931693
-2.490934910829143,-2.1303534299662794
-1.6722247975298612,2.858636294615079
2.59278891093648,2.546206506419423
-0.8857992424346637,-2.7114505219196037
-2.7785342876243613,-0.7611667577044735
0.7201501426438609,3.241157302819196
2.9925300501343695,3.3208171063537697
2.5824009736926947,0.8166972581325973
-1.3431782335381233,2.9706572057789464
-0.8482579245366401,2.773233662732612
2.4435370546642594,2.5707265438673548
-1.5211860615037849,1.1760967757615186
3.1400270137368964,-3.483949366288541
-3.131893717973271,3.2093968333665255
-0.6385540842374189,-0.4725125157855635
-1.1047177948061249,2.9453092802158496
3.586631668950782,-2.6688141365067026
0.7296478832484178,2.3423864668431325
0.8344235610840863,-0.5204779077479564
1.092699237257137,-0.4234348198895011
-0.9395418877455278,2.762224409256882
3.178664730473917,2.565487968825371
-3.1679663329928993,-0.6466509325484082
-1.2509982462600213,2.786385941609206
0.6972971166568404,-1.9066103707422892
3.481212802547247,-1.5510777226058805
0.168518906507346,-0.7133037039161046
-0.5947936735680388,2.532052853382999
-3.5268122745290706,2.9969363474515878
3.141685582152123,-4.092871022668454
-0.7472634905392314,-0.7880570071569384
1.377613667883633,-2.6211678196654513
2.874985183805967,2.980948514498879
0.8212411836149294,1.3830620395512265
-3.44132679670331,2.5633634869683832
2.9752837212511656,2.947785733530325
3.0930459201654754,0.582315801593874
1.0877158878062938,-2.382235922188349
0.6440282291362435,-3.135692216132818
1.3443148621302083,2.691056644829238
2.642569962981489,-2.7406529908028183
2.5593680174409075,2.5043411145081595
1.3507612804132574,-2.318115152091608
-2.883950146859641,1.6155332321938327
1.350102894357394,0.4709476283529658
-2.0570593957639374,0.7995864023362121
0.06913356431523852,2.605418995755325
-0.3501171482459302,1.231162849988309
1.5058392553216253,-3.1711510248922266
2.51991422022784,-2.766674486132644
-2.6507888159375375,-1.3497590606925827
2.7753901781572217,0.9253608939945173
-3.134822389945778,-3.612354341508706
3.1195048841951913,3.5153885017398605
-1.2164464546579472,-2.9888736119760155
-0.5506413738310582,0.8433432498842042
1.008738998472771,-1.4250110286420405
-1.1037303321056287,1.3581549393470036
-2.872802072169801,-2.8433557161557137
0.41660684124138575,-1.005740562387858
0.7132908440631202,-2.873890765312715
-1.4607660721664883,2.3964262641934035
1.4894778236473596,2.6652698318169543
-1.168398555069358,-1.0392128138163796
1.6020710309943513,-2.715222706683921
0.03340044469727514,1.4153752147268226
-2.394382536346255,1.4726617846359966
2.3433126244583287,-2.5204159969779445
-1.2930370321741333,-3.0373719612699364
-1.554118276744378,0.4420957419313188
-3.460573039985926,0.9873756492802002
3.5974486895004625,-3.0413031759727254
2.588623387448062,-3.0859881602147676
-0.7152632291022706,-2.399233170513316
-2.7288463482300553,-2.834438475422896
-1.165778666650925,-3.123653714617403
2.204493422805824,-1.8238490276686763
2.821746468777807,2.8341455657768337
-2.4249223746657322,-2.783258785805678
-1.285373012560192,1.3651748045992338
-0.7963038313033863,-3.1549625357686577
3.50622655879173,0.46887373017143674
2.9365697508608606,-2.7574182220916756
-2.8180375161544835,2.6165185396144186
-0.756420324608624,2.155448102958386
3.137336323869089,2.003730013576978
2.7582909852326547,-1.272475851886702
1.253434435693857,2.521333691058085
0.5439814657027817,-2.4062160640071935
1.8281759775723623,-2.8641151368773126
2.4003755010701333,2.046910571523902
-2.183279399678351,3.5140004159507523
-3.04731661612979,1.0762971373660848
3.1061139296338047,2.4252019403788627
0.7416932824053536,2.593972465573362
0.42161525541032785,2.394142669078484
-3.1356399791511493,-2.9803421278047497
-2.406945423772093,-3.0332670207850527
1.0751684837844133,0.5955172103347743
-2.125751015210534,-1.3871384409600815
3.1807617063644753,1.8341344441998297
-0.6839525923453867,-2.822411055251977
2.0447851907211354,-1.5798572175044785
2.995973727225674,2.7117354950868475
1.1914895121037627,-0.40987086757006164
2.219806459275733,2.4831355081545414
-0.8770990299704133,-2.0419376233143995
1.254361815679089,-0.9452653335865718
2.204259649833954,1.5766441509773625
0.6197707597812676,-1.3990966546198222
1.244850478604026,-2.9787974550110743
-1.869367647214663,-2.4618781728777654
-2.6243892564237257,-0.802836625630126
1.0146761043822488,-2.679029379092787
0.6932139162412344,-0.6184082249124463
1.099403978964512,-3.000561789941133
-2.6095225138360916,-2.993877719119522
3.0900953830217444,0.6764134619752066
-2.6360269465117816,1.0576980643533895
0.7812428585732151,-0.8574869669461259
3.005112139379017,0.7556627021224832
-0.9166365727172071,-2.1370335847175546
1.8234821404452648,-3.967822012659655
0.8691743140856081,2.341174170710037
1.3365708110704393,-1.1773663662588327
0.16343530513322907,2.986275892230827
1.6701162258919404,-2.562870783559971
-3.2968834481215428,-0.7223241763443898
1.5606865304495876,-3.545078100365855
2.7642060006162326,2.9567311050266403
3.8857943888527737,-0.6005540680965861
-0.5737557059501946,-2.836148353428082
-2.7661397911154295,2.628179575893469
2.173989867599142,2.3584742849763773
-1.3071452911874368,0.6887600360066507
2.7026992929098057,2.112935125233416
0.5554934299998798,2.4430830492899673
-0.16945383898028002,-1.5425609901133366
-3.008804577012368,-0.7229301950189048
-2.979017973186596,1.4504751056869665
-3.143030310345484,2.7581324018181212
1.601697462551023,-2.4908333948996013
0.6400640867742978,-1.1609855517951908
-0.7342872270407036,1.1450796561708902
2.847070016423881,2.2431110556346776
3.3722763749833495,-0.6713725108596257
-1.1817568199330344,2.915591708010305
3.8701442311122016,2.7333506403642267
0.7576766297676507,-1.1853415329516226
-3.075644627873702,-1.761561904486091
-3.7002422802783244,1.134710761390464
-0.6318947478368558,1.5232176179855694
0.7908097603012597,0.5454700853687326
1.5643174788524021,-2.7564710550911697
-0.5129376458412996,0.5772548066856844
-2.5475898294080737,3.1878171762255976
-2.783560154827593,0.651625325742442
0.36089592744068844,2.5111302643756286
3.278114027121977,2.5583704842731616
-1.4633639117056645,-0.48118850283917586
-3.1889881502059287,2.8318464632797578
-2.4707989654162343,2.9790386220841873
-3.1294872369996956,-0.5073128164846065
1.159177193283875,1.296809787910132
-0.6527781824990142,-0.8821994956774414
-0.7032294419477924,-2.238804608204079
-2.2530653188054606,0.9591454414323893
0.45075879405919933,-2.6650996778972154
-3.1053371040485076,2.6081993058371093
3.6241555233620457,2.7388163640890366
-0.9560794690311051,0.8015950400963701
-3.364780442280084,1.1796473002387302
-1.116185388120894,-1.099513431189664
3.6012936234401387,1.5625213606118424
-2.8019182629682478,-0.30902782347404445
2.4502966925822385,2.9790535203095914
-2.638320308436519,1.9550875047003713
-3.209678642085781,2.562086104133257
2.437037443046491,-2.7499880204361298
2.3282614498630654,1.2043042168699436
-0.9666842885375492,-0.5729526202946044
-1.2685194696511959,1.2698813141999115
3.8839352829232086,0.9810803295972872
0.9633604899735697,1.3243190461788503
2.680805863674069,1.0522866386597316
-1.0846172390673372,-2.177943069399152
-3.048813223692844,-2.979241547583867
0.6241842736302929,2.5205493689705376
1.0797618407134078,3.029431186720083
2.982448298226044,-2.423777657286062
0.3457813772911987,-0.3090071023592591
3.212037308552026,-0.706418660262277
-0.7781080920304776,0.7178693019696802
-0.9188113934860604,-2.448554016717287
-2.9334420047059804,-3.3851482097039827
-2.4646144587332874,1.4434792006204678
-1.1084766299582707,1.1349435878592986
1.4232519013302771,-0.44500030388471185
-1.1539556485964748,-0.9381351923433787
1.0547580577435742,-2.801634326309912
-1.183675696395646,0.3489884767849513
-1.13021573998203,2.6530733283555654
-3.1748714175292796,1.3130297661908832
0.8838107235200547,2.4933114264341225
-3.131780086507626,0.9650805401745811
1.0850096400296034,-2.625026824320014
0.43022397180148114,1.0421959442771098
0.7115170144637952,-0.8556235345786475
-1.4309383342546604,-3.0021485203567306
0.33616994161231334,-2.753760932666112
-1.1934488468050637,1.4809687282119766
-2.2996130618238153,2.6721269284263705
2.8889136353137226,1.2628023225575489
2.799745472934372,-3.050911597544831
0.2110301189558944,3.136436907036232
-3.1087423197913004,0.9942934026296334
-0.47401296562352147,2.371899279043061
-0.8485175831873751,-1.0359344758774338
-2.5632351634320845,-0.5613407019611442
-2.8106745200820176,1.2617078817431306
-2.7789207906961013,-2.2436902670597743
1.242278633926714,-3.077922601142188
-1.1800769729536924,2.622643303381274
-2.449842776161576,3.4509711894328907
-1.4225728503329778,-0.5385386720363995
-3.2745066019757285,1.0556438331594247
-2.323110555129298,1.1936224251036294
-1.0862887782172144,0.6042682206329496
0.9707733804760358,-3.044182686994234
1.0503814234050448,-2.9617836549189844
-2.642497036992345,-3.225902408728043
3.0170601534212547,2.8892020774968232
0.8600223517052783,-1.1237298288085145
3.1231167837978195,-1.501707692582211
2.896281338338234,-0.970614525505776
1.1516847219184774,-2.853537149790677
-3.314649252438096,1.000960987305805
0.7700715787238197,0.35014441785233447
-2.5486912255793523,-0.2829721122704045
-2.22235328392291,-0.6807848286801355
-2.930790613262872,1.4588545116637068
-2.6074190573591256,0.8483481166821906
0.6723763632513382,2.49284989783125
3.675014072660803,-3.092726508289326
-1.3007971722307916,2.7189166447209034
1.6476330655875537,-0.9852267292133162
2.236943336889184,1.1913717603715857
2.865159205324317,-0.6052191810338642
0.7038293880718365,2.7125251603159475
2.7049512580713633,-1.2333064947689203
-3.3884086551693233,-0.787057475417817
-0.6246924755736222,3.259188944401375
2.799694429120845,-3.145148357953675
-2.234073216087465,-1.501710397315414
0.5125101398311194,1.058794087389336
0.8147865910707552,-0.18520021955519705
2.694854104324875,2.7565946928213334
3.1996680746052246,-2.761390581938335
2.6953146277358413,-2.6244272799269814
-2.30503297101746,-2.9442450339902573
0.659529503916414,2.1403779921992325
-0.8500038963686283,0.5338502838837371
-1.2141183454870834,-2.301978663890458
-1.250086133119325,2.1912042841275885
-3.0159358921090016,-2.371033796367104
3.1057982764748173,-0.9003483363800463
-2.9585034900117932,2.3935682721350564
-0.8773369711916142,0.6255715055652723
2.8738487842367753,1.0915888501845659
3.139945776737991,-1.2377277373088316
-2.9113049012082692,1.1696768942356184
0.748531763498821,2.900517619959816
-3.4307877627744343,0.10112923002883868
2.360641717851108,0.1978937731387872
3.426614823086346,-1.2762184215899877
-2.7763305366743416,0.4170515318231313
3.0823922215709403,2.746368790372858
1.1752789905733398,-0.6885432011287675
3.305800076476557,0.5789877275862082
-1.3614422626052685,0.8669294562427985
3.2066445176778844,1.0457928794500406
-2.7635909544052404,-1.8107980959015322
-2.626251926019982,-2.3372891503297235
1.8875939710667844,2.169341878575741
-2.6246764620221836,-2.556950359028191
-3.000744054101963,-0.9985674778102644
-2.342448281351062,2.740488650207043
-2.725814942767442,1.5578404165533333
-1.1282895154439323,0.6414033154950776
-2.6278271286895953,2.834324351961652
3.106207829081681,2.240270024153784
-1.4971797869503807,1.2284855710156537
3.0555191706728584,0.748691286593384
-2.549156694604119,-0.5584659892797933
-2.662926651234011,-2.972514165385074
-3.1823125226027833,2.3528993882455125
1.5574223412234274,0.8922500855964672
2.5418996419651716,-2.1493199625891317
2.982442315502174,-0.8798678459821473
1.0867969905293802,-1.13574528057957
-3.0372962411199365,2.8962731126582733
-0.868366545143062,2.683381118788779
1.1264172575166056,1.229689733100172
-3.2423817274169675,1.0161265395462349
1.1438109911836327,-0.5879803406642937
-0.8801162795906942,0.7949270048297749
-1.2309138264106567,0.6571844932981535
-1.179082704728106,1.0007020820661037
-1.0105967660234019,-3.1801975596177243
-2.636430134416855,2.705471803271356
-1.4957266325101468,-2.3865307847232113
3.339131294233575,3.153290497044534
-1.487486682546275,-0.68568690500542
-2.959058636715702,2.0355322128282047
0.8514564151676416,1.1745423211985644
3.2459716898508097,2.2087121550182203
-1.4565020938458924,2.601380652151065
1.2200501228462228,0.8894458267865393
1.537486996901916,3.0075558313648947
-2.5460039475905787,-0.8445338796332587
0.9817319181618818,-3.128495337679647
-1.2700918764619966,-0.5335655680355227
-3.4116025710141553,-0.3998025420082218
0.6235944460571419,1.0557344410822809
1.2116624150776765,-3.1372226026409282
-3.4345951476889502,2.2977206180996657
-0.11394355051124767,2.916603989308439
-2.8616847988274547,-0.7149714991433329
2.9351424333541085,1.6621738610434345
1.5930437105838564,-2.5364165688634563
-0.8070909090506372,1.2497940391697557
-2.377115907024165,-2.578668497008168
2.757897680587458,1.8800205847212856
-4.080169286859432,2.610285270883127
-0.3336027825761922,-2.4943903273832033
-3.3152401630111545,-3.0159308462452805
-0.9406255953918364,1.0010152408833874
-2.5092366912646,3.5221070080345327
3.5223972122751657,-2.174071195088217
2.123846000353965,0.47329647078964926
2.283087646234994,2.458855203760229
-3.152492348793299,2.946096445923123
0.901584295982679,-1.2294986302103468
-1.3626195871220075,4.201261737460512
3.3784871299836716,0.306239868372298
-2.1646454681374694,1.1969061508161085
-2.0543713336096787,-0.4995694007180188
0.279823797731301,-1.203148240167605
-2.7234094079534668,-0.45311286305271853
2.697582068150409,1.3028411429151128
-2.287913086250365,-2.941276627595909
-1.4842199216350207,-3.4255958342926576
-0.9026619667589698,2.9902334108939854
-2.801253725604694,-2.826626354530038
-2.7955370520082665,1.0674216011914346
-2.724058485933023,-2.207955398693064
-2.446265523764202,-3.1233470988879923
-0.977162654130711,3.775140598474718
1.0644305303458212,-2.8232617995422427
3.195418968906408,-3.5592757549914933
2.3939297073262544,-3.2162819370431186
-1.004779016424846,-3.235780651929114
-1.2252880904085,-1.134409295440938
-3.0664431338341185,1.183291840158761
-2.912506510024917,-2.7182707816298466
-1.8807171374531455,-2.6229256614092216
2.2410625821611783,-0.9738222606234168
-2.333671029795188,0.6035768224130097
2.3511922771988045,-0.8170178917739963
2.8353842553907582,-0.6104040802167333
2.836655177343587,2.192175555348154
3.4239260294208242,-2.463899238441774
2.9992421586326556,-3.216848546810049
0.7864777095635932,-0.6885037170958962
-1.2459279493544422,2.785904258190629
0.9203732580495879,2.6254958906070955
-0.9553691388254341,-0.6595327922594196
0.8143476373766817,-1.2644783242411302
-2.625241380809163,2.7826804648117287
-1.126841767208395,0.8468931848855494
3.2451902900401826,-3.7227490540802504
1.1207337802446682,-3.0074010447492805
0.9454720022436626,0.6763909524459807
-0.5735903272861138,-2.364113605842581
3.2731845489992923,-3.065221988737908
-3.6299619949857935,2.67340837767198
-0.2589810842728363,-0.7848044930224466
-2.425811211011219,-2.7214627590553495
1.051360287651437,2.642228108976538
0.5815074611155039,-0.6238853922979045
-0.7947543619935551,-1.5908012951396524
1.4778976259623453,-2.995908067458312
-3.253451013303001,2.5106686305984556
2.5936667281682317,0.9563823707898893
0.024810446566349034,-2.8080583214197663
1.3924470667667204,-1.6293721487770225
-2.5051044353551175,-0.9331845040950641
-2.5293651314666916,-0.6435172939051466
-1.0739651265467947,-0.5967505344510144
-0.8557730860354196,-2.8080570000402845
0.8589341345023888,0.7224744830836913
0.3851040236927098,3.487609063605631
-0.7214765343975955,-0.7943005034027103
2.5502930065551395,1.121747445465574
1.0927673044149078,0.429838039226628
0.43058325754211657,-1.2799419611552607
-0.9572384602743923,1.990784953247897
0.40401583879629893,-1.3779098528673792
-0.6420403909129936,2.6051128612286485
1.2055557082561446,-2.960755521124853
0.770912914029941,0.9345242433809172
-0.9807209780213526,-2.1003830570623743
2.8045143822073344,0.3195017027692853
-2.817651380020529,1.4129015020826459
-1.1782520194155899,-2.4809171856400787
-2.8111706076136866,2.842142734866241
-2.6460376273511836,1.2704812099156442
-2.3354729718416585,-3.0130783965346546
-1.250050114164417,-0.9643066411457408
-0.8718303401932812,-2.6062542002599285
0.5959048930579555,-0.9831148069528065
1.7818080446423896,-1.169560556043562
2.4279722622063886,0.6427646498737586
1.2489225315303971,0.9479255860854903
-1.0988221968029515,-1.2734481563273954
-1.4789630906149802,-2.5616440580528006
3.268927746487917,-2.6450495880498543
0.6496520468341153,-1.205603913895855
2.5855549379118727,-3.330992184645163
-3.2113393320786527,2.65089913663712
3.3034722653413766,0.5787084622929911
-2.969199126645665,3.208105091369641
2.8987822434120845,-1.514465506013537
0.41701416406346875,-2.6065852763813093
-1.2832200188499814,-1.4227261031281089
-2.8464215165011297,3.189610087120886
-2.794671668238353,-1.0988362517731143
2.6379307193991983,-1.2137572403464107
-1.228874763454324,1.5440131737008571
2.801242472018917,-1.4488118770894043
3.4441924308210754,-2.5409227197345943
-2.2089719219991935,0.79070318857338
-2.764918010703771,-0.7461327544852382
-1.242955348103945,0.6843236647669906
2.7976846051120625,1.4147905058675478
-0.7688386567167075,0.5696249926342293
-2.7153454800553916,2.72282484527839
-3.1800508583389955,1.3672014077304098
1.3983696284138123,-2.8882638420266336
3.054583332194182,1.3290542915400816
-1.0501187822528035,-1.066751206912975
2.6851067587983906,1.4104887740418022
1.4096620255214118,1.0686967940267251
3.2379477468502396,-3.1089467565458055
-1.3810044872028542,1.0506293750746047
-0.4361182573113271,-2.7115483549071424
0.6631689295718413,-2.142654277196303
2.650373266455579,2.7866745651201543
0.884656567790984,2.9649788711719847
-0.3219220826774615,-0.49585471775307965
1.1771807053196184,-2.9884789517890327
2.401805831755342,-3.2629804145529246
2.6519625642166087,1.0200759351906687
-2.9632511738527283,-2.573587076194611
2.258365924767023,-1.4731835277717398
-0.9906759254614887,-0.23463373422417877
-2.647931597166515,-0.9438475318368238
1.2359784677436791,-0.6321780886466852
-2.543465279882502,2.6600506187360877
-2.5691535615389562,1.4678082026482722
0.3469536164260347,0.6553327045745425
-2.675010688121874,3.501535639512707
-2.791783066207208,0.799728360382821
1.1313499954742046,-3.3501687564181264
2.6938242091226283,-3.1248615605042556
2.7907975865979884,-3.0484248851256504
-0.7804193307881888,2.3690323144707337
3.4013974575860617,1.0778814100384653
-1.9701314777829801,2.91919260193138
1.1616271398825995,1.7219604200074792
2.2153304258521413,-2.2881767418564696
-2.5412073430960525,0.910195107631842
-0.9462995121749199,2.665860348182674
-1.2126498195450788,-0.08584025500507048
0.9122624871419049,-2.549781098955973
-2.743061085374005,1.6046709648368935
0.8844044806360656,1.0308669007083267
2.506472162026544,1.8876979037453339
-1.3165591541666208,2.748814712313176
3.0759699020716975,2.532089978241108
2.8602696033999715,-0.1593337732409305
-2.8835040160763645,-2.363506581925766
-2.412331546561915,2.30445298878297
-1.3222099205227238,1.7283540034410334
3.141945787766512,-1.4263583697337792
0.5832542662614667,1.1855847229658758
-0.08371699308212503,-2.224217267050662
2.323026543912084,-1.0897756887724552
3.3039423286537706,-2.479746206198919
-1.3844751778725986,2.4051863136011806
0.36337516923819113,1.238265076035511
-2.9274454252058733,3.4395523170688245
-0.22701283444000023,-3.242094343124636
0.8124281036701745,0.728486427845583
2.455679211470663,0.8418707967979957
-2.7656296570986574,-0.7573318190672943
3.5498095842612596,-1.0052407275892452
2.701845799227903,2.9266112233818795
-2.0184668980384735,-0.8253707773877069
-1.3297232586460053,0.7201990653560155
-0.7472365928524743,-0.8159998409857359
-2.1615163748401023,2.582523484185957
1.4772162839133527,-2.8004737550912457
2.652931427356768,-2.68729048633084
-2.92272513741204,-2.6276796379014677
0.6552174519301581,2.216034415052447
0.7283676232325631,2.8600006738347266
-2.1675014440441074,-3.309160000828052
-0.732630897515485,3.053322387264105
3.003555834848822,-0.9792126960070726
-2.6678975940310896,-0.5065491717436711
-1.3008056134167738,3.0098447256429623
1.28856688836178,-3.2462699063664524
0.8867441279154918,0.9214853470144581
0.7400171479622066,-2.600441900633782
-3.0169870555708638,1.5523287067138893
-2.8955861105785945,1.3943696687285059
2.7336392481241387,-3.2160467262932286
0.5766815332282123,2.562845435891449
-1.23361741274339,1.5533852450654142
1.1696021057574972,-2.9068656494191827
-3.6498313942198033,-2.224818884061016
3.5412117800428544,-1.5175584651837861
-1.4240524243141852,2.9511094340636337
-1.8284475506358895,-0.6709267989618218
0.3677909212555336,-0.7009886462973512
-1.3628766038213036,2.442687259010799
-2.78330265992946,1.4261623425269272
-1.5099909513048524,-0.3434880238186994
1.5385979126134122,-2.844644654051068
-2.6488755076283623,-2.0976726228506437
-1.0562422277435328,2.7710700265381845
-3.021479992392121,0.9357849556744338
-3.2109782039552015,2.7630948610778088
-1.4381256733818146,0.20055099646283303
1.0969597778805065,-2.4442309951040517
-1.5684085860343335,3.159742163162686
2.9394603456158466,2.5538068023653215
2.9970960046691415,-0.5910056072203002
1.254606357582056,-1.0850677377274869
-1.4623877924367517,3.2445190006559868
-0.10693799279776932,2.1670861372917423
-3.5740554244479346,2.775690071533773
2.5577501424443065,0.07863023098915649
-1.5390942269778678,1.419330854526488
-3.139811794132724,1.1193275430610832
-2.4773297296218484,-0.9186410676733026
2.8363050064567354,-3.434591246500815
-2.6479325191772434,-2.557646012111132
2.6147307626706437,-1.0719825250123463
-3.319821757563313,1.2847216470387617
3.26079389021915,-1.4480101763627917
-2.9017553848167847,-2.5557705322236273
0.8657964603580969,-0.7498791690323197
-2.6148129838838,0.5155397043243002
-2.9024308158521976,-2.6308160258642004
-1.6388910363770672,2.3086179696599385
-0.9921574649347347,1.3139058749896049
-1.181035258520784,1.365586107994008
0.9404738217421067,-2.7382554824773875
2.5937693601911462,0.45022203012821743
-2.8742570651841026,-0.35449983452403316
-2.687924122518855,1.7838042899129283
2.5229007173119253,2.947934136760836
3.090720077298353,-2.956519801974386
0.8615060789580578,1.2668963458008633
2.8668282084001224,2.577097406411641
3.0782591339296643,-0.31597028166500707
-0.9774235028038614,-2.5113285330766852
-1.223047817802396,-3.143365439846153
0.2907897788052313,2.864031603223594
-1.685156594668925,2.678563041008925
-2.8569557679717628,-1.1002411039662496
-1.001095268058682,1.2363183406789908
-3.1198861241304265,-3.1015993137726263
0.9898841848016473,-2.6599124952322057
-1.8816313277412797,0.8387987166158392
2.760243759256353,3.0968471698269906
-2.6409020685523346,-0.903738318011169
1.6076515964714488,0.5370029531526918
0.764309182321728,-2.870082796883267
0.9680671680405004,2.32804053581214
1.1017460049576988,1.6047283951587674
0.794761564957692,0.15777544328156093
2.5522789900716085,-2.5167573294852916
2.267973126231203,0.4369053069323853
-0.5296407581254571,3.4912688544044066
1.6525063354654674,-0.9393577975249905
0.2234174204782121,-0.9572896379895584
3.2984475472397086,2.511936681204372
-1.2042413589474816,-0.45613299592825607
2.50964127305982,-3.2335123502765746
-1.2622395915664995,-2.214132942361024
-0.26494691587647096,-1.4409186543694412
3.5621669895771015,-0.6988309016955969
0.6859625965551617,2.0944280284505368
-2.8240121896073758,-0.9375944617642799
-0.8364827527585385,-0.8235077470492801
0.61658224927202,0.8193004970855188
1.2692836182518767,-0.9530219847856798
-2.6797869504938228,1.624525092554469
1.1311064786819702,-2.723098353436791
2.5546133119845473,-2.9053181185766896
-0.8367879392274806,-2.644462710562168
-2.701070286851017,3.0864428493590617
-0.2720815656255068,-1.3195391902505906
2.720105072159933,-0.582319420167102
3.5161646447887622,1.340246943829572
-1.0870363164875305,-2.905339122320563
-2.917060002130595,2.8114604095380087
0.7926821824591265,0.9129923779286305
1.0040676934410917,2.6422874335931077
0.9460180087240323,-0.832678536697393
-2.985243903941348,-3.300951861056271
3.045824313908201,-2.887599046995323
-1.3202747536852082,0.7299289342145195
-2.6072253828586005,-0.4571897664953269
1.0324892959311127,0.8946706726033037
0.6623295208458412,2.852295614580329
0.9597169983132732,-2.4617006156601144
-2.7302021077667953,3.392067924296081
-1.1251351198186195,-3.1651038447313287
-0.7800417481410786,1.4404014106459697
1.107895368517439,-1.3591279283363082
-0.9156136888239392,-0.9283630052879392
-2.5483053638542015,-2.545002146987727
-2.110772930961057,-3.139487368535545
-1.0456161836772282,-0.6013800905989255
-1.7861416606999698,1.3727461209019138
2.8631831163327224,2.8541619090141648
0.9782798659853414,2.6487630652172514
0.7214915836290804,3.0178388052737217
0.9363082255629153,-2.782835513358978
2.8301957686415955,-0.886010316528261
1.9500223977938154,2.36300635570962
1.2486909162336892,-1.0296961454065552
-2.9050733693433606,-1.3208126588638722
0.6582254380801899,3.2239811133955776
1.9485402488254528,2.3617712553876484
2.8910065887680907,3.0888544682735906
-3.080866151568021,3.2527733195370376
-1.3117480717184855,1.0590435376497387
1.017954283845943,-3.432468785354458
3.5945479745023685,-1.286514315039659
2.3628459462322655,-0.9546504753792546
2.3814837164246296,2.0571743066685952
0.27496662549127615,1.1343169717466712
1.8207366833291607,-1.1092585415810086
-0.9755028670294508,1.4635430908886564
-0.5798402697982483,-3.226802991770156
0.5045347339638093,1.1425679693349036
0.43545645335397015,1.3992895737977815
-1.3651652862045136,3.2623748525620515
0.8998651952032719,-1.2462715765004468
2.7650844912233183,-3.411437671909535
-0.8401598739287425,-2.230672779876254
0.5043747126721878,1.1057963511345634
-2.66296190903522,-0.09822307206299345
-2.6305715075077836,1.4402567485480087
-1.1755744675342372,-2.515834849399977
1.3840207431782154,-1.2659724500583878
-1.6891588573396534,-2.0843602531995598
-2.8138825916833965,-3.139925614421094
3.1334500025720873,-0.8581832593276103
1.1595377746107018,3.251501935830337
2.5686705201896105,1.0379868125442584
2.2731934659398823,-3.411151613213813
-0.9475733646728723,-0.2698656814875931
0.5183652459472626,3.2677789962040587
0.7441356492786337,2.6562847434699486
-2.616918548162496,3.075905542351854
-2.8062321307966,-2.1854669985882014
-2.654322467336997,1.5366466860270251
3.540462119099007,0.7238579638682278
-1.7450955754628374,1.2841024361356366
-1.2094858529456853,-0.631016672508772
3.3756735946706993,0.7138018306734977
3.0422173539540847,-1.4543533860365743
-0.8230539579592329,2.542545055520066
3.4271371934841106,-1.001077385905251
-1.426893005217742,2.5680336622768967
-2.8464282926227114,2.1405949202861874
3.280488332523583,-2.4382022080207575
-1.0016095256666795,2.9301554818645412
-1.3240773591933095,-2.51054730715653
1.7195192308529794,-2.7414635347931244
0.7343143654008969,2.880091296751812
1.2768018162983945,-0.6188734334146487
1.2708971709455559,-1.5520948514573234
2.8475114127554257,2.913124689161995
0.8720170482532139,-0.7978244861165992
0.9701895002202977,-2.9731415962379906
1.50735673253655,-1.410242733092219
2.650060565357283,3.1129213605440875
-2.595820266902151,-0.6885477126981613
1.1459354047132224,-3.548789487642515
-1.149060261989274,-0.7098227922355642
0.10514281413980026,-1.7920990974308544
3.8035485522708767,-2.347961042444589
-1.0816890079753612,-2.177137986087164
1.2096401016626324,-2.5016619683554886
1.4707970061473727,-2.8569177883046177
-2.4585358971047353,-2.2356245925488643
1.1519952445893638,-2.744147021848309
0.7097063152225231,0.9255129737649369
3.0383258436232374,-1.25960946759103
1.4864579330886865,0.4549908079479132
-0.8932592919414313,-1.0138986073937033
0.401960457865394,-2.600907062192019
1.2522476038665995,2.691769809459974
0.7235514113428555,1.0869573753783177
-0.9824735798818499,2.807007807963619
3.0867937379441304,2.3745606277655376
3.2325170093990336,2.600030389536532
1.740704317841119,-3.1997278698901446
2.8126336863253547,-3.3016577150133197
1.1426905629653665,1.7309391932711142
1.3518662515561772,-3.343504174110102
2.6120480000656614,-3.3595192999969856
-0.8174656019631646,2.925668786116639
1.0743553861403663,-1.0384650894980394
3.1171308839585667,-2.5539423204205702
-3.185406042136668,-0.6201500004035745
3.48091683147575,0.8902983543872256
2.49998771156666,-1.2745984230271088
3.2476566305522603,-0.6934338426711019
-2.5373600602296427,1.1428608625450702
-0.7946905602038142,-1.1442559447769602
2.0488957468210875,0.9843397793596205
-0.5680317926698738,-0.10978252970611863
0.5309595404097849,-0.989216071979364
-1.173272513580559,0.9131219842425047
-2.3085651547928654,1.4349987271102442
3.1979074987454323,-1.5619713548892138
0.734085704460102,-1.2159208937625554
-2.2146345355168333,2.7057601631121098
-3.3107457094226196,-3.0013045255334654
1.4177363300563088,-2.647189975014759
2.7598891826382945,2.8677200197533015
-1.8961772991824026,3.0106675628167623
3.2609541708593595,0.6556867095357645
-0.4146966785454857,2.717025848274176
0.8447784738072165,3.2071786309590973
-2.668271868403863,0.8881887346720823
-0.9796698313613829,-3.013027144405103
-2.6290488051820433,-1.5304946502655947
2.9693982766352933,-1.2882770727246364
-0.5665548525264175,2.8123215023506027
3.1757982377756613,3.1875733217473816
2.944450109627044,1.0132218874393768
2.636560220778526,-0.24639882549091166
0.664739012679443,2.5171117595191617
0.4559536058468928,-0.9241333688910877
1.6925238917354302,-3.4577862029468274
2.920314661548439,-2.762860701388966
2.707686483390646,1.980855895159448
2.5521735863040207,1.2501357593243743
0.5643969518847188,1.2863432920435758
2.7143950510275228,-2.7079639757920924
-0.7279613250113138,1.09030707267634
1.0342334708837013,-2.6292034964385147
1.535110271066612,-3.1028908755014
3.334974961516133,-0.717489016460588
-0.998179001555514,-3.2226078803616054
-0.5542762243572519,-2.2629537961980493
-3.338978820587313,2.2980913317907814
2.596783542571501,3.518342281469333
2.569061521464781,0.5973187994360254
-2.601505354779726,2.9983588965562498
-0.74420627236213,-0.83343218193753
-2.2899950958522157,2.641882782906233
-2.6546219060909637,-2.3117075202433273
0.747346723408627,-3.3392850386850963
-1.091653996952764,0.9061098780795482
2.4654405371258843,3.2541198695207467
2.666345277538261,-1.003951302779916
1.451334314518476,0.9119673212535451
3.1700515894753436,2.4511361266580476
-2.8484971615665895,-0.21459498722073786
0.9517286999008104,3.0612163377354884
-0.8839252225340968,-0.9128527606184231
0.8492789693486451,-2.6649248455942924
-1.50783806731945,2.8392988631461216
-2.7903036147827303,0.25160202721425373
2.673377419207308,-2.6700401653171895
0.6322329374226031,2.5995809574365145
1.9098776740709136,0.7045874673795137
2.8694338170551688,2.5583491750491616
-2.6992162935514425,1.2949365246632114
0.9351841647122022,-0.6098770208626545
0.2769249064183576,2.4663413044723104
0.29942506884120684,2.672910342355069
0.6841568779578582,-2.406539618118408
2.9770901524880085,-1.1199154890846872
-3.066927182995556,-0.3192723366413512
3.7241590200134707,-1.2222447716978897
-2.388529503407754,1.7041701303918595
-1.0059237261551726,1.1923658839394957
0.9001598854499194,2.914717670529245
-2.5170679303748726,-1.9807652639083764
0.490360495444417,2.622627539700175
-1.4835477463818874,-0.3936279258342935
1.7152374700387885,-1.1435701863211385
-3.193070482638317,3.339154935046469
-0.7361757859142141,0.9051252629277972
-2.931227527875742,2.801485876595326
-0.7843811326966963,2.6467807750676124
0.31751942314263903,0.8529031390372129
-2.3699443222682195,-2.5841743602261573
-1.4656741890335925,3.139216790913349
-3.0198367358485716,2.5035026517666403
-2.9547632822770566,3.0029914577270405
-2.470741451599049,-0.7944719460131614
3.121082939319117,0.975764164521722
-1.3979909998265587,1.7602412458805963
-1.2528641523593282,-2.642783515729082
1.139902906425418,-0.7038025025271979
0.6877290014131612,2.341793771210169
0.8423035313697541,0.8354761981801345
-0.6537097178461277,-2.3272105324649246
0.25792619696034946,2.0098390351004216
3.000426903199979,2.831189893230348
0.4777801867959273,2.611481307825093
-2.9444365363927893,3.948803551259037
0.7416784625184396,-0.612463085665286
-2.8034676470371482,-2.638261912265276
2.25145340715665,-0.3936435238692368
3.261378714602126,-3.043262000987124
2.801362806004974,-0.06361976450614644
1.3196555256197635,3.045935347057488
2.827651599410693,-2.4205879704290076
1.848792177162883,-2.260563646782945
0.9291535074092776,2.166079024216849
-0.37228177952601615,-1.140506512340684
0.48136920568487424,-0.9541681717829008
-0.891761161557337,-0.7485102300492662
2.430343552413187,0.8665567810852121
-0.4157327046997632,0.790457287786855
2.6035504717128246,-0.9714585111481744
-2.8281913658662368,2.746605576960392
3.3806122736099664,-2.3328369099201365
0.5577767176389214,2.2434313923966207
0.11815043739805842,3.0523916908530895
-3.2177371373406247,1.0770247651297502
3.376993990738121,-1.4533668157731823
2.1721420139042205,-1.3271998174618065
3.4882631462243006,1.3257587229434609
-1.5638285598233177,-2.6349083075928883
0.7271260302889718,2.588372260285314
1.0035977515308785,0.7389289306776123
0.7077397786607443,-0.0469679072757961
-1.2957107459893586,2.8981278513320143
2.895097913694747,-3.260269040469423
3.399207459435503,3.174743960934396
2.536918450479705,0.8973114068486554
-0.6360344979208308,2.511648289684516
0.9726711111847368,-0.10795529558629371
0.8525939287771613,-2.9303755096710544
3.1496298587370704,-1.557722594560249
-0.5884978464551,-0.7413539668235928
3.355990764115457,-2.8038569835297547
1.1124000329039323,-1.3762469224100602
3.0952828223292532,2.4646923906912477
0.5048205673948333,-2.6840393777499707
-0.5006118152349696,-2.770503502305451
3.116636360574895,-2.726647322582267
-1.234452422596579,-3.232464382142081
-0.6920807057235425,-2.5131912834298866
3.340888979518023,-2.5289831541061907
3.370366616597971,-1.3543576356416558
-2.18959097293114,1.2630250396569607
1.1245764252542862,-2.8165556008372192
2.5052173178827264,-0.9248911507881703
2.55619802576526,-1.169098439664012
-2.4119352773361276,-0.49186811063148106
-2.668418470613998,-0.9044559832715994
2.9834029806165976,0.5131673463646613
2.6197910884190563,0.35656956437827175
-1.2018367768103142,2.8995437532185315
1.1326886861038732,1.9376628673047123
3.262790622195898,2.707852614789451
0.8985990061879298,-3.0620937152403345
3.0553978157799198,-0.36384982079960565
0.8223100072167328,-2.9079650361047538
-2.6331809238291704,-1.4817139965976578
-1.2174285860041423,-2.701769972536117
-2.4656075266251336,-3.4371303286379797
2.623962893096121,2.836796024138172
-1.8478608964202983,-0.42490962083105055
2.194104994234096,2.30924275438667
-0.5969736415517691,-0.736993944029123
-1.013910509574687,0.5342054921755576
-0.5812776932517852,1.5783991822919345
2.200283516370158,3.24146996282408
0.7163160263932988,1.0209784939577349
-1.1011815005079122,0.7834468616852625
3.1227472457853356,0.702873101995145
0.3654785204773678,2.6824172854974204
-1.1377117641167034,1.2418568520440294
-2.0721825619507883,1.4788137578264198
3.164331045040074,1.8885324899618907
0.5387856670840595,0.6631332908882944
-1.087457683436604,-0.1520767668581094
-1.4792055717096393,-0.8171670521668954
-2.3323829233623594,3.0437360329988725
0.9514490064293812,-3.4086694170279834
1.0768400380635554,3.133585784194086
-3.1463359170887246,-0.6711791159880535
-2.346526159491065,-0.8600520646592893
0.8247156395521102,1.2024995960359768
-2.951596261436093,2.3980124336532365
-1.2139967941317937,3.345633060356485
-0.8279925111458508,0.8858951663274665
0.8505949271950798,0.779036971189257
-1.3169751770282214,-0.7685285921569174
0.8667478447491836,0.9505982544273027
2.263262597462093,2.267111728633703
0.5150960518431014,2.391378163201927
-0.3850091468228152,0.24128073811017842
0.9663283288790061,1.3925253795251933
2.968791252855604,1.1603118288582832
-3.436042149817075,3.258536198123121
-2.66258599031968,1.2452414373340375
-2.897311695408107,1.7090988264555906
2.334938648555301,0.7133381484787372
-2.258474817578855,-1.8616654959634231
-2.147120169134111,1.2540256050854128
2.2576652460055255,1.4404560344134958
-2.5832698976785355,-0.18312298253749884
0.9970172275460901,-0.7455781841969487
0.5279386174187214,-1.2105397445518575
-0.5248913272623954,-2.6433532187972606
0.3744206598039182,-0.412280251426453
-1.365911471789627,3.058663403480494
-1.0809692351937268,0.9675948847439748
3.1790058806823915,-3.066499985443063
-2.568506193995516,-2.425540668452439
-0.995959761765147,1.3138559953284956
-1.3753294919958707,1.0589651771928323
1.1762774908957228,-1.0504467646362434
2.808272887212571,-1.327801555460249
-2.418224305069256,-0.5679522494797149
2.514496809726677,0.27790236378746386
2.5932526393766815,-2.5940900184874276
-0.7738203342789295,-2.870548953385912
-2.5473968523658375,-0.2584169049496583
0.8874033218855254,1.4155926078204626
0.8604421778987801,1.4046670015325529
-0.515896775170388,-3.247669990233918
-3.6230293152912214,2.7986908910146786
-1.570436109178792,1.42053109260945
-2.929314986510368,-0.6330716840968756
-2.003114390201321,-0.4657070267199354
0.5546296142627506,2.466201156162843
-3.0156015672124434,0.5808455504831737
0.6099633669288731,0.0037244263061398815
-3.360991142297383,3.2364679367451625
-0.41936247824457795,-2.3475657770014733
-2.643859214279058,-2.218612555639984
-3.365649408811934,-0.9163955013269243
-0.4218630731460373,-2.4399705389150106
3.0619253394684796,-2.8125137737292314
-2.6924200857386396,-0.3449428410871231
2.636731987342349,-3.0599352868874226
2.8376875612735715,-1.2604793819503646
-3.2398272691061387,2.519249814068809
1.3682194684893663,-2.589701666960246
-1.1111177055349077,-2.7778396522302886
0.7498860737306443,2.820399874394649
0.5232675018855316,-0.6045505193755362
-2.347860747764765,-2.5597214594036615
1.1049426520076562,0.8179255656949138
-1.2981397996077821,-0.7542806495544259
0.6087502811750436,2.2402503343505806
0.8802288412874529,2.113476280196801
-1.526122979932159,-3.3114575558815056
2.5683635005896917,3.4451831593603637
1.9392339225669581,-2.5864838346937433
-0.9067732503733403,1.299876794600725
-0.7284979730531462,-2.4807745143972317
-2.854900786075489,-2.892099089632364
-0.6256082638228335,2.743162552632569
-1.064596921675203,-3.2969850064822896
-1.0089266872911327,-2.82759180251975
3.1894351721366707,-0.7204799078645455
-2.8187739605018893,1.2886764637245043
3.1914455764929697,-1.2008012691181744
-2.715932917993302,2.9081895680716467
-1.0132967131463433,1.1474919709242046
1.2023529568839801,2.7403978299139493
-2.8140018860214466,2.2561074503711467
-3.1457703968535635,2.344138930233863
0.8710375789750094,0.6983985792495608
-1.2547262217317345,2.3753214684540116
-2.653805007215693,-0.9444323595675334
3.085799067353587,2.382300049124208
3.5919927599268884,-2.2052709698194914
-3.0793668779037744,-2.6251533833915253
-0.6353852577673043,0.6086122174076011
0.7245582571042599,-3.015619279762381
-3.1359418656800377,0.8995717633965163
1.0093301024240755,-0.9919892591558335
3.1181340653962946,2.6930670730026542
0.4265133502752249,2.5260042778246077
-1.3756858566666421,3.0882517944413532
-3.2304318282816067,-2.517476368036153
3.3549056932157715,1.0464349435277869
-2.7435439544565403,-0.18651054991258553
-1.9802200738073814,-3.096544229793059
-0.5582922567037788,1.9105100362414573
-1.8945201125417028,-1.1439359397617865
3.0177728844660754,-0.8765390507062509
2.9895303190592495,2.3717307289944767
0.19725071849035417,3.264423041755358
1.1974399596963357,0.12320923969436962
-2.656766510939108,-0.3144580144868885
-2.1189225123488105,-0.9707113243917134
0.37892273197066206,-3.0014300503146014
-1.8569578713551531,-1.5905159312221606
-3.1468984284257306,3.180536003565061
-0.8906382000133827,0.11054511971752931
2.5828506233197674,2.6672844268517104
-0.46792137229188263,-3.2207656969163194
2.6381778938214184,3.2548459935746377
2.9398001684431425,-0.6644526479638154
0.9448401793545103,2.848751772625304
1.3156504364902515,-2.7254743581748344
0.6407288736612212,0.29451529415976563
3.0625553657280418,3.0008107668309436
2.054891842959373,-3.27665831806832
2.645053928747284,2.851336404480914
-1.2298858860553055,-0.7807346730443925
2.116314914429551,-1.3832947313770496
-1.0876857821520776,1.2938522059959292
2.6269490890164526,-2.7792649335958814
0.9424714487156729,2.7689446307710925
2.9025282767952483,1.9747116563685323
-0.525158901884474,0.6927384799059907
-2.564309485967377,1.6509031286876301
-0.651967829721704,-2.798056458602021
1.2201761622231737,0.8653488199015114
2.6793697939352277,-2.5566415965362075
-3.1201623018446236,2.5007702513942913
0.5120327860660451,3.0346927733957108
-0.6075771268301958,-1.1756630647714124
-2.344033264614796,3.194336214100273
-0.8004480051423092,-0.6791766549037052
-0.08544014422363702,3.1702200840898094
0.9097057874567249,-1.2393041107145348
2.743643104539899,-2.8754166659762626
-0.7024111847449964,2.4833152504570957
-3.214339629544423,1.4833648731772848
0.9368660679085352,2.613863406006586
-1.1262175676091286,2.6820671146297883
3.023276432372581,2.798927084996649
-1.4753486499282398,1.5244227526080811
-0.9136949184018422,-0.8443509426488174
0.3522227268314589,0.9902218541078998
1.4756710946233864,2.58069382186572
2.945377090204542,-0.8738538776977028
-1.6093490001588742,-2.7671957690990205
-0.6440971469920203,-3.331800927383579
-2.814894878108804,-0.7059947893715878
0.5903927229111395,3.008988296396158
2.2449180664149164,0.9195951136354421
-2.216587693869456,-1.8816931551599976
-0.6445931392917132,-2.9281014492208195
0.25342492002077754,2.4354385374389866
1.4141946234123406,-2.739111376795631
2.5077018273173306,2.2004449011865113
-1.464791998097037,-1.0972041589896004
-1.0705657176574437,-1.0485441621585758
3.178944374520254,-0.2736180316199236
0.6168020127788205,-1.0967248768986333
0.8677170397980067,-1.024487818248364
-1.066675242464485,-2.5932525873946717
1.195672461686323,-2.5747470720274954
3.2281154760270954,-2.1449311645498725
1.024920420627182,2.595820416898518
-1.6120169117479857,2.7542995711309675
3.183506331748077,0.4261985547875456
-0.7262739787316893,-2.76762739609274
1.846771763824402,2.6957068752273368
1.2650332254796135,-2.295891936414032
1.098562055048327,0.8110126468700318
1.222174018769564,-0.8947443736905587
-1.1132651017238755,0.8764241384660871
0.2728948624774998,2.924945021904839
-1.0744490120684056,0.5535439804302146
2.70852115620109,1.3913740533403636
-2.9061451380186814,-0.08853229462871919
3.3122239037811214,0.5918672351635884
-1.1590612298520284,3.229712338221324
-2.1657778748863135,-2.531773802644533
-1.4340054608849397,-0.8339727996147608
-2.763510520643458,-2.901136706367161
0.4032497472387184,-2.444533562425199
-0.9702862991328431,-2.3031941399660365
0.6718714162267406,0.9513391717436156
-2.9351870156891597,3.075511642387189
1.2617309516237796,-0.7722407286895963
-2.9741899038432935,3.210065850625768
3.174807899581926,-2.8519738998231765
0.9259968181273057,2.6943610598834313
-2.9493037920262277,3.1249708459522165
0.39645441342229387,2.2582171655230026
-1.5293393562957427,-3.0701956723986554
1.166029003923165,1.2764365616647864
-2.7436384597839556,-1.0029945056760254
-2.795893391094069,2.474790742909204
2.6515049196040983,2.4407923081545193
3.383743263536203,2.125721889289511
2.292215617059174,-2.640987246068693
-2.992991721649426,1.389496529732675
-1.528591792832001,-2.0813266546264786
-3.0332725738860904,1.0203543053328812
-3.017226218927277,-1.204052000900985
-0.6680508319504412,1.2088009425885657
2.970809279230845,1.118661344684087
1.109963819438627,-2.9347363899374743
-0.9372913007997614,-2.609628568256795
-2.9296656831860264,1.4142102264046361
-1.4901919123290548,-2.3738613936094684
-2.5557768451284284,-0.77218706776643
-2.4575689493241786,-2.8202610795880045
1.0749968280280935,2.9449417115720515
-3.2377388519536483,-1.17482938110082
1.5083138644774132,-1.2363549869212
-3.150707268241855,-0.33662587981346703
1.3732679315177654,-2.990455391562921
0.14979053689100028,-2.5276721110902707
-1.3913090849797547,-1.4477501533530304
-1.8785551378595287,2.4757886259732884
0.837592924171337,3.0280518876166416
0.8568052578210021,-2.59572067470552
-0.7738856779594774,-3.055059624975343
-1.3683990790865292,2.9225563855652843
-2.8201340256157903,-2.9381189877816927
0.39495812834864624,-1.3992611918139
-0.7789969006199257,-2.578177354537565
2.6104304433542556,-0.540607830961934
2.852472263732531,-2.758173321274452
-2.8267039529137956,-1.736961367741097
1.296299752603778,0.9367071194799084
2.3526094519404914,3.252671300219948
0.7097601304580903,0.5566087591557233
0.7531324079449535,-0.8508065487362603
-1.023650238687906,-2.9660782017324934
2.916820973066092,0.3369976052711229
2.165534484807701,3.025574268211997
-2.8309147796386678,0.6930735211236106
0.409762331876665,2.9944012954853427
-2.8513210381633693,2.2030734386483983
-0.6203476910028684,-1.3585520732662197
1.0757503406348514,-2.7912295432663434
-2.5110017604538686,-0.9319624280960199
1.1910489130942579,2.366805777087607
-0.8281529648038887,-1.3170406593478161
-1.0533743927068888,2.618881313881101
-2.436493794421762,-2.8472158872043942
-3.0038620609300692,1.2478492454760426
-0.2673590221590245,2.973369258429307
-2.9174197219159157,-0.796647657831198
-0.8407179848417282,-2.998178061995112
-2.3869534205227056,0.2732386221897703
3.172946548056122,0.17350035034987132
2.861278363968084,2.954624989378571
-1.5401442787241877,-3.1650967976200497
-0.9317462107185285,0.9747792171388805
0.4935162837852252,-2.4582002491600083
-3.1133974402953317,-2.993636567493713
-2.5085230622404526,1.5734717440653063
-2.744316055422842,-2.6750595443906398
-2.7065040632207134,2.6211897120456142
-1.1671211079381396,1.5066355324844942
2.688518740868387,-3.496462102720681
-0.7853228669318876,-2.7646471987741243
-2.894464965952999,-1.3607036714990808
2.8557396518381823,-0.8367156386043039
-1.6671623190573392,-1.6265705650086926
-0.48999359525639075,-0.5266144107253471
-2.8140895122961362,2.8331156689603936
0.7631576216470626,2.2422924044760952
0.42351420595582284,2.249480554658909
3.2007431217627205,-3.1388100980183813
0.9775796871479583,-2.8722388098899003
-2.4347443649792053,-0.526269730977607
0.08394118921858418,0.10778885924867201
-1.0016161939664714,1.5162630118669396
-2.7008052219390377,1.4319110523859944
-2.7429640843262493,1.4115966573826035
-1.004010582830006,0.4010375043552375
1.1058200452636984,-3.240916924912888
-2.786609255332411,1.2516288183537398
0.9097446607666914,-0.8831015345074562
-3.3107008359954335,3.4637697487276555
1.4070803466712374,-0.991852609432343
0.3270454828390504,2.760843861376998
-1.1794768411033905,1.327024954590294
0.3935198924734004,2.2233712257379707
3.1329589749865465,-2.805527420626452
-2.4180569573829778,-3.0322534585447705
0.18205232061749507,1.3274800652067167
-2.752391827837969,-0.5201584260016793
-1.45629249903593,-0.22705122748130124
-3.423146524466137,2.743178081348073
0.9983049825233767,2.6405979680889
1.007845527727819,0.6381141605885104
-3.7312380124572706,3.0425422653276146
1.2930203538306064,-2.0007348452176017
1.2494037681841028,0.6130406163657428
-0.41218425516609836,-1.3146942881332528
1.0559702443757073,-1.1559417319932055
-0.8286444159886861,-2.660376687843848
2.901124730682868,2.452857445081062
2.738751522483859,2.5416582544084503
0.6967602083057273,0.8982994065333475
-3.379379219015424,3.2423698065609776
-0.6893324171730296,-2.983321637543895
2.6723023178585206,0.43000415362252437
-3.401494492746738,-2.2317044458127895
-1.0461238827475494,-1.2111673652592734
-2.8688187416152244,1.226094317236653
-1.9663935779559083,2.8793830250842904
0.3789318921191337,3.1453722690611725
1.5514123947332192,-3.0774365346288506
-3.103346989520394,-2.0735538976421406
-0.9316049254902402,2.3307737853141774
2.8610199960709295,0.49586721943279394
-1.1928245754714168,-0.845280207878498
-2.9177076289835564,2.223228554234747
-2.5598495954655616,1.1975663678813846
0.9327474244276259,-3.0827137168500744
-1.4134927499801393,-2.404408402376739
-1.7967606040898736,-0.5918222123700234
-2.6710541907596217,3.0309928836318996
0.7558034154199936,0.830182336280445
1.0139173800313592,-0.8388404876256466
3.120753076537623,0.597238929866972
0.9316856244021428,-1.3474843865185797
-3.2936392977097095,-2.831534037439321
-3.59964160188,0.8021647087799864
2.9835462517843334,0.6838896696815003
2.8073840976600883,-2.6995547383956136
-0.9640164384714192,1.199263421019381
-3.249686652161343,-0.4819304441345414
-2.909220040294563,2.3259471202958935
2.7429242298338115,2.2659666649308696
-0.947011714657307,2.192721538394594
3.494799408430868,-3.0591594500578885
3.1734639440662002,-0.9508747173015085
2.758124926875672,-2.519425378740973
-0.7796550352402085,-0.9887897173406642
1.203091349271975,1.2335044185170585
-1.4078862531671938,2.7962871491308423
-2.249271496659112,1.3480083207906053
-2.983810778057143,-2.9103805958706044
2.9768508491764334,1.5542040606676937
-1.2777689628695115,0.9594658481040643
1.8406635365926751,-2.7932352678700467
3.0410651168193366,-3.3698086392733297
1.3041588828565585,3.1962800692415754
2.9695598637383167,1.1924031484028634
-1.5544453339433604,2.2522393054566243
-0.7479688253874122,2.2917012538970183
3.0952597817966896,1.2368624671428348
-3.5292543007710226,0.941813796850791
3.0781698335194356,-0.8782075881971261
-1.5100132499564902,-0.7747197946555309
-2.5742017630232485,-3.1606617802773904
0.8116801088806928,-2.5527875065460295
-0.44008046599315837,-3.4420239692516903
-3.028158273987749,0.3584695281567669
-0.13790328529733478,2.7872366353259337
1.0326440018831413,2.8439151731624692
-2.8451122565027664,-0.6474651428626764
-1.591468104313532,2.9118115404623026
0.9676415584423311,-0.7916497025197771
3.1298190931380896,0.6590368867667763
-2.9713881054357887,-2.927793372921633
1.268682030563718,-3.041349184810324
0.9997481774593054,3.2110764555769586
-0.65084970698779,1.1635612263734552
-1.4378202930848745,2.70108825543444
3.1453788024101907,1.2018481133815433
-0.6676941222382046,3.0411064847687954
-1.265862374740471,-2.647705374402905
-0.9601091545813842,-1.155840364415813
2.9594312874920585,-2.1889605666978253
-1.0244038695687816,-3.54633899697488
1.230759957846437,2.884776696897027
2.86742759053043,1.2100740820954317
2.6291298239254934,-2.5361549458507944
0.6746674200139653,-3.111509853200821
2.9623421881012564,-2.535442874703703
2.0966998183871124,1.218447419899533
-0.5416013502946853,1.786366097019728
-2.767718908833103,2.3514993825954087
2.992023180297672,-2.562792158377934
3.011105038934872,0.6631643661703622
-1.363145879048194,-1.9602611605460563
0.7899746462723982,-1.2615553836079225
-2.9311657704391605,3.073123403425574
3.0159841187383267,-2.697073375389443
2.713637059955997,-3.8230188236178306
-2.1657716327558245,-0.6143409901040452
2.449184677469249,-3.536502229733789
0.7726076383340643,1.0032818244508772
2.8478463514787737,-3.059259825325473
3.2466696365151355,2.2837116342740154
-0.6064482726761891,-0.23425618059404868
-1.1947381784385063,2.980831842703381
2.835154741000061,-3.4854016760935207
-2.9874097896618172,0.6816680097711083
-2.2607690937970855,-0.6265537456959902
0.38538277003914867,2.9343097721530795
-0.8006689916669906,-2.42816366914981
-0.9156999169309884,-3.0193040389510295
-0.6348393776265626,-0.48911296163438656
2.9500366346002993,-1.1448817584482092
-1.1966284724635785,-2.679989116711368
-1.226741038102017,0.6109383276526648
-2.5742461161053254,1.4576960320856291
3.3746300017473487,-1.7192401456739306
0.9361787164467168,-3.112689485235782
-1.1184175982124611,-3.1818545997753476
-2.4858522009388255,2.5828110316208037
-1.7609092994094395,3.066551462059342
2.929660481153225,1.103191315969443
0.4336193946805236,-1.7171069393132055
-2.3961357518224444,-1.6965389455869746
0.2948146868750665,3.349218229135316
3.303683208843162,-2.8197673466842104
-2.7720543998254397,0.0975429903361857
-2.835640734270379,-0.31832240865945
-1.7213215619818174,3.1129087302493104
-0.4961164198365028,-2.5185294100264946
-2.601034304932194,2.8970932277436643
3.1435610352623624,-2.9453680396835193
3.1004642059561873,2.755304215024886
-0.8027588461717828,0.7578236067961261
-2.317384451004975,-3.238039941820007
0.8881073558900608,-2.906874230744748
-2.4815952808843313,1.0454318773492872
2.607836962933765,1.0106824689469673
-1.095104570264976,2.692785893856526
-2.9991234721798876,3.1658559803142023
-2.666487161657455,-2.6871436865270817
-2.681970798280671,3.051366996188871
0.25490864030543214,-1.1461417927452842
0.8985801481303929,2.602803440997105
0.6961931142198817,-2.981022363365856
-3.094612837103269,-0.6851856264455417
-1.5395014423711646,-2.100968233795616
3.004423315681634,0.5263637134730125
2.8499909053371835,0.7936468084691244
-2.7981026184214635,-3.1880966056987314
0.7716305330227786,1.4040529673853301
2.7550166571164927,2.141627606101428
-3.145062392127795,3.1561386660010524
-1.266580824480241,-2.9077680058342548
0.8637012598345093,-1.1277093556663464
0.9115870690075479,2.035972987390994
-1.8150125490102254,1.4130213336616775
-1.05261432596052,-2.6987748800773153
0.7984514101128284,0.9833423168956726
2.782394449610118,-0.6995316401490391
1.7380742383664114,-3.4900299584962204
1.1210872343024736,-0.23801478994365047
-1.2701858086829334,2.716370099974116
2.767434008688655,2.736922598849407
0.6328604277645339,2.308960172599983
-1.3542425807887866,3.047921434409623
-1.265124831608071,-0.4948243944747295
2.743327626646919,1.7050100855564903
0.980138323286491,2.761670557705293
-1.832101822967781,0.933770770702184
-2.6506554560762123,1.2551144130287897
-1.4237986759027632,1.1455119637935418
0.6025891036328089,0.9355886429455459
2.9396373991401257,0.8287662612063132
2.925668690098736,0.5395357767406255
-1.1775746463043324,-0.6672562800769744
1.5993323320427497,-0.5264451716678801
0.9251393097247869,-0.8834163337638941
-1.380987501976749,-0.9904130301516318
2.8036795922865934,1.102874552944479
0.7581690358726205,2.7401434160620637
-2.8297617865130773,3.0851839201882014
-3.1164911526621584,2.8991554695450716
3.126201859549751,2.982848136523207
2.368593155384593,-0.5688200755783339
-1.1464401734367669,2.799091327723411
1.1564838650264662,1.2298350945576746
-1.2972147976815975,2.8478334382340633
2.707015134478376,2.499707714752767
2.4950314555903654,1.665707133564551
-0.23127249310365586,1.110230114022438
3.2409611808794296,-2.6778112976673514
-1.296005726941396,-0.7442407362730336
-2.1558086984491114,-2.8238583157037644
2.916621568260132,1.283671488259082
-0.6780234818864306,-3.0065137984796113
2.8334619134275556,0.7101187639008533
-0.6028848222236743,2.8919939815082283
-0.890142001552592,1.3266143843402405
-2.537639345796483,1.3859465509869648
3.1218615296267305,-2.9859914587050307
-3.168178314553192,-2.697397057491836
3.12585039401788,-2.3992722257697436
1.1737236795602515,-1.5842242049088273
3.68086061690579,2.5589279232716176
2.889538352388535,0.8474067279150082
2.7528769745099257,-0.9633804670069823
-0.9370814512887158,-2.2042332486992553
-3.5548958170457174,0.1359742788032936
1.292373328762161,2.4612047889901403
0.9275262275157355,2.826875386019534
-2.3813274593896785,2.64007837933893
0.887849107778941,2.7810143919974286
3.644653413188895,-3.1537307692357324
-3.2129193720358367,-2.9890934149674013
1.6550828963413058,2.4660054706786987
0.8554649098263042,-0.3194922376480491
1.0868292526462637,-1.0122200297756283
0.7631530185323285,-0.4755038367453805
1.676519948286779,0.3468729801957189
2.349955501754364,3.086871813251593
-2.9449185474143085,-2.653841531380311
2.099278918285243,2.7221894105162474
-2.7568148655428493,1.0725610656376439
3.3734531479599705,2.2135401621218547
2.811348323113171,-2.305087807080606
-1.3685122670155956,-3.7409645571391734
0.4227081689517972,2.8869980589683837
0.3584257893899696,-0.516122848934989
-1.610068312428835,1.2535338213644769
-2.9780004162469678,-0.5010755167025344
2.606494515930193,3.1143262659072017
1.038506646088619,1.1979505744266865
-0.42380351136289446,-3.1582281700451045
0.584492841535748,-1.1892192663183938
3.115971510403953,-1.0594012523291316
-1.67223654497539,-0.373666994096224
-2.6276345930730347,1.1449648209306906
0.9741625423405773,2.6606535291107996
0.6849607881825311,-3.0804449690017175
3.3066982440083015,0.7350298116065462
-1.1585053038886433,1.258822808756198
-2.4208323413953243,-2.8017291136368914
3.3749096209632796,-3.5607469692668365
1.3644645232885126,-0.9442059948192203
2.474418661687103,2.8720870173689765
-0.9792980449055838,1.3880578521115288
-1.2932708859528927,-0.9384638487926417
-2.838220278046494,-1.1791896066425622
-3.0161629289051484,2.716478034974635
-2.2772555875942384,1.1399752691411391
0.7936083818278707,2.5914953924483184
-2.3683707931685225,-0.6104815316936316
-0.697704143180316,-3.678690317006674
-1.1791724233423668,0.7993007459230924
0.9749969838691519,-2.7763172824841353
-0.8103054418773754,-2.5799203021762733
0.7861586297120378,1.3815560958224222
-0.38848678654707386,-2.7698455180117016
-1.018761147892099,2.1253128794455045
-2.609264528151821,2.842253738454619
2.5356932794010048,0.781094306396994
0.9372305586881141,-3.2300604493447818
-3.03681668153459,3.1316777877627193
-1.101133174349371,-2.6761692700367092
2.7841842446135416,-0.962009837542275
1.8201454249404225,-2.557542016527902
-2.621131789771226,0.8196561726230368
-0.8624036456876416,2.3892624631303065
-3.1534268949905813,3.129266317413641
-2.081231692083042,-0.02607125637061148
2.7712024602696226,-3.582076094833829
-2.546444821159366,2.550506321327618
-2.9968708888874525,2.897493092643955
0.7843069347609032,2.6918575637683357
1.2744183828774895,-2.582574489727725
0.93701733410721,-0.8133902728893312
-0.5875269754138699,-0.6445851675906303
1.3286790735396157,0.5691844141877478
0.4717069181553841,-1.3254671225770747
1.349802775061221,-2.7544287372711267
2.173455344439137,-1.3421515740296512
-0.9768795042900839,-2.2048627795921103
0.10596701351500086,1.3369174915007582
-3.272498863633626,-2.5125705284200697
0.523556841973476,-1.3052781074190833
3.154434842517311,-1.4307329512609692
0.8104682347715365,0.43090419209329317
-3.261034709155206,2.822954257188908
-2.5440121820188493,-2.4136666445665247
3.1867568990668773,2.7503674074610145
-0.8977845981116691,-2.8200291763751864
-0.9384666849314985,-0.47529614635178374
3.0914437741590066,-3.3287605396262943
1.046331285001806,-1.1025902933669403
-3.1696748964558967,1.2972557595802412
0.7660616589807471,0.3012311495025641
-2.6644763739642228,-2.0383400827104383
-2.842251235868285,2.3309608451448387
-0.6044413862329192,-1.292201441024648
2.7591563904049337,2.6824624008229776
-2.3191567068116963,-0.5715250507796583
-0.1408012941300108,2.8958106106089274
3.4090615641416036,-0.9994061279136494
0.46729889596806196,-0.9157454737765288
0.8719375815013648,-2.3746172939559713
-1.2731433912127068,0.19078249547835885
-3.150342322561914,0.4711966960371563
2.754797476599891,-1.1806752348094376
-3.4722293879288513,2.8366501029795423
-0.42233296383718805,-2.7791234771707995
2.6754913025336458,-2.8833805003710427
1.882283845671478,-0.8544245300641831
-1.3096882418192706,1.2731530124188606
1.130864715581974,2.8185443538614012
2.703598561110712,1.1240986210877444
-1.6755489935715255,0.4080454834970965
-3.00422656677051,-2.6308699328040848
2.2557106417958086,3.034299905518887
-0.6493663375884734,0.8316066155519997
-2.06382142229844,-3.0235863626127597
-1.5059892264002261,1.8979033222394486
3.136848206630717,3.059801281407587
-1.566812483102334,-1.1683209696050652
-0.9380146499777124,-2.7042462084565013
3.2990817284168896,0.8595423489440732
0.7590467845140154,-0.5423680818481387
1.0702594543453505,-3.1364744707696603
-1.5298016170827342,2.5763279702980646
1.5354824692613551,-2.4840932829713496
-2.467111614822919,-1.0607559675960867
-3.131886676833174,0.8750715901561622
3.0656995775464906,2.2396221914507883
2.2766866450192227,-2.7108801453932014
-2.6282065656932296,0.8269051335821214
-0.6268026973693271,2.780565655737526
3.434493325613444,-3.3014016680087024
0.404321081854756,-0.8669394031647807
1.5797190820343963,0.7475627950432837
-1.3326801236447485,-2.5410819457753417
-0.7603345553340557,0.2823811374496436
0.8911557565414895,0.9791447806552084
-0.88792929815741,0.8075339598077057
-2.8987705778214843,1.88414359354401
0.5523147542863289,-3.001947079305279
-1.2202593204837153,0.9094999609950071
-2.5451631118398566,2.8519707952898923
-2.774871784295691,-2.262876495208597
-2.5169191394096218,-1.290663265874195
1.1099858504989182,3.3735337368346086
2.7051372167220484,-3.017737929508099
2.8910309267783485,-3.1232292047906967
3.124493789614577,0.17240197902337448
-1.3585340763602887,1.0296959259831824
0.5245640610362575,-2.3875778878325775
0.6864598556285886,1.2844124754536823
-0.8545811424291531,0.8949303749983797
0.5806009617886876,1.4154529800790225
-1.4789632559884367,-0.5721887636612011
2.0997003956472287,2.624807410933944
1.4058201955691931,-2.7724459725900368
1.0367344954234956,2.3546644733149544
0.4206120669368203,-1.639163898517873
3.5638101217444875,0.7862154117480964
0.4264273056903782,-2.3412806765280605
-0.8054769416682288,1.1460172240623578
3.1723974493526637,-0.6385893344217801
-2.9287754032145275,0.8885300538586353
0.57741259004349,3.0156559498459234
-1.1036253667564477,-2.425807739862287
-2.0937383945549324,0.6899474710913249
-3.053125562332989,2.1136431420458375
-0.9837489737363126,-3.025737353708303
-0.8631103053292399,-0.696693206153497
2.8388564960158766,3.0022146743636893
-1.0142906320012897,1.2951766873474901
-0.5755409471096463,0.7347692196305907
2.737303497486154,1.6103970204773872
0.9614953798159495,0.3489233713158255
2.968992862884665,-0.6051151108571384
-2.667348226440597,-3.224875381345928
3.3894143015418616,-2.6285581132068754
-0.819790981105891,-1.3175567424381756
0.9108968392949796,3.3103849344718412
-2.980902241366112,-2.875827687018769
1.5859096876765106,-0.9947162586028336
2.689135050515655,0.561142084312365
-2.4064282468328724,-2.772728277120626
0.635330027012064,3.3135174386435953
2.514830373328232,1.2095722163860883
0.9937231071445883,-1.4823874043647234
-1.111687366046842,-0.5878081309347136
-1.4807862076100275,3.3776244828843747
-2.7966300150590397,-2.259031967733963
1.0023230290223593,1.0832083643562866
1.080085436286265,-2.633981319615211
1.375472979954282,-3.196050655033774
2.8993274975030605,2.3435823876470705
-1.14077175538476,1.4539445094168475
1.0580546187770739,-2.5201840353358236
2.9984567125296886,-2.8963194184308576
0.6778270296178406,-0.9475394182916355
3.516886868309081,0.8222748900980148
1.2528360197025925,-2.6941773807372376
-1.2742372426660706,2.6952874788603385
2.2816279988647845,1.971388584843747
3.393207261560095,-2.798091593294664
1.313997781552299,-1.2300427935170057
-1.809405614099023,3.2268979795919166
-1.3769861703647208,2.519379517917753
-0.8372094000961888,-0.30754739385871227
0.9596296294618395,-2.8105551573793357
-0.5490055391697377,1.0205500181765703
3.240047622976746,-1.210281486215831
1.2840516446612764,0.9654625759969393
-0.9503182141742179,0.1193252014594287
1.4869205513426385,-2.1569449286259044
-3.4262543831624765,-2.8017073022323937
1.319419383698088,-2.1253452407259035
-0.9782231891784465,1.2867538298123928
-2.8242116529181565,-2.318233991723753
-2.96002107990324,-0.26682298079915917
-0.9814967038378388,-2.4560668450279772
1.686444785545157,-3.3289899582914484
1.032010829839208,-0.532597798626337
-3.0477324970444566,-2.9130063276128335
0.25294552048461966,2.5466720758408816
-2.8515429200545452,-1.375577771229672
1.1097305964719066,2.8174122385172673
2.756034954245329,2.3684534360874294
-2.9276834171924344,-0.4952658889161009
-1.434771181545991,1.1108342111233183
-0.7667559120892932,-1.182120200047345
1.055591068158378,-1.2727011823981365
-1.430492117182713,-2.946727050465244
0.9056589929357158,1.3233136014740907
-2.7533433745315934,-1.0104357667790995
-2.534905492214545,0.8934684626826825
-3.0144324701444885,3.416028036922459
-2.6698957485321944,1.2633344306352683
1.0840993987981111,0.9065106866900045
0.9162266360151303,0.7100483325823156
-2.4614712994624437,2.435406240811634
-3.5097925065697417,-0.13328091084510393
-1.0310634437777464,0.9071657374756059
-1.0704651547002813,2.691665678277713
0.628241917608189,-2.9494414842840855
-2.4969202207169796,-1.4185966577275635
-3.6711703323011182,0.8161580551046674
0.5739670341226887,-2.734898772592939
0.621907936948328,0.9965511214358972
0.3683014623035956,1.0837286475895596
1.1977596591981714,2.4041366200998664
0.8592555537465779,-0.22242234336672553
1.150545943397414,2.4342443582102558
-1.162291920108669,-0.9445252051655844
-2.676239448148602,-1.3531034327589166
0.5323151836746836,-0.8413513476252866
-2.6144297152657714,-2.710427944534725
1.0337526892642557,2.9313015835086462
0.735470442040525,-1.0957452387719988
-2.6456421245965482,1.20119498168663
-3.1721415349566735,-2.8805807614146217
-1.2085244332389684,-2.877347347564684
0.6839521645142957,-0.7710734431935097
2.784270264225769,1.303538663121467
2.9682078368465943,-2.617123004573484
-0.9807539568214013,-1.0813535940671193
-0.9494294556702876,1.3248492976758488
-3.8210812341507907,1.0831121467664182
-2.4545484340637307,2.5685363904782172
2.636239343556748,2.204282284685803
0.5617808825954832,2.6720924179111383
1.260269224661382,-0.4267778574563089
2.128423463287373,-3.1877811055221925
-3.2611346770696934,2.993739868990033
-1.8937347797601933,-1.0917446410545497
-2.0867655840204216,3.2762601437078724
0.9910616298871131,-2.3124139003392687
-1.0853217772350772,-1.3848703103822577
-0.5275029250952522,-2.6881421287709784
0.2028631205899778,0.6064950404166106
1.1582155212017644,3.0403123776976684
0.8244018805717906,1.01550373714107
-1.03829661609842,-1.0242502226692187
-3.009571913195483,-0.5577760525985226
-2.6156032007427297,-0.8194271386016635
3.471149246408495,-0.907755059264049
-2.670508707098076,0.0527411162173432
-0.509256577402571,-1.2521813062900533
2.778771689611807,-2.4314438708295945
-1.2224965256134201,-0.38883906737099394
2.7154622811476226,-2.3411963271026464
-3.090168420665028,-2.4744162695888785
-2.5061856072898703,-0.6387672157907542
-0.18089797912051134,0.9868290818542691
-2.1656967185763154,-0.5963673744825632
2.5380017559179664,3.1275505080132286
-3.193180805122239,0.8206701368156756
2.563034063255126,2.5656606811062264
2.557562262497829,2.484567486937123
1.3892420585024918,0.8033112323287741
-3.2229702677161596,-1.1407931809075114
-0.70985153143105,1.4497096129461482
2.0691883536179128,2.7950782785370616
0.6959674664843998,2.4748682603187917
-3.175985805325473,0.5112702895997044
-2.2323250693750047,2.705363023491966
2.375973221719264,-2.811121141749453
-2.271679167059147,-1.0867196283613345
0.4953279937917459,-2.1197100779513263
-2.8226253056775965,-1.7708115823479695
0.9978375589694616,3.134886186932082
-1.0628517688523171,-2.4894148447286817
-2.2100325595646573,1.5309328992957658
-1.6396862552570541,-0.42593700435799475
-2.60795617580604,3.19287256457242
-3.4152443107357278,1.366967167195695
-0.5334253106637264,-2.9310046090042796
1.0645849140298091,-1.274101163734258
1.8289482474820427,-0.9100500858165882
2.0925864440350135,2.4405536327776693
0.6024865811438214,2.948056463244568
0.9916285220231361,-2.8891546530219685
-0.6526689405570915,-1.3509851288569301
2.9468775091199935,-1.188763573218731
-2.931633449905395,2.506884055772575
-1.0445813623324158,2.834067167483741
3.035517747601692,2.1174676723609727
-3.2128478670741916,1.4271593582273143
2.903201816121623,0.7037427239567882
2.9246518074659,2.7697212317909043
-0.46654167774040084,-2.7188448595067194
2.7875854862633025,-1.5474173393554569
-0.770820744686612,3.025102855340174
-1.0166212070938068,-2.874254367701026
-1.048923920034987,-2.836154984715412
-0.9413834350846043,3.1735868370690534
1.025622532112841,1.1668165481442865
2.78359008730833,-2.514320867680763
2.6410410793689914,-2.5444350101924402
-1.333276641132169,1.2693238555611646
-0.8041739120028093,-1.1696876225052044
0.9063049940356714,-2.8998272509730416
-0.7183412191073975,1.1162723290439145
-1.0834690928412032,-1.2444737271383814
-2.823035457609121,3.0221594104297194
2.687467030379021,0.5828342636320243
-0.6382393837899504,-2.7071598950407667
-1.2887594339261448,-0.8694451666076606
0.5823984097106176,1.4608186981729374
-1.1049270670597033,0.9539215926015255
-0.9880073306110381,1.242610682025605
0.9493219741127423,-3.3274186630960485
3.7086450198594467,-3.390503385552284
-3.285981799023569,2.9592034662727316
4.090116510009186,-2.680647667554525
0.5190119431872896,0.7348582299379361
-0.6599664161208878,-0.13908142215976765
3.0804910460415518,-2.9733479709790798
-0.46607717611098926,1.4080094511796835
-1.0636648272531455,-0.7714562146432968
3.4469891605385556,-3.326038991977297
0.4451811699687789,2.5650188277450487
-1.5695728417655597,3.402132543339644
-2.9865149198588856,-0.5895975247780009
-0.8427273714682022,-0.2582743882610287
-2.4220347975628806,1.4287106226349535
3.2946574040495893,-0.016776024921711367
-1.2360147146995821,-1.002804782990821
-1.042097418037992,-3.035820687937111
-1.1976859395195414,-0.9478944735927224
2.6556893364974252,-1.291432803359684
2.6457053899907828,1.210126719939087
3.2367074410250076,-1.1735192044143195
2.7574356917171507,-0.6488004163072881
0.9537353479829913,2.4338855737263323
0.9216048868817391,2.5310839187009146
-1.2870262771971315,2.6616880960217
1.5629527330276285,0.8501545502553834
-1.3339748025245093,-1.3822348335316434
0.9005925359638016,2.172146926416632
2.702329126535716,2.803572397214317
-2.5070673151555987,1.5934887343038766
-2.543511237963928,0.7855244163915209
-2.681945993063589,2.5332357787943445
-2.167092568362171,-1.1241710607836035
2.8899455923568973,1.455262261850325
-0.9597999926150839,2.9481626952913285
-3.460744951429086,1.7325056394795184
-2.5911094302275637,0.8490094705950817
2.7419909587640463,1.954077911173397
-1.1154605278077927,2.324856290373298
-1.4032717634532919,-2.752841930590883
0.7761274196259932,-2.7812252237518775
-0.9421836138861198,1.5465203826505918
1.1961683646931571,-0.5947026302104038
1.0905773227938238,3.0807571163942833
2.923186993393197,0.8654802935202817
-1.1322248295653976,1.1820008093286016
-2.6579889070992153,-0.8371976333379663
-1.2263985676230533,-0.9088580633548767
0.5593266237976323,-3.2605606627003327
-1.06178883489312,-2.6119871789384583
-0.7259338989821267,0.5691180647816494
0.9342298931096232,-0.36010529420273557
-3.0269041204400637,-2.820297220346332
-1.177911506014701,-2.8953588677684685
-3.4346818466452067,0.28046869767541355
-2.2918560991963903,1.4783526346775369
-2.572779433889743,2.7148282086457862
-2.6806283760552336,-0.9317835387145015
0.8054410781092862,1.1269865645126698
-0.922695399053005,-2.682579521724225
1.0836627949017883,-1.0573727421445729
3.771231403331503,-2.665075699562763
-3.396763478886808,3.0687470150367244
-0.9375569063851344,-0.8523023201386739
2.435344936424848,0.7272147152827277
-2.5663390030218207,-2.2449764927639397
-3.0978889299697028,1.128216518402455
-2.900825675138635,1.3638680347682977
-2.4953865760756195,3.125533591561789
-1.3325909499244772,-2.1822634529615796
-0.7457843073870689,-1.7758328712281428
2.7330725446696067,-2.679189772706422
-0.599704282994645,0.4494914098186762
2.849038526754341,2.4922096821549418
1.073174225763446,2.9068872151237155
-1.049555481086112,-0.7344629989335494
2.3022322803491027,3.0104152512041886
2.524331632804459,3.0195898183740746
-3.072524414579238,-2.507035790086917
1.0359937486348931,2.435661129352274
3.2328036097335917,1.1296144109610242
0.8831371899761596,-3.423916390673839
-1.1083613260439513,1.0596162887561458
0.4565413972175683,0.9024435167416734
-1.325499201916658,1.2099210666055256
-2.84271062244421,-0.9437014354394712
-2.7131943776903285,3.2720675796464325
0.8827324373910478,0.9863341866664699
2.319327195458555,3.058787094947619
-0.905926848621125,-2.97585794834598
-2.591048744339758,-0.8462024746597523
0.46052224503364114,1.1280919620733698
0.8386869205850725,-1.4158411932116417
-0.9966487537629368,-3.2933848794466014
-2.569233660635309,-3.584808736042109
3.1827425068055084,-2.434190975507715
0.886765889199443,-1.4616665828473159
-2.1486915319594173,3.9138401192106715
2.2758577742237156,-1.1063063482767168
-2.379905179206213,1.3549203904034128
-1.2437619848568868,-2.040290237102837
-1.752037885420657,2.7673508899746975
-2.5305605448348953,-2.275184867639635
-0.8504354161577197,2.2642366316227833
-1.10179758580268,2.8611669811159137
-1.3014295415057322,3.0635029395923845
-2.1412808629014712,0.07456816875085526
-2.8815337643056527,1.0684746360363095
0.3628419444698768,0.8257366090622394
1.4199508115186144,-3.6049513536209044
-0.8906237738829251,1.6019463692070377
-2.7066726395306353,-2.8286838629062143
1.0873934051138527,-1.0874462506536213
3.046055258378967,-2.9981189542670186
2.8784062957136674,0.2754949648100728
2.1791579687795917,0.7062748156861017
-2.8686841486803454,0.8165645059922634
2.4187760065464072,-1.8287737091738907
2.9773854245912363,-3.6715985329528213
-2.7522710499646763,-2.5501676079774556
0.6186029971214385,2.334689387619515
-0.9405039129531769,-0.7460418393262831
-2.0116920822977815,-3.2548872222720724
0.6865933877214873,3.0349808527436184
2.808381607776039,2.33920642648757
-1.0682138553178078,-0.35972170097523165
-2.5706030894292238,-0.631618323780732
1.1800122877654828,0.6723350467427025
2.3828592582143777,2.4337347394749775
-2.9504583368851107,-1.0382115062979889
-0.4840765992354264,-1.4479874902592547
1.3011714357012745,-0.7381956902214737
-1.0778484375090032,-0.5583065239603126
-0.8645931054449155,-0.18181280663546787
-0.6941677749045919,-3.167952919758622
3.582026495623002,0.8613227170399524
-2.8777374604631207,-0.21844959868109357
-0.6831482358826471,1.001725185532478
1.3039164407308796,-2.4476550918052546
-0.7612742967616815,-2.7131106043704762
1.2567846145350798,2.7061369737492007
2.757487765150107,-0.582209695850833
0.9280748853914479,-0.7137274886800279
3.2748053183827643,-1.1447180106702632
0.7314289976505444,-0.9174284773689786
0.42035281051451157,0.5740069545634433
3.669007732576682,-2.792138394377446
-1.2357371397753072,2.7835387569852736
2.637857993850212,-1.1558810588268496
-3.094099559352838,2.526880799989788
-1.1116408066649586,-0.5256611719688977
-1.1356911365287592,-2.959097409940349
0.613641739763662,-1.2078242365258771
-3.022525870171855,1.5046505130852248
3.2451249376904627,-0.5618250868642526
1.4198963246319658,-1.5285541242067266
-1.3380347352297073,2.7152738348336563
-3.0637065883451724,0.4919547911772203
-0.5691846064762041,-2.8120560815321447
-3.443882067138276,0.200303659104562
3.6579052661705536,-0.8456192088997168
2.3026878562098685,-1.0671187261188657
-2.280968886988112,3.3036691010697226
1.0654293366741932,1.0182363481889503
0.5779495482987067,1.804793269866186
-1.1193969755372197,2.7945935621954368
-1.3168672776305228,-2.7588332406781135
3.0074070469608625,-0.7218029283197245
2.297611204567818,-1.41217200884707
-0.5699207423025853,-3.2042759468977815
-2.9345141130098,-0.9355412570298925
-1.1337408870425458,1.120953996758927
-2.4728958354006254,0.5703523526172681
1.23510377174586,3.110852512448519
-1.2765503894767727,2.2604440644085897
0.3401572848354079,2.603905414025653
-2.6207353930664317,2.6122293722320102
2.7976996525993805,-1.2359711986913458
2.8423187167241046,-0.8821824815066711
-2.5098752927335264,1.3369295667886085
3.5197309214797676,1.3997189695125718
3.1022143034679277,-1.2817824941745843
-3.066563857210429,-2.833509901305962
2.8264884692197993,0.5922205980193906
-3.0343569472516627,1.4783575018116824
0.788838935187532,-0.6329437658554355
-0.8631227116338821,3.0745896724325306
3.1056504113618804,0.3977530356254861
-3.2983852906570834,-2.647509294081257
-2.2654812897194594,2.571613089847315
1.148138779648985,-0.2397517194220255
-0.717111620510106,-3.1167893620832703
-1.2852013106874665,2.5770514816751944
-1.0196411690920797,-2.8773327353612355
-1.8694248883686533,-2.6783668150497157
-3.0393289194557953,2.4476316821161683
1.3480218170358884,1.4565547597755684
-3.192720897172417,-1.2024746592993811
-0.9908931227511274,3.164680891489379
-1.3857126431834064,1.0305870804166986
0.8827329215380363,2.7255996120458037
-1.2130959207682703,-1.32632087458789
1.4572897559568483,2.4699351783014816
2.9680305025021743,-2.361987417954122
0.7441536244479491,-3.108107134209912
2.2813793492586645,2.9911790692415456
0.8393484809192754,-1.213036417409595
1.0414331546529998,1.1006459047965287
0.6741411315811778,-1.9588552726054098
-2.942145471838722,-1.4051902264221359
2.4403897391755742,1.2090993682316107
3.0572169989613447,-2.6089932245444043
-2.7352228707232364,-0.7513069005398963
-2.7008482324230365,-2.8278864023342654
-2.788737301568181,2.295297325048936
2.531279288481167,2.938507735789394
1.0364807417986874,2.564322985569373
2.1878721032768484,3.219284240916699
-2.9267227785040544,1.366876266193012
-2.325708014242498,-1.3915480467706998
-3.1162527587825926,-1.0610923917463004
0.791192001908091,-0.8972780270078023
2.3894874094251977,0.9169551218490299
2.7288595097156705,-2.4891961627964743
1.3586542300516642,-3.50068929580011
0.5197146607212129,1.2004941868173227
2.9411317191523705,-1.0338672632101766
-1.0647938321594421,2.9275001453277403
0.7111446804042714,3.220112806479444
2.5510496274886254,-1.3694226737283146
-0.7699993258953741,-0.5133750683020079
2.315555205045501,-1.5688710703336692
-2.8567598892835915,1.7252295345637176
3.077034277508836,-2.9957582548745365
0.5384344310369322,0.15555420673747516
0.8267957838027876,-0.7543443883719961
-2.978633363818526,0.6260044164850477
-1.0131926871137558,2.161069757246927
1.1485692198416924,-1.0699691476584705
-2.411479094370677,2.606662220577768
-0.7108384906365788,3.003057546813218
2.177222728315827,2.200753263909023
-2.7958241814595284,2.7097889819616623
2.6478309212955,-3.353636358041206
1.2261418427426767,2.098494308606685
-1.0387165623906411,2.8637115050653987
2.703787469699883,-3.101381099928407
-3.126011129827557,-0.7101074162092528
1.0245366807232605,-2.922048430532524
-1.190084286599528,3.496803671909044
2.3480705387266667,2.7456828586216093
-3.2647130503135533,1.0281515307203681
2.4989942934802722,-0.05188540072007693
-0.30159477738902374,2.908439024884234
-0.8357275685890648,-2.0817058414250873
2.1165994295657145,0.7025905360146115
-1.0367528037671716,-2.409655610474256
-0.7787074052135856,2.3687695042398924
-2.201111206474794,-2.5771070605376045
-0.6812921955306862,-3.183470032831715
1.1686698933986766,-2.5782846790218836
0.9432797198867676,3.08642358534272
-0.5138863403363326,-0.5741089439809436
-2.9595238060506244,2.3278600177109867
-0.9336662095411484,2.887175322865917
-0.9109693202570474,0.4413318432701001
-1.00510600742955,-0.370757582304517
-2.4929017898786796,0.714327677939703
-2.9111537588567153,-2.3267803751865563
1.3405616378967946,-3.014808217873478
0.7018758497844211,3.0634293946813007
-2.837384689386293,-2.6087159393911694
1.8344709355869517,-3.0599628213566947
-1.2358862632403573,0.9917240385212291
0.6953258601182,1.155928783800254
2.5012397202897456,-0.7188730281019627
-0.909810764550776,-1.1046130395690483
3.4531963363973968,-0.6079414917222385
-1.2456986735544746,1.0672723796941301
0.7788350824265682,3.060576675671098
2.748268124326229,-0.6711632493392288
-2.977034774649394,-0.6738159351475591
-0.7637849081821525,-2.9514039040615243
1.5762743804149304,0.8758978046856872
-2.4869044934812425,1.0731779481042827
-1.3570376675599862,0.7890648814065949
0.48003789355207027,0.8537340236343304
0.8259326281114988,-1.8604030599140835
-0.6732386908229827,-2.652483493526336
-2.5671231372692347,1.111929685090653
-1.216812469662418,1.6718183890433633
0.7143161502939253,-1.4598427606383857
-3.1275023783587574,2.7146080428271087
-2.435487649060234,-0.4335942719647708
2.795578321484305,0.53430406412512
0.887533334094343,2.3743820006810052
-3.003783276178806,3.1126675117607037
2.6515310663173484,-1.12806890506261
0.464108855276579,-0.9004045712908207
-1.2996164411240458,2.5424955885708886
-1.063110472592708,0.8753014328640156
0.8926667884768211,1.2549155341863178
1.6992490746838889,-2.865630557293934
-3.455735636155693,-0.8413928815810534
-1.009231900781555,0.32830446253362916
-1.0190689518127525,-2.900017293599175
0.7063781163550759,1.1119576126203805
-2.9910100560780415,1.4485818629362268
1.1862655922939456,2.6332201959664885
3.1149603437787956,-0.9595599678177306
3.1011199965988,-1.4827052028868477
0.827478616083565,-1.0630665514024182
-2.6631854730869287,-1.3776403865566422
0.5720236632277494,2.7126192013794643
-2.8994913759501086,1.0311565030326677
2.938135765359705,-3.2339963512001026
-1.5836997981475924,-2.4476820493096683
0.05995934862394007,-0.7962800915320702
-2.30408947999017,1.380919751842848
-2.698620411014502,-1.576572429506116
-0.7057175077797667,3.2158367243595616
-1.230585732167175,-2.8782897919723975
-2.897627319815866,-3.0170388236159806
0.7788388262981504,-3.289828050284175
-2.982855380514538,2.7878236100597302
2.7796864801518697,-2.505495977843217
-1.1505733269663245,-1.7058689945832057
-1.065003589057483,2.2045156278295943
2.864583082407061,1.267712161895045
-2.7256602713034814,-0.5806186649771562
-2.796407188159678,-3.3067209129934767
-1.2910406874899876,-0.6756454539351444
-1.051180523923609,2.5117627245096945
0.6321753917947016,2.7612189908384686
0.19085828738126495,2.1991857512747988
-1.0970102562055013,2.932682016861816
-1.370119575647604,-1.033832601068392
2.963610067453442,0.8612997159560675
3.1581979460831353,0.4095132442821991
0.5924676977876724,2.9645406139121304
-2.9781148778951043,-2.538769206025906
-2.6393717875536264,1.0256081951702045
-2.4900960356951787,-2.9035175237063
0.928698796232595,2.458630124586231
2.3541735030827096,3.15692730561345
1.9043601372689036,1.4168809650096172
-2.693496147451802,-2.618544974543014
-1.037738379917452,3.028661811208767
0.8064875385364302,1.823007742197436
-1.4380704345370277,-1.5201831182919132
-2.7977085034340874,1.1250311789210643
-2.5434301789278706,-1.055321338044991
2.6937012081981164,1.358080362919233
-0.7344543114606913,-3.0033948530627312
-2.591945606220421,3.145364394564339
2.414914959172693,1.1423156095286746
0.9667192378937828,1.1617506046653971
3.2474793682940546,1.338870526992486
-1.4618844285106054,0.7983600054739396
-2.6566111737150773,2.7060315048952632
2.6673009650869686,-1.450670013378233
-0.849879001962514,1.174129843183587
-2.0571033351043613,2.9301932583744126
-0.77402896136196,1.3854703505802042
1.044512321882876,-0.9367453890248396
-3.5852669626584617,-2.65452629423006
0.7475306464592387,-1.5283384385680854
-1.7752221988738808,2.7531111794800394
-0.1629673873047966,1.536495818626763
-3.3176578625939226,3.229512398718731
-2.5803279541197846,1.486001271381143
-1.0936287386655053,1.6393575346194222
2.1795189650953093,1.1529777497638425
-0.9444409304956902,-2.5955285310320826
-3.2127493468815462,-0.8060878671795094
2.745163768778821,2.741177747101124
2.6499147555712232,2.4947525550855256
-0.7473440769709058,0.8751996240146375
0.8330398750473476,-0.20192644391331643
2.5855849629575016,-1.087394296099525
-1.1586259017557006,-0.806378246274863
-0.685338743546187,1.0999337185481541
0.9126449658551683,-0.9088491271116883
0.8935168254898821,2.7216515511540367
-3.052241204741119,-2.4070434880684255
0.10798364302805641,2.799203455986713
0.34127629782666513,3.1841141902589865
1.023882782910133,2.529684026430792
2.2805063076560494,2.5472464274622157
-1.3681483134145405,3.1198600943004724
0.47130309492230416,1.70832771915344
-0.3808720858061899,-2.4774156613870097
-2.1823648053130196,2.6059387508480065
2.419339049738693,-0.7010566563137174
-0.96742157442982,-0.9280507794704267
-1.2593468895855557,-0.7710247480686622
-1.1973824029917657,1.0854286053579079
-1.0376434318828311,-0.9268466637827728
-3.0666438542437082,2.121674146861872
-1.0051722213956187,-0.32125949559892497
-3.0037698683423497,2.625667193419855
-2.8310913307627974,-2.1185597162568937
0.6861276949228627,0.7095542228017342
0.6177563679987994,-2.404674597311758
-2.419367952092965,-3.1137683764247694
2.5767926897512425,0.9026035175295073
-0.6659200586389049,-1.1659224245603748
-0.9200403484730308,-2.784446295091005
-3.2237586279126584,-2.0272404184369597
-1.4165688883173917,2.875697478462912
2.5293754034171587,1.2329229178754983
2.6830268363813845,0.558645258507376
-3.10012430553955,2.8514755496424256
2.6420746957873766,-2.9390163375686416
2.550588139117314,-2.3166402476238006
-2.8321699677568963,0.9341395775489424
1.0162602843730455,1.563336100404705
-0.7358513480704918,-0.8667796984172281
2.6805521412384024,-0.9706054920683966
-0.797445872209728,2.604492669417169
-2.707010131301689,-2.4689078174894683
-2.374071781967326,-0.627712019181478
2.59999207672113,-1.0737993367466097
-3.319694989497804,3.008016832509992
0.970119209422354,2.776083684317995
-1.2469661693332514,3.0357060166329215
2.8549276179312058,0.8748465366474903
3.104869262101481,0.9189353472897877
-0.912163881347635,-1.0267286789831704
-3.067585915325206,-0.7533898789554628
0.39189073660338886,-3.3561971453199244
-2.9120457248384874,2.350954900655117
-2.958578600732688,1.4485743544900898
-1.638467137935432,3.199989609399364
3.657958599966818,1.4304891719630723
3.1369768675041994,-2.369166547909889
-2.5802720304193723,1.3453551392507697
3.342977395418003,-2.931905592067681
-1.1141462705554657,-1.1009089601261886
1.2356078829932629,-0.4448382739978548
-2.8972738269486045,0.5863712642575921
-1.0652813956245883,-3.028636407636906
-1.548609770802116,-1.1805016783663003
-1.0053899801749746,2.7043696630889738
1.0785220292192739,1.1379131584998852
1.021100108852215,-0.21684302956393833
-1.339030364404969,-2.9805463537157815
1.7043673048658414,2.877768108130298
-1.1862934067400943,0.8219945411007157
-2.902401560363974,2.237450370657537
-0.12445199308526504,3.0947710413530958
-0.9460929949127201,1.2342439989200895
0.9118242183183426,2.870475915361718
3.3535025024198215,-2.7997077917730264
3.2420262029114872,0.6872772505743662
0.8009996237507208,0.39939734934194027
-0.4363763224741072,2.2774021364121264
2.3452518320232643,2.4269489385498635
-1.1383256093634389,3.1901888142283576
3.4764581849703458,-0.9839887585704357
0.9540840608316903,1.1903515965597156
0.7419483681593799,-2.5852659798983444
-3.203407957443385,2.8365185167006666
-0.8571748933221889,1.2392076620380426
-2.703093078611378,-1.1425503769072538
-2.3677081161222806,2.9719796484042313
2.96060981478746,-0.33204801193878686
-0.9516922472702254,1.028768439409683
0.9901737824206681,0.5317425068223482
1.0224833815833134,-2.181066132384035
1.0485758056645593,2.3928409949763214
1.32678799712085,-1.7856185875859232
0.31977700542851584,-1.0581473914666226
-2.5053241766087484,-2.340377509783375
0.9981419205576288,0.4134523795175081
-3.2919749243943346,2.417527690025895
1.0828647369686792,-0.9524554239616614
1.546345522966261,-2.6614050924041575
0.9875596188335622,-3.160198391331624
1.4434621676547796,-1.275161951342778
1.0053215349245397,-3.210993267538202
-2.1068945883484034,0.9179630889653806
-3.0533014600324386,1.6620195777124247
-2.561649865537203,-0.6044794749987963
2.52240855189806,-1.1028946234252572
-2.723983340533009,2.7246181332244466
2.918213266784414,0.6631278483307063
1.376136239158803,-3.0117513938065836
0.6391738373468222,-0.3815947013521101
-2.7175858405332844,1.1855643439680237
-2.9553831881548764,-2.6736524460771807
2.7657907355534603,-0.9245030226765679
3.3510189269775394,-2.8802116640875264
0.27934774118334055,2.3719348313896553
-2.267954645840485,3.8768889048261808
2.731280719431364,-3.3657064235972283
-2.8272990326155765,-1.1149179290021614
2.687107034418196,0.08215470609399764
2.4794460902545996,0.684898430082779
-0.39889299033717585,-3.157780441262898
-1.6936929030808956,3.767836648730995
1.224605557288015,-2.5086963370397264
-0.045957854871489213,0.8560561339697658
-2.235330123298912,-0.9453673623628742
0.3572768948629408,2.610636462638868
-1.2358741513417448,1.4975795090940427
-1.109465910803553,3.446600257831939
-1.212916289440691,-2.5121200474542444
-0.569160985608728,-2.976247945106347
0.6256814707244155,-1.5441629796077747
-2.7348850040668906,1.3622553725790856
1.4431154643814323,-1.2014085625355237
-0.9613585656995223,-1.131836191832076
-1.5463781142640949,-0.4422220975236884
-3.531660589674692,2.8164529803583487
2.8091655758975085,1.5934579483478886
-1.325976979977782,1.1063179544173163
-2.4257589770395844,2.9967274124878993
0.8476296659362934,2.5597885809700127
-2.9017108833375636,-0.6035831471925371
-2.1685535144797785,-2.402265944611735
0.8339480855473862,-1.4069995101909551
-3.113053863512243,0.7351354051594453
0.8667611774548631,1.8101019581845639
1.1231710072564103,-3.3511126519396512
2.6843515349337057,-1.5916002060382894
-2.8440349343847555,1.343721436244377
-1.2088680394045457,-0.44929676509848515
-3.0278444191060303,-0.393416679388244
2.6050163537518762,2.6380313713812478
-3.035160248645453,2.7665691199906166
-0.9969626934662948,-0.5125047640202567
1.2648804971627279,-2.5830381178249513
-3.151809483653164,-3.319740419988675
0.44285834927736223,2.9008214566210615
-2.9863852372872723,3.378058242143742
-0.1109336183577106,-3.1569219955486245
3.113310151399706,-2.6795322146700076
3.303061926212868,1.2600248447215596
-1.006359581327894,-0.6157719771928599
-2.6040149714355403,-0.5644879018379332
-0.9790335960648501,-2.7870117917070214
-1.6810583259893443,0.8568103302822244
0.7944529073882042,0.9333734277148537
-0.77545603882005,-0.9298986531938277
0.3986468790898041,2.810310418775062
-2.8206045459617894,2.8099005999104523
2.9786480319538855,2.237080010620066
1.2134652068041654,0.6166786469974865
2.672436037261844,-3.0780156557083544
-1.4466282765117044,2.5207332401338065
-2.4261243329294917,-0.4166221913906895
2.619726365481167,-0.7605027613357817
-1.032288370969132,1.413904307252364
0.7333576507059982,-0.9357251112058677
0.6552208943970184,2.810315687591019
2.5340001664551046,1.8497044814350787
1.380748341508145,-3.1712582787632635
2.105502278041139,-2.9858374339045493
1.5439803682592697,-2.911939595582542
2.1424434287551932,2.117784855899532
2.868695667690728,-0.6258772631831546
-1.6508252456022978,-2.975809943214043
-3.395745053016411,1.2810188335540516
1.139439183704049,1.1489073178336062
1.2765168897553425,-2.5990573738148783
-0.9648554086420132,0.314102327591194
0.8929516361988464,2.602806829561515
-0.6260970710327427,2.5324501427982535
0.6041686467013805,0.6955038212263468
-2.9381234653403165,-2.2742499420023394
-2.794551353539458,2.5913355945784917
0.7998787657282932,0.7760787143068534
-2.9000336346965954,-2.7685227609912846
-2.6788497472532007,-2.8505965966424354
1.0992009773954674,-3.2106760546141357
3.0633830070406973,-1.1374497955020613
-1.383175953454007,2.2899191895285838
-2.715327540001824,0.9608543804599934
0.5578421424316246,-2.7726776638472845
0.822147006503552,-3.189846984898268
3.759229407293428,3.07417544498593
3.301078277042718,-2.823831628381971
-1.0530745757544098,-1.1570458603547786
1.1926470196684775,2.3768633308228564
3.0449567322490556,2.6631352770537315
3.045085601456886,2.4071619554446912
0.8188128434725128,3.2462636078710156
-2.2841227887237476,0.9948201237300847
-0.4899657932902517,-1.1121324721557113
-2.5511805750133862,0.8439721553824767
-1.236576306656857,-3.004925247236051
3.8066700696864944,-2.632360938040192
-2.3421037851406545,2.227587436678588
-2.3611373703516985,-2.4061614920860763
-2.6838957494153783,0.50462608264008
1.270538185808457,3.524837999393066
0.381114663565127,1.1610438362676954
-0.6924258681566524,1.31808897897115
2.892468778449695,0.9838727983342341
3.0152913642494417,-0.470881648373489
2.745921751120369,1.2507793814882002
1.1956722530684998,-2.374486960960936
-2.786986399624864,0.674949850861211
-2.9582423914200247,-2.428011110712632
3.22466113046082,-1.7979700674666146
0.7245909685612991,1.000947240558903
-3.447741850121459,0.547901913753197
-1.2220822313392425,-1.551084636790706
3.3136482742570927,1.4333627909744024
3.0875177259808533,0.9512809490412191
-0.6152039320449475,3.223458758147283
-3.590153375456941,-2.3068180545952566
-0.9866302135218058,-0.7347999647607164
-1.0082817380847247,2.5277401372906447
-0.9275711011746388,-2.6380505623628108
2.3187199770882083,0.8156913674387268
3.1458666340442982,-0.6114908438099917
-1.133460483334361,-1.3527835294089179
0.5535508691389346,-2.455313990546815
1.3421213744323957,2.5577665731090837
3.1831942033301517,-0.24197380447425776
0.8165384712366022,-3.1295526751825387
1.2891439680876304,1.128272614101119
3.399983568379954,0.9209718200854919
1.0647221684620554,-0.9703493334727658
2.851619238969984,0.08561930939130845
0.7516858826738698,3.192779388026141
-0.6598299328509555,-2.7704149260290096
1.0882927800998996,-2.3486942290254342
2.6326755776487696,0.24883604385515726
-0.6399562813549007,2.7110548059566093
0.5117231081368347,2.1518594749740947
-2.6910746663709895,-2.4532374234301924
3.7157896012525664,-3.66699248288124
2.5450171355716615,2.7437515359690106
0.8702154401038146,-2.730654930905687
-1.3294185960397364,1.008160098880493
-0.7659963824406704,1.117856795003626
3.402636786378219,-0.8446684664182964
-2.546340853265665,0.8975219155544671
-1.4923085806941043,2.866501335141714
2.665299672752243,0.3849287476834046
1.03355497499149,-1.332809588730657
-1.0058389336702518,1.7228330725368683
-2.7692391036048076,-0.9749883824557314
1.4863867902907022,-2.6573788339857844
-2.481558616363477,-1.248389401989762
-2.8832211850310956,3.47341183354579
-2.7092613238470897,2.438060687931919
-1.2944840162201277,1.6675852170084482
1.1256233985919994,-1.4151504033274271
-2.2399942100808303,-1.0779306723459414
-0.411340109344884,-2.7366966310214553
2.096221814404926,-1.027056152290886
1.0011540875683236,2.8912553857591927
3.0456682284623904,-2.6403127076572317
-0.5296076629445716,-3.1121295341299673
-1.1571190828057294,-0.8297920940137362
-2.6906133854634255,0.8543611647938372
2.7363201254049274,0.9656911136243668
-3.01127720868071,3.1388965314035557
-0.9115029635276048,1.0798882948073811
-2.641915926028244,-1.1279974913821456
2.2611475008591735,3.560549412060301
-1.0163235614944337,0.4404582077396095
3.7419743429839865,-0.7186391989904023
0.8574106576969215,2.780359345511784
0.9280972017856661,1.0752767134373618
-2.8736689828828355,3.0985654350802023
-0.78937994954017,1.08520053662847
-2.9579516900086698,0.8910255262476484
-1.3773267518044692,-2.593238875085863
1.033391145351651,-3.303434980540355
-1.3739284907905807,-2.6159341484464553
-0.17281917941221323,-2.5809285102026505
2.902072619949405,-0.9949236685533246
3.10720875825114,-1.3293927805868617
2.7985470850917373,2.197751500316006
1.710200920283278,2.615241203317279
2.101403065528316,-0.9499467693264659
-1.3485788578823354,-0.6073387338644058
-1.789153886029369,1.2486926875668483
-1.1660691809365706,-0.6624941137878545
0.6386181345868654,-0.6843844709459095
1.1726399895666535,0.7700940223675775
3.0208299528278846,1.747486675173995
-2.742348644004371,-0.3455484411951141
-1.4267944170304663,2.5347093402097487
-0.7908193309494324,3.1734334588609827
-0.6567337487414079,-2.5585627251391205
-2.8441478897762953,-0.13873417567276589
1.4289526544805982,1.012356254109929
-2.721137092586951,-0.22377661099004031
0.8542215023253316,0.37457104311514566
3.6212146500441,-2.7358352935457524
2.7292930265281954,2.1340874839293864
1.006088036385621,-2.73296859067716
2.7014760016435835,-1.5125794563924724
-2.487842325929574,-0.3907715327995278
1.0095996401327045,-3.397022860002338
-3.2750878737520943,-2.144879454300742
1.1561778785619536,0.6868499621393062
0.164947539670217,0.6781550346730038
1.0855640196250014,-0.8249606193423521
-3.3188785234935994,-3.1548147378496076
-1.4267623043749018,2.443060080512906
-3.0145944697424194,2.4689878081336016
-2.936265107700225,3.0761067423551323
-0.7521249021495324,-2.723595555748975
-2.307409186555065,-2.9202335237808956
2.7803049931203367,2.6716111726488254
3.067146984520483,-2.470384221135161
-1.0590317948069523,2.304899703933672
-0.9928970016945471,1.1296810228369123
-1.0691684587343466,2.4861516632582203
1.4154982560110896,0.6009776655545658
2.70371702345732,2.311148571463185
-2.9876567529003117,3.2308444507391774
2.868067097700459,0.9380548741893628
-3.355461782276771,2.564653908558899
0.7672257484939029,-0.962606458019665
2.9166868394946954,-1.0170940995877928
3.4083034661732716,0.33391294777394015
-0.3611708097548047,-3.1169907235789904
2.1201357961134857,2.8655608646759863
-2.6328294781560064,-3.071953357229791
-3.232395140111798,1.069000170569778
0.9673660377394988,1.6492831685007625
0.6766399169728925,2.373468843635186
0.6300659399291617,1.3086122972218512
3.36722946607923,-2.787815148130369
1.2266953115603472,-0.3634354976962824
-2.998640665379803,2.3660484776618493
-1.9726750656829024,-0.3193136429071936
2.9364022876964073,1.1100652828612558
1.1196575575621819,-2.605218536803063
-1.2424654839085567,0.9145521511135726
-0.8750363127360918,3.337747520010055
-0.9539985478924105,0.9344804769654951
3.4170968904706025,-3.6616035468273522
2.500934239665893,-3.290497137651481
-0.6137334830434628,-0.995185682917266
-1.581298931737538,-0.6286233616190166
-0.21298463277318566,-0.6784200484484199
2.6378801180806226,2.1615855653175973
-0.671459656615113,2.3745248378405357
-2.9096563599223786,-0.8521376939792579
3.00614717448795,3.3547086896265514
3.0181485900887854,-2.9490106590280343
1.285029924951845,2.529958794306909
-3.509862316102723,1.5441679195818239
1.195304692162075,0.8577236938707683
2.1448498094223556,-0.9425148205113234
-0.7993296695846219,-1.2885383488666577
-0.046578481541987675,-2.911746394916305
-3.0825100045827734,1.8879786567646328
2.9198260945558685,0.9438859792087984
-2.371741985169111,-0.6987170387180215
-1.550749850790362,-1.1544964966594364
0.6253809083954799,-3.4527507997932134
-2.730507402864113,2.8210731277239858
-2.6659682868122934,0.8717092631455139
-0.8918722438681934,-1.3770306335205003
0.5366726063918916,3.0952389957827675
3.0890467225064087,-2.4301262314514367
-1.0783754817500935,-2.9065142773183994
-3.0417700937465297,1.520873764381586
-2.3089874280689395,-3.1945809166414674
0.8362855100627447,2.5975487848604977
2.980382103987729,-1.0436548286569471
-3.0300168380095416,2.4161192372943625
-0.6236381070985372,-2.5671459439905897
-1.407724254411413,-3.4764250009280837
1.2974820317220301,1.763807452856384
-2.99245583531485,-3.9284955816128777
-0.572818143244997,-2.4466348245409093
3.0762115137866717,0.5531863764984332
-2.3190784530555786,1.2420817790429886
0.6486803191520842,-3.1754136827666577
2.629125265830666,0.810305032898119
2.5695710386076893,1.0942803517341702
-0.9971995785662252,-1.516534442408859
-1.0928235853699577,-0.6982494167791844
-2.1736784555920523,-1.2135028442150522
-1.2741706293679491,2.8270114849611527
0.21332375558406913,-0.8949082237159998
2.948812932993109,-0.8100071798051807
-0.7071353558339626,0.6992139401905559
-1.0544154265758952,-2.8808346052959934
-1.1696782177495482,-1.108084605492947
2.854989368506362,1.5206123563374407
2.653828938030453,-2.297192321892018
1.8198473361729346,-1.1047103557008024
2.9602267271942955,-0.6871793772182313
2.8793749670748134,-2.99310643190176
2.6434801771072816,2.436471450055175
1.2942254930865305,-3.1108772140861096
2.645379890840626,0.09160281549923446
-2.7121048566371497,-0.6486530111806467
-0.655250395683085,3.012969377585131
-1.4958111333235227,3.187107070290664
-0.8731463305761705,-0.5037872658248916
0.9694601676806079,0.4805692678908751
0.8171773927127264,0.9141222876981925
2.614640837277348,-2.30229199360386
-0.5904941829958259,1.3255445173790776
-0.9021670725359947,-2.724074397412375
2.5176677872411997,2.728584773549115
0.8533470906990638,-2.778832272080433
-3.2454208270343554,-1.8535356853897131
-1.1067016832353231,-2.8031408200465213
-3.286561940249656,3.175268083558475
-1.2213850950379124,-2.590557807602654
-1.086369209319059,0.37887897894352207
-0.7999393538705273,2.8007445268678035
0.7285665923689179,1.0409228716116001
1.4914351909577326,1.7624566533957406
-1.147093437290909,2.9640698274979203
3.013386494712326,-2.7192623955596655
1.0354920706563018,-2.843366361984452
-1.229518745945893,-2.0669020066472803
-2.8906784837240167,-1.151519597221268
-1.251117734759521,1.5642255725685232
0.7136688621617387,0.5378639225603954
1.0515056437645403,-1.4349890269827665
-2.9034768578837693,1.2318280436738396
3.0046950777369776,-0.017532161904486875
2.8944493753488305,-3.5626706914882065
2.830824555537571,-1.3047748867209834
2.625469777215279,-3.156772362156344
1.30447872033304,2.6659239650548368
1.0368544632439805,-2.9198327827113806
3.212274959912941,0.8640692557015589
-0.8199646266947793,1.382978320225864
1.0249498534334,-1.5613706462519794
0.4300410024242299,2.644765289872561
-2.6854783455373323,3.1388486449949
2.6117449563586903,-3.061908342389828
-2.6302720165364146,-2.5059902769075797
-0.9182182676387091,0.6443763174729996
0.8115009823616627,1.7676790172436385
-0.9794756717028779,2.395766526449981
-2.8649253263152197,-0.9699572147948733
0.8012474917988487,-0.43080036643801345
-0.7424307459107893,0.8950199071441816
3.2683367581472784,-2.6606156539864916
2.6889818223171056,2.0824616939616205
-2.8424541471614657,3.107976813691487
-2.7634834102541914,-1.0961949360652077
3.5864602469400375,1.0515140750912255
2.501952808084945,-0.4620740360495944
-0.8783252536682689,-2.1186947948285524
-3.392747670790801,2.58276028094147
-2.399550235325248,-0.580701919675375
2.5809418348759214,0.8316373368260691
2.7484724970638554,-0.388849571922321
-2.87248368056513,3.290885853691904
0.8995945669329731,-1.8593489470572935
0.7221388968089235,-1.3270864393951902
-0.7819552997827613,-0.7317266941308969
0.383440686504647,2.04574762474822
-3.1826001178427825,0.9530065781488298
2.9275984194597973,-1.6050233704252546
1.1442820328434524,-2.61058301673248
2.656164963154462,-0.5481288392652437
-2.7019439474093794,0.07811363498388545
0.6587149120636235,-3.877534832825832
3.4755795246490595,-0.7299564736364748
-1.1511649627894314,-2.536617647556918
0.6755376670516414,-3.005962939225096
-3.0413055026192657,-0.5504468017282945
-2.2918340044376175,-2.4374592215654483
0.11972365830889549,-1.206033703223465
-2.6221098245671257,-0.29090975675016595
-2.699820225291976,1.2835571950564915
1.3013820746629727,-0.6093130815811079
-0.8900795650238837,1.1492275476203104
1.2458745357386358,-1.461971215288649
-1.1521914807498945,-2.4233404350095498
-1.0004686291032732,0.38267604044534625
1.2008672631729733,0.9853501139843335
-1.1107737248245668,2.78418433124481
0.5260174180570161,3.2056442603364497
-1.3244096383376507,-0.9619597810829608
2.3542953621236067,-1.2628208643196144
2.6272881498263687,-2.6585967623050264
-1.232361973490071,-3.268157832516685
1.346070416489884,-1.239967277344011
2.1136404452535618,-3.205253778212605
0.3513775791391464,-1.3501125766878956
-2.5274930916701215,1.061629428443032
-0.6795411384637188,1.0141702162120807
2.8433122429206783,0.45970942390383357
2.663092359898949,-2.6468770099809706
1.1077943751014339,3.190048684278624
-2.620554223821445,-0.20830515859910287
-0.39620754950985476,0.3089512547453409
1.1472009449602905,2.9794195347650776
2.3739193723360428,-1.1537040905862488
2.124101125316152,2.638706929514102
-2.7280685609980546,2.588570889629094
1.111233643993302,-1.0793798980092781
0.8610313856326802,-3.0697478234191964
-0.844644456749023,-2.507536504751157
2.735522699794535,-3.3030670264856465
-2.4074164321310896,2.7914905875596254
-2.3481789496440237,-1.0882274814383672
1.7213105813923162,-3.0222469028137104
-1.989260464266398,-2.101872577607463
3.6807064271827916,-2.825566836225872
-2.5897195807884934,-1.531306105704131
-2.433053155978133,-0.43141744030456375
-1.2730529855302415,-0.9465748770916975
0.8966362105256389,3.3399897565713674
1.0588759275638344,-0.69527098267867
-1.5278794098030464,0.7995469872478564
-2.3884112190713145,-0.723475662254601
-0.916263047303842,2.397249689611
-3.4517084249199184,2.5433606112940286
-2.1814787938915803,-3.347772561313281
-2.851762548720586,0.9656080984163605
-2.9827787675620914,2.8323325019188608
-3.310497261452935,1.5270319227835503
-0.8781991094707831,-1.0444410992403526
0.8260421199924716,0.587750253219686
0.27272891916583314,2.616970126845799
3.025835497248794,2.8492976968077524
1.6330163219335085,2.674741105495199
-2.5201089194603035,-0.4642125400981611
-2.8620914836169917,3.7236799472979256
-2.5736173691042743,2.6220457396140597
1.2972559471296015,1.3469064766858962
-1.3896852394537358,2.749565611965445
-0.9390857133214437,3.268272698682323
3.1306470873796095,-1.8854834254485116
2.7264508566440298,0.7958681780213205
-3.0998285745671543,1.4927428902640505
0.21738058110171338,2.960615060458712
-0.3133975979467503,-0.6844815599001803
-0.8656010777083717,2.581230876113479
2.6563334213112286,1.167178273610043
-2.5970992314615398,-2.3728049467731154
1.235576110589055,-2.977725067004578
2.621123790151172,-1.4598447909660368
0.8315979591111268,0.6960183923162403
0.6987346708909802,-1.0320143052280264
2.9574734523230806,-0.6182651219600915
-4.010954186502048,0.9146590658555909
-2.2280814115982643,-2.5122457947575354
-1.996583818079499,-0.09511598163182566
-2.1002754226738634,1.5213848946080364
-1.0306655818437207,3.0837206040257845
0.7444013301480078,0.9404982478137768
2.8187672210908663,2.423723569053212
-0.6834994118915634,-2.620322224594583
1.032231522245349,0.6792572119747311
-3.1500956522783734,3.1756596890824693
-2.5078005380965247,2.8759977911457715
0.12128828687830318,-0.3388347134624876
-0.7559347792583079,-2.9064041051092944
0.0657377008508511,2.417294235922904
-2.8931632305271817,0.8190946569119114
-3.0534354102169896,-0.8725345351746093
-2.512364390868973,-1.4211598347503833
-3.366353337588107,0.679821804375439
-2.1534523915723875,-0.4024291259171678
2.9961424719779655,-2.8808456641516353
3.04712309408346,0.9784277669940187
-0.8427169750628966,-2.561432041243433
2.509910522336054,0.9587555420449405
-2.5725811122559485,3.0743584632690033
-3.157715396033975,3.76407646200371
2.5939971226507983,-1.0450629269977596
-2.746505747563456,1.542932204360568
-1.398502549264552,0.7780127569227304
-2.7436472841985,-0.8531658130729641
-1.5751870702607516,0.7493389047871674
-1.100822118647361,2.6875637763157494
-3.728014512550104,3.1463242355098964
1.179769754746393,-2.5686148885440008
-1.4958325528722232,-2.5994467587784413
-2.453718922079566,-3.2805290495348696
2.4694902654914275,2.415364430957689
-0.9555984437264501,-0.3500754786346864
0.2204984941982495,-0.20707812062435946
-2.407534010156141,1.0013265921811596
3.0679614334487706,1.0991646871354959
0.6221040133180047,0.8601610538104433
0.9640740571058299,0.6042576413438578
1.5661037010597196,-2.3528456946551297
0.671123005329442,-1.4415987274062543
-0.4619374993182989,-1.0480053081787772
0.25551280990830016,-0.760285005730613
0.45140781829444004,1.6535472708299348
0.7553737036219395,-1.401242812052882
-0.4850899483325996,2.698075408434621
-1.5951146813830375,1.5250802858151622
-2.9976048534529416,-3.1432769742455613
0.7650017776859143,-0.9642476490015189
-2.5910092858420457,0.222048015802175
3.310034820995696,2.4802650355513163
-1.051646314499297,2.684074607597659
-0.7275408134176148,-0.962717024976295
2.6894017086365496,-0.6272375995045113
-2.2950428563719094,2.4904891369135087
1.0260166160648072,2.4772179993007355
-2.3892638911156117,-2.493039363509155
-0.920606800451869,1.0960327298870038
-3.088224317033283,-2.632447948498504
-2.5572214784530085,2.931324317489794
-3.4036468325235663,-1.4080658409314364
-2.951940940931455,3.1429966495929236
1.2470466338579864,-1.1845568192913496
3.383344800727805,-0.948086325367272
-0.38863795221454367,-3.0483030961846964
0.39476258331310365,2.62369967958875
0.8291700114998592,-2.5507678539467333
-1.8559666082242454,-1.281498517037932
1.528207162715659,1.0171459533783163
0.41610651661830356,-1.3004751344632166
3.0825595878689014,1.2688028870194674
2.8999896541433365,0.9210009793649975
1.3293862987646168,3.0884044379996483
2.9470060292682616,-1.0701560285508072
-0.8310473684103586,1.906517728050844
-3.8616873689593847,-3.1922716406273848
0.7778810002095918,0.7594430088442455
2.460720938684987,-1.0928435318867853
-0.8650885556261606,-0.8310890860291168
2.866339105734841,1.120345107101154
-0.8981076009111748,-2.65227400939805
0.6633764182108048,2.390663378750889
1.061117122839013,-2.1443943638387992
-2.7776965880371742,-2.9780174949037383
-0.8345888005248971,2.228310807651771
-1.1755543014450993,1.12095942247601
-2.3607610968963595,-1.0769835575042366
-3.4052993491784367,1.0550838966318175
-0.10716228502210444,-0.4075950146508354
-1.5307915470141407,3.0451155572774673
-0.7165302338070988,0.8339661108352684
0.7650904530143827,-1.1543045613821796
-0.6752304452716575,1.0861248302061712
-2.8471950635215144,1.2271212543757608
-0.8936670014522455,2.916100556729888
0.8174935131822977,-0.46340673225824064
0.630452962048701,2.534944432287978
0.8423010915533131,0.9258068866248732
3.433966056852961,-2.5098311713288695
-0.7139231324089973,0.9276659892159038
-2.6341605297521298,-0.5889834013200659
3.0405556230262363,2.758261948903806
2.3379865053596975,0.7953151302013306
3.0180363469489793,0.6566907336567861
-0.45774881538945117,-0.967539617494498
3.11485828219573,-1.2792904445202102
2.5790380103422423,-3.3917112897761235
-1.7385034585458043,1.0943438966580237
-1.651586640096647,1.709336383512796
-1.7640373256196769,-3.349593225050739
1.3024378935395564,-0.7197324986248587
0.7220768406993427,-3.4708932873751808
-0.6701016016092154,2.5933629641580276
-3.0750676209762697,3.082558994889648
-2.570066388049613,2.6939862029862214
-1.1878751653161048,1.6654177003703434
0.8750777056294813,2.5655782057626673
-1.1614113873120073,1.5737879070072707
-1.499370652255943,3.9309399993197007
-0.16597841556616505,-3.079636186755941
-1.3495209503490146,2.485204912464376
1.1402447655872496,2.7517055187833166
1.8086859758175085,3.3751004272492637
2.6713174397122805,-1.4161412568938068
0.46214248535465274,-0.6026067518301185
1.2260014724144594,-0.5448864364409385
0.7425687042517775,-0.8404936377852449
1.2855739581826595,-2.1444210965394945
3.24608359857652,-3.2022512212879977
-1.5787301566461491,2.8008784367397275
3.7098194122661226,-3.2011019786077775
-1.665155925722902,1.2946502653119478
-3.0152988734085704,1.6787149439204525
-1.277063508203866,1.1666151553594661
2.9256109320491737,-0.64425942387727
-2.202307997416297,-2.6235208568648916
3.089644872796065,0.5222985165484637
-2.3359215558545325,0.04176299833460858
-0.6973467904333989,-0.7452080314020997
1.566510723858074,0.26836849597274925
-0.1388257023954034,2.818599376934883
-1.166780811097817,-2.410248909732845
3.2505535967500414,-1.2307735558825474
2.9283430110336446,2.4790614063684333
-0.9059601692665853,2.509765337252633
-0.6417289756428022,1.423717718218466
-2.977601074500552,-2.49705802788846
-0.7613927147293061,-0.8017295377070282
-3.2374499410551114,2.726118458234881
-0.41617426730322354,0.10413243210539413
0.2529728648657375,-1.5288485641566802
-0.2796869470195115,-1.153724436683522
0.8607051173185047,1.019151879515146
1.2580883343163163,1.2321826775307554
0.6171799559237245,-2.567016617788928
-0.5949358966411105,-2.4145640351561424
0.8664447322458457,2.372153297629019
2.546567187695556,2.416751178356709
2.7118693284324755,1.7949212928227238
-3.4513409645784865,2.807471853416553
2.3674656207086966,2.2065270802760835
2.2868387291727257,2.353083724463261
1.5084862530236283,-2.6434172436914545
0.9678169569533468,2.014496763139395
2.8394781993976888,2.5672764619390875
-3.2775587579369794,0.7684825133436403
3.0044495441730703,0.8530878069574533
-2.9207625167922444,-3.357571769449251
-0.5456950501778202,2.8756121156526264
-2.8129050151408985,-2.4811408683377296
0.3059182622460868,-3.5411634577586364
-2.7593816737737815,-0.7579149253249268
2.946308605875518,0.6373214025204252
-2.894234235775723,3.2849523686985678
-3.0941618091742984,2.5712188388691017
0.9679534504727362,-0.7795837705552373
0.3832447284792012,-3.004808754440772
-0.7983053715624504,1.3529197184340793
-2.724701863984818,-0.9652793608323051
0.9788307368395883,2.5445758871502235
-1.380390464201992,2.8153081720319357
-2.4736726219747136,-0.38214619212428547
1.5869131593215424,-1.240146586198605
1.0866347675641652,-2.1226596658033623
-1.4770512735233534,0.6227464189844221
2.6485609391326346,2.718405737259641
-2.585302796081522,-2.783032258264953
-0.3982963596494202,-1.020189398802832
1.7458047197269195,-2.315068188270452
2.9825003179107297,-1.0254397499136998
2.456566340483217,1.1827182093723587
-2.9668061050769703,-2.7576252246716737
-0.8952873636070774,1.12275048115122
-1.0462512235127466,-1.602871774121864
-2.7823950056718916,-2.617393184922369
-0.7725215534356532,0.762311329618831
-2.313316896267847,-2.599284325869516
-2.7861748954332577,-1.330973282025088
-2.1558662584866837,1.4628354295667265
2.8993897862022115,2.538454521797435
-2.9555497580250543,-0.5132411099164224
-0.49902240025518185,2.531532807609998
2.2969322536599646,2.710738546639878
3.39757492997512,1.1410552971045962
2.566323817169895,-1.5219185128304495
-2.964113931430907,2.2207266890773156
0.7061239590608539,1.2645390266305225
-1.5046709947795183,-0.9470224096324135
0.4177976000672416,-2.6083445922869357
-2.6314595558023575,-1.0364826080227787
1.0483943311881556,-1.2568056561340788
0.18824525270710382,2.511087190861292
-0.7112101956469904,-1.1607724757379214
-0.9635948655485814,-1.5809226246102808
2.058415618360447,-1.0466729171553788
-2.6235218537214053,-2.137144437035398
2.553583689484338,2.8262556644697723
-1.3667103623121246,-0.6589129307428905
1.2295660857216077,-1.28783508442998
-1.6148286144597614,2.5903008575976907
2.8036551956273255,2.351621583778394
-0.8162560730923407,-1.0749062894493155
-2.5059903164424067,-3.125656371225587
-3.385570791549823,2.506809146076232
0.5413207841468619,3.0759136926950656
0.9456721652473057,-1.1353693137160257
0.38870156714082893,-3.038018967961931
-2.6957564168026065,-3.5870092871156247
-2.57847906294657,1.8521988848840247
-0.7334354812845911,1.092669928543011
2.7608557616046205,1.0371332232093677
-3.3646966518455432,-1.4204290208186847
2.871813002284308,2.4072219613232266
-2.134753349093217,2.7476578734907178
1.1784189720411924,-0.879110081938691
0.8432542858690878,0.45891986575498317
2.274815344552867,2.8285511459413866
-2.85954482919169,1.245460573296492
0.8332904677965695,-2.693315166181341
-2.679197885799315,-2.7418471828911133
-0.8374426926541496,1.5462125496803287
0.6860915257291872,-2.826806428635674
-3.002587263385697,1.4268603511979594
-2.9887101338862507,-1.1113410243965371
-2.3779521369479824,3.4518153475085707
-0.6414976557326766,-1.2354659362577645
2.4359071274115194,1.1003154515344864
2.9111046548420574,-3.4437935952225716
2.8471887880585935,-1.5352701452582584
0.2321015274177467,1.293214152787057
-3.0238264006238786,1.2979984470092276
2.8651719738938204,-1.3796473391074549
0.6064041227327183,-0.9630444033405509
-0.8077541831348612,-0.8794399486309766
-2.7670824234960425,2.984458848536739
0.545695200224988,2.405376959506877
1.4720171235381159,-2.9366229665100447
-1.3978443477402653,1.1458970812433094
-1.2441400127655269,1.070802934741405
-0.6612181461218974,2.7695285607954947
2.3273608832550483,0.7603106154176477
-0.19918492285070238,-2.438412975917243
3.124149086915856,0.6215322857822462
0.30344867342854676,1.223329101920771
0.9787491082177812,-0.8012231592021922
-2.614747616023911,-2.6469004735690564
-3.097503898915191,3.3619253248207293
2.814354551661865,-1.2232943691617373
-2.577358806283129,1.0885922605008471
1.3120844309044968,-2.7688855469841944
-3.177570818359384,-0.604659614800789
0.7877905373215583,2.425955263232586
1.207815797916142,-0.6009087737795811
-2.8350269369783776,1.1918022113654774
2.149032494831711,1.5273093731137886
3.2043703154568,0.5009562886886033
-1.0675486274355495,1.9725771381916075
2.62581326380931,-1.362830183621817
1.0574354995593422,-0.4478515772294101
0.6778294608017444,3.050509744144549
3.533735662083676,-0.559183046544921
1.2892049670222123,-3.169970606406053
1.4859147393776477,-2.7211682759580924
-2.907536599660826,2.949733362071611
1.6455986989902913,-1.0043598832654956
3.1482786436140384,-3.06712682004974
0.6572374024755095,2.5547745757163858
0.9059673530425361,0.9645912339058617
-1.14953785489337,-1.2386775167215711
2.740407371124185,2.372895443096621
-2.9123469825955395,0.9395394694075724
-2.6690329833193798,0.47844090361837804
-2.791039076200608,2.896540240895858
-0.4248059290842164,-0.869987208613577
2.5245034773885906,3.1688785309128167
1.1208716426279288,0.5651540598860554
-1.3372739315616602,1.018037967940332
0.8432620838771725,2.471513645750941
2.783756244942017,2.1720569493690385
-2.3676724837925858,-1.9719462393141138
-3.019740540453585,3.1181848541186143
1.4496429385446468,2.408654156956806
1.6984641482547687,2.478043262365572
-2.9560421327104214,-1.2638087727105798
0.9039771852375599,-1.3124282745867584
0.9635870798480943,2.9673103857061998
0.14273641512634772,-2.883512928817102
3.2033808684727005,2.461020870891429
1.197900888274323,-0.7017685295918696
1.1951985873836872,-2.9049089885875325
-0.5622546375967845,-0.9805287798840473
-3.125467195117776,-0.47311173283361363
-2.449635529831318,0.8385013489753468
-0.8865181090556674,-0.3841911353224007
-2.5212256174882697,2.770817885851225
-3.3178208444129735,2.0868994396410168
1.1349362191201637,2.367313423968696
2.7467360028887478,-2.7933598286399315
-2.70457854218356,2.3667460648783254
3.4583819785084895,-0.7630250837551062
-2.8410069741596953,2.2101688937391604
-2.038000205099844,2.9633899789514553
0.5669596062016111,2.647634226007745
0.797414067530383,2.7202648340707496
-1.64359596006531,-1.3865073015119556
3.0745947315048348,-1.1415414994992639
2.708255683477215,-0.830279114778089
0.9388440121951647,-1.085921262797199
1.614167814079303,-2.4291077049352743
2.271196130210572,-1.0552750904016575
3.1284008338572806,3.4303934500248126
-1.0055308468575141,-0.960323054238649
2.3691650888043365,2.9690491316327132
3.176327832220369,-2.642376768721348
-2.816717361409816,-3.137462199598467
3.0166918674804464,-1.0830276833077164
0.927922036530753,3.365644600155575
1.050338427195426,-0.9355081430960843
3.1460790330095705,-0.4633521935915933
2.8764457712393963,2.5450113041340487
1.4060964214670062,-0.5753163830972
-2.8925370611108643,2.3839776853343864
-2.3153459492103474,2.6603165825464945
-0.5050741735542916,-2.933360423484843
3.201427317661502,-3.461668569492541
-2.530424738399685,1.4472347660810676
0.5009711964593788,2.1845351064302703
2.58273294498831,2.9924169101476554
-0.9711240177844294,-0.7588230199200376
-0.8368529202108022,2.6760428173562243
3.190044930160589,1.534805501024299
1.1068686485310906,0.8645902277135131
2.815867683761051,-3.212413597883185
1.160949317782563,0.547649338362136
0.9460054846959135,1.561097646426689
0.13848441518902357,3.1253092129852353
2.642046351917099,2.6931958137326224
-1.0434485186230529,1.2950564396460027
-2.805230117664155,1.0006745739331064
-1.136329816713842,3.1920224433019824
-2.6834962035723415,-2.9646963601333707
0.99214082822425,0.5103364338883458
0.5510535692935823,2.880178129441599
-0.9758739750383094,1.5560287396725039
0.9596682999223929,-2.610315953359808
-0.7792877758255432,1.4146132543252294
2.4111725199183356,0.7265579154393532
1.2758876041461016,-2.7238956968482353
1.1857125016597565,1.1306908219455554
2.8839915782846415,-1.7290115019739867
-0.966006700400076,2.84259991775046
-0.7892777640623125,-2.536705696674053
0.8879724403499061,0.9988096104303027
-0.5135904782002032,-1.2214639147385926
1.0744021721698145,-1.1862802948865183
-1.1097411640103911,-0.8250623347383168
-2.464443024356888,0.8671637996554498
-2.236244700336475,-2.411885481256941
0.8048027676787908,-1.261482977630271
-2.6417879650640823,3.2073248823367337
-2.2902814231214164,-2.583550225799748
-0.8919972119016695,1.389501454633294
-1.1297411460204296,0.4173426432314047
-2.930605739584345,-2.949333677785854
3.384176739874828,0.7273096450599242
1.0057975909049077,0.8634695052535183
-0.5472187120188003,1.3523539125520112
2.337957482744854,2.7096697811470345
0.47907362645264806,1.1368787214606655
-3.379456505795814,3.4335116181534726
3.0140059668180483,-3.2288374865786147
-0.4561687277340044,-0.49414113241477065
3.2761215582021697,-3.648658757738295
-0.8955142548739647,0.935777012277672
3.2613447719741604,3.0928996126044255
0.5542887855201211,-2.8114757570511295
-2.3476405634580932,-1.186124824647512
-3.1601100672668667,2.7559516561502955
-1.0463561110957518,3.2008164083614448
0.482120029371168,2.855923422677291
-0.9111386462796082,-3.063093734906821
3.2232936104817376,-0.8735157265882163
2.414607746511993,2.753340516501814
1.3037026493098183,-0.5067664407620718
3.306245853417852,-3.3214351515373495
2.5951401563081418,-3.0383930803593455
-2.696392149408765,-2.8153913224869953
2.6835874580335446,2.929503237595488
3.1428628024487026,-2.9763746675081824
3.084344322568945,-1.4880378970609045
2.7982555274841485,0.9525413786469369
2.880249032644198,-0.8910802468668312
2.7923179762295605,2.4860238558543597
3.609604822509091,0.5224161785432029
-0.641069305202831,-0.7935421018648318
-1.3806550304435832,2.53223553308507
0.9043935623103008,-1.0033834265585204
1.7453310826460882,-1.134666350130671
-0.8495782993889888,-0.6726874758346406
-0.6176956336851753,0.994923237905711
-1.346480306148712,0.7444822448512943
-0.8428929823299083,-2.5583082160471013
-1.273450819155929,-1.2996613289518646
1.3099502434233583,2.585382559847585
-3.3959404383798324,1.1990563574548456
-2.8118741933255267,1.0244549486217365
1.7073995016617918,-2.3749769320080034
2.9486340492690446,2.3593874652317126
-1.2895328069671326,-0.5652231448209841
-0.23521973573023786,2.1331059462689517
-0.8291481044553879,-2.3192266663953602
-2.521868902672042,-2.5536185207248256
3.1539509922904627,2.7844276600939417
0.6684354241537329,2.6818451764194586
-1.2231139307343708,1.3176300581492646
1.232663111710336,-2.8607091672806546
-0.9709999422105285,-2.7961992421623947
1.1819138282815995,2.496268270196876
1.4901700202346808,0.7378231356098461
-2.9870010738299038,0.9161078691888304
2.7560503534323764,-2.198695947898411
-0.8129794575452574,2.2548662205905643
-2.6228176244046617,1.5360167148071286
-3.106781396269337,2.822195128821685
-0.6084008696541954,2.6163517642452283
3.3089592139949735,0.848270702962533
1.3850055889868211,-2.4189398469134145
-3.022354227762357,-2.3494899126317055
-2.6690719637298095,1.0667199889608048
-2.452073420239063,1.9414155586254411
0.47973610506094144,-0.8802271934643574
-0.5976591665918967,-0.9247946321011322
0.6274874285752778,-0.1534338583387783
-3.3974181953012423,-1.2098327892897318
-2.6339081500302393,-0.41816521684189284
-1.46131306676466,-1.7462787456224171
-2.465578207718051,1.3406302808492496
3.013019563441458,-1.0143148010685998
-1.1458966044240038,1.2009833484907746
-1.6911980968821172,0.7374705164908227
-2.2862952007674635,-2.8061439333320917
2.665516356183106,0.07261471762879983
2.367085327491421,0.6755272215116365
3.298647383885894,0.7967232924047268
-0.005944281423247261,-1.1640963159881372
-2.1891001908392376,0.39484495939721914
-1.2773659947411016,-2.5930516241403554
-1.091077110147031,0.7928016270238225
0.967521908979909,2.6792571210517755
-1.1872250761361351,-2.352751106424722
-3.2760811617428365,-1.147862923425446
-2.9083332180787678,1.1598379970908925
0.9281691102736541,0.846534297294959
2.7708935606837284,-0.9222099329106869
0.5959488707751832,-0.9461844018455081
0.8017755481192755,2.9454730307498576
-2.6343659036154943,0.9639410247910492
0.1713464453154222,2.838576346805737
2.623733868942712,-0.3921585920050765
-1.343310113171961,-1.1544820844141905
2.4461407080673,3.0839732697026263
-0.8730883951145094,-2.592750754103887
2.284821085756166,3.0361862030866904
2.7575490287613764,1.19049396221754
-2.9369484082124164,-3.226727889510776
-0.8575820279950618,-0.3178405262916802
2.9036915861570236,-0.5166981392559425
1.4068402937881548,-3.0861213175106776
2.5401008952961424,-0.8350754424052576
2.775233274213913,-3.00870214101807
2.4384188330831202,-0.9816812046916445
-2.1962672806326453,-0.8133031436336716
-2.091467430202003,-0.8902685087704313
0.5741949397610631,2.484609932259341
-2.4172091989133624,1.1975056856122626
-3.158304948053388,-2.7321962985328807
2.938213815571214,2.203045839823557
-1.285052084153894,0.5914386852719853
-2.311312707968654,-1.073010931939567
1.1744823496371875,-1.1943932697777175
2.4290720929414373,0.8608800792321245
0.5614064377281957,1.1263898894514808
-0.6224234223012891,-0.6012874055105594
2.2679196433819895,-1.2075508787257094
-2.6742379418677342,-2.109037874590769
-0.6603925969144374,-1.2944795413356542
0.262628178284366,1.1389470836456046
-1.0452879831344097,-1.1051945710666293
-2.3587821721932087,-0.5663407271426493
-2.4979094519235217,0.6826317252650917
0.8606673201406883,-2.975128867101204
0.7417366704974723,2.0248765831977886
-3.070243336871051,3.1108182523726646
-0.5425947764324668,-2.4351342210681857
-0.8395232371638067,2.9014515967601926
-2.299882646231809,-1.4396639868349
3.5905718726032294,-3.169454513892021
-2.6786015258616676,1.1386643237532796
-1.6706456075311553,-0.7349799169161476
-0.6482118419664961,-2.9309633605107677
0.9897260341289352,-0.38239657958063306
-2.5449940153566613,-2.5624278392294433
2.767139941073116,-1.385923743898033
-2.4587232675303707,-2.666362592507657
1.2201398782124628,1.1594768818528125
-0.7719396099128848,0.9417376463853737
0.8320030898210932,-0.7277661414852661
2.7690695614780645,-3.2203485709449136
-3.1145749209226135,1.4824742836830938
-2.6191282348691827,1.3395283139776255
-2.849223025143786,3.0193658812814967
-2.7456547705838505,0.6401681926896085
-1.0723010530175274,-3.1604394184975777
-1.1220611240835672,3.248090436025442
1.3458135937222517,-3.1802193269440058
-0.7316416897808177,-2.872134581680384
2.713617355811999,2.5159253448682226
2.975555935475426,-3.3351952010052908
-2.914269071261346,0.6810387309126248
-1.7240895341986315,1.7668757392321948
-1.4571003904404287,1.6261149325591486
-2.0587768343613826,-2.9013279670764818
2.205042043164145,1.0731188413202428
0.7852860977674386,-0.4221032137462396
-3.3096585722667804,-2.675744783350383
-0.8904743369799178,-2.8910418883096773
1.087961545194908,-0.6284835245139001
-1.5892634391785205,2.368015104431882
-0.9316813570219172,0.7227362721455253
3.011402559230544,1.32363031631368
0.9838008365230582,-0.9698979156698029
2.763796565830042,-1.4164090597968029
2.4447727388152596,1.2612161588827595
1.0936753152373084,-3.0692594013023724
1.2611432365246333,-3.1144342079376197
-3.2244689829515485,2.8442060286818327
3.2437825967657625,0.7775365285146331
-2.63251107753037,2.61059544755616
-1.0947785253684978,-2.3353835858425223
3.2253514443547315,-1.6122874037278463
1.1893233059832484,-1.091803701873161
2.938537957180977,-1.2790900395613134
-3.0703299496282734,2.395612588264555
3.238888588511207,0.937585733103209
0.9694461726128873,-1.3974277047578678
-1.6781483657524054,-2.5187949186911376
-0.700565166769006,1.3187342204832084
2.672667131894024,-1.2429354502412508
-0.4351223980282288,-0.6871633724544824
-2.959592804660543,2.7673592933724245
1.2570446988239146,-3.2919808311493672
2.85500077874389,-3.093679468205075
-0.6055020186385015,-0.885751048596786
-3.1955883547565356,-2.9236778048300764
-2.2310223655227905,-2.622246341841936
-1.2551513283981945,-2.6210008601286714
0.7701926691751289,2.9355331218439558
0.7039450431651288,1.9994490633490776
-2.9029511064637243,2.433935042874211
0.9809678011250519,2.0740829541702763
-1.1434454851772125,3.350566806414567
-3.4254386288515613,-1.1778249260031142
2.6474152624141194,-3.0032301938561337
1.177645577732219,-2.7177895381441237
-0.8424364949479151,0.7432124797745269
-2.7685477755633494,-0.9838695225834665
-3.186129284055173,-3.056969358483855
-1.0468215225742694,-0.9038909605136873
0.4932514580107024,2.297492204639347
1.0140438714753153,-3.0650050770382373
-1.6900028529696567,-1.2019576871557252
1.0871612276396814,1.1641250819487226
1.093119352658453,1.1621792976858623
-1.0600066147532345,1.3503591531266177
-0.9117845742244488,1.1324341703781193
1.222808722740392,1.011677520893706
2.585734794504076,0.28515316817791386
1.8909909103135545,0.7765957246467391
-1.2957387832163407,-2.5304003981260483
1.204887856939691,-2.811700131071964
2.639988802761715,-0.7304005821462514
-0.7033098179884317,-3.081896516948326
-1.8223950940656792,1.6757766844717417
-1.6715545508254464,3.0281243821576838
-1.2779654554029298,-0.8832393827800529
1.4335710853902492,0.9111841531258621
2.8501200534023927,-0.11972033943091863
-0.9160910267771752,1.7853515052377145
-2.8132809047085066,3.0910312673163207
-2.3163562433447824,-0.9057807019197429
2.391688462639267,0.8934236044656987
0.5138222209965457,1.2276536992117455
-2.6710617566908788,-0.4177577282315133
2.931645794208782,3.2188949906538453
0.8096490081497332,-2.481917424058145
-3.040856530750776,0.7991777313076379
0.8465279596598437,-0.3947369379263455
-3.2237622588074957,-1.5096289412595252
0.6492486843149392,-1.2627259756253075
0.9156019127322851,-2.8546923442684653
-2.7349000130803995,1.6253736427225691
0.7763118704937731,-1.1769637274196265
-0.82230903352457,1.3665906975953315
-2.796718622438393,2.672386200336376
1.0766906937075276,2.7807440333333107
-1.0573790685026703,0.5632992394992667
-3.177045595315898,1.6917283859367356
-2.981618148815438,1.174481833933824
0.99744161429934,-0.8231312152358767
1.734840162350123,1.1370116250175428
-0.7402235119435958,-1.02091536468022
-2.9064696029657795,-2.707095665278136
-0.5517366728542339,2.6520767317546508
2.06872361040768,1.007413000796292
-2.7950039195377787,-1.2587481521546526
2.011342789767355,2.550981076343289
-0.18452239843912774,3.504789654701466
2.380590794224912,2.3645774045930423
0.9224254050099524,-0.4725765528148173
2.7812844570900106,2.707301752185964
-1.1676638165026243,1.3027623696832857
-0.9727224536661693,1.089229796047719
1.0182189389707759,-0.5316684959803901
2.750312658735058,-3.2134103044280704
-2.2192305874027713,1.631165771302405
-0.9682764552184828,3.4005533826817693
1.35080805932424,-1.2566559257809078
-0.5389313761528659,-0.9602553528463783
-1.1547688085373373,2.805700071253798
-1.1547422486105527,-1.9593530328098538
-1.3677609432236266,3.1233458662103666
-2.840919202176848,2.476687025622206
3.0097756014627364,2.5858748472390922
-2.374856612857196,-2.5994408895216465
0.5540086350649139,2.022908112950703
2.453281600707659,1.5771381175008354
0.7458603458964166,-1.2748718438536684
2.54737051056176,2.6713526646860415
3.1291905114338303,-3.098365703861001
-1.1995586223740435,2.8414140560166756
-2.1847401632300802,1.2611493545587724
-2.504268297596442,-2.5911883327619347
0.973712893312259,-2.6000925773054075
2.4003952780087983,-3.123314786131377
1.5321619201191399,-2.328319431638624
0.8322276190039377,1.2655605118399031
-2.7433164156704577,-2.7057007021265407
-0.5497989411177567,3.0702912137053415
1.0651122315228345,0.8704964309620975
-2.9937678179454505,1.3815388398459794
3.0285360834087744,-2.6370915820946186
0.5223048834249143,2.048014058059081
-0.4862251241081934,-2.5274552664279533
-1.6939854065854596,0.3960262661495739
-2.9132985165933314,2.8451084228707573
-0.7567552780948577,-2.932664320795706
3.761157357086397,-1.0157445716926465
0.6426660367382219,2.737450199350226
0.6663467050764804,-1.067271959582705
-2.3867344962713917,-2.6632424397171675
-3.143928841527727,2.7398720267555934
1.0915207227905548,-0.7900148176889892
-3.0298408868001623,-0.6508903501102139
3.4529849964720842,-0.8827386146108709
-1.3452528569543676,1.189562734248931
0.9832865527459758,0.6151237252450822
0.6619494417531075,1.4087478231904471
-2.6312130835753265,3.1525262627680712
2.6994328510495587,1.9171988650715344
-0.6348372203613358,-0.6304473818852928
-1.0414921815270817,3.0903617845633207
0.7918321910700542,-0.8554671755178045
-2.9987972223632267,2.9389132786269427
0.5005047329271503,-2.882643282893773
-1.046892617916376,3.110029098932365
-1.3389034991785165,-1.0112041577895796
-0.2741702208661656,-1.2899193529149768
1.417959344685318,-2.4439332158998686
-2.8029771144259548,-3.077321903892758
-1.1340229220334885,-2.0470237171716863
-1.329981473723534,-2.806359235731764
0.6490320903208121,-2.877503809202262
-3.143311555421662,-2.6022808011096634
3.0398921053821524,1.8569961371848542
-2.9152643602447954,-0.6319543619252893
3.4625826900269545,-3.0035426482234873
-3.24930869944012,1.0191778092280297
-2.4556904893398452,-2.6128441619846776
0.9007901838566461,-2.5638940301285587
-1.4971124006757053,2.203153901511293
-1.030107932323516,0.49922128510434904
0.8674569340358398,-1.2517668884317839
0.8609664019023525,0.6726457249433601
-1.3716878586077115,-3.2623830243561156
-3.0541473133948625,-0.6099028917321302
-1.2121547652073534,0.5247260751660978
-3.0512916093569564,-2.273022131617901
3.0962734164240393,-0.6558312842893483
2.8294227196295405,-2.9954574566997585
1.5058583856408008,-0.9267017675799081
2.63006109594437,-0.659084564300855
-3.1352003000606508,0.6122476172248171
3.517551963141088,-3.0197882171232053
-0.8528578693212692,-1.3803462238287831
2.8352842308182256,-0.907630462660577
2.8611352002948958,-3.3230537346305833
0.715927580927896,-1.081347458252079
-3.4050440236392396,-2.4354356742441694
0.9180944106172957,-1.061198656275114
0.4578838564270994,-1.2431353122110245
1.2133612024696263,-0.6550689852409219
-0.8279433927210753,-3.019643164897144
1.0048062193904825,0.5442513372460525
2.018808046450197,1.4225230021327375
0.7855981443271698,0.5981478903545352
2.1370823993890764,2.259733364764647
1.259210479170442,2.9129546795883448
0.11129002457163456,-2.9253280648351163
-2.591878526851229,1.0671568648797702
3.0395803779792656,0.5146052699717766
2.874937503434242,-0.9706232084927687
-0.8381685672730367,-0.5124813935924731
-3.1110564880443894,0.3670932781871088
3.6851683703271316,0.5776842271652852
2.81564237673541,-2.971643964197355
-1.3415929600396987,2.437291514172382
0.025464793230290585,-2.307723590856072
2.808476029628976,-3.5328011733182096
-0.4088017917771656,2.8139556786873707
-1.3685809137189653,2.593062300919825
-0.4163310913205385,1.079670035002413
2.4813345326169696,-3.323498062660598
-0.9383152651008897,3.0782234923140726
2.7279982945042596,2.4508460573573316
-1.0905627787591108,2.3053064669700354
-2.5360194222443284,-0.9664328939895419
0.3451167915369526,-3.4414127888513564
-2.7782590809879166,0.15812344814553675
-0.0707010367060059,-0.9424240836068241
2.6542394888684555,1.2659756506335798
-2.217979710432262,-0.6232589159247248
0.8795162360943647,1.3388973181520967
0.9894738011962501,-1.4710800421740955
0.4641947245953153,2.5618073448014202
-0.3898161598170378,2.8028501107284143
2.721661965162212,-0.5902411692837539
-2.7300453906632445,1.592437277072361
0.8455690010047235,-1.1225511563882824
-1.2918383618677383,3.0453598943533806
-0.9890277558975297,-0.8918222454643757
-0.4760514577730972,1.992131057087279
2.88805824738499,-1.192299200911536
0.876042422931896,3.135819716265364
1.5808423424971778,-2.614519070095249
-0.6299703614912108,-3.2182492591263197
-2.8149072193333953,3.9316437121097323
2.8459925427385886,1.1660368880465493
3.253717864375663,-1.5247504009994066
0.8754883108227302,2.7795462310686725
2.747220447231864,2.7018187046470854
-0.8926408255320492,3.065915717465585
-0.9667875922303077,1.5384035777478986
-2.7910115438804057,-2.2748423709553607
3.3178419717697847,-2.6831222293065085
2.4478677831249787,0.7985957999507631
0.8575058714531295,0.7098602830362438
-2.67417341849089,0.08837924295188876
-1.3356161814709482,1.1215517316769135
-0.8914675048770494,-0.6437354236050771
3.367438649993091,2.9892302025515285
0.5095223747055918,2.971307718702387
1.397308521243284,-2.2037389547841975
0.9775785013976368,-0.9437139610493785
3.1305984420782638,0.7141198228855499
2.4288739920822087,2.52309014045952
-1.0357563584087137,-0.8908249391591504
-2.9851130692896763,1.4386660805748843
-0.822152964074309,1.481341911987348
-1.4321849939202689,3.307661778811607
-0.8449804306697095,1.3057355739521521
-1.2686954875722407,0.8016422286280646
-1.5184918231790248,-1.1995071943942723
0.5377140433885655,1.5140925805911594
3.071345007771413,-1.362892949495594
3.3615428918838135,-2.518384358666837
-1.4211749839574075,3.4965141784305986
-2.779063830152562,-1.2611253160915719
0.8427376763522784,-0.5499495634887509
0.2932682649924194,1.0528981027186377
2.556565206656975,-0.7321620576720153
0.7980461683490229,2.9320095315901207
-0.8081410061449926,-0.7248608091617004
1.3510777546301793,2.6805594336969403
-2.5317263786093505,-1.6340212791576367
1.3548948415423014,-0.978023435405905
-2.7196265789791414,-2.027843275585436
1.4074523127556935,2.413322422446641
0.7629202789708709,1.4484799944344091
-2.6394747379804704,-2.635978946241738
-0.7323359189260589,-1.5471606479107518
-2.90904489584605,-0.5831647952391878
-2.6659712141738336,-2.6461254018547566
3.073369460753615,0.9363458845502598
-0.9234952763999112,-2.6499116932545683
0.9497374412556646,2.7337511478522956
-3.210031304516169,-2.2683028397725886
-1.299449220018003,3.0252085085466796
3.545657823551126,-2.8820273980261955
-1.49790712097186,-1.5405703347037576
-0.7960096366783733,3.2051068806932204
-2.8756391103244106,-2.649796506400366
0.3372239062126533,2.7781393117973545
3.3389635564310525,-2.8328761093996984
0.5748119157426016,-0.5110393421593912
-1.116062136142926,-1.1394731232054398
0.46295166497028833,2.6035769848281
-3.4011604224001952,3.19860473471137
1.38618252210057,0.7015117719153664
-1.1258558845670628,-0.4411738185185353
-2.6284763641484483,2.9389230320114774
2.9085920774452907,-0.24254531373219415
-1.0274825484527499,-0.07807026111703513
0.7143490527978109,2.507965900262623
2.888644605117941,-3.068518759140175
2.9428566070052216,2.464119520789174
3.0098739030479558,2.6415915162792687
-1.2189469724729463,-0.628343210263224
3.02403642930081,-1.4169555975246417
-3.411442621541514,3.0854694484192495
2.814694864689467,0.8469788837716116
-3.4768985249902027,1.342659647543689
1.0976093859056146,-3.339529999508998
0.7501832626933936,0.6338463954957105
-2.887477086625359,-0.9649898566301774
-2.6841601290470782,0.12233388704223916
-1.0996019884592663,3.1384969616912963
-1.2983839603440102,-1.4620440453323829
-1.4361209945121227,0.8582976249352531
0.6566678379554122,0.9823424123069031
0.6303674225647988,-0.8465946621221
3.441002361709089,-2.898367332317508
-2.7561477439938042,2.429720405079339
1.4198059276171817,1.3180692294711767
-2.0739582024697585,2.451254575418274
-0.04395261937777377,-0.28810702151716444
0.5363780201895162,-2.810234243156107
3.0118948642232213,3.0502253242270014
-2.434094341509111,-2.601202241022761
-0.31938046982965557,2.7251666606577927
2.586178128419531,1.0534923254890483
-1.7633430380501762,2.8185980207177943
-0.42339879338663844,1.3107064912171509
-0.9268172143145353,-0.6675691070183237
2.8750131871738835,-0.5858198255074812
1.0968113842462963,-3.432074693413945
-1.1270367161993258,-0.6190850708547107
-0.9383877323269603,-2.6352886883241577
-3.3876133857485993,-1.1282720084502453
-0.47185473545745854,-0.9464918015309151
-0.9871857855723978,1.2742558676539264
-1.372633571927458,-1.2820279769660046
1.2238887130060283,0.7207515420438797
1.240492010835226,1.2890859333272222
-0.90678848580419,-3.201229659925481
-2.6153948979136463,-1.7340455849063146
-2.576047869600273,-0.7427378121785825
0.4329015222824856,0.6521980788951741
-2.9053945041682137,2.8359727377964847
-0.24443669770639487,-1.2360909584652118
0.8107384484410075,1.2744845153541748
3.1726933934688546,2.8934883524084594
0.7308197201942053,0.8028484513602318
-2.8735952742248405,1.4863358794431372
1.1140820396305593,-1.2551774044031816
0.9321760853498806,-1.0243383292225847
2.9231119756192863,-0.5970472341748936
2.3547488552488884,-3.32459452432891
-1.0675083155687992,1.4506996380938668
-0.3956787161321408,-2.8722608603965267
0.3274343565821517,-3.115017984324129
-0.618994566803427,-0.6496200809932763
-1.4876718761687386,3.3048794590791166
1.0065653818564164,-1.2455292640206215
2.6674290650075156,-2.9122468159505313
-1.0310733514834272,1.1344595899250478
1.2604906946357677,-0.4898605990175998
-1.2502416438595996,-0.6128687256141168
-1.061353386726018,0.8398055176544554
2.2668903503019266,-1.4759685101055036
-0.7316560333176602,-0.8437005090058732
-3.1587041346369573,-0.6408214169324743
-3.0247144922338474,2.8893931872213687
-2.646096214316806,2.940618324011956
3.159927035420381,-1.2613320648837405
0.43504685040556973,2.6147299034490894
1.2284412926102308,1.2615366434951414
2.9233624512842376,-3.167988287111873
2.7394557964610624,0.3244646253193972
-0.8957166852157739,2.345100983848205
-2.407329785103621,2.1018031353739484
2.557872208779954,-3.4321162152193865
1.2000071741626808,-3.020722468172054
1.0833305451028445,-1.1906914908392479
-2.7521723940747993,-0.930356265209413
2.9786953089900874,2.804914121967941
1.1750124538002764,0.08136724392129932
3.2910337829926806,-2.482579588099225
-3.094298170643385,2.938640475650111
3.032781856109507,1.000004750669896
-0.390557648733612,-2.952529825701134
1.3175140718569047,-2.204152500405718
-2.521180949528243,-3.1105434585121543
3.0234196821401573,1.1063462675140208
3.093279649441833,-1.010754500987277
3.046666667907954,-0.7113107342177204
3.3825717517172316,-1.4346670060645885
1.036191312848815,1.052315061020982
-2.567377178813095,1.2595133949013757
-2.8850570218263973,-0.08068546137509003
-0.6581902122710466,-0.700776337279165
-2.916872922197939,-2.8119073812930004
-0.9566717091649432,-3.0001072567620946
2.9351120980272665,2.1444451042271155
3.2404181025877805,-3.101910570683834
-0.681480508212523,0.9243912618353173
3.21210495520717,0.7677657791940788
-0.6444678466939355,-1.2276052340724561
0.5547097619364608,1.4288032264488235
1.1333288568450928,1.1881716796432087
0.5746015480301396,0.7850721323389264
-3.354849103402797,-0.8133049779372039
3.1078875429697796,2.9754839986809043
3.0724921952032105,-1.026853313762811
1.190433592310169,-2.418521339583455
3.1096167400853933,2.115377749654755
3.292616781347709,0.3611229172475106
2.290447383524233,1.345627710400349
2.6028120301003637,2.357187408064742
-2.8502116266866193,1.173097388223344
2.922280795274219,-1.6113850294496135
1.4408540800050318,-2.494370956977704
-0.7929782898984924,-3.19188587147593
0.5171490920471788,2.6518306474726883
-0.8980182051519376,1.0832655955520265
-1.600330468814532,1.4038102374711854
1.250443471725318,-0.8149584341011389
2.8295410014766635,0.9599897291079801
-0.8313977283628942,-2.6467637653316385
3.281489646127515,-3.512417474745383
3.135408150936044,-1.1706022807750742
3.5238910401214794,-1.021881747401187
-0.2441545260135789,-2.0412209489603783
-2.712941445864136,-0.8186419049360081
1.0257470437693936,-0.7904874021910537
2.398353163135315,1.0606095902768025
-2.7612107732544047,-2.4613191136708163
-1.3642416815397613,-3.2066990270959566
-1.2793208031969783,2.29976434339087
0.6284249990463028,-3.0133045230907185
1.2084494897017573,0.9021315750368248
-2.1670526583642804,-0.4331171409941894
-0.599750478956448,-3.2845370936558296
-2.62631745451393,2.371718224657799
-2.8170669877805814,0.8039761341493206
0.9671684171252881,-0.958008923643948
0.8517349822608102,1.1026655814150106
3.461701777989789,-3.090397879098638
2.67752921816662,-0.6425729230478039
-2.8018211356385256,0.7775809435540774
3.1041654509291305,-0.2477818766840422
2.4914587084154904,-2.681348545845278
2.5059119552029445,2.6171423200076744
-2.741960042891278,0.7693281761003946
0.7522013794210368,-2.74602031112945
-0.4921442270654153,1.181245595554243
1.011263890980826,3.017563146098337
-2.7871781342275948,2.9883177312922973
3.3353105737933575,-1.108780820249788
1.0761104562561339,-3.353117427749195
1.2775181094250216,1.868284121745761
2.7223178302334925,-2.1513159606158223
1.8768185476268004,-2.763199759213046
-3.247045891919634,0.30443234992263263
0.6801759493771516,1.2967553373927976
-2.6688281143261112,-2.8453152754671045
0.6237891051940524,-2.172803480265837
1.210181833533877,0.3243437615160546
2.7811218266707813,2.257696228195604
2.9163151868296593,1.0485132890428515
2.2497809425922033,-2.4974692088584787
2.767772657431802,-3.1659499065114143
2.625044822671004,-1.0385674159939584
-1.0568307586416383,3.1868261427902613
2.4919280550396135,-1.0499111574985673
2.3391930055967602,-1.228673472307417
-3.062682543596494,-2.237600677232355
0.9144019901546789,-2.4855249925950353
-1.3952539354368578,1.0737603358078185
-0.91905033086878,-3.0191715962759025
-3.017958494800638,0.6089708409283462
-0.335857351273229,2.640128007104944
-3.0443271770221143,-0.5663343595772659
0.2420742090081376,-3.5974187179070514
-1.0625077965390033,2.8694746284330512
1.139514955587777,0.7218325908784352
-1.045471448188199,3.350666016213956
0.680922590782624,-2.931106463787563
-1.2319620765132324,0.7410776554800093
-0.9676450835262699,1.5233584619689966
-1.3459091214015104,-1.1257522679847656
1.5522567385084176,-0.6623885869621182
-3.1451061446225608,-0.6483721658421415
1.019664996838254,-0.8486067543128732
2.5813528970054684,-1.1258201325884254
-2.748689025888974,2.709210765862618
0.47088093612029086,1.5018883787751585
-1.1811703566599325,-1.2679315651368284
0.8993334962773182,2.792994806822217
-0.26638207445180695,-1.0637611607004036
-3.729220412624234,3.081790473847902
-0.8830741240977551,-0.9767387850257921
3.415169375577759,0.6680728174828647
3.1828599153320427,1.1440574537608754
-1.3006319888012234,0.7648995146971391
-1.1578190319394528,2.8741135140899536
0.8744001288011314,-1.0582184657341442
-1.282417782609857,1.3514117930728202
2.475735787628793,2.6967785224108627
-3.1997400037080026,1.4044998448737172
0.8601487574305268,1.1357688414908418
-1.769993597235512,1.1724238715503674
-2.765829745308402,-0.8229661463220511
-2.8444953466327436,2.6815737352032945
1.3080756332366021,-2.793779988672624
-2.4899170078547694,-0.901673128789171
-3.0295109767432393,2.815019127090538
0.8147024255357688,1.6088470709214746
0.8129941877866566,-0.946831302598886
-0.7293064408414734,-3.001922048274649
-1.7686316749719182,1.4985919368853529
-1.2227657075341813,2.566324881102468
2.3967262561785363,1.001901216575562
-1.1807681178185523,2.772652466959337
1.4203290945045293,-2.5416558134076483
0.7062500887764686,0.4841217697899598
-1.655967153574353,2.6290795497061206
-2.680517811719722,3.477082367974591
-2.4931996394165163,-2.5267943621334905
0.6923824352629643,-3.069839194362215
2.901906449809941,-2.9707966443482774
2.7170196960251367,-3.7169606006073117
-2.7528442308919625,-0.05847418989713345
-0.8219594796206596,-2.616161784825916
-0.9965282376233578,1.0191353578142366
3.115367620031003,2.27119136478481
0.48817626454049706,2.573269553846474
1.1242541791434273,2.218550858337279
1.508364556803485,-3.001709025339203
2.534934499700292,2.2755130502740717
-2.9074708534111,-1.7957870651504988
-1.421961617246846,0.14878801870736755
-2.6688103654844655,1.4416175314624904
0.5197675286311669,2.6120238821295265
-0.5862287251748283,-2.772066560287159
2.9334384485905747,0.2640707713017072
-1.594011582147354,1.4763135730738612
-2.495373298884734,-3.065343507154553
-1.2904489229017935,-0.2426162388715876
-1.7589932914238948,-0.5406061446423341
-2.472859036615834,2.3676122761112404
0.5029919875390293,3.000237743214883
2.8296409436093057,-2.068727914242819
0.19647792847981546,0.6955523921361371
2.518396035583889,2.4338554179309226
-2.8647019855738223,3.2508133760815925
3.095358532059103,-3.0825854106665167
-3.4334651689605593,-0.61738020741818
2.812500804943325,2.641300709628227
-0.9141138935529638,-2.4474696427460274
-0.7713827620411831,-0.6017929201772783
0.618354957821612,2.2368872447643917
0.6688367519466364,2.9668065358209565
3.3441819110852014,-1.2131325480757973
3.674618538234722,-1.3219939610210585
-0.3534797279903648,-0.4296985881530097
0.9809969183016765,0.9334809712512492
-2.9762922598878307,1.2416885090804417
0.9787055217031257,2.313038617387852
0.4309077914480862,-0.6874158850759907
-0.9375818554592642,-2.7752709709388914
3.295748163006669,-0.9890356494525419
1.07952290697353,2.6369344862472945
-2.671692082239136,-2.400154374970589
0.7143492081825884,-0.05363618469547203
-0.9911996361199185,1.4535790066124346
2.6241912790119,-1.1093413738831832
-2.933353517082241,2.3323114139593613
1.1005992376085394,-2.3954610008521504
-1.101584779852982,-2.6854328143528035
-1.5271617780238864,2.6248627593728133
3.35131402399832,-2.4676341211427264
-2.7593353237694633,-0.8776431678976654
2.9233499704999435,-2.55481809032858
-1.2786428133182555,2.2671660219102203
-2.6603940670415667,-0.9945022306345397
0.20819197227163488,0.6227762043728287
-2.6154046308273458,0.8950858122005068
3.205313479587415,0.793781731131496
-3.2515170720158637,2.501156957421409
-2.7282621850607356,-1.4551301316200105
-2.506144009704482,1.1269161203772171
-0.6607443916352349,0.9324827139775483
-3.4744950597324826,-2.5072078221020524
-2.3475205912197747,0.7767351915945016
-1.1235261227612976,2.9471179626306125
-0.9219542282385222,2.308420124596899
1.2937897632409905,1.380944321439228
-3.1891777360878435,2.2646192777067076
2.6925744347675136,1.8773282018289104
-1.354668790527943,1.071000810287722
-3.868925429753608,-3.0204179527335047
2.7472743744434647,0.7625509326188239
2.7770132480142418,1.5588370814224901
0.840789720149848,2.6905830641105375
1.0808910223744346,1.0133274231717284
1.2379368203664665,-3.4481443296606686
0.8486640511658753,3.3214814579463905
-3.2043411517232707,-1.0224419734497727
-0.38551107942291657,3.245710490212182
1.8229857578614947,-3.361218647364279
-3.2111711085078567,3.473190389745816
-1.2844807181701443,-1.3093098780932426
3.3329458296552397,-2.5473025284415867
-0.948733436582907,-2.5273670390449325
2.785741281291289,-3.6110105752885646
-0.2189749405314158,1.5660357846900004
-1.2441071535476842,2.944226790784081
0.27903204998259384,1.246829040326956
-0.6812113750822387,0.897787378850636
0.36466391112089974,1.344434545303923
-1.2368707648300339,2.772629784956172
-3.0562313273457113,-2.792397007882585
-1.1428947482556207,-0.8076894602145017
2.1466949169285425,-2.514767235873641
-2.918168992777229,-2.868910174127056
-1.4490969934796663,2.7465455788803177
-3.001431072216071,-2.7737676743148243
0.6808732651965514,-1.3848198564431977
-2.540270240702985,-0.6446572399054187
3.478886076081932,0.6968366801567915
2.3705933489115623,1.3839752904335276
1.5940406681581878,1.244980400043948
1.2188114635283662,0.7540773427949974
-2.9493770255991483,-3.0588005837509784
-1.0956506066549279,0.5450095244419796
0.363651601061293,-1.167661002839653
-1.1383940350536659,-1.0553801692035902
1.0465166982739948,1.0898796129978925
2.9611103112511135,2.9606482969976025
2.6857289772661295,-2.984659991117025
0.8108106673470048,-1.0067454923628942
-2.4650296623801444,1.0903411296991068
2.833766637652163,0.39309578986582755
2.8411247523481045,-1.0165544197570282
0.7643479430498399,-1.2542025602564282
-0.15855194514138113,3.145607957673785
2.346156111337525,-0.48950325745271356
2.9145171223202198,2.3416625258746246
3.243330686247957,-2.6765001515638445
0.6730232412103674,2.6810770178145624
-1.183999378934947,2.7622313765400515
3.8026445837319507,-3.7256258972850764
-1.0777244525009562,2.831191102719309
-0.8391031744254759,-0.5616735175227285
-0.46848903579235823,-0.97120409258835
3.2899359158917543,-1.9562994239685907
-1.39479091959574,3.0519913066047524
-1.460483714672715,2.9934904753544997
-2.3195056957815785,2.9666507797955424
1.0391515709531742,-3.149580799073318
-2.7795092574169544,3.1229399591012936
0.6640959292054114,-0.8316432132066318
-2.2584677936381525,-2.485889131079588
2.4296433972384857,2.558301389294744
-1.2898719227927813,0.8218755743416382
-0.7664564672353837,-2.506979232314049
2.9062222684617978,-3.3044980412549125
3.103034404999949,-3.401616304278949
-0.5570817281898333,-2.824117260280701
-1.3533094191663435,3.346848666289993
0.08993061850568347,-2.9638125563752054
2.5596950675968246,2.410338585382712
0.6624777307896349,0.5530707396314317
-1.3572793553493356,3.020854999354803
-3.0575829378398254,-2.310613886416506
2.8619942946769283,-1.2773230608158719
-0.8648206574193825,-2.7945928399387583
-3.3104717745921453,2.310858870220407
-1.3080791724120093,2.3108038252986454
1.1300752221332253,2.5842968492256504
-2.566704596085411,-0.3572364283778508
1.699775845183566,2.2825465378915286
-2.9092634432377893,1.4926834281559094
3.274144907975593,2.0204577253744422
-0.9778604971492599,1.1793920625346268
-1.2399648704299966,0.7791598047009562
-2.7071434665131084,1.7330471470640587
-1.1034324435613705,2.368178394227282
-0.512140511453155,-0.6873434052360975
-1.5364415446991921,0.5077029232429344
-3.276205508871781,3.2295196571622324
2.613639616459667,-1.1562305603098342
2.865726904110388,1.0994565798565685
-3.281420704291778,-3.2597721644161703
3.2936236955511187,2.7722623542339346
0.6289789750624245,-0.8310790338364222
0.07432218140760852,1.018391391980399
-3.0586237084640224,-0.2587220876456402
0.42716610802377536,-1.3497620241968402
-0.6123590574327397,3.1085891888391814
-0.4615376122273551,-2.8765434930331417
-2.8934112951675703,0.6839447732725402
-2.592227664519706,-0.7737040672180626
2.6996399130584297,3.041626183223311
-2.9857965603091747,-2.1343386375591047
-2.445222049465819,-1.0921433614151126
-1.795126792338432,2.1137169612404207
1.6119090946785362,1.5707907449238256
-0.9868323965811212,-1.316632868878016
3.1486762175649705,-1.0334758145126648
1.0694406127981575,-0.4705513120876519
-3.803533576688334,3.104370730569967
3.1617291397776337,-2.3763823558844632
0.6583252264198325,2.1959558782467896
-3.1765025327627314,2.646608440101688
-1.1881084797873924,-2.858809204023789
1.0518039713865515,0.9758796683719493
3.6099906993795163,-2.9816752453207718
-3.2151497760090906,1.3021568065802926
-0.991724449538299,2.9829411683750333
3.097233640445745,2.8845544669025016
-1.2411237783481515,0.7899348701324405
-0.963907111413606,0.775919431102714
-1.3178549907856825,-2.7814955326511934
-2.64272061764582,2.998310825675275
2.968477600302494,-1.157431864299912
-1.2690257995809144,0.7890907419014084
-1.1960636368450936,2.3488448080824407
0.5073656461199699,-2.7099564003892063
-1.589104625566192,-2.6809234949044773
-1.1117745878742165,1.04639360664455
-0.7324186920457773,2.786710281005819
0.4804849946453447,-3.2909823577208224
-1.2060915663163791,1.4809891930420693
0.9080244486258321,-3.0736015490938797
0.6435958892904389,3.093212342439872
0.9656935545858627,1.2368936042608802
2.994616705988292,-2.585744910422667
-0.9746669358104233,-2.9187470958278054
1.2871470650896062,0.9759348715144995
3.0256941695717314,-0.34829297909571993
-2.425474413421795,-3.1279109581101174
2.6407882803556157,0.619021449176272
0.7296862977236223,-2.511533523361395
0.6522621328010719,-0.8261407878155475
-2.7906654597680958,0.9708659495965973
-2.662723912758273,-0.9762248634569956
2.0580857377266493,2.9438785422069547
-1.9512693576425877,-0.9376772918224229
-1.6723296434115755,2.795482159329038
-2.9897906830200074,1.9681255243968572
3.078666037659737,-1.0997208425363183
-2.674993700157713,1.0508502142685394
1.927314407687882,-2.8484166763535312
2.436164581499574,-3.456599401916192
1.3307581430110855,-2.7609292908218883
2.6191145027773484,-1.2240287800689753
-2.817632975036569,-2.952194092847502
-0.7848182406463053,2.6910636617207375
-0.6893995670828038,-3.079883838336531
-2.9604661923582385,3.238186115043247
-0.5368345936243097,-0.554970376346369
-3.0800656144012035,-2.5555442324376427
-1.0293867445468052,2.252428312813322
-3.1207811308442577,3.0805571743044475
0.9251107494086297,2.4474189045770536
-1.542163455818037,-0.6628534508768774
-2.283697501952082,0.9677566112440634
-3.359252514910646,3.4553523608379657
-2.5335868283167864,-1.4892349269278102
-1.0370051246470124,2.7696841709151707
0.9419028355375657,-0.3326767892247272
-2.8225864066878206,-1.1713039124525646
3.004414220665069,0.9006876562471596
1.296225772604328,-3.0640272412557366
-0.5846577921288005,-1.1100130133022081
2.55000850871452,2.4660691602189675
-1.3946296092801027,1.5266054423870787
-2.8355984172195234,1.1461842679651766
1.0275294916511228,2.2799724579441203
-3.170431081970175,2.796592744892979
-3.116727815084238,1.269656767713973
-2.6637607307934745,1.4122394631578472
-0.14525210465235314,-0.7692881494827047
2.258028980730348,2.2105367199192316
0.6497756024962894,-2.8324854440065215
-1.1035729175137932,3.0212480316738706
2.5867125936989317,-1.2843236629978536
1.0192252907435984,-1.2930532518489009
-3.255553829729393,-2.4147032450733596
1.0133129043144007,-1.4747406440585324
-0.7933103828661682,0.5560198462519544
-3.017308710874461,1.5787943326449985
-0.7712013394559256,1.3489284712474057
2.6079773479583683,-3.5045131230999327
-1.0892631029017583,-0.38317053936712087
-2.2050967611500223,-0.11568242676611032
-2.2429070454077364,-2.9249596802985445
0.6057175784036251,2.2659702543855724
-2.634713912446164,-0.9147568594919369
-2.2727298759724515,-3.041539501007265
2.981471538064196,-3.196373977398206
3.0564957527674985,-3.012477654593783
0.3908936990054427,1.225652469873023
2.656827323577318,1.4235942295727666
-1.2206742632173926,-1.0900893524190975
3.121901691742205,-3.34260771041463
2.912106503661757,-1.5265114696365087
1.2079046346373787,0.6517717961917271
-1.3829273746400652,-0.9699644665396312
3.2046932503033445,-2.87252556230379
2.369356255247746,2.1292344548974818
0.8416643552500611,-0.32231196017187064
2.592734730500997,-2.882014084171553
-0.8076266716692161,1.524894245043604
2.7522536861412306,-3.8686031226837696
0.9341764049571251,-1.4459109808776274
3.4276272511681953,2.861701520849819
-2.946261913971855,1.3962491731932738
-1.0908032144175406,3.054383122585179
-2.8806634288275865,1.1744003665557528
0.8039359810947434,-0.5859633737451394
3.2272497268656495,-2.932134000979386
3.183596374247481,-3.098245487446732
-2.375012324610942,-2.631995377275396
3.3080660905084014,-3.496866935679025
-2.182186280482385,-0.785222454440335
-1.0631297932599464,-0.8387370001977339
-1.3827154672344435,2.575205295395417
-2.50579351766384,-2.7924053458396143
2.6937641912914683,1.1392546964216517
1.1121617290849142,-2.977187850849695
1.145028974728345,-1.3908558207300177
-0.374860358287523,-0.989313729425561
1.3606247668808094,-2.694070294153845
-3.770149043161546,2.675623720064499
1.5499637366179162,-2.8235825526384306
1.3048694082013372,-0.9423717720228442
2.9634081116647937,0.28184560744914
-2.957224474956944,1.0151005321953634
0.5380511888065782,2.201962911510272
-2.602199046003141,0.795946861523961
0.035952432207834,-2.9062936265360895
-3.477279814518234,2.3188751649535018
3.76260501469445,-0.8380926956372958
1.984488255002225,0.5805358596715099
-2.4562142742367086,-2.221430859096918
2.8028052728786257,-3.2160307217185076
-2.8315422666856986,-2.601225691920827
-2.0998009323293827,-0.7952073712280817
2.8030858378544603,1.1430817513780478
3.1195235770749568,0.20738903250010204
-3.3225392077079907,1.668066199831574
3.050747930756223,-3.0428876433491348
2.931449163934439,-2.409757972985665
-2.527052522243922,2.4476935147419416
3.2846371204433127,-2.710431372114518
-2.9612773992321495,-1.1687017240676818
-2.7768137944037936,2.6055550274940775
-2.580139811845213,2.6403738641527235
3.1061425302541923,-2.752046299539368
0.8347691593624937,0.156435757090516
2.887649385428753,1.7854380399835876
-1.0321422414366093,-3.0184185580233853
-0.7688061297465603,1.3426723434593881
-3.2141669302746556,-1.0646332592053167
0.9510173556560051,2.2931539929840614
-3.220498709445653,-2.942725999519658
-2.336452705639299,3.0751003615916024
0.44211995651890706,2.587282171538229
-2.620537783722284,3.3803178564136003
-2.9876391979212964,-0.7550319944221352
0.8055949541856245,0.8553971738840137
-2.5619985270284884,1.570724713258294
3.0628411600422005,0.8202886907523922
-1.059854285535632,1.162072159533313
-2.921849447660121,2.2360064006371467
2.690851757406058,2.7425021149175026
1.315833292669203,1.1381595619221843
-3.220804927966204,1.2976953167163892
0.860769424703113,-2.264440356746872
-1.173989544303316,-1.3885254613417486
2.6812978330495976,0.9048200858378206
0.7543707615683632,1.438931826738686
0.34024380505634455,0.8250171061515371
-1.5220949184560595,2.9884787423120134
1.3599433141784534,-0.07217018374899829
0.7810914772635965,-1.5136070354675855
2.722018036522696,2.6855097766850675
-1.5598302736864162,3.216236032375226
-2.3961932605908016,-0.5713596955583782
-1.245891560541408,-0.9871800188696338
-0.9339329940888004,-3.182912080383014
-1.0970804647746166,3.4640578502886323
2.9924157923907475,-0.37492036279993657
-1.2120003619639834,-2.822141577673155
-2.8486848722347506,-0.6407625522965353
2.8199744756913527,-1.228543137617178
-1.2141112155422025,3.159947250850339
-0.8666598639811911,2.9026103506061274
2.7820316193557972,2.657794906039916
2.985536142157916,-2.604926690318569
2.8516678563592315,-0.9514283512928321
-1.1634331105588,1.035911991567317
0.6275316316216,0.8227603994106522
2.6772150959142818,1.5770588687603915
0.9841137209185804,3.2055547391928636
-3.227322253570981,2.9436049164457363
3.454562128510151,1.1507438022095635
0.7207864114475561,-1.108069335572956
0.866136181822865,1.3311560672094311
-1.2682386735020652,-2.7330141943496664
1.2069462183113513,1.0208669609628125
2.4279709168174155,-0.9209075810089222
0.8437402637343894,2.5389120819303885
2.7338559159803233,1.1730202813187178
2.9548408653256217,-1.2908036191148562
-3.4978866028012963,3.5062718595330744
-2.6042391245520204,3.1084497312595034
-2.8116338644001777,3.492287783241262
1.183773898779624,-0.6320785929405403
2.488039986300189,3.226077069896632
-3.1088146144264304,-0.5757674709875281
0.7614136393468349,3.077923180739517
-3.5341981633761166,1.6936400220916534
-0.3213134315460834,2.9791000609717146
2.9605079845184314,-1.2951981764702254
-1.1458608982431242,-0.9539999487558177
1.0682973024671112,-2.135344025005213
-0.9357321757841687,-3.127881541602119
2.336893051192892,2.721733037539328
3.264140185417136,-0.7953205308759091
2.4312244417157696,2.940467798730299
-2.391376597486204,-0.5193290066455669
-2.6171040534902876,3.389230276037624
1.3467391399526079,-1.4881757091211565
2.953567508050425,0.9897139878876309
-2.6982341681625557,-1.016109495696468
3.44918111679308,-1.2610625893292555
0.8669144270492551,2.5873390688495075
1.711078459215599,2.8021052261762427
-1.0718599317952544,-2.7208799617966952
3.208802824780553,-0.42796082056869583
-1.0821994605548806,-0.449130622610612
0.496838745059807,0.35032515361142574
0.9321753243075407,2.835774284191235
-3.4028200354430425,0.7577154238303407
-0.3717320002502296,-2.6988543987577374
2.754170584408831,0.5196623388074979
-2.865986919430458,1.2531646447474947
2.4532493376436353,1.1307351367866345
-3.1114768987120085,1.1642970801188648
0.7955407523149115,0.840184184332197
-2.233722634928721,-0.7162235625831229
-1.144915865319924,-1.158600887353719
0.7308865624820422,2.641365460682603
2.580209236433144,2.82739280179502
-2.6850427994872783,2.378215146794126
-0.856637227878601,-2.645807923523055
3.2236308452259075,-2.5026066042463007
-2.8369314289413503,-2.118784673848584
0.9784844059910527,1.231709019872967
-1.4797150495734348,2.8951074097520912
-0.9840768878936632,-2.542611934594463
-1.0605837997501724,1.479368415338015
0.6820818753259713,2.7223344735156743
-3.473005322703306,1.330580986045609
-1.414510187846682,3.083421896515929
2.7777969972762717,0.9483835803154254
0.3140401890691936,1.0812525909488357
-1.1303351094121439,-2.9404974454696
-1.1220045081752532,1.254553759423737
2.5892670153573034,2.8638844662557266
-0.7810598476743235,0.7215892745587618
-2.5407903853322593,1.9052660448881422
2.744170265735257,2.2656674032946933
2.728024253428986,-0.9099082021395014
0.5038875121278028,0.9230682427075539
-1.79817063533467,-2.492306475666605
1.196070726972259,2.554132879194535
2.537026739510073,-1.627854805552495
-0.8401248154257734,-0.6815978660101657
-3.267804399510075,2.9325666994016117
0.6257371178392062,2.6953205685677677
-3.07741576056135,-0.5203639347352944
-3.1236702314509626,-0.48332914298018936
-3.3799368986843583,-2.72077945694718
1.0793029340611915,2.9460262795765892
3.3701672624652854,0.9678029748732013
-3.4416696685046753,2.936817997784524
-2.473594532765384,-2.7805955179007134
-1.0166820181230696,-0.8162695835243493
-1.085468650390102,-2.8413089914358527
2.4185661204431046,1.1092038839814116
-2.7815986558529953,-3.0534197760417205
2.9108083176733714,0.9340386461174793
-0.936276209098506,-2.2012854941566458
0.6293393549275981,-1.6279089525689163
-0.9646875478143553,0.5741502398009907
1.0721008679807618,2.330126694430331
-2.5371166497042745,3.117955737527335
-0.6553440655061409,-1.2205950967672623
-1.2146415619155497,2.4773585812478403
-2.9746875212095945,0.9901169989318682
2.330899127520826,2.7057100545906616
2.877424355538969,-2.7778521255852113
0.9298792557718432,-1.3429552381744343
1.3011550614073564,-2.9856693208668452
-3.3346840700681764,2.696213383378303
3.6354167738925782,3.170480242603457
-1.6411212205422019,0.12374380491409631
-1.0099696995690193,-0.6744531197896768
-3.060706208628746,2.5626865764777347
-0.5686773196207009,2.762872672791838
2.510400697209441,0.8441648227715943
-2.998470939399779,0.9575230520748916
-1.2680788260156937,1.187772909918981
3.6328224756828082,-2.270442352336586
1.3266274063781391,0.6796328476401943
2.0577395571494246,1.341337052267513
-1.0130141587578478,0.42981741128223566
-2.6985074451860527,-2.8428382889223545
-1.1025134908114649,1.4259141520690313
0.856164546773525,-2.6125413175274286
0.18594069709271224,-1.2648487794205603
-1.129238954667873,-0.6294746412072794
2.7379300061038623,-2.7581724388579434
1.2574753671997017,0.8057768905435808
-3.026818889197451,2.988752084171501
-1.7774347277052824,0.7817268182187217
0.9439733595299353,2.3944207610752666
-2.990345294885445,3.041592176474493
-0.8419960528463732,1.0399393616978732
2.7763132994212363,2.252845397800146
2.368782737452385,1.921965099638415
-3.3253548466951286,2.4059028906181896
-2.089515888412842,-3.153274583184904
3.2112631179799767,0.8874036060749294
-3.312739741880911,-1.0749328255490787
-2.607579216065025,3.1050490147078977
2.815871168640985,-2.9153325775074364
1.1789947354619101,0.6191613156661429
-2.714554877913252,-0.20749304638131652
-0.9521184977929895,2.3343374862099573
-2.7771611047406313,1.1527541703063786
2.768382831273488,1.0264394376073542
2.7308268733083105,2.5611638953485043
-3.4382130726730744,3.1967030362326825
0.26542389215240203,2.4659409255623577
3.3872550917623645,0.7820459804198208
0.7145454675042818,2.9816823741401555
3.0869567396372486,-2.4932000346212932
0.4411399503216903,2.9321105874372453
-2.432091388526465,-2.835186316316572
2.9789736359887393,2.2877737108553395
-0.8771045362420585,-2.816024650765856
-2.6211681604319974,-0.7744219546409571
-1.2424514755377585,1.2744659036245343
-2.1978734590935765,1.2569357770901366
0.06827081931836385,2.777606428567938
-0.9382605019941627,-2.5099650593836995
1.0564935549322816,-2.7133193760570493
3.028896909711108,2.732134350289479
3.234011683929459,1.3405548719509754
2.5800705737257066,2.4030104540662243
0.9494569856922133,1.0000621503467013
2.6197480579951815,-1.1687584548371646
2.911402839929132,0.6495143815172127
-3.3427235361565812,3.036588314700078
-2.8618260491552756,-0.1944049565621402
1.332312777904044,0.9268950378533414
-1.5135443549704002,2.4640022820324954
-1.0627574006592977,-1.100654415044214
-2.7294766467783433,-2.6234697596638923
-0.9895875955663287,1.0823253262813026
1.3683311667291833,1.987115920363014
-2.8905237893904245,2.913808635855687
-2.6537679565263486,-0.3666461175085875
0.44656473998132773,2.87945895108873
-1.0801747205977228,-1.9497369067506352
1.3249114464396514,-3.131506126954281
-3.185717807125061,1.6486665547117993
1.2632373898499092,0.5408288918447699
2.502438415723556,-2.7344734691438153
2.783021251886782,1.4509591708753522
-1.3213739905455981,0.7518526608700483
0.9422733981337599,1.2935599396498778
-0.646748044141303,-2.6956561315523473
-2.813829814286704,-0.8152218542607935
1.4221889162469703,-2.949296843770403
-2.177072829444644,-1.998369857386149
3.6310705084737736,-2.881260864998649
0.14040316621999302,2.8312971820481616
-2.8500761206163943,-2.585852663320457
2.288786143433475,2.543126500546811
-3.538512401816909,2.7328445262768235
1.0771578131968338,-0.9098934635117683
2.7750534629044767,-2.4119001006336274
-0.69362035384452,1.0618555123658078
1.313755703859707,1.1444223422446835
0.7742854582421835,-1.2509316871056284
-0.8331431166806315,-0.8847845321863091
3.4125415931321985,-3.3829030794469
1.4100826314607995,0.9231486878511157
1.0190885028830032,0.5510255263297706
-0.8934865545023063,-2.711851591993919
3.0779667157912143,-1.0209778360460273
-2.873523568996507,3.1461668390436035
1.6203287944918474,-0.7636913868983498
3.1428752755772984,0.6258158470146795
3.077705227470765,1.9035953361126856
3.054414220719798,2.1549121431147182
-3.66022251970636,2.906904185199254
-1.0554746307281524,1.3302597576919495
-2.4981956104487386,2.7401152359767424
-2.4889257337177124,2.6088960374445755
2.603810035246839,0.5148026626147413
-2.2771546703270222,1.5423812108875705
-2.52391233687222,-0.8392782506118036
1.1835344162569386,-2.9770937548692515
-2.631488083022655,-2.992114557614939
0.8059773074777151,1.448046271730637
-2.635652058235577,1.5595691330598667
2.7800787072765853,-0.5596798125218269
-2.7331080053969776,0.4618045577663676
-0.7853609802543539,3.048747242214826
-2.769760951686928,-0.30150146223570723
1.2468641383217174,-0.7352929856685688
2.86537780525969,-2.9047401053445947
3.044760524549396,-1.2043816536557126
0.3820489870565055,0.5753447920946059
-2.738469395831765,1.134552520359309
2.9109459971247134,-0.7804126479493939
-2.7173501778082247,2.5649764302832003
2.307637090774561,-2.5630291582095492
-2.8343648886195196,-0.6322784025134706
-2.6798208675894397,-2.639533830977816
1.2752768342801224,-1.2290203856052873
2.906762137448158,-3.1620182073255187
-3.08103282203188,1.8858754234786101
2.8048887148704242,0.9597838297963305
2.288626594301618,1.95611633261437
-0.6500962793139987,3.0737611687884776
-2.2139410457817443,-3.192441165675666
2.879812964130527,1.5086130415932013
-3.5326305538443195,-2.4196223674383965
-0.5836089830481264,-0.728033541286511
-2.8455149565886817,0.6195311459248689
1.1249238859813138,-1.2215533045702078
-2.7533392285919094,-1.8021905069654736
-1.2312516907894804,-1.6178348958668862
-1.1581748002875547,0.947434326758769
-1.8440589597859378,-2.7464855154421643
2.3287604012289784,2.997990998518522
3.1560547141273263,-1.1567095483890886
-0.7468262516438747,-3.1593134384439603
1.0346914035489625,2.718856828705097
2.9398966372464677,-2.704332754836698
-2.7172019048029314,2.3903013218126805
-1.1807320345605294,-0.792038676224316
0.7788019049175019,-1.7569660589101204
2.112918530784908,-0.6251896888990965
-1.1325986113668984,-3.3597566361505278
-2.622862145144293,-2.5611033576785283
-2.626693185630661,-1.6352746917970449
-2.7607072548239873,2.8742895687284205
-3.0997676201084556,-3.022914368644814
0.7571254915480469,0.479012131856629
-3.0635223384150922,2.8440841007870996
0.8700960588656054,-3.320646555894787
2.885037667653924,2.4332815967854438
1.2387893954493088,1.435498732004273
-1.164293436189662,2.712363400913901
0.9279806984376385,1.0653453146279892
1.1440378372958424,2.4119322009357957
2.0049971802968045,1.1354153047172972
-2.2691308139881268,2.2360501610878396
2.7944116370768732,2.1173784456552505
-2.846987322246237,3.3153853198116283
2.765285107246892,-2.6675059877120684
2.770058796354758,-2.950345283741866
2.758133506036733,0.7258615593600218
-0.6021152964649993,1.1448682562722288
0.6784160775294722,-2.89066908515432
-1.2690057162892376,1.3554929757126735
1.0533335475122554,-3.1694568014010196
2.962891166158293,2.3644080172669035
0.4830603021436618,-2.892214498807303
-1.0561264845589422,-2.654875182186213
-1.0107601417850394,-0.634605208601988
2.8699467650785597,-1.5442304047132813
2.4163209958794245,0.9669618541613398
2.6556704349720692,-1.6904386409829868
-0.7789360698156707,1.3378840623646362
0.595922041553291,0.4601731039768041
-1.4457652233282523,-1.4846892102485458
-1.093717649466686,2.8741481867850385
0.4174740996202152,2.422351251343425
-0.13424304577946097,-2.876373977032201
3.0037458431702757,2.2744509539913325
0.7318554832182983,-0.8587153762852878
2.473848701718674,-1.4469311948378896
-2.7918084489673842,2.220541186572428
2.5814447274538432,2.913194444761595
0.9626240585299682,-2.7811243712551503
2.593850961298141,3.1349233681039697
1.090131079330855,-0.9865247828556487
2.98180135562726,-0.5197837670624936
1.7511885517394252,-2.8799339152845715
1.057661947223458,1.3351449227811751
0.6000421933374788,2.864665297076319
-2.7920210037942694,2.9248933622273063
-2.124520364931845,-0.833355173619976
2.809050841292383,-0.771124283271769
-1.2011723500206044,2.884487954425681
2.1916132646632978,2.7662134627529724
-2.7654640257825345,-2.6151554917016138
3.2254061444781206,0.881002911309895
2.9469599574755043,-3.022788755237859
-0.26319617556466124,-2.9228806595609735
-0.49687462228209683,0.8849028670191077
-2.4622158253011994,0.6821345752389547
-2.1176921603708165,-2.4682563772065618
-0.6518678092953867,0.08169621043651268
-3.4226451568435468,2.6559848721182138
-3.7434415742274827,3.2687040065828343
-0.49060668507135174,1.051195224865857
3.0749613417300576,2.7498611190461033
1.9900838001406427,0.9884439099733145
-0.7224483379711794,0.8877264745389092
-2.999102619641848,2.7311871681580935
-3.2004995519369364,-2.4947016586674082
3.972461204297637,-1.5530123382778596
2.4048810340420332,2.807954186403084
1.094346985585453,3.0430994496702537
0.46974715356127583,-2.72245439266314
0.9208916427010642,-3.1529058338372593
-3.3072660429517247,2.873183135793321
-0.6713791574216426,0.7029279720237356
-0.9776375515062733,1.516861129189983
1.3951133676877254,2.7228377011303775
0.7022731816557006,-1.3604620012942754
-0.8169704678214963,-0.7763232152770893
3.1813136114241094,-2.886893074661526
2.8114047084109033,0.8473962748803724
-2.5087925252099827,-2.6443047701023583
2.7616557250372575,-2.9908787383009034
1.2312054372380494,-1.9084434860544113
0.8440598252558087,1.0657706707723567
-1.0272971161937132,-0.24643193468742827
-2.6068219937222707,-2.6069580249562923
-3.2621567474232784,3.4672936432000196
1.1771847933483777,-2.657123741085319
2.522647391844601,1.731070576874672
3.0678115217675646,-2.427910923976745
2.742599347574028,2.148580106480884
1.8839680831557257,1.9637685212939284
-0.9049620220672238,1.4209466400277597
-0.12188565598252897,2.4784702951150765
-1.2178731429621836,3.0665300537436617
-1.2398934463034998,-2.7849322333799624
2.280592498267902,0.928881450713005
0.7886135592903337,0.8114655775229257
-1.175255424199024,1.0217349168869805
-3.0244364460243234,3.1325011385604236
0.6071893201034434,2.5429364328307607
-2.953876132847722,0.94218212259515
-0.8629570309441136,2.7287051983463444
2.8608950453823287,1.290596076477929
-2.9468143197293126,2.5375128198331867
1.304582831864137,-0.9232312593044616
-2.855726005973674,0.774900968336698
0.7175302985770002,1.0316557642426225
0.9775509900620225,-0.954031314075553
3.2698602123477656,-0.3029473632271387
0.8035162499004175,-3.2213204133074007
2.531895200237449,3.2750362446166688
2.5160855942523543,-1.0003857821894657
2.4508831241521967,2.6452734969212366
-0.9072005693163179,-2.1810926466272007
-1.2984459358498568,-1.382080969941674
2.6825248687920276,3.1726615596900616
-1.449892392896143,-0.27716981744698715
3.256991019970862,1.2757234462450258
-3.426949917641463,1.6852693347168668
3.2991957585274694,0.7789750003682369
1.9223760189234174,-0.7674540511018898
-2.823601450353002,-0.7753405634978751
-0.716111447956034,0.6230850309644808
2.6432919743745242,2.5428713144681425
2.7644975403378576,2.8732043653698667
0.7683052062857677,0.9043341316685047
-2.8810624562095852,-2.5920551727062695
-0.4977338199827386,-3.742517840277376
3.40423955648009,-1.0012227995184382
-0.5694537228081926,-2.6844644696338937
2.825596734360323,-0.7981930407166516
-2.3292369291447783,1.2678975644179997
2.5622997118110096,-2.5638767377560634
-0.7822212403546417,2.91697841456848
1.1302768158339433,0.9334316890979063
0.758248993106626,1.5322597018721205
1.4904972725043368,-3.1340656059074026
1.0134122397589578,0.7749188350370384
2.493363685672364,-2.446594923903489
2.453184019389712,-1.1366847044595305
-1.2303041112523507,2.887077902963751
1.3990230310991238,-0.05000435055808886
2.675197398542396,-1.1584533834588704
0.9980220064457851,2.4630360440976715
-1.1366652273923905,1.1624772639388905
-0.7574373825379496,0.6702057853959555
-0.9783064108241006,-1.178795382077946
3.426163376556096,1.358465851478899
1.6071480545038106,-2.790106571098413
0.343456750024678,1.1878622130678607
-3.604640529142003,-0.07457849237330608
-2.4806888177413646,1.2384110824204453
2.6419537571509015,-3.1292450001964878
-0.7566567884691726,0.4676791223083015
-0.9655378458977418,3.2193140021065574
-2.408279784597551,-1.2659274469004858
0.8918687724365154,-1.005802090317892
-0.6507361974300103,-2.829966441224396
-2.5638685154416714,3.1461018821018176
2.668555580379226,1.3335757131228783
-3.0642050665511817,1.0540767880953832
-2.816765214843665,2.7141022583149264
-0.751007805169964,-2.60046629056328
0.8817917913759783,1.0530753049900519
-0.35697339978639103,-1.7469725644050924
2.8549234617882178,-0.8365879538599406
-2.735597473282617,-1.0237707632055129
-2.653121269298176,1.1623457094986411
-1.6122825071038867,1.3385274427266687
-2.542641088762259,-3.018851299719836
-0.6651942650860863,1.3910062456984649
-1.1629048247685054,-2.834569730264031
-0.5571520724011667,0.33266341488434964
2.5754973015393867,0.8184411842135719
1.1377285379817252,-1.0925394486634146
-0.9329880521256084,2.799339905842723
-1.1411982409498476,2.6613163594454905
-2.595735827371452,3.044355009274961
-3.1987825399807304,0.8763596264874395
-1.3467088449338565,1.0943856850800278
0.719511773350053,0.8609418084506483
-2.488352033678871,0.8847787019828584
1.1582972288756823,-1.1748817213653593
0.8173627022705927,-1.2431142956198133
3.403530020691506,-3.249341211866604
0.5544997629467133,2.947877195604926
-2.445539350222595,-0.5229508494526336
2.59881359163414,-1.3705828479380948
3.007204948984635,2.8523398831453854
-2.8021954208059747,-2.7355887165052684
2.982676316787602,0.6860968489245359
2.2780432989767876,2.238589310899934
-0.861607264097638,-0.13495112415933638
3.090823057023461,0.17766011393972148
-1.8831128807060464,2.8086302691863154
0.7289114824150413,2.2801963016610047
-0.569500878511347,-2.2900214884881707
2.7480991594569417,-1.5168581084223551
-1.1762879902292471,2.797483477854267
2.933165689405737,-3.118845502608313
0.9168480385954481,2.493508041195244
0.5082564049075642,-0.5631436515127647
-2.990726524691338,-0.6539949812001711
2.77232574978485,2.7752044389700865
-3.979243419105409,3.424128280577791
3.492549159149054,1.92327504608227
0.5262137297151499,-2.4467143696395173
0.7325970323122352,-0.4863151570433941
0.8164876177766837,-2.9106226633556007
-0.9003105562738587,2.414669868275447
-1.1290870061356575,-2.558323094213387
3.637270063421536,-1.4589072980084683
2.7911389407587577,-2.758581590211056
-1.1080855541484782,2.4703184381951315
3.0098936640547023,2.6581060900586517
2.6701299441008826,-2.572006870814386
-0.6857688528006015,-0.6040232813985229
0.3650296112033394,1.0084896308170523
-3.1918418871288696,2.9687742598006284
-1.1180164304902696,-3.340985494322279
1.304148386261366,1.4841588820833027
-2.465452849360476,0.8787378804705489
-3.2475681319590755,2.6156846507240603
-2.653750775001171,2.8307136121452032
2.794105316209297,-3.034998461545189
-3.4710805029062963,-2.1222862077072318
-2.06508929430308,3.0218400616076795
2.7214404629451168,-3.159071576130454
-2.398886975953545,-2.736444000736515
2.7785100461437393,2.365334262917756
-3.5118474247637366,2.7782959377346184
-2.3416467624883315,-2.5521180074514227
2.741732932669797,2.9878007360813723
-0.39435743933226863,-0.7459054142714987
-1.2678932008416584,2.6074908572436954
1.102802058959095,-1.161100619481959
-2.3753665011911247,2.9158176457379184
-2.7403450826895193,-2.5920218575009635
2.476978875225547,2.5826345600655416
3.185204577919741,-2.1642301011587093
-2.6458287618173624,-1.2223544160747493
0.7951018772118458,2.5442093963413592
3.2014660571377513,2.0947188484833386
2.3769935731657688,3.0015498907644678
3.185836752825077,-0.9358364229432266
-0.40884591340241716,1.510258532690425
-1.540129754478812,0.7923812278619148
-1.702484674977922,1.0162794704457145
-0.6160525382205864,0.8219823977199273
2.638578240969032,2.429851320709492
2.570820041055147,2.7357237844093687
2.8479277825577793,-0.9051506479020814
1.0073650221354864,1.8438863137211545
-0.3660633314088898,-1.3391125016623762
-1.2827462285969944,2.3964322728228087
-1.114390168137082,2.293258023657923
0.900075598161144,2.776135479267655
1.0301319677170682,1.0076889014992212
2.7326152771976497,-2.8110094963059495
-3.0490578706700426,-0.6927479472610493
-2.003208455763593,1.4643674526346913
2.236611047724226,1.3116182621165915
-3.1536134982554342,-2.520154031491915
2.9651316464614377,-1.0749485767612157
2.9097163017753602,-2.419919192837079
1.1138104831784599,2.503832002941535
1.3873300891370834,1.1378693229801038
2.754291588410878,0.7639627550709475
-1.0953532499717207,0.8201086100526622
-1.6758113248918645,-2.7526587292113938
0.8129897296202545,3.0157474508908315
2.437248816645607,-2.503631443731847
1.121311516212703,-3.11834984187465
-1.1726246255305905,-2.33565236128004
0.9393668166551385,-2.7157862787148366
-2.684483967057625,2.7617056868161156
-1.2780260817151712,0.479697086222792
-2.8198513680010824,1.8410470264988548
1.078684378083783,-1.5449142557163997
2.6600494811170767,-2.690704654982651
1.0585636113654295,-2.8707773465515514
3.1503418968851684,2.648526281727991
0.9981879615293829,-2.519794394169337
2.6580678331764194,1.9908065383586127
2.9335602976873916,2.5766434618954084
-2.2097735247260983,-1.0308251044940984
1.3929649939072706,2.560593578292556
0.9145380697935975,-3.2887869284244404
-0.8773231685768477,1.7657447813816989
2.7563421401567596,-3.4464829011639186
-2.862724251840826,3.096311514113722
0.47829998486462566,-0.9515925895291785
-0.43272215366805983,-3.3744704292349565
1.1856328262154188,-1.24854198141906
2.576909732453966,2.784485584190852
1.1409204015652168,1.2808962225982619
-2.7575275293827666,-3.1878812590808083
0.5380519601408252,3.293636270764299
-2.869489017068119,1.352586146497757
2.4163640631063283,2.547063408050977
-2.1673411201726407,2.5627500434862127
-1.8939813291499763,1.8207851936428283
2.4644197293443706,2.285299934169413
-1.0110658879834538,1.4097601212554776
1.3735261580448366,-3.1103982244349173
1.1752324157115943,-0.8066705592687069
2.691033193026513,-3.1967096216981283
-0.3110978456775862,-2.9859301942793106
1.464394181742976,-2.8683980052358424
-2.3101323652471346,-0.5651571338970808
0.08676305145710651,2.958147691363342
-2.8938007061346447,-2.5425891976349657
3.0886525809412313,-0.5026188317361864
3.33985558586732,-0.6484204901452605
1.248733209474428,-3.482332837588567
0.5323627317145911,2.677570031193917
-1.6882465407878073,2.859799714082811
3.883404607269058,-2.677603996191411
0.7806916416085978,2.546613143107963
0.9144315369393939,0.6868863067049606
-0.9216204502407142,-3.3056545988935415
1.0816809814355552,0.9306280072318325
-2.4592869108350137,-0.803241390656682
-3.073514511868135,-0.4203715367245632
2.812332732311847,-1.2461154964874388
0.8217931757189848,2.8938819544644905
-3.3540736626970884,3.2732774136194176
-2.1152306462879698,-2.7871507137418754
0.6541300106989082,0.6770073686743036
2.646574151447761,2.573807790625998
1.2929488374817306,-2.4860627953411627
-1.5097294415960618,-1.2091795300434638
-2.7920241686012575,-0.6507554803436029
-0.9048457974760327,-3.165709823777146
2.5300543591840796,-1.4700460659329195
-1.262407494653252,2.9118935443029534
2.6226023044371574,-3.1419222461031633
3.0331117148560467,-1.4486229852199617
-0.4946686119272936,3.1596536690714982
-1.2925099565972937,-0.7358557277339766
-2.9066180651060582,-0.4747517943526055
0.5909205564250417,-0.9754134244341665
-2.8489003805294324,1.2794154098459058
-1.2935418632674576,-1.0280399312376367
-1.4116642384284164,-0.5372496272029286
2.8935821151691243,-1.0756939251877973
1.2070918257564562,-2.765608475258599
-0.28173447899740006,-2.426704532154604
2.6824142087821996,-3.124128434056714
-3.2773833287836323,-2.9264497038994293
2.6996948326238304,0.8954077206235911
-2.56197664437953,-2.360385183584718
-0.7337261192527981,-0.6266428057406135
-1.4991312553611547,2.7881443299965176
-1.073130820611977,0.6404253191312719
2.742878323336614,2.334461908116966
3.504134024155975,-0.7883569992196909
-0.32825112760643704,-2.88234248387255
-3.0990086061417164,0.979293157030003
3.918410590880178,-2.4843603321312684
-1.4161908338127962,2.739530917915659
-3.2668630771760196,1.4356536257352703
-1.5296765622421746,0.9801326693475857
-2.722041285543977,-0.41743461479039967
-1.1389326848478474,2.546568437064126
1.3159492766818472,0.6443439752685017
3.0405151934663777,-2.9183369505740653
3.2823457096560658,0.7956314443656388
0.6875959792617965,0.7462807825433804
0.4203680620634934,3.0599658866737203
0.9102577446927518,-1.1652125766291275
0.8326202521864166,0.8170843299086791
-0.5354721212617732,-2.497283506018261
2.8887896794250865,-2.3399028598445932
-1.1513407259301054,-0.6213979257326497
3.3945154554368404,-2.633371940452441
-1.3703191810766622,1.2538260205370892
-1.434094326099123,-1.1873221991411393
-3.2602935612233055,-0.7284648937597481
-2.1236990926790753,1.0620158109874192
-2.4320538573751573,-2.4984418706601335
0.9585214253168594,-0.6136274490924207
-1.0180018121721333,-3.119765965370224
-1.1820221589210043,0.472830928789559
2.7086311981402713,1.1781301083098206
-1.2315140653636114,1.133786411980199
0.4772716957343867,1.0370047373871731
2.94713275214195,2.3126208288034626
-3.287529985577187,1.0816098962816478
-1.0207652060541414,-2.8809744190415825
-1.6689444869012426,2.0737922069251664
-2.8210844573454703,1.5133258616329688
-2.7592288663971725,-2.3900949699311913
3.1092667950154596,-3.040970689397203
0.7755879427886844,-2.4039133075218375
-0.9913818115531435,-0.7572352839615532
-1.6045345600964316,2.598498479214201
-2.61135762588559,-3.0649358823254067
2.9398629458371186,1.1249034746889
-1.2419426754498517,1.4269498437335475
2.7179604639285513,-2.9858155652025418
-0.9594837895210915,-0.8270282523039579
-0.7459857231444948,1.28779511308922
-0.8623884627334873,-1.2805377535476916
-1.0538903107671898,0.888014966972562
1.1162274460999002,3.269538890886065
-1.0916130800516297,-0.7132890536797493
3.3097381123830156,-1.3981992738386924
-2.961991972016093,-2.2874505391051145
1.4183859432294101,2.7256933971855193
0.7059452751451483,1.4990151098564766
0.8434223264013245,-3.2246028451488304
-1.1417288966136725,-0.9146660843112371
3.0477246689270525,1.0535804915568827
2.7066255894733886,-1.3736867821359808
3.029280170631484,-0.8682641923443412
2.6814148487245033,1.077493560127083
-1.1673171423770587,-3.658523979978529
-3.0527306837429786,1.4987370141112042
-0.8790697937160281,-2.6607960112826765
-1.0407956046783216,2.8120882274664574
2.0282267066135238,1.9609316471057354
-2.390613375837997,-0.2770391234439456
-0.7301739574481678,-1.1694224595681024
-1.0991145431116847,0.3922279688622685
-1.323563033850106,1.4699158161484014
2.99201107337541,-2.563070496005665
2.932135252899963,2.4104770934076507
2.4743514921452987,-2.598730904105254
-2.606190023210777,-2.763355755031018
-0.9275937579878657,3.054373360456834
0.8506133807944792,2.9091689890983403
-0.4318153677342626,-2.838979939775436
0.8827937716229716,-0.9038324437147115
-1.3259257128563045,3.2352036704792244
3.1415178423880414,-0.9130722042660812
2.1398361018429775,0.9117622256695319
1.2999655389914362,-2.7549548065104714
0.7935181026104309,0.6864136978889143
0.7562710072988562,-3.305278362856125
-1.0688864064051629,2.2773392490298487
2.924365784287914,-1.945411151672971
1.2117136251987504,-3.0205764180168986
1.7333783123790714,3.260213187582503
-2.682825913848458,1.1417059659200202
-2.8239217088047366,-2.8634602721202396
-0.7134081983863584,-1.4821036776604142
2.7729433741290936,0.7134337582832432
-0.46868821613165756,0.7163703388062548
-1.3549175800229518,-2.561380458003442
-2.392347733220189,-0.45711286490916325
2.404201281681976,2.292821455926189
2.2122770950205637,2.6245822252905686
-0.6266082540195324,-1.0521071287025643
2.9504542175903543,-0.857493738477534
2.9895573794533306,2.6731743363768223
-2.6456255212158557,-2.2541678534706815
-2.4503597724630257,1.291934241557753
2.3876524484787782,1.3210469938630731
0.4635353083522758,2.388016439221268
1.0588123384403307,-0.7266953300296679
-0.34331130429011425,1.711200524290149
0.5394514845275865,2.8508339599772143
1.6218665500272262,-2.8894027221108067
3.045698721764333,-1.3364840332692969
-3.156493041898575,3.144861956175901
3.5910925619446146,-1.329271966692109
-2.3625828554829127,-3.125422639932056
-2.1407098874984016,1.3150869150391722
2.770142859122046,-1.5864673061494576
-2.4118236734821497,-2.512931419392362
-2.327157551395898,-3.030919003803244
-0.9277729285441856,-3.106727584329734
-1.5774451193364876,1.0933615101427423
3.0649460000350026,-2.472472510859045
1.3104115230232427,2.3843938526835164
-3.3166541712589668,1.0993624593476137
-1.1128044752433124,2.5519770867581903
-2.369357404432057,-2.175449948205183
-1.0919063196987153,-2.527480061720593
-2.3408857411672823,-1.1643974628260962
0.5003388271873929,-1.0650314456512588
-2.515344032060416,-0.41232754705585384
0.3455957808713421,0.3118310649930848
0.8940205669401805,2.4969150458850877
1.6745241513073967,0.3004324437867232
3.923510829767828,-0.604479986179297
-1.2726243156387063,-2.6404163834528727
-3.3718510750441424,0.7008979462572253
2.9228340841098985,1.2158127900347147
1.4879802225422987,-2.749828872805882
3.204053556479494,0.5728481763160755
1.2242460201133498,-3.0326133234480777
-1.2187474552885365,-0.9966921281773758
-1.1193027639116842,-2.497269747459255
1.0078731954174909,-1.1547633315705057
-0.9094243212370174,-2.4495094814263427
-1.129100498132344,0.5780605575825165
0.86568207974865,-2.329203994127638
-2.6536276676635207,2.491101156490625
-2.659182185264912,-2.4896711775989457
3.4937051258016427,-1.2024630483668817
2.4317095429366637,-2.279182531110655
-2.6448180180520438,1.8703022456768155
-2.8009777086752132,-0.37812591444069
2.202856534332277,2.4936128721196007
3.398374762456361,-0.5605570831861937
0.2668092923534862,1.4584657475252598
0.09840968399618452,1.3384315158184923
-1.9500274001006983,-2.7829030022735273
1.6221556555330359,-0.6488392852813446
2.9555692001672815,0.6918051931272201
2.547154115334575,-3.1880155580476557
-0.528047624636491,0.691233692086144
-0.4265343692338402,-0.44875398419817064
2.941491624416065,0.6534685771136008
-1.299028716332446,1.154611762657095
2.8123589320959845,-3.1087439241161783
-2.6980768815105893,1.6110294530858984
0.5608830935195388,-1.4259029571834239
-2.8097854406222718,0.8723172342114957
-0.7554872873157826,-2.812244657401899
-1.560353445319715,2.252299347665579
2.824281621823992,-3.689301986107702
2.8870084919985355,0.9541560387313626
2.9007233842843263,0.788413200166498
-0.7112949312845397,3.347329270496761
-1.1898379451023973,-0.8067871936455673
-3.0027866592104457,-3.512113169601004
1.3337640056366895,2.9910806433869883
3.734689986880414,0.47688682145553385
-1.1176625635014406,-0.8605108678083198
1.2291222896880811,-1.820207903742079
2.640406185316254,-0.8699905264945065
-0.6268379744281858,1.2607914918433296
-3.3615761141301275,-1.0817274524457223
-0.5041556724486107,-3.047824818174087
2.8299740954685806,-0.7927149487813536
1.2091393982615495,2.082538340533174
2.438495986494382,-1.0824303302328528
1.113835340012047,0.07154537455907832
0.5859003760058684,-2.9461464808532627
-0.4361465814602507,0.704194923195047
2.7307827975236485,3.067211266353753
-2.768146749104716,0.2603976838385122
2.902236764093999,-3.024758289917972
-3.7777249833111726,2.572851103676074
2.6325051986538996,-1.208139824152969
-2.246432061343084,0.6520269709354066
-2.080339258321884,2.9078258288916468
-2.701196598442098,-3.1232994193444803
2.7713980019162983,2.649828928561927
0.31374497014370584,3.6616654824872263
-1.0822084912405918,2.7639896815668563
2.92603517864808,3.1044111481310157
-2.6624555749156866,3.1649960814555786
-0.6435146578380025,2.2384318854944154
0.45945139126630014,2.7950771079622494
0.8333282867187979,-2.615048973974882
1.8081131335254288,-3.4706969991798053
-3.414694767212407,3.2788096926632595
0.8943978893343548,-3.8233485015092787
2.8138233923636133,3.203019846358952
3.0449909502343426,-2.359159691346049
1.3392203585399898,-0.9554047042552576
-3.1437129155213848,3.5120141007823364
0.889508244186275,2.840166547940938
2.551387753975846,0.7902758761998503
-1.4060430533598196,2.398666568751962
-2.924303525777075,2.967411471605273
2.6204400915749964,-1.2242143264543035
-2.9282295045502904,0.86328581443553
-2.2495217147832762,-1.3755075632322828
2.5890303111704864,-0.8220368909706905
-3.2504012477705584,2.6417227150092484
0.8712893661676036,3.170172641195813
3.3525880118736184,-1.5584617680375799
0.7434022802993314,0.6742118777313971
-0.8390961073561588,2.804276728533858
-0.8444822669665509,2.8146788494112402
-2.171624370946876,-1.0152499903297894
2.2488239686145373,-0.8404471233981115
-1.0613058452967583,-3.103611668463209
2.5888943189936406,-0.7641050653659792
-2.932874115965716,-0.455383710856878
2.708289442571807,-3.1139354737087124
-0.21498946046830184,-2.7743048618051196
2.9613312212387224,1.1545542277627694
2.7373859890475316,1.2813857498852492
1.9881624899466588,-2.852139684684111
-2.5830357090577944,-0.6288525410290073
0.5266555000829796,1.467775244538326
2.9359993477007253,-3.1415316097408774
-1.5436040268936,-0.7656579812277194
-1.1091350348018676,1.1697066024188474
0.01757250457338263,2.5046730680048546
2.48356845968148,2.5745752887644398
-2.8214334553922953,-0.35290875977028674
1.414148162985388,-3.059075815823937
-1.401593063096449,-1.306201976395893
-0.3674981292122606,-0.15434720537958146
3.041119330441884,3.3386050093886364
-1.1272965130791608,-0.13399379849674023
0.8038464871928227,0.5568834202440046
-2.465296818313139,3.0330811724026057
-3.1463738127836383,-0.6187989854844312
-0.8865772008677949,-2.744659302647204
0.9175043402070072,1.2907929725521938
-1.326418977170052,-0.721999437240344
3.1395303135549475,0.7149708213837951
-3.0771561198135937,-1.976531601990879
-1.6121681556802634,-2.698013995108871
2.479109874641077,0.449058100798787
-2.5436579412268316,-2.889188470240677
2.4196311951611498,-1.5965656675788713
-0.4265161007784364,-3.1115150909244083
-0.6198670817744192,-3.1108536124678547
2.9970324532173516,1.1431974066250083
-1.379342871513341,2.5859178176539213
-1.276001424195474,-1.103635987849398
-3.098907857360524,2.933708036646865
-3.18892583148359,1.8743923104933213
-1.0306474404943788,-3.0793532779229094
1.2861393106430843,-1.2765452786686697
-3.125769753121601,2.7804079064206024
-1.0939902487522024,0.7439714362819297
-1.5148015820370087,2.4240003425853427
3.2843979646015122,-0.8701218626863448
-3.085871135141666,0.9642319083907636
2.777738109555179,-2.9205901647479746
-1.095032024456507,0.4624209788867656
-3.0184402239926125,-2.641291517295424
-3.511661980878948,0.6227832038371096
-2.622274221099726,3.187678486121423
3.08234818657947,-1.2670549609705832
-3.221354307828743,2.934537040960981
1.1271792646824483,-0.5265285598683925
0.32896799181400166,2.6525762523457637
-0.6234857204520869,-1.0655271141437264
2.9938812099021255,-0.7480553615231041
-0.37200270634987403,2.7560843213906625
-3.2349203286998494,1.1442608293065486
-2.3779592735558492,-2.0644179063195214
1.021774855453933,2.581792003077484
-2.453650411251723,-0.47668064385308306
0.32833615957631845,-1.184283919029253
0.4403748420967452,1.2491357694508207
-2.7632011244545946,-2.7118861072750575
2.75626692062711,2.468435285793586
-0.9987576519839351,-0.3557621285868969
-2.964011162403665,-0.44612222259265216
-1.0585133936864348,1.7905639515040004
-1.3089543724446153,0.9611197174884538
1.4088116928713106,1.0488166271902384
0.2594346844833179,-1.4129180779806372
-0.8640168876530432,-1.1125514477084477
-1.1795217392959303,-0.09548371735731753
1.2211902233566763,-2.651780113702392
-1.4773434287533649,-2.485515429842525
-3.123058654910165,2.756710376136383
-3.061466333296994,-0.7504588491016676
-1.2422405666237297,-3.1270588379495643
0.646013124049813,1.2141754999185441
-2.839370570472753,0.7903986149039779
2.7707688415101046,-0.9424064804952598
-2.842355544452351,-0.4274254614549931
-2.7491664521314285,0.6179268240588301
-0.707823851089653,-0.8053967897385378
0.8332279783344031,2.760974646926299
0.7292082728337003,-1.9845243170919336
-1.0579371732735168,-2.8076510550282254
0.4989941013348037,-1.2039757094337724
-1.219688949877813,-2.705839933615708
-2.834326979672559,2.7448389699017346
0.6279460027188656,-0.848811348794906
0.5191000634270838,-0.6634581027505303
-0.7571851912644632,-2.208472701645914
-1.1045794868897265,2.6728263730102277
2.766105649663086,-2.415886544636003
2.8232267139893357,-1.6041519034430616
0.963744474291919,1.2658088345690963
-1.1937273298132696,2.296406352372907
-2.7355717271146482,3.0189931673493926
-1.286787502345849,-1.0520395794878714
2.4384017353468774,1.5205028734659911
-0.8136337179317839,-1.02894200303968
-1.1978323644237607,-1.0942462304181133
0.7255240878661986,2.333655987372528
-2.583211755035472,-2.362963140621838
-2.4079512319258622,-3.8508168169406516
-1.234506719508621,1.2321670283599537
-2.927412380849786,2.5839415865663686
-0.8520812484523731,1.5300643541348709
-1.1012292104367993,-1.4890568614365618
-3.0484260367090967,1.41281916672155
2.6746406687332893,0.8421423190631975
-2.8956463158105996,-0.9712032475648339
-2.112825409066065,-2.8997175160474367
-3.152027151143072,2.590894442856872
2.7223737947887887,2.7183856534887907
2.0325745381841216,1.6427015184578595
-3.2794045677624744,3.3400515660525794
3.4218367591766823,-3.1985086954315336
0.6620775920575096,-0.7583455771497171
-0.6537936591871644,-1.027967085491039
-2.8642575599033777,3.333146787664775
2.883724488082979,1.0107003354323865
2.2565939043643106,2.229810611795996
2.7594038403802466,-0.5802553745317062
3.180850599511451,-3.3577534790461065
2.9938631442409167,-3.0461727358728075
-1.7410618995735343,-0.9125784760361269
-2.532244524847121,-0.12625908210580256
1.1782297031585045,-1.5448883574695988
0.985839382078403,-0.9295030678351406
-2.5156826492604445,0.44719284222179245
-2.595059835621337,3.454278522708338
2.701286474487932,3.0437397590332593
-2.7406320129490793,-1.2528265724219634
-3.2984893095739336,1.4975044074251755
-2.49774312943774,1.303874353767245
3.070584544299155,-1.5982185018048536
1.01471308371153,-0.7042991565325849
-0.6022104489011602,-1.01646694368235
0.9341710655342133,1.4142396935549908
-1.6990638050420843,2.775092936847962
-1.089810338117979,-0.5108429321600769
0.6237276049314542,-1.007162333637171
3.1231306549303635,3.231615696317237
0.4334079894276074,2.828831243505982
-2.7849264488142365,2.569988349162654
3.187412587415089,0.762254804956816
0.7742845799154723,2.8348607748716117
2.3393066625848498,-0.6176371457550851
-3.609685321779931,2.5970282534107936
-0.5711785522332921,2.5526078728522803
0.9173509537090608,-2.648652383192003
0.7575755226296357,0.42112288731847797
-1.0217611704209373,1.3664927160924079
-2.0624811031906085,0.8222631928440424
2.7514537120058415,-3.221574988522315
-2.427730109730297,1.9040899604292119
2.5825662414889523,0.9567340259299604
-1.1698182745595436,-0.516495212543066
-2.093534156440956,-2.1859045812635176
2.3766702404698496,0.5958593260457659
3.3161885780710505,-1.3002703090961096
-0.6120584270281062,-0.9734521269724256
-2.690360547163107,2.8254493962883362
2.6968254251872645,2.9954463545779415
-0.5923526637400611,2.7254697543503656
2.466810564642955,1.3123848548175907
2.1857553123922564,-1.1871001103383487
2.476571675511166,1.098059844494587
0.6584988921751376,0.5863949158187588
2.8333371627922737,1.3821333240187836
-1.3412708985502366,2.3821266287216534
-0.8142148516080776,1.0827120214752748
-0.7289855369755148,-0.8516360121954988
3.084189456179281,-2.716658190899208
0.9579554053366822,0.7322801782791292
-3.156665305983058,1.1461794219587953
-1.2268116595778087,3.000343596534307
3.1757453017613133,1.2290919332943855
1.0826183671700689,1.498599625945155
2.590571568510166,2.7173945347009822
-1.6914572009820743,2.514781054925064
2.792647151411567,0.8003989584889858
3.1850104650467563,-1.3226745557153243
-0.6657153617005614,-1.9372245803527328
2.5868434328691277,0.5932333330309312
-2.7758488269928354,3.3952020788153185
-2.658416152456938,0.40366943275034006
-2.592397320532107,-0.14844086460186934
-2.820247514235155,2.7291107621837414
2.3394236263455856,2.9330108505199326
-2.7406606568379925,0.16690752835174766
-1.0957274921597246,2.831421015911383
2.9115454248128687,1.2733900158716582
-1.2199653258085115,-2.436323821334988
-1.4896976376101148,-1.0793011322395434
-3.018226538889078,3.342391908379052
2.8798695181952385,0.29049764004303
-3.8452984294918924,-1.6265412249530447
-0.5389306788451508,0.017121986149498728
-0.7274919195000518,-1.1628058914272812
3.867299990616836,-1.3659416992244886
-0.6057005054018161,-3.021535985342784
-1.7035391342883748,0.5378200861672897
2.992949731134538,-0.11799032809250476
-1.2056526664573015,-3.0796734891211663
-0.8615562743317603,1.0898793176887807
-1.6168807102288558,0.5617875879450518
0.8398840633596798,2.42815570240436
2.842486604678137,-0.7764324949406313
-2.8650985586583393,-3.1768481670563378
0.6217424066386811,-0.712441526654451
-1.4952544154275054,-2.5340929110598176
3.1878931157244783,2.7664276187577497
2.746294067250168,-1.1023408842671965
1.3091245394476434,2.5562921000874224
-1.0648647392947104,-3.0339685987311737
-0.6776922139062972,-1.0514220441750661
0.7094316018680593,-2.901413170484231
-2.637188754799759,0.6348985571280248
-1.0238904837043183,0.9164262497943743
-3.00229134851352,0.8661335700143301
1.3611237737311426,0.5428036816953943
0.4427925246967291,0.9943194287757072
-2.2474687117848924,-2.667786490024653
-1.9079696989825978,-3.5571168344514064
2.738941085750624,-0.6162166498913978
0.6645508314111527,-2.5986070536368127
-1.0203261026866233,0.6680202215348869
-1.9805118677805458,-1.0318088717108898
1.564216851505648,-0.861952967772892
2.4783990198922115,-1.044542877829675
2.672264637746782,1.0711670205498496
-2.76203346013413,1.0789868878951618
-2.695255758147456,2.063937021501626
-1.5073022209085243,-1.0898543782267456
-2.437517184880535,2.6044307942455753
-0.5726205975075119,1.237630138007329
-2.5633621867641385,0.8624498658216776
2.8803842466124054,2.5985239512435974
2.567670553939138,0.3110186714968836
2.4195897616770408,-0.849117761121271
2.9396870985870356,-1.1626298133665043
1.1589137509493384,2.59005935739195
-2.4718753881510285,0.7426453048171331
-0.7383564478706828,-1.326783401644378
3.1578127835797254,-0.3674128647641724
-2.4034136986510712,-2.539055555160307
-2.4610535402104516,-2.803076666737742
2.5662623838352605,-0.03818357644053246
-1.217285196708256,1.339457015667618
2.461961062559555,-1.654769115048817
-2.7677531798839023,0.7630698019969308
-2.6057745063965885,2.9976544402741085
0.7083787378665366,-0.6936774981036307
1.504478740890647,-0.9981441709085648
2.5183740418215215,2.4827521288115277
3.5164839497124096,2.353859968221912
-0.1577460261409551,2.6010639118248258
1.2630860185106083,1.1026275534616405
2.3705362846946,-3.75515902851076
2.6193691527623937,1.4622758680887333
-2.4383235265640213,1.33431720307612
1.1978090369304981,-3.667135104494246
0.8137635442767572,3.365856018561984
0.8564936015693941,1.3109210956813981
-1.0961113402396743,0.7880267933377467
-0.982102515685858,-1.1155132348898327
0.877764072154732,2.5051951536803796
-0.8929134547176317,3.103426799610233
3.3929977595154917,0.8890307954181959
-1.4933164564191306,0.8687902463846202
-0.8023984503111536,-0.9912678981287117
1.0302358997432244,-3.2261033767342226
-2.0137450206412644,-0.7585580903238636
-2.7471760215585324,2.8940793978198633
2.204294047350166,-1.5461491325859444
-0.7850065310695938,-0.989127231116491
-2.8925352827552624,0.1508129622222501
-3.1387460492222257,2.8360549902416414
-2.189772877930362,-0.7791331303381681
-3.701846782149404,3.5825190009207035
-1.0260558484094289,0.9728982386931609
-3.079194899121607,2.799536461537985
-2.751378811626419,1.9906641626614463
-1.3042474341019061,2.1076655809520735
-0.4326475557100613,1.311058570543218
2.864655481697288,0.9959032948211687
-3.1014376277146662,-2.4953035675353457
1.009625566671267,-2.4047032400205017
-3.106534089019035,-2.4417272481579055
-1.04092975638733,3.0484928717563937
2.517463685312436,2.6047645759281015
1.1653360735235334,-2.8872071006893814
-1.3598638380626034,3.322585370835242
-2.873404380565487,-1.6953809309942813
-2.7761610809781203,-0.7439448879103348
0.41669489800954296,1.070735675711843
-3.262407880542007,1.4411514883769128
-0.9498578087234603,-2.683956310512679
-3.2485272576756277,-2.441823538026363
-1.0757351022927546,-3.01232310852083
0.9040505852806293,-1.1853664249463807
0.192771368964694,2.667704006065981
0.7733376051863118,3.234130059496849
2.8568932305605665,0.6905288856425664
1.7364607914566148,-0.929391387670576
0.02328481056898389,2.1113045703933846
-2.7238355317207446,2.3217095384322626
-3.014315526312944,0.6645224933020305
3.41847798250714,-1.1585071292898974
0.19847527705290455,3.0543190403929605
2.929966374961442,-1.5134937149032415
0.5514904294993347,-3.1784463782992773
-0.5827529367315649,-2.1723489677803975
-1.1594136669206545,-0.9331867586817408
-3.285306505058958,3.3168226917830568
1.0125017410326675,-2.4539582428679223
2.7094111509031094,-1.2290186245992047
3.158930800824188,2.4974170281657386
1.2396480815900712,-0.5425610873254794
2.274555041746488,2.530823717607008
3.2361269939080017,0.9260115856492004
-2.5996684429603873,1.2552701492760234
0.6940447162822383,-0.4195872194055313
-2.9124107170933455,-0.6974245214416612
2.6552317249942665,2.8834274911514757
-3.7839515810133513,-1.0017948071505616
-2.0306423191875207,-0.5591285877202054
-3.451384016176975,-3.007818957029265
1.2125055765421409,-0.5888096758445177
-1.2664393502621905,-2.8175816911212443
1.0068076078602486,0.9550792847630244
-1.1412516558368222,-2.4516650443308885
-1.0259197019409216,-3.065465806440767
0.5526359112413012,2.733896699652091
3.056908054290307,-1.2709659076298716
-2.93034888540817,1.140607686340644
2.0970903372364598,-0.7683282996006836
2.8000979256054435,0.4414687024842146
-1.0622968720831933,-0.8206618325263841
0.8255793334560748,2.250637781566649
-0.8660441705514094,2.7219569715586456
2.822216544621506,-1.1357025593274748
-2.5994051743989197,3.6060641330663867
2.922072040679177,2.503003872281653
-2.8412888996773122,-2.4584723860780007
-0.25945390239193666,-1.3741973914863213
1.2874155552002817,1.058306049599068
-0.8341116175453482,-1.2856358128338938
2.5900671574868017,-0.2626018378501597
3.3182844985249282,-2.9997304664825464
2.6024527128687795,3.0255013781745803
-2.6166135365083805,-0.2960779789933441
-2.6517987514553973,-2.4175278508056617
-2.0945447713168033,-2.5848720983805724
3.3653413007859996,-1.1045466021332284
2.892667676708867,1.5964057067672364
2.6884043990729904,-2.5213426869712294
3.109032536771942,1.3573999723660297
-3.090096865774991,0.5333472547094434
-0.9436316515539176,2.5577506867866617
1.0673814943583024,-2.42455496376933
-3.2660953775375092,2.308669690604075
-0.974219463405063,1.0148881274442068
-0.8621351910852241,0.8952200359833049
1.0796044657977635,-0.7286189064894503
1.1349032562164882,-2.8839037786816237
-0.4356183501791355,-3.708430270355799
0.5847184522666166,-0.8910433749286678
-0.6190416641022376,2.307559886050191
0.5165881749429156,0.9019560415043879
-2.275753467823057,-2.5735795941262363
0.5741064041605372,0.842118722817271
0.7182615285944329,2.7994026384091164
2.6880491938097353,-3.5076717787329126
-0.8461654228678124,-0.893151384022621
3.4313133611819606,-1.406795660764146
3.286968981583673,0.9984769493245967
-2.780424381006881,-0.5997236429589109
3.055493673183229,-2.9460122128519344
2.1564162114766003,-1.3428922122259628
1.1520508187688876,2.4945935949584648
-2.4022471840149264,-0.6537567683560257
-2.252372103389699,2.838291086123044
3.0007265322878265,-0.9393512528392777
2.830273505449945,-1.4277121767349477
-1.197917233177704,-3.0565761665218107
1.241831758270939,-1.1431979146397455
0.522370711745937,-3.2000114814167455
0.9040287340029302,-3.0902230320886472
0.9196302893778098,0.8842215873307677
-3.2633822403615436,-2.76493413508307
-0.63328747732612,3.154553251938026
-0.46332221872721147,-2.5233516962064932
3.2515421277655743,-3.5321732097011194
3.1484167203352573,1.1351881400195694
3.018037769423539,2.599319292251656
-0.9444422186949362,2.663442775142129
-2.3401791731214083,3.346701243552005
2.516514934939785,2.4110177280574283
-2.820606887594523,-2.767565868800666
2.7607653936118295,-0.4312465487721712
1.0162072630416465,-0.9028415406140657
0.9117971319071803,1.905705688535279
-2.864306512816585,2.9513513922344528
-0.321120001421188,0.6670951074523758
2.0501685676090844,1.1565227028388876
0.6599838848187811,2.741661380570941
1.0337819096438132,-0.8482823049147705
2.3682152196543207,0.7050088068198778
1.726587754151116,-3.220872665461344
-2.58558069882521,2.936952031243573
2.4310591234815293,2.743205189566003
3.2526636914371023,-0.7702877067360798
1.8574906657826005,-3.002275266065604
3.3374918749128586,-3.110208697399257
2.4271241265122057,2.756535308754884
1.6917920163396165,-1.1382607497727986
2.297206231922781,2.8165040046095573
-0.9723038501129764,2.2384457351842215
2.9687829572537017,-2.6133910468386286
2.5397938981310384,2.9033728460431862
3.0986920364500903,-2.4868191028406037
-1.4723467650390223,2.07854514452034
-2.5639105778447684,-2.695128521866169
1.0136520413148356,2.780162366484509
-2.533247550760195,-1.9269148854555607
-1.2283841187863502,2.272132879238899
2.7566982084187406,-0.955885909104136
0.44864127514430985,0.19352723305726874
0.7750512277443835,-3.0264633237719685
-0.5527962051581286,1.1624244451737888
-1.2624285231394903,2.73416667199105
-3.2867765310429657,1.145615864545155
-2.4553828720554907,1.050572986660747
-2.3329784592869163,-3.144995858750351
-1.0344244089670085,0.8126410016437982
2.96074015056774,-1.1492655836929109
-2.624728633257589,-0.867613759146239
-2.544791467626348,2.5759519524461285
-1.501050311650463,2.431241509765289
-2.880652530119313,-1.7802001386375936
2.9744923940073686,-0.8456760695786031
2.3469772115797505,0.9711658928044571
1.050890294919526,2.6889177261712303
2.464017863143795,3.0061849006493664
1.2455302918938818,-0.802904241293394
-2.6190831562054577,-2.4708487164707775
3.1360314541197485,-1.449945730987092
2.8620508977085177,-1.414666689723949
0.9194636369467623,2.9013245866680246
3.287676654443721,-0.991380587779111
2.67375763469426,-0.6510323729829406
-2.9564607899173834,3.1080903535391786
-2.947298708363961,-0.8086200225105296
0.8374498783679171,0.8014742384847869
0.6250642293740598,2.813204413062859
3.2712585230988718,0.5646628430500998
-2.768356033293492,1.424385942558733
1.348411462397234,-1.3254886638350256
0.6019030815995078,-0.6258755031255713
-0.9427794667152166,-2.8519306761606735
-1.1716071866073907,-0.9297153389897268
-1.9998575926100717,-2.2553330468824986
0.3859574778315037,-2.3437387450946874
-3.507445316680216,3.2782361597576997
-0.591117093200642,-2.578737211379929
1.4096494538184139,-0.5828029700160241
0.6933330615432164,-0.7584863964746745
-2.8042949220086597,-0.7275708341486496
-0.9448777342334137,0.4735928394032463
1.1379237603475034,2.774671114936771
-2.8325262963649647,-0.7381153779197013
-1.6269474815403746,-0.4898096498826565
-1.0645156034827106,0.9795409618495282
-0.6936952323297444,-1.141317618690113
-2.3399033431437233,-0.7131112714793386
2.7006766003383462,-2.9688137646000725
1.1411080527683386,1.033885990560018
2.7572805680930883,-2.258515550146193
-3.4412602792711966,-3.122692921865364
0.7199848389808208,2.7636049728337926
2.622787455023365,-0.35009626259633636
-0.6948530371146189,-2.258038896118371
-3.534882179467168,-0.8116862255967721
1.0519157792519827,2.626527586212317
-2.572226265807138,1.0380846593079012
-1.0924504855436552,-3.1097802433242876
0.7409204763004312,2.689994393441866
0.6625525533537989,0.4158879074146381
3.3385702118866454,2.044280503390367
3.0930970090046115,3.3564659584630525
-1.1240450942626405,0.6988128626367551
3.0923577180913626,1.5586650957146162
-3.3744701952425085,2.417758065550559
-3.2020461497057124,3.04910785288642
-2.4689487291321393,2.4798567301405154
3.0406880473906237,2.446935493660814
-2.8434599200464503,2.556831034140938
1.2921779109578218,2.362263235859336
3.079801206973873,-2.157286937073281
1.0194831804185687,2.4847116386272523
-2.7746665139203808,2.692802350163684
-2.199789148558185,2.9928971765405437
2.4921446228608444,-3.1849826198943414
-2.1721224106862826,3.350430465622678
2.8323198308370756,-0.4934343775242119
-1.2499946864320983,-3.05578193300982
2.8027286235679973,0.7955021411622613
-1.3129759050217547,-2.8125422094958425
2.7369744389090185,-2.7944163396347474
0.9111234605248194,0.2611829805597275
1.7416562727858353,3.2346907829700937
1.2534451833133204,-3.2238962327952656
-1.3009669348710011,-0.7479237344917675
0.42876234402168273,-2.601452347224372
-2.752710598907117,3.178986613189202
1.053029827880315,-2.5053364201795763
-0.7789629032856815,-1.0649077695788167
0.2882596373992873,-0.9220707503718022
-2.775458397558436,-3.711144044044946
1.449562600928306,2.8953818419878283
3.121327302966826,-3.730139355568966
-1.00611164807681,-1.484484875603733
-2.590992787682394,-0.5012716663993277
1.3237224713328013,-2.618440666862287
2.5654407589802535,-3.636131939847544
-2.978422892520425,1.7194141632056383
-2.700647835872497,-1.7963192280335023
-2.9154297471652306,2.731427929977226
1.169606761235719,-0.4489729814578097
0.5755298441272954,-3.732969166742242
-1.1676095676451772,2.9996811685536606
-1.3960947777548336,-1.8599533000548456
-2.4772611871271906,2.044312616579376
-2.7042304088245315,1.159348092213988
-2.685631598657101,-2.700995501910209
-1.3178865966331557,3.465321246133261
2.855212848165268,-2.79896356722316
0.9565436573617274,0.06053450131199248
2.62141869182547,-1.2335569664076025
-2.3226660543817776,-1.3293449391199896
2.573877416796922,-0.6574040510552377
2.075349187779783,3.1062315199353745
-0.9060663326819904,-0.9142344838446598
1.9920056043305656,1.1243720250034115
-2.772709779420013,-0.43240701004221704
0.36159454557595205,0.6975150799963944
-2.637421873001975,-1.0635507470409493
2.628016050786585,1.720642632458238
-1.0478039235100498,1.5804434195394024
-0.5145405287220959,-3.155335176787033
3.4503624182236927,-3.0100340272592083
-0.8624258151896164,2.857471959592712
-0.8773919980402058,-2.215859788374691
-2.617116963875387,0.7065451657867203
-1.3139074023807278,1.0933239869908076
-1.6383811389244982,-0.969306621835984
-3.3341411196767,2.883863691838444
-0.5861727520773526,0.5896912481271789
-2.6553857596681794,-3.1318572008113823
-0.8427680104165552,-3.34309651937353
0.7460294189350625,-2.6916300136671794
-1.0923362798783234,-0.7403129212587619
-0.7493785302554843,0.22074620458252045
2.4966952680855026,3.156950443107996
-0.6034014569335459,1.462986746190659
1.2155076532209932,1.4504849993338331
-0.5838591378894872,-1.124528355841806
2.573438123067465,2.29176105804511
2.697003261138513,-3.2902935381451024
1.0666123592285865,0.4137131114965422
2.535347624619992,0.8512124032668883
-1.5783848100949647,0.7018180508764867
2.67418186422878,2.5214257708434364
3.165512819200386,-3.045110365202851
-1.302076647204619,-0.7666914306322012
2.3123270326453365,2.035501104485154
-2.6502954213449192,2.357410163776225
1.1031489858020054,2.447010918421849
-2.669922923557472,-2.4635973837367753
-0.8412045283450776,0.8225472640874355
2.3455222416808783,2.9471194850589533
-2.612591578389414,-0.7647135402958888
-2.2981958043022064,-0.34292742176245916
0.5732748767250332,0.981752730084272
1.6803886062015907,-3.4383652356716854
-1.184505023277452,0.695170638457951
-1.469024595928382,-1.4540265843328766
3.205424073528472,-0.8302654179003602
-2.8094423041372316,-0.7463835388950658
-0.535190203232456,-2.702099475358812
2.7187039917615676,-0.6124692508720557
0.5313065179876478,0.5068532281275997
-3.002969877241363,-2.750929822675066
1.22990094365218,-2.6153817425714885
-1.3757988294253463,0.7134211241954707
-1.2704792281623583,3.601982589381127
1.5106894319325863,-2.873767727691508
-3.740184825461234,-2.132077541880844
-1.0695456770748422,1.164755726536602
-1.702552480618318,-0.6281904547960917
0.6953405466665401,3.1402386921802528
-0.8958082533542137,2.7493313119051814
-2.5759498812196107,1.016537444496258
2.79092411878595,-2.7001687098908627
3.2381033043392335,-1.4563081370410584
3.6169206840299326,1.1264853250360385
1.1484358453952257,-3.4119167648457522
0.8864318493445853,-1.1346000272298158
-3.090468833789921,-2.495739800795961
-2.83045781931715,-2.864111269235541
2.9325305712555676,-0.5842030066220582
1.173979153274705,1.1289472810657577
-1.233670101965828,2.806272386608277
-2.906558891997031,-2.8446885112664817
-0.9659165380413475,-2.690225475265337
0.19628400570615248,0.7950705306585393
-0.8823132805197262,2.5670733141717297
2.8713985292329753,-2.447593484587436
-3.5206415502028703,0.9047519923955252
-2.395826493678257,-0.9332614821546121
-1.777336406384091,-1.1243547928998774
-2.6903277913481554,3.0366892777199026
-0.8114807007060969,-1.1363121458076129
-1.1365019134324268,-1.1635811067478923
0.5769545542241314,-1.2678819274996065
2.511740348773896,3.084120078688606
-0.9693539945183571,-3.6723648886719564
-2.231201795210197,-3.0227706590724774
-0.9512301558798609,2.6823692784100928
-0.6650830884478373,2.944583590680068
3.390659186024565,0.9573702251333727
0.3933580073631796,-2.157349793073561
2.914338987951855,-3.3863613127952408
0.2632940977066447,-1.1662342898265954
-0.8997667739376282,-2.7294545762070532
-2.683747189192864,1.1243396032176236
-2.029222707623565,0.7765743377786186
2.496793398281775,2.722193053524014
-3.0082491836910767,0.9034105659827154
0.9838408012864721,2.485993909888945
-2.317860085538328,1.421296219107309
-2.4559318067940783,-2.6020694872569234
2.4058670168142453,-3.2119508826863914
-3.3599697315274133,0.7794447682766288
1.2449124747405815,3.4321614261648397
-1.4079298084913856,2.7883903106797603
-2.5525710536679562,-2.664412119292567
2.41965959812811,-1.1735689632585926
2.6824229758555753,1.5055663554678431
1.3104529505087632,-3.0155622675547344
0.7102539667041687,0.580883089807365
-3.0525645851723366,2.8695830464888257
-1.2098932210600353,1.5596675565928335
1.1751351151744458,-3.645527199111548
-2.5836813896145396,-2.809787439799363
1.3151147076498362,-0.6474052062999532
0.979955383238706,-1.2035153217824648
-0.9341594836820578,1.534593165899967
2.8833688498652843,-2.874636223288212
0.24815305714638156,-1.081051089538749
0.8501124829842458,0.5992633300212323
2.6247710632623598,-0.8899515480124078
1.1169340004868211,-1.4595304514746572
-1.1763906521883114,2.6186970292167255
-3.632023396762422,3.120803306500573
-0.7358733498988754,0.12931401091139053
2.8114805726563183,-0.8315445471287403
-2.9242617558311634,-0.27328140336461537
-2.390744020026481,2.628665737122774
-2.8148568642772913,0.8725948694642631
-2.9320581244475,1.6819660705497657
2.826383437343162,0.8384654130265229
2.7303366446318353,1.138353059086523
-1.1961700127379602,-0.9019723688483906
1.0855572665324125,1.5790644590266127
0.3907278911577249,2.3270692175214887
0.7341871478865651,0.9021616975564718
0.2525409114802197,2.759153203340803
-1.0210790029548942,-2.7513634369549114
-3.2986711492165104,2.9108514675415997
-1.1571699907773754,-0.18554287408137782
-2.4987703741689486,-0.5000443981764561
1.7812379018521005,-0.43605047274062914
0.960208091750482,-1.1558513224798832
-1.178087641544961,1.3181719197883137
0.5685232657722783,2.3974878599025686
-3.0161160419990125,-0.20450092787661867
0.5706861350914287,2.5368882562219905
-2.898087231217708,0.9215207010072265
0.0675512290031819,2.608749375237442
-2.158929833733128,-2.0479681039467854
3.0444514891842207,-0.7571218210162319
-2.6718011291179904,1.3812372575442318
-0.8933371893557034,-3.034185903036053
2.4528115460307944,-2.6573564785071904
0.6669032163585544,-3.55302007555901
-0.5063240870222047,0.8832833122712163
0.5603283807092598,-0.9072565340878597
-1.2731329405125125,0.8588136025280991
-2.992835943441233,1.187729144743476
1.0491806092118077,3.0961593525133786
-0.6377871078691312,-1.1033964692504372
-3.115780458328311,-2.2838495826658205
1.0873153558714557,0.6425986612360484
-3.177835777700595,1.4791152652385406
-0.8955430488469561,-0.660490358390568
0.9078272724964563,0.6438517672744629
2.879828888647529,1.10976627106273
-1.0175262802972407,-2.6962325233420206
2.5818082195451835,-3.043942706314598
3.021482100334028,2.572887895054796
2.828052808435292,2.366717870365402
2.7905671258947757,2.6737043605026622
0.3156207305117679,2.806331543013682
-3.02216927580543,0.1429936603317176
2.9187130556804757,-2.957357230933001
2.6352756052648343,-2.432624957899083
0.4750504002928185,2.7031510426428813
-3.1729494571332877,-0.5809903160384424
-2.9332034758013705,0.9458130151194847
1.072719383748348,1.094165585047385
3.323158823471553,-2.3053333856594085
-0.7364013053532852,-2.0053646818629853
2.871455557275993,-2.5834561609261817
1.1874569624449494,-0.8321081647757995
3.4836144950023282,-1.1310692905019764
-3.137508617554131,0.7733335427673477
-2.6617016774821503,-2.449086231244451
1.267793550598658,0.48609921817276325
3.289803792488752,-2.8664066635103413
2.91885022107992,-1.1697072835920863
1.4925496483940586,0.9487782624828769
-2.943780153939466,-2.7133783742262163
-1.9700784278116719,-0.41448999094747546
-1.338396467884471,0.7162005546760851
-1.0888393114759256,2.8169528911504784
3.3834302628782837,-2.767223222891533
-0.3715703849033103,2.887183558750026
-2.327200319341464,-2.36124465552983
-2.14045890249045,0.9833232662696463
2.6925045488769337,-1.1061870847094515
-3.570191504513271,0.7130011837748292
1.156346546830826,-0.9694383114612288
-0.8101392667601793,-1.4498958921675744
3.017024651471809,1.2151185022203792
2.9230576133817427,2.509320888692637
-1.101277217281605,0.9035215172227609
-1.2377694017354275,-0.8959516209886504
3.030845960364928,0.78965703446362
3.1067043047974594,-1.9777884816463482
1.0263512791664577,-2.8228943695315554
2.7844697674155006,2.835824533610496
1.1041514377752126,-2.7198726954009715
1.3708072035793606,2.6937958830884434
2.508644326954931,-0.5259262447522054
-2.2754569396474498,-0.7016061424733417
-3.072556376279198,1.364651416897188
-0.4816849286722352,-3.419169184703554
-1.2496906862133008,0.653857604902901
0.5763656212903692,-0.8643945052990131
0.8374505167594225,-2.9921934370116245
1.2621854589067982,-2.610029839449506
1.2353194267709826,-1.0262234572972717
-2.581899203215988,1.5527202662586737
-0.5863269610488253,1.4943907627419928
0.9564085284431081,-2.744293838299644
-2.8646032902454746,0.8695266850323555
2.85059669785493,-1.5450650941026027
2.8471572511759526,-1.5933766608408595
0.6356727289168047,-1.1596754345049445
-2.8228873111827153,-1.4722584819565523
-2.6469549212066714,2.854104605040695
2.4882481396659744,3.3729504408533377
2.8618045011035673,-1.1076327264299184
-0.7041241227084625,0.8752242941889837
1.1719353725207082,-1.2165741542735502
-0.10000604754590087,-2.7167367879331907
1.2043795360457614,3.198084980459084
-0.33697008314476046,-2.753275395456668
-2.8720400315097314,2.4990616180208445
-1.6027253936492638,-0.3647507058357168
-1.078621268150188,-2.668578029011138
0.7861950155962375,1.0901532283672117
0.8524105100630575,0.9387283569203607
0.8062043956257973,-0.7841478315515729
-1.4455445845719426,3.0650105164106902
3.193625111968604,-1.1728315413816701
2.3402030204161703,2.7058366092065893
0.9831028017527778,2.7685345114285704
0.9900623989945994,2.401776111923432
2.179393686736088,2.896203987902456
2.3254114041569425,1.2023999930216742
-0.6680608824448566,-0.6831304341581647
2.8827464941027605,2.6432897891639913
2.3351825267847275,1.701625779540094
2.943202124699595,2.244294061522298
0.9852825886145321,-0.9421962468437629
0.5108876037352319,-0.9156361891590047
2.545396114875671,1.3434420975050188
-1.4323080183063783,-0.9131588024177524
1.5004650273726827,-0.7388598023215976
3.168412832499206,-1.7275213894889172
0.9821878408196006,2.9212352426785437
-0.7165122800702753,1.2234017130476615
-3.231558585138122,3.068443578284414
-3.3618159270454577,-2.095449098083361
-0.7202135950487007,2.4945848562368824
-1.605395350553818,3.0025316141565512
-3.449068128595334,3.9266825173283726
1.5678679500051806,-3.170781689302899
0.9002190949726696,2.5260393603044076
-0.9157772720163138,2.4502951994869404
-1.2414344548768725,2.564937138981627
-1.1043432949557859,3.1740500393317825
1.3472817542602313,2.8627079581362564
0.5728851886204087,2.490061118918497
-3.250338579459895,2.8213470400792544
-3.33484291660122,-0.7969725119700143
-2.9767453706473335,1.029402950191611
-0.9546948583512235,-2.4035549645159007
-1.0681615589122437,3.2740859003332288
0.9357382843716893,2.8265311861618185
-2.5438100413608824,2.5167648740268596
2.6717067996760204,1.9942821632445897
-3.0994246037027904,-2.226322606147436
3.027935072377619,-0.9860032102626041
-2.575585072826983,-0.7796677216392256
-2.365179775534473,2.619864384931816
-2.7861757261892377,0.08513815204276028
-1.363309621884604,3.34149306884176
1.3355650780902544,-0.6127984760513238
-1.176413694439331,3.0857739876406813
0.8672515153389262,-2.911182625233643
-3.418047416028572,1.1684856728714297
-2.928152322630695,3.348493502554549
1.2991378709932295,2.7697231047869963
2.451023175480983,-0.8173030647005577
1.6912934374560105,-2.8814713731777464
0.13037043216095429,1.010791403307748
1.0545314464067492,0.9641919305968761
2.9772562439738928,1.3876987439510011
-2.5415383980594575,1.0316997459553003
-1.3177656614942552,1.2375768283178268
-2.524184368514124,1.1672876810931094
2.5362469433253074,1.3760859167255064
-2.4139101900079765,-2.7852837135513724
-2.708440439681064,1.9999172600388881
-1.4193029119582317,-2.1056572624374303
0.7651593290659485,2.9007941170541995
3.161594656549288,-0.5526039504273306
3.2559807370010745,-1.1281453058257362
3.4104823218772164,-1.0277333698342523
-1.080182213959291,-2.8962350732163595
2.8213884599288304,-2.7477726936650946
-0.8475327206903047,-2.6810089090234377
-1.3546074211027623,3.000421224063276
2.504021083429138,-1.075724213733868
2.480950610083858,-1.1042688898579751
-2.988509855496456,2.626707902351504
1.6485130726657258,1.4415705631530074
1.276396589426295,0.36720042759658666
2.650644499699599,-0.8135106413475329
2.6224627851025475,2.599456228755345
1.409283188226289,2.6378881440982282
1.184884265458143,-0.2505641135875651
2.5923651473510705,-3.2588987416651576
1.141083160466048,0.823772904832503
-0.3210438133353795,-1.8545353026932263
-1.5788326162084696,1.4487857390512706
3.4797578049075963,-2.7459683607420797
0.6745123355181125,-1.6747084147610336
1.2918298914661506,0.9496391204484103
2.584227280319335,-0.9793853274736493
-3.107580457867975,1.1680628927789691
-2.8986386638867985,-1.304855529666067
-0.2731081147190636,2.421076679255095
-1.4173089087003221,2.577412996520653
3.1881320802133706,-0.7335556616653008
-2.7241220313504884,1.4376363801110221
-1.231730704142003,0.9120740723010282
-0.2223093152308914,2.8964013272117146
-2.439532147063434,-2.8333109494699045
3.147757725517772,2.537012785544322
0.6817746633773657,-0.6587544998256061
-2.5972039665321236,0.9165533860682757
-2.392699469437507,-2.1513204511963626
-2.3113181232412816,1.1750731519055992
0.5638512566416888,-3.19872411676045
2.9534673433105865,-3.1420318914956
-3.759876754854878,-2.5116516972974914
-2.7656252854553016,0.4705298714914387
-2.5182914577651916,-2.5053375973471
-1.1605724321661315,-1.247567075054285
-0.40567604195220336,-0.3844703589965917
2.974523719707838,0.9097957172216435
1.6697986764685713,3.0625279333570448
-2.4078496530974935,-0.9431764150953292
0.6969614864825096,0.24806167971213247
2.9920609001492506,-1.0422727466376527
-1.1848380915806553,-3.3104447655860314
-1.1583520777721883,-2.45194410016122
3.362073845877607,-1.83137340234384
3.0278883505260747,0.9695233450240341
-2.6578349000457564,2.450097416113009
-2.1641982562412765,2.880511818080122
1.108222096569069,-3.531614594215891
2.383153685394925,2.722557662330234
2.7999999249915564,0.8945547356806631
-3.0714816357281953,2.252670849278385
1.2168674709876024,-0.9678448694537249
-1.096048612681657,2.6657516780699093
2.902976532999442,0.2626018360973128
0.2710584457890311,-2.801850653845338
-1.5660999926942067,2.265948755102912
-1.0652925663849067,2.6809081852121697
-2.1849077362260756,1.111637690461766
2.71526734661171,2.7802351095357696
-2.7249853425814607,1.742785187594818
3.3472905603792102,-2.8403632233445735
-1.2520149662619209,-0.8546277884961394
0.9890760319475635,2.6059566301445325
-1.2543851939606783,-2.416195788388596
2.902562058568773,2.7217600215517757
0.5078509641733661,2.9283442614852135
-2.9879958750634845,1.613777190314114
-0.19594467508237315,-3.4618109389965896
0.7659145380181165,2.8108004270683105
1.2485233103066677,-3.1550289040586077
-2.0012279327710254,2.2899210356953303
-1.0613293887510908,3.307209703039117
0.5452620596596676,-1.076439286580721
2.5609360294459638,2.8338889342332525
-0.21606299223384,-3.648902437190473
1.0367917529826591,1.2810508999208512
-0.7187497312711649,-2.775846041496387
-1.4354964822778515,2.130322754652417
2.3230732969959784,2.8062622567471593
2.699043414818606,-0.8121657313297637
-1.2278193382864862,2.9615085712242504
1.1046639418534712,-2.547461233137343
0.8048638252246852,1.2162900617818801
0.6236210299442565,1.0242818030500318
-3.315470912925121,1.3087271240925078
-0.770637110806694,-0.5165457207447768
-2.648614386682854,-1.0894677905397607
-2.130008922328539,-0.6560713906406951
0.9200274769528752,3.0309200938240277
-2.869798225931657,2.6855318957608185
-2.9040437772968617,3.6778557091895396
0.6196688127613508,-0.7636693613210653
-1.1955845607060864,2.9737011244067135
-3.0102223756219915,-2.2815838897220333
-0.8710476470503028,-2.5015646340845246
-3.0565093366904956,2.6255881653496878
2.5244666196522014,-1.395923883036251
-1.114366016331872,-1.3305582953025021
0.7019904018491651,-2.3692067199028606
-1.222660062116591,0.6117342285222191
0.5411487905797154,3.2990460484523116
2.9501967972031276,-0.8651802836466861
-2.268263546311478,0.006596340357529569
1.1885171485702037,0.8796305212337374
-2.7998631054051395,1.2720888837767221
-2.877011087635124,-0.8023361282660367
2.5265651380497727,-1.5278877194904714
-3.053867971956636,3.041332390746
2.386419738978028,-3.4568866482925515
-2.909657502340583,-2.402812484477167
-2.2960341329118013,-2.582498117674302
0.39959778540027174,3.1948534926157546
0.6033764141688099,0.6606479584619186
0.656859821647583,-0.9035466342927821
3.5601475564183613,-3.5462360879551724
2.643332840135574,0.413143967399675
-3.492444618104861,1.5850947830585564
-0.501387024221216,1.0567815361627853
0.981194888845085,-2.5982968486646696
2.5931038369424995,0.3996346312090135
1.0780781077846129,-0.8905198554816642
-1.1364380797564453,-0.7923419499025125
2.315661034543537,2.830766941469608
-1.1261411344777799,1.04096761371672
-2.9204908420269757,2.633592815231425
-1.591462958296045,-0.7072861522337507
-1.448032282213763,-0.7063192638709948
3.4690404870085283,-1.2471620578501497
-0.9605342016708507,-0.7586977831706139
2.344943223118543,1.1234629896459547
2.9884025793624804,-2.8920422711530853
0.7461474298689633,-2.7635785877782624
-2.4081877013149504,-3.1622113972687584
-1.10130199500457,-1.1116378439372596
1.1816962260449804,-2.6736866217260142
3.412047804118504,-2.809092812826766
3.2943233838783987,0.9799484013565577
0.9196903433194545,0.021829232018002576
-3.0118637313273497,2.7068577464995096
1.0574667483356066,-3.011458086000043
1.2528132666041338,-1.392127549580618
-0.9791525663197944,-1.166086364390251
3.554040452742302,-0.8790075631017024
-2.4997001464006465,-2.7754158899503123
-2.8658484778900646,-2.7720428062449693
-1.0446575492990546,2.6488335923211155
-0.9405012668497333,2.745032965199789
-0.6347713884430544,-2.596885508944647
-2.8548183264273406,-2.947007842650498
-1.0120802188568843,2.3005590096494926
1.0341922893002222,2.5365198274742147
2.841888361213092,0.7855384069854309
1.7208034014778073,-2.6685489641446156
0.5490467578338402,-1.0748090100800372
-0.6918085102282275,2.859940029101076
3.9487285740520846,1.29522292884342
-2.21498702317661,-2.484182039040616
2.6743839561664733,-1.22002367357933
-1.5256573906963922,-2.404754118383464
-1.427472891641129,-1.0189974335338121
-2.8764152058123926,-1.2029681165664265
-1.3207021878291756,0.7395761884101884
-2.8741310474279804,1.4753373082001604
-0.9471692908460783,-2.5966847057835176
1.0929377794637085,2.0479319002238996
-2.626476099853854,3.0859434289614502
-2.560182545498424,-1.0389338657475868
-2.8828105184422013,-0.7626342862704052
3.2129552830890438,0.7824733989918583
-0.8406889925172654,2.5771738758321043
0.9623489089900613,-2.909696743314857
-3.3754164739520216,-3.241495662897028
-0.7173339777753779,-0.9165744758867708
-2.720624155560878,1.2704821908879593
1.208847817246768,2.998727315707617
0.8753436708036436,0.7647987941860912
2.5240547626762337,2.8577922168465433
2.8115167354308066,-0.7233986327251992
2.6589480645630394,-0.8207685132936601
2.852618045720948,1.2348459453504266
1.1298257873098474,-2.863128010980958
-1.0559505032830894,0.6174947921609942
0.4864325587429318,-0.7328118639523221
-2.50335552664638,-2.8847135439506078
3.0438345874521366,-3.0265386674129404
0.6763717005664861,0.8714322068159509
-2.5429056154604344,1.2570450365824115
2.3773159743483694,-2.596480847965782
0.9254134423214555,-1.4172104840526296
0.8561040476061043,3.2114733059040343
2.8122518744614307,-2.8461710765494854
2.6557960170584813,0.9200968119532948
0.9780034345966522,-0.9488257281429524
1.5479396608283233,-1.5173695304620216
-1.9510459003625649,-0.8059089570490333
-2.2432356916707357,-2.8545942423884445
1.3765559400991747,-3.0860107891244994
0.8298828027339115,0.4555693253153505
-0.5486772118817445,0.9971508121808771
-2.553474772448705,2.736508683855222
-2.6985619305139767,-0.4002377352036158
1.1199647669610069,-3.288133505302095
2.7680058702224186,1.4475581040398442
1.0404003287146575,-2.6517379850365397
-2.497761226710161,-2.847225743792966
2.496848291952075,0.16542574704121624
-0.9474151301517197,1.4737486050101325
-0.7996806232592693,0.9757517907695835
-2.752391160829854,-2.3813503575550437
-0.8644009306981928,0.6403218568973238
3.231126827932563,-0.44547412240542067
0.9882673728640822,3.1558832623072846
-2.6099353272938464,0.8949717498653733
-1.4337563572947578,2.514235375728033
-2.1402445994806096,-2.621281496187361
0.2928691394720276,0.42395146996325467
-2.546600529618288,-2.442461034225638
1.1032673562962387,-1.45970542361072
1.073388486891236,2.648069752303389
-3.1830567527715923,-0.7722850579296783
-3.1636133473934955,-3.2194771019232626
1.270915617480498,-2.5996234718948554
-1.1918730632641186,-3.2925661097118
3.2765858230985025,2.8998953539553045
-0.795733261110625,-2.0149690793211397
-2.974462436868,-2.4991747537350424
2.4547085901514896,2.2836154358742298
3.051895704963195,-3.014291676599598
-0.8142372126774103,2.122738292666718
-1.2621591429379126,1.2193500076358972
-2.798952935060688,-3.2499927412562126
-1.409421726367419,-0.9584464840680282
0.8848243625828469,-1.5025280179686262
2.828433404355065,-0.9163605298242282
-3.244609654107574,2.7561640761936235
0.4928200321529185,2.291302991587054
-0.4792568647548265,-2.866833793931191
-2.7150633682292145,-0.8075179563586112
2.7864258998810123,2.213712050537153
1.0573289877053298,-0.9245600095282291
1.1311680742710344,-1.1381807650745301
-0.7547177374660743,-1.139032609031774
0.5550962795664363,1.2677946595315364
-3.648630160417092,-0.9166751290242259
0.33369909590899205,0.42133897351659405
3.43547151044685,2.5504008497995274
2.3411267610286854,0.2614782751032075
0.975529849227169,-2.5920611725681795
0.8561766965158378,0.7764393604602483
2.847273939291435,-1.4469849896598699
0.6063800336903561,2.6003530842691864
-0.5557153468241924,-2.6854392919428154
-3.1585911796488904,2.723189843976754
-2.9832612374198475,-2.245150683848844
3.9936907659013996,-2.9203526658160444
-1.07279255141107,-0.9787687568187468
-0.9010417009807983,-0.8967010106558687
2.8830740470458482,-3.424324540753507
-2.5799367289158,-1.351009789864428
-3.4482215820813855,2.8245322583833588
0.6449422638275435,2.91497035533587
2.5841213659492,2.745798108175513
-3.6103838697729658,2.780325790528185
3.065394455145268,0.8986206983545665
-2.997667215981779,0.5409527073877158
-0.8265454887729972,-1.2825307189673496
-3.2723667246473975,2.7605964031757106
2.138210405778843,-1.2709832604131432
0.8091325061990996,-3.0328857344979054
-0.7547786874558874,1.0416573977062409
2.9335241351232204,-0.9565283816466864
0.8561939214264503,0.5732307383864047
2.7777300038189248,-0.9048446464371666
2.74102007237916,-1.3438022362132895
-0.8664813278862751,2.6798958332454137
-0.8172078556796748,0.8339020472433877
1.1713884891381112,-0.5964995304010591
-0.7341858089882374,-2.39225541665953
0.7121613460798035,0.71563048021558
2.443940741157625,2.713209831441968
3.0490182198025284,2.7533451508951865
-3.007980843799983,1.3677178458206467
-0.7209804892174868,1.5099911884177961
-2.717961566247345,0.7651108468461372
3.083511336027604,1.3457302774913125
-1.016071958676696,2.649555357020017
1.109078775467912,-2.773793764913763
2.6411885191909086,2.3193816033134653
1.3911427056798105,-2.4656609325579106
0.9338264977105157,-1.019483621336568
-1.239349201320676,-2.598997196307013
1.056411784646075,0.7966640927575834
3.9243835019247286,2.719206407825521
-3.111922077186326,-1.1003759831235982
1.4252943603818076,-2.9712375865488982
-3.3320796786829776,-0.7038340557873878
0.7838275151986545,-2.411846387539968
-1.3336158218589553,0.8567870233204524
-2.11907736542805,-1.2408450408257643
-1.3551725943869484,0.910571019810416
3.044968895011308,3.137325369461293
2.6224589227009183,2.2718722423826203
3.402922885953714,1.5389976459910704
-1.2025224557893406,-0.9587033517526725
-0.931345316836622,-0.7011649738153903
-1.0158704395359233,-1.5003379832875912
-2.537958257508088,-2.554692705208987
0.5787057560715883,2.1899628633911634
-2.5288924702699456,-0.7416812350374564
2.9333364893755363,-3.0280650450536766
1.1502586409649167,1.6390574788725194
3.35197458087277,2.272738658943204
-3.0967009594355637,-0.12546513543769502
2.641663085716672,2.4484767713486044
-1.2739284598419434,-0.689878093188869
2.869679875649602,2.6306037742437
2.764428333945234,-2.785406118678114
-2.754768370267508,-2.7099234412935265
0.743982671369831,1.4338162337976714
-2.5095939017425466,-2.954468588264403
2.9608964234423727,-0.6605159917801532
-2.7866220167766667,3.0406919741958682
-1.7711888973373107,0.9203689733774314
2.020609091131787,2.1953297233893942
-1.8966071675615146,-0.04417497596461919
-2.1649049841800845,0.7741076260965893
-0.5720027111719959,-2.6716143340605147
3.1134444891382214,1.2491148827826453
-1.359269691434606,0.8797707881983836
-0.23721288896262208,-3.358468311756853
0.7006604750780407,0.9914147526109155
-1.400616119857591,2.6057205152644687
1.361225465811287,0.7333258258875067
1.0389613891077696,0.004011419007708498
0.9048119696958344,-2.8281997583462903
-1.1657145042692085,-2.9099767287631133
3.00441452929496,2.4752069014821925
1.9994033709130814,3.194355099235177
-2.5083227476154923,2.9690874613656653
0.16380884120967212,2.6366793650820726
-1.8401564654274387,-2.7382521337443078
-2.3608922862075232,0.777621408129328
-0.7871731427470902,3.2346438646748403
0.6450279692792551,1.0328630368984246
2.4896909273299075,3.3304203431615105
2.5961795076648158,1.1362591441189276
1.2329162193689547,3.3313650962372745
-0.6299898166653707,-0.3541546773559226
-2.8233617153024886,-3.0653709739348947
-2.402627142972466,1.2358957629413148
2.7543621069093467,-1.039221423188091
-2.507927501855241,1.325261987062162
-0.9320102043175208,3.1372091324208844
-2.686671903114289,-1.133308706565386
1.3097998019219157,-0.24055671629969802
1.2016315008158984,-0.9883325185416184
3.174323481185528,-1.0841869584207993
2.5806625788590134,0.6120374215410609
-2.8387600595431493,-2.7567583140645726
-0.7915413319119188,-3.0645990815185007
-0.9342078294327691,-0.9560388215399027
2.467573210111741,-1.3465930291129118
-0.6398245519021218,-2.7299026649704032
0.8297353127720946,-1.216381157070835
-1.0900432457200337,1.4980597477062825
-2.0826646117156784,-0.8058735714876613
2.652040228112294,-0.6184821784404895
2.6613492215976584,-3.117951497652078
-1.1278781683111911,-2.762693143689117
3.1507584556533685,-2.5445985199696226
0.9544218016221135,-3.070135211153275
-3.2817493022713777,1.4955864466369242
-2.8011156458308464,3.084902865787274
0.7628765739179629,3.0212370963122384
2.9662529515496194,2.429217946020954
-0.5374457286111238,-2.529204167952732
-0.6893801563984592,-2.905781609934034
-2.7246762075636215,-2.7015740231585283
-0.71749137161214,-2.0577242975651373
0.7060235936189605,2.726973140508513
0.6876653628080388,0.9310814942669426
-3.1164169064866494,2.6767916689926503
-2.9284003349169296,-0.012798104036012281
1.5105807482794118,-3.1866455585026947
1.5242834739756412,-3.230690861938425
2.9600088954684267,-0.9906107101543564
-1.3417858482084355,1.5450768995656088
-2.9144452029604295,2.840317555601849
-2.7565224658096072,-0.5304029095329585
-2.6122900917862557,-1.268326154085241
-2.26822717354881,1.297659557891569
3.3382642852900593,-1.1736997012056978
-2.534150093202876,-0.8212129144818223
2.714900123029737,3.1010700205885215
-1.4645214671877453,2.2850506982504473
1.1201665171301258,-2.6280468984768195
2.7497402536086097,-3.0263138135001593
1.2355686781437893,-1.3993629852562075
3.244347410045993,-1.077689519841818
3.146292369482111,-0.7616470146831819
0.452038828634135,2.2829579932127153
-3.1551238083784354,1.619883316238005
-1.088981361571524,-0.5974835184686134
-2.2388978198411458,-1.406630941156109
1.3155332140235994,0.5563960511780618
-1.1076854527131623,-0.8527343114375703
-0.9320191222415404,-1.4161092274458817
-1.0364353904153643,1.1246120846459706
-0.7841265851547956,2.147528661469346
0.9844799600000291,-0.914092068996363
1.418733347014313,0.5018291611670028
-1.1124749919172696,-0.48289059132218526
-0.7123068374598822,-3.2580306787299347
1.3767463216514042,2.1261816483964986
1.1865994461241502,-2.5656728040832015
-1.622218085314684,-1.2899243388804809
-1.3029305568224343,-2.412542219390331
0.7697929749822633,-2.8412110662020136
2.4777425660627386,-2.8771973379006583
-2.923914207371342,-1.1558491227935266
1.0613783370495649,0.8491620390573202
-0.8166929120745313,-1.5332090419206008
0.7742393995820555,2.893591676943325
-2.7272238499620265,0.7932603568925297
2.6811404145784987,-1.086034156147376
3.4430728797193115,-3.209746473958034
0.5160824174717875,2.790926413513671
-1.0004839334322595,-2.948124544243676
2.9249058838090467,-1.371527437754965
3.1988524948486496,-1.131858452209401
3.3025418852607866,2.7565568360678916
3.3792108213564265,-0.9373435958382258
1.2744674474451387,-1.6747670049638703
3.131377666371541,2.567072691781434
2.744157338208073,-1.7644448445165422
2.7099012175044397,-0.9513347172979947
-3.260621168498272,-2.5926325739622658
-0.3692884093486871,-3.198437970451484
3.4327039535649204,-1.1375637888734957
1.0883811106711645,-0.5798348398109221
-2.553901119807075,0.6709448340315389
-1.2625741966987611,2.6167268829803176
-0.8156206665395692,1.1087588596053146
-0.789392166831943,1.0037841932257607
-0.4648180312638588,1.257457564624539
1.0831678483305869,1.471939109516032
1.6699072423133974,-3.436266177936395
3.046665431822427,2.482374798222736
1.3385501689959485,-0.32688140928458764
-0.919755495596692,-1.2029076343924199
2.9117471099180245,2.8976019657697227
2.4515317674808066,2.6336744686819213
1.035717792274701,-2.6080659362248513
-3.39238215938161,2.220940001807147
2.681302393217289,0.8846670893898466
-0.920580517142017,0.441680539164439
-2.9877635666208997,1.5375495897252307
0.8610569783129104,-1.1891871311980318
-2.441604449386725,-0.23080378844065372
2.3037370446318435,-3.0496361388305533
-2.583878594968673,0.6950459395308415
-0.5159847326673542,-2.992511197832574
2.560093054046665,0.7765323535749868
-0.4819502463322598,-3.0933181232522786
-2.479214166798971,-0.8869066952421274
0.7814129789393577,-2.448695775832031
-0.6167971260871538,-3.3264507824459253
-3.579777844923243,2.6734458128812926
-2.235242497461865,-0.9919597640985778
1.1513728497470797,-0.9092514253545658
-2.250215337689614,-2.6335729565986994
0.4888952192402839,-1.3249062304547317
-2.556313735309071,0.886304213108307
0.8858696739975234,1.274413019740861
2.9240554356191093,-0.45131662714527465
2.695690726946005,2.4083016567813207
-0.9918649640891324,0.9331046475938245
3.3425752776655284,-3.4701801495244746
3.051228977825426,2.632914603541399
2.834286446988223,1.5032160433899444
1.2499138535633667,1.3401000733644046
-2.0899809786677808,-2.4596084948929433
0.5359410016177173,-1.3529828435246165
-2.0899391735634567,-0.3570430386984276
2.9617396864907333,1.1929095429401309
0.725803565068677,-3.289760703375331
-2.6039804528887043,0.9566130114347737
0.946928055455441,1.163824209252572
-2.9181581797279548,0.4681330059492875
-0.857901787620167,3.106488042641666
2.4773677673891528,-2.0604361656056973
2.9021477762889476,-3.299978869552794
-2.7775768325022923,1.7485597166792144
2.7942602676448445,1.3945648980769394
2.4214145398223907,2.717913182929583
-2.651511993606045,2.5152409808341183
-3.145486269360255,2.722236290435628
2.9696234793339142,0.91221019081185
-2.0850321021758385,3.145667126680722
-2.505856528279422,-2.4925583677400986
2.323135707507673,-1.2245951309037002
0.621925949835779,-2.573651197563848
3.160376218150563,-3.2993289725378103
-1.073067907119008,-1.3454188156317575
1.3001889439507877,-3.1013377662270716
2.8168158362133253,2.9080950951780324
-0.6908148747960088,-0.9602110435123369
-0.9703332260884477,-0.3421976867781505
-1.0280220411815881,0.8492730017672574
2.470774368378842,2.715648476611276
0.6258302446887909,-2.413657743291518
3.34270400699257,-3.2761783546014445
1.1519730331376088,-0.7866984235277279
2.9269605988851586,2.7490630707081287
3.2053245081790727,-2.7582502638813593
-2.508994867322878,-3.296916879969244
-1.55006340493711,0.7537589988057892
-1.7571152458677248,0.6523771596661182
-2.635185708905152,3.237297102432593
2.490070352455018,-2.7327693154982082
0.02802034982722028,-2.4980142826327154
3.161580850796391,2.4943354533275834
1.1263752153396467,-0.7504514097719444
-2.1324991324979234,-3.125758038564542
-3.5039386683900986,2.834156229380504
2.8464545496448705,0.9410266130941164
-1.100988923513028,0.9786508638563548
2.3740981245558035,3.3295197668870826
2.7637305295588077,2.1305847920525305
-1.0495380185742984,-0.4516017206249448
-2.3842828202885853,-0.7382643421811587
-3.1532920707475633,2.967702361322224
0.9749569894032587,0.900527046830973
0.9940796009507616,-0.8337391690753919
-3.322833078616797,2.2961857975972797
3.1762698927087425,0.19509833672133686
0.5887079575216285,1.8361246352510434
-2.835576787001234,1.1302658327382744
-1.9111987675923146,1.067602656785805
3.0069477495011934,2.021966414330317
-2.965944769155983,3.2016521594344796
-0.934985230665124,-3.0765902352006513
-0.8300568407028527,0.5505722806700266
1.3383743898448903,0.6560956625928485
0.5281429211256883,2.261519881746906
-1.0934678768257498,2.8584619166536362
1.4101833287765893,0.940761403226863
0.7665043532655758,2.324148504197681
-0.8408157327901089,2.467047965210384
2.6190481711691045,-2.669209827079929
-0.999847644863792,2.2722145918311645
1.5933906034623806,-3.010798660868954
1.005104961850324,2.279795942137977
-2.615855210326426,-2.2955107575600326
-1.0182494547140377,-2.963288333675122
-0.935088186160853,-2.7845198361847334
1.0618379624150613,0.47579989798754063
-0.8680699168821624,1.3920407660400573
2.9337965904171375,-0.863686802518105
-0.8999695959643013,3.7120649826773873
1.1467929642748296,-1.2308961931334481
2.9841306129393645,3.0911568010549324
-2.717577104644509,0.8979082208347264
-0.9246687280211355,-0.9756657618217215
-1.6041077469746563,-2.802777322127415
3.024368986262095,0.6171261287955823
0.43581126800331044,-0.29316193469440605
-1.4230896908069737,2.37377771752252
-1.3904893367794886,3.1549673126621136
-1.0588446163708543,-3.11012234068154
2.910003079584559,-0.6174218622010551
-2.0915358254058214,-2.526410724658566
3.2700489124446346,1.0963499055884898
3.129556808768958,2.7764086189995174
-1.0629171922673233,-0.7371020197926862
-1.4907009976806664,-2.4716229458443952
3.410961172787847,-2.9276637170394677
1.0089919071787816,2.7863299616460058
-1.3873812246163846,-1.3451734731205713
2.9313702884487487,-1.263701698825364
0.7920224023638874,3.2318148060521645
3.650208413339534,-2.9798113135220237
0.5998359881185108,0.9593021389038732
3.1928802869430113,1.1483368652340746
2.690897290560143,1.3506828087092033
0.7096578238718465,-2.690756164184755
-2.9843330649562234,1.25944218295622
-1.8447211095758511,1.197858035372486
3.0671929153303803,-1.0963629232530017
0.9046144098108291,-3.435042429281387
2.8685516335249472,-0.595824558785687
1.0379987865575229,-2.941422422789647
2.8622399132019396,1.2524731482680818
1.6150051388222584,1.4436131850327272
-2.410042691439951,0.9691104184211565
0.6880691095110733,0.8764397321403147
1.148108320257791,-3.2597610904119714
-1.0566214331756338,-2.744354306154711
-2.518890470922253,0.8057001538808228
2.7935437332354596,2.822151010423963
2.208493235963837,2.9468291977256986
1.3326085410799962,-3.1218853074587773
-2.503671823887823,3.3300052519374588
-2.6427543815691474,-2.474224118771959
-1.0121027107461664,0.14109134949736898
-0.646952440860428,1.9214638838205331
2.6973114065952704,0.7084094211361993
-1.7701982143632353,2.5531497072311837
-2.4945831976660227,0.5769202292304637
0.7339729370692712,-2.7126751458700253
-2.2378126167453285,-1.1000358190634194
2.6114323080876676,-2.9608438226346836
1.8078779542993293,0.7250576996679727
2.7498986117378124,-2.807028821146537
-2.5685814484408462,-0.6368187931299504
0.9312106131024773,-2.7590519052869538
-2.2241510915804987,3.0523066420479448
0.9563188255045691,1.8848341951145031
0.7353038160860523,-3.2968403935067503
0.6441086377322347,1.6105465849352354
3.049413506447019,0.8091500880411543
1.0217092021956022,-3.380981847343457
-1.038832649455287,-2.2852151205385782
-2.6688288957043604,1.3246152759845793
1.4671347447953589,-2.9207343240950214
2.1493313907064344,2.156549098455827
0.4756761357860347,1.1895884153778509
-1.93257117964604,-2.7243526298435374
-0.866487456275032,-1.315871099001225
3.030454313347629,-2.6287596504726243
-3.099040400670659,0.7671745472999928
1.1560375780498469,-0.9688041477507133
1.0193549518083274,-1.554940115769509
-3.2151199339982472,2.9712825253521413
0.5956656909844485,2.764310725004625
0.9836855141425374,-2.2950254009957507
3.1430289852807305,-1.7154512344078696
-1.0403355772913516,-1.2626724649730852
-0.051073384796817174,-3.2851330781716266
0.7270206515999665,3.4795379288665336
-0.9861356754294338,-1.4060266888757404
-0.6356209512774172,0.8331950853382123
2.9355820343573815,-2.789367319568073
-0.9271806684591535,-0.9118833604310961
-1.3536227164469625,1.1630861785705207
-3.3276557870579886,1.2565071513313428
3.024594245431605,-1.0314745293636725
2.885008809053495,0.47803592356468816
-3.006711228588744,1.2779726550511301
3.174945450041476,-0.8971958205979452
-1.2158772275276835,-0.9392390792887676
3.2520123393006717,-2.8851656666936045
3.164268472543014,-1.2254095138535268
-2.566145565012459,-0.9996129524455635
0.8281784015301342,-0.7361313389060461
2.9678521762472867,1.3207910986157043
-2.4925300494478875,-2.8185006058283575
3.5016002488860813,-1.5321034757643202
2.4483037941883405,3.131721262024355
1.7367701834665996,0.4509074023801092
-1.0073638622619108,-2.7051340498020955
1.6646518597335118,1.3213252258480113
-2.085382742098599,2.2149917056540604
-0.6499141071594775,-2.009840379469093
-1.4468843154656332,2.016427083561744
-2.8261983387035254,0.4872853289865908
2.641137623205599,0.7981369050821527
-2.636096917193147,-1.700585393570002
-0.8070295748454117,2.1847535092916868
2.902797823022212,-0.9968230889814744
-0.7417098032740044,-2.594181310566059
3.5743383945440046,-0.9579812356004302
2.8754221089092993,2.251366304959722
0.592473694665237,2.584283474494921
0.40845118550255194,-2.780581165552369
3.041752923009825,0.5838484606352397
0.9248184418845568,2.860547655156586
3.0165297532851505,2.6502147764026174
2.8489951696604905,2.4392527267531956
-2.593074079798599,2.855619745854262
2.926334895245612,0.4527485976883111
-0.7940911720806492,1.0299362370137815
-2.703070673600261,1.3135239830431868
2.835913744824339,0.39465162499848194
2.943452332694302,-0.7530028563872592
3.0150161393709043,-2.4395424243747104
-0.5514085883333749,-3.045867367177464
3.284549062977588,2.1967560751478454
-0.9115753531826486,1.7984828808759936
-2.4942160634549913,-2.395101981770151
1.1691162680857188,-2.6240569455734803
3.284037789700365,-2.515738269777773
0.5039610476307608,0.9255838059325076
-0.41093445997587646,2.7758177883793125
1.1427144459648704,2.485164753024564
2.428602293631772,1.0407886203810501
-0.5386280819477828,0.9316182143720317
1.296759266600066,1.5392012882916093
-0.6891889467388705,-1.3806781589041905
2.748937905881145,2.590656889942665
2.9751947555270974,0.803601157095203
-1.3766777783749435,-2.1654374143320276
3.139351818718308,1.0977187218409388
-3.1309671922284967,0.9845386613010864
-0.5070033013711583,1.4512742866402202
0.9489887794808128,-2.901855067190331
-2.4289050901294087,-0.2298698034726649
-2.516090649504761,-2.8893295674088333
2.9727282216270527,-1.1744639589152261
1.0026059224452735,-2.4183284421788973
2.827700160991005,3.1997987173851787
-1.3604365545902073,1.0463375401889117
1.0523231414319565,-2.937435684104679
-0.9586248883761169,-0.481010997783283
-1.2822759768428296,0.8644970247426969
-0.8166128224789218,-2.6832814157685965
-1.1089948705451442,-1.3493577303644562
-2.9395499617545435,2.7432800834525324
3.0487727157589233,-2.9099826113880947
0.6057177160154118,3.1308027449403766
-0.5481433480577573,-0.9867519792954387
0.8117568479041758,1.3983803092742915
-0.7783718136020039,-2.5383065208151714
2.9807718178893476,-0.9714708656906977
-2.4814504950904284,-2.3825211788775675
-2.511256905954452,-3.332899318966193
-2.591799834402426,-0.48824397978480766
-2.0065892259543947,2.5765109235360213
2.105445892823083,1.5805378366904548
-2.607156085900386,-2.795106029326484
2.828858190027738,0.41937616260262306
-2.686769654010918,-0.828079412483433
2.672737343117261,-2.6845206753610475
-2.5002068307782275,3.08586556015115
-1.9110450460794812,-2.657899053565501
-0.6680752344137141,-1.1769934064824086
2.4261468059011464,-2.736395426828572
-2.7003088105070936,2.372180619953176
1.8181213859507397,2.8164440164865505
-2.5365471362603373,1.928973304703439
-0.9305189900691224,1.2177302059010382
-3.219211080246964,1.325977472141528
-2.3917889889344126,-0.3890531068903613
0.2687960199556669,-1.2395703778491247
1.2767268672446053,-1.079627036055234
-1.0492154668197184,-1.1288633668433536
2.742408589294171,1.683320297458064
-1.2741327167738203,-1.7410838585811075
1.0902132971405813,0.7041606835408509
1.2412059079041526,0.8361724252207253
2.8177567414737683,-1.1959743448784321
-2.9279653676542323,-1.0091621435138094
1.1002650402078706,-2.9501870121420293
-2.7390392912369674,-1.2113410334949362
2.6427997184801226,2.5336058830377417
-2.4422053256324414,-0.6093253421562431
-3.3076779533407987,1.7069142465257083
1.0395225996758475,-3.1847530247162563
0.7951267093590939,2.4064714093265027
-2.8562432074429727,1.2257963891750336
1.0015561603130319,-1.315625563983891
-2.9254423101517677,-2.7112379513656863
2.707120515524994,1.1847689140465225
-1.2462479106780289,2.46919233233947
-3.3003392073452718,-1.840529986513818
-3.1318781141141443,-1.074215114462516
-2.3941572187588562,-2.991300545229989
-2.4322979627527395,-3.4250364551581582
0.42252276146546686,-2.792183296013093
-1.8149533814794478,-2.5510317575995023
3.285256116586822,-1.4299526247006116
3.1529019152793754,2.180039907457094
0.529559273982944,1.0726476420161208
-0.9130772822267335,-1.1909909063659365
2.3826858047763357,-0.5416092967073103
-2.737432356383627,2.1432642074100134
-3.6229123105316883,2.738875499412953
-2.9792417252028884,-1.444201963720684
-2.92826310585503,2.2618161904995673
-2.624890521349765,-0.39829671500229386
-0.7811816058671894,-1.3023014378062077
3.298526711975547,-0.781395502544861
3.0220394104588055,-2.0850891141662737
-2.885779623705682,1.0678147279637158
-1.1856920810980909,1.6218760261823448
3.4690799888268575,-1.1251548600509345
1.3438676788148707,-3.0672869302037378
2.502521404383646,0.5091824538718123
3.118530249301071,-2.947706831564308
-3.3360579541025754,2.622437668003554
2.5385070532199827,2.5447199388464496
0.9319316102243037,-0.8842473469986853
1.351982064156648,2.897387744220009
3.2392934775938214,-0.15474868704163355
3.1634515884406116,-1.387000978996702
2.9489319303825083,-3.4001054024508783
-1.125427294250877,-3.0490723066513636
-1.71035813236756,3.009974287711985
3.061914879641123,-1.2666966619244193
-1.6170708583361986,-1.0700616345075178
-2.4452395660384156,2.7357403175961434
3.0254244400976535,1.0257872327232476
-3.0288366872837527,2.9720506452623994
-0.6148233925742976,0.6722681522074588
2.7852985889291633,-2.682815102041888
-1.868174450920822,-1.1434305822323925
3.4403056576475337,2.7248696573889677
-0.9411404453597337,-0.7437858627915467
-0.6126052530717377,0.6320105687826394
-3.034070836727589,2.794755058480164
1.075703546173313,2.6575089395507767
-1.2093137159010823,1.3052504272406023
2.7148033324715395,-2.792684062587125
-2.5575649321703935,-0.8071094927366249
-0.40760150343841695,-2.5318920312980095
1.1311395737719365,-2.6275153649986276
-2.3788552182338107,-3.2044229100807895
-1.0667741697149296,-2.6746856834640678
-1.4606730438031523,-0.4819057370990128
-1.0313953579553068,-1.0117082071736851
-1.0372672472640792,3.131600832288668
0.5105563466154024,-2.0360148838633747
0.7642676704267024,0.6107397485965184
3.1805309189415603,-1.0489761504180388
1.2618581065257222,0.2073454261773911
-0.36942694701416856,2.0517806236166436
3.2365173053715273,-3.484376120336655
-0.9285824327435717,-2.4182807976420175
1.1005379171932497,0.529464004840371
-1.3418048374717995,2.8293924932714525
0.9873102340205723,2.158076777992911
3.5931844437717504,-3.1291961016669183
-1.647805423041788,-0.8401903077970013
1.8271569276708501,3.191882396318795
3.27878396203296,-2.8788024854936496
3.3867888638111,-0.7441115696173071
0.8186085295697267,-0.9942409691830669
-0.5873576820133103,1.017505138228133
0.05758416576196782,2.8811709075487983
-2.7815672227344863,-3.059766229387998
0.8213294084003265,2.5360698814294165
3.5362600261639936,2.2229017323339906
-1.3907704091853372,-0.7389696094569765
1.5826375620255886,-3.065992872201102
-3.027819905086504,-0.7606357984204085
-2.2598215043131784,-2.8629939113458245
-3.55616393259755,0.8515305719871478
0.8479792449560476,3.015340438439697
2.3440889975854082,-0.5283865464255213
-0.7969264064641035,2.167457549016045
3.1209494137264655,3.371005259391438
-2.1934719597598185,2.642595449309391
0.5721600544213892,-0.357399377031171
-2.981544093492462,0.47089858432928516
-0.797481423674998,-2.8014926916701532
-1.2989249890985597,-2.3446908728961335
-0.8011325345128992,-0.41357717300145785
-0.6493494872883752,2.6794062868076103
-2.0690541169947094,3.0939538221456857
-2.271909351877571,3.259070733402931
-2.6645233666919164,1.1715908271316806
-2.4675505475161144,-2.912309568801948
-2.5961511226456344,0.27371514670206215
-0.9733551108141625,-2.9166876013627605
0.8862737970677991,-2.7825993163771057
-0.788227557842841,-1.1437659970222194
-1.5340062681042053,-2.7827706102968692
-1.0401154482320385,3.6220750105244566
1.2948329278772999,-1.1125247737161883
0.6089547507712404,3.2094451656036878
-1.3774612977511589,-2.6843022457258803
0.6092090520249461,2.9459676720786674
-1.2797694698707498,-1.1875794582605403
1.0241088965717027,0.7470890677459823
-1.0847977395008108,2.6491186618624356
-2.830074728095916,-3.2552008618876918
0.34279148294473816,-0.865554128374136
-2.95982633542333,-2.908727158893467
0.7634672918338842,-2.343744808026647
1.0710810384299,-2.31110870691493
0.3351474222269327,0.4807559531944382
-0.9278424783351893,2.6470061800376614
0.4481864912354204,3.046632898456916
-0.40005310020543033,3.386499668481717
0.6630328328391094,3.0741089834357838
-2.8606823938757824,0.9620048468627632
2.64161849405317,-0.5085245866645545
0.8002445598228282,3.180223254733388
2.778713938243373,2.6887682396351327
-3.176422434055812,2.466132313778559
-1.982802455425638,1.669192998157428
-2.5066219302226824,-2.589783563458629
1.2433199529375707,-3.185469541373213
-0.08870272233157919,3.1606692053204872
-2.0386288318763754,-2.4643509110693325
0.8968406789647461,-0.7292672981791418
2.7869360579895246,2.4150789920405855
-1.6299941815962709,3.0537630721328317
2.3745356683273373,0.9581998322910261
3.0101801668426726,-2.757980859750218
2.8801398111776413,0.9188250321753044
-2.208469243174633,-2.624446400988044
3.07336254674485,-3.3245113523884977
-3.14483192192632,-0.4741983373642198
-2.713441939945995,-0.3383262510366545
-2.52761454742823,2.3308522277606856
2.678148834822918,-2.2699190722564206
-2.795325133659065,3.235610538153409
-1.2289748807121963,-0.2226188013439735
1.5628704083547726,-3.233915024695938
-0.9347165853875311,0.747193711395647
-0.453669973049464,-0.4538175399508134
2.546292074623967,-1.3014380034287745
3.24787650698678,-3.2760571488412977
0.9660871010318836,-0.3877021230178791
-1.9441754996547693,2.4442134985428035
-2.8474286665315014,2.4623432066147646
-2.484278540810557,-0.6917463796993095
0.3189736549505854,2.629929179617969
0.9775505100838595,-2.735289141852986
-0.9510752126248425,-1.0105155443624028
0.9382238374775648,0.8570849570360977
-1.3173317788688985,2.4696777430173698
-0.7722123866443712,3.145374184872349
1.6151751325980246,0.8957144430730578
0.8793263699137155,-1.4112580091858158
-2.6234607398406036,1.083829418955854
-1.0252670744890942,-0.2652297124576761
3.356545015092835,2.1746262007109927
-2.963968854546435,1.4323899084967424
-0.9307048224149408,-2.4163055815155006
2.5456112773438937,2.2608957436875063
1.1719611528724418,0.7290415733302291
2.7574016160461077,2.8955553814873567
-3.0616181515282856,3.523620454646089
-3.3858774255646806,-2.54344960484318
-2.9630331503284815,-0.04378105738339108
-2.7826764484711894,-1.0145060131812083
-1.1868625487671907,-2.9580032859414445
-0.6192785480572605,-0.3668166246042121
0.330903972729303,2.879500493713964
-0.7570134554689121,0.975677768334373
-0.7163966042347486,-3.155916056451195
1.6484370718107857,2.822775589997754
-0.41351929917820773,-3.08350135461885
-0.8703230657732497,0.6954145015224973
2.8530732653944195,-0.8105198990327899
2.951367447946317,1.0665016748342355
-0.9826511808323346,2.6045504506394788
0.5645650729409013,2.8427803228229447
-3.1769876144480467,2.909362203293898
-0.5071772430096012,-0.7120803560659622
-2.7521724741880913,1.1854615242488475
2.611300128574473,-1.3422701326171387
-2.3609072655485743,-2.799347271565907
-2.204261600607745,-2.9525811593789792
-1.0225761697100721,-0.7934498444397726
3.352675644605026,-1.3868149668517333
3.3373723925418735,-2.5842507272316304
-2.9835195009335047,-0.9300478831533463
-2.6668155057209857,1.6577966566454645
2.869548270046975,1.1805452974657216
-1.1980851026919006,-2.3137478577365322
-1.1545975063490312,2.9219168001430518
3.1440115462522416,0.9288556842538697
3.11754139623008,-1.1275858969583774
-1.4632931287247186,-2.515255347961355
3.386881135932982,3.27788787228968
2.9366092621966247,1.3131558564472567
-3.185345516183913,2.8330847808269985
-1.2898411125937157,-2.602366708714261
-1.074870552317272,-1.0813841287212582
-3.193945230829638,2.5493304759186524
-1.7689930809358667,0.883544274856095
0.9651445951521163,1.1570716962476628
-2.779559680473066,2.733609745255503
-0.9943065347411795,0.9008307292786413
2.924976506687046,2.9099465909501285
-2.528931400920953,-2.890222277486528
-1.5779458621646,0.8101365312338427
0.8645343997119015,0.8935827854021319
-0.788755905005777,2.4085675573496848
-2.351297291816634,-0.9060850260028885
0.7146806555860908,-1.2824026782129585
0.43577404509818113,3.3928342570115055
-1.5660554352220104,2.493560737872016
-2.418420122348102,2.879228949766167
-3.035837816129721,0.532741333025537
-1.3800347647425246,1.559806036183113
0.9846990471118562,-0.9835349427559106
2.6151802995558033,0.7343734932006293
-3.328463570284837,-2.7725344774434175
3.1304580947246246,-0.8929386715620583
2.784708103405262,-1.1924458580832
-0.8939763710131418,0.6936009916697256
2.304988266891072,-1.2143178663919634
-3.5327659166115164,-0.5170720095674003
-0.9898766001244858,1.3368546615569137
1.228555150587616,-1.136409598033139
0.9341233224398601,-3.294580175140118
1.090995855123879,-0.8350273458716096
0.5264006999326339,3.1360888834005323
2.869684159991184,-0.6710852389190913
-1.002061361168981,-3.200209770316805
-0.8823025768583698,3.299345584369786
-0.899924618353942,-1.0710881141516682
3.193749550795895,0.7541514923108074
2.6105969866295227,1.4079450271221565
-2.8360904672889653,0.6946745014689603
-1.1761298379995018,-2.6246434897426023
-0.9811025325371359,-1.4768395548571922
0.8625748127059697,0.8376179944452787
0.5670892302845191,2.8794143381822086
2.9825018245988186,0.9924246696454535
-1.1494188005238573,2.5931050361957544
-0.601433307982779,0.8394038693718283
2.8405494489974674,-2.6633495238410547
3.8294107337302705,1.0615663071275792
2.353992892563987,-2.6774591812145583
0.9773743495505662,-3.6507514599438737
0.9014867051264853,-2.7801263711562516
-1.3267068735659542,-0.8589159234948824
-0.9338637677503652,0.9994375963665004
3.1681601062555576,-0.5501484721155838
0.9046119882367811,1.003586422639984
1.2059895179615423,2.934647090652014
0.07288554874749695,2.8488278076807108
-2.3159888007793454,1.3695334377645276
0.766461481961532,-3.029532450699918
-2.039037419702104,-2.990377119016636
2.7252450101261676,-2.6029696269754323
3.20993781145003,0.4366667936156725
2.5098685590334995,0.9022999969622645
2.5852845351898552,2.321123463724085
-0.5842191583315379,-2.84095821204962
0.9292396508394991,-0.9859128445364747
0.7441825484882705,1.4624951941189306
0.23061273718775124,-2.2878589571476566
-0.992240443672021,-3.1225985588837712
3.067863871264486,0.8805446307641988
-2.7895006101486284,-2.73728566774514
1.7671577874471185,3.052134791411878
0.02167172333758341,2.6863519448485773
-2.898777104923187,2.6630683571937954
2.277520679359608,0.6612692541245379
-0.7161616024073639,-2.831238267844992
-0.4988231690965677,-1.0016526803627543
2.496046740624093,2.9736621876097566
2.963329543328333,-1.2208412007750369
-0.013173999378730924,-3.360701593896144
2.5238540325259753,1.6837345394273284
0.7381318182292129,2.7401834720518083
-2.432454558021629,-2.127975977188233
1.4280130929650092,-1.158646734148178
-2.524331690128627,2.808362201345822
2.42012198966033,2.901463759325658
1.4562351744239697,-0.9481696655972154
2.908018246092634,0.469781228878945
-0.9134442992550591,1.2694884736776182
-2.5006028516478507,-0.6251635670469523
-1.2663908476823147,1.6335303153084426
-0.8788476661686379,2.820893544690268
2.5699386856049857,2.7290812799307163
-2.7214270597409884,-0.5558136674179867
2.978462997640203,-2.974138328486381
2.284119573524049,-3.4853861113625815
3.230045768909061,-3.3699394049310585
2.2303074199883706,-3.1769058921323663
-0.8818246353845974,3.0196927054322202
0.552998769757292,-2.486431470777224
1.0252632006592495,1.047679124481527
0.20587689855590605,0.9756268067413789
-2.7558777673381427,-3.205295803397435
-2.581426508455176,2.5678696981327565
2.386516631938089,0.8932860090270611
-0.645170092324407,-2.6879785751801775
-1.4229007150646997,-0.41404643842481664
-2.604159748681483,-1.160386317610059
-1.4261231231074893,-0.9626861497249974
-1.1522447782475835,0.9558474420448245
-2.4289935384243626,2.596603770166983
0.36159537005326603,-2.5321392970116112
-1.3826106646743204,-0.8155595677552894
-1.271235056823657,1.5008770887721472
1.2609230765196557,-1.0174896660965869
2.9855674111699053,1.2278039508796788
-1.5624267008576298,3.1168999367018837
-0.7675401320177974,-0.7277058185337825
0.6789572210526513,0.600872355218403
-0.3354389657502473,-2.638842183498817
-0.0022539681781984598,2.4265198032018795
-0.7535659887245106,-0.627202671486837
3.0951105573752518,-1.1287641145137939
1.274709138689766,-0.3873024714544185
2.5976538451041846,2.960183787755466
-3.2771455158883502,2.4758788735387265
-2.6338963486945692,1.1561487566476376
2.4860191974902395,2.683806596471334
3.4782715259920356,2.9818211262908805
-2.9503889935852103,-2.5611709704200116
-3.0013108849625474,1.2490183520669853
-1.3268034754504796,0.665989912888913
-2.854960703878601,2.6721470116064854
3.5931555863917226,-2.7297555487550036
3.1543839286004167,-3.0989081118759167
2.485343926813749,-1.1284151152639912
-0.9549520759584278,-2.5027278356362643
3.010580096065501,-1.6530345090759928
-2.507466596035359,0.9579014368937455
-1.282819030060232,2.70436330597182
-2.773744717194026,-1.8954389890040506
3.5178154756753335,-0.8105462103769827
-0.5343434018244703,0.5636781825305399
2.7291076355443082,-1.4704965242856176
-2.616147056344347,2.90271195367048
2.419262029407087,-2.5750230972668917
1.0277066074054408,-1.279721784314192
0.8470452748535899,-2.340998968612652
-2.8943845867852986,2.3488046062507544
0.9021695858479044,1.1693826491014225
-1.5574823712532428,0.6785134696167844
1.3583636806284234,3.211810446238213
-1.581766427408065,-0.28676041485896714
-3.318944092788768,-1.0974594816166754
1.5543149746258575,2.6578344874926665
1.4402287367636861,3.143096605226566
-3.0550790483744494,1.1065814187104188
1.342539052420087,-3.3131664395432616
2.801855166505104,-1.2249971084260456
3.1826437604488502,1.9664272820803899
0.8547605685994638,3.0542425749340216
-3.2556516441190424,-3.3417536951531917
-0.8250558741528368,-0.6535620593717444
1.1939704089156251,2.785693400499705
3.538511024814417,-2.0657667892914775
-1.2909365380903226,3.1041391804513956
2.807889410158919,-2.395714150131587
2.889855433508537,-3.187263123894153
-0.7323780486444418,1.556554101551005
-2.702683127752389,-0.7214038766661557
2.5870833021290385,-3.18765092586252
-2.899874862031676,0.8082070887699736
1.1597074198796185,3.31055155490657
2.307051227077129,3.0028677126165975
-2.5627514902029493,1.3987439438416334
-2.363914626337532,1.4516055337879745
3.0822472844973596,1.1622342558960674
0.7677957429409865,1.1983505042178446
3.1495585752360373,-1.5340670371701701
2.6398115493706533,-1.4732757096197608
0.4457994089485151,0.7986081021073569
2.6241899922895917,2.883888064724614
-3.548631093985224,3.170301537701104
1.0201515502563356,-0.6650555757969185
2.734587960968729,-2.7804629844301556
3.165174063769845,-0.838978357344247
-3.019911900323936,-0.7159534838480155
2.867606453870772,2.5781746784140207
-1.4475813209021375,1.0131721597572487
0.8667399960908495,2.6096805354748427
2.3503595080954605,1.321170983783873
-2.939918015853077,1.2975731926483274
0.5314543213781547,2.8216535888681897
-1.1887143979396946,2.794062169677338
-2.4614970150450115,-2.280022862182637
1.4972178508259795,-2.597069295972125
2.8792393311935904,-2.6619801776865466
0.17617759409830852,2.98846986997336
1.0080935828635218,-3.0254619772605844
-2.723609394416628,1.2451450314960903
-2.7440691248636506,-0.5743764933232028
-2.733548488509945,1.12784990503747
2.8263289220659504,-2.9118215741163893
2.5412317506749207,2.0658654661318923
0.9700509823860878,3.157102366859292
1.0960342163007912,1.148942661527505
0.8550446186214172,2.7408761398934653
2.4016642122232206,1.4376604787074614
2.7806819406234418,0.3259186274854456
2.8222967797127945,1.2059466182786016
0.5357873007551083,-1.5235327634833318
3.193816781584595,-3.4298305219040324
-1.3064899026127275,3.1385787425172436
-2.619428728625551,-0.21997870809674638
1.2516783144848302,-0.6287995351309041
2.930852629615402,-1.2685662897167096
0.9727513839006916,-3.380255662969806
2.792099272356477,-0.9994871538463214
2.7990820418080022,2.7381693831671083
3.3637646004834973,-0.8587725559887455
2.8292013105497333,0.8799777953036342
-0.9081687113269529,-2.977991984622575
1.005810385571414,-1.1187671640944876
-0.8968544573004802,3.432566027464205
-2.897079512416541,3.4789467170003587
-2.7525784602485266,2.481620320711112
-2.445690371945583,-2.315648793342083
0.7590326117897885,2.562170813361952
2.2220901982701897,2.1364893884119467
3.4694051643888035,-2.60866742301879
-0.5136095933336892,-3.288154051558373
-3.3806061636303104,-0.49670827112285815
-3.3346391414197853,1.396436439232769
2.5957537082700592,-1.283526595883529
-2.468791343524873,-1.1179268764751953
-1.6621013596997416,0.707623878273997
3.4161177607707947,3.072234441308796
1.1050582997408884,2.735507163198015
3.6308716863826667,2.5761834915533126
-3.667372327990768,0.40054017755324633
-1.3128004476359993,-0.44957572280671787
-1.295512417163403,-2.878018187735583
-1.1092242473742977,0.3643703040678576
0.8003228781805201,2.475430004021087
-2.3945801861483,-0.5618152360629194
-2.2548732634110564,-2.93338443535416
2.7490566711872537,2.5714929790452676
-1.1041361310908695,0.06698593328413376
-0.867244279887231,-3.028241552909954
-2.874220431718672,2.74900779838832
-0.5398374743011303,2.43980336410371
-0.9390236945230832,-0.7170128786788224
2.8764419481012222,0.7620301160785414
-2.5488644194704024,1.4492082074951864
-1.0884022267372273,0.9103432535605092
3.030825876182635,2.8316994704695913
-1.3592131626632065,-2.7490531358649
-2.8459792928502474,2.6039139652236107
2.481225142736318,0.6562550870258996
-2.9304672899195,3.0917730336912013
-3.0424622611327505,-2.470742532980012
2.6807631901379327,2.352598800778226
1.3762547672536691,-2.125074792386149
-0.8700906611678494,1.0283176593345362
2.5034213760660715,3.090829060694833
-0.6655675792962193,-2.943187747785055
-1.3984783863167032,0.537700281064167
1.3688258027480003,-0.8201382593421499
1.3104368457769495,-3.0098630343356017
3.334460163201631,-0.6196499701017425
-3.2156164147375486,2.392000847539078
1.0865846240081032,2.769380179064381
2.358037359488211,-1.2128672593963237
1.1275482198569144,2.734428544464641
-0.9724412176785225,3.258316196622474
1.1330648136359476,2.8951225107823073
-2.5863032422978045,-2.8671901633021126
0.7154514642965465,3.0762620459177743
3.1404405942733424,-0.44238701532349095
2.9567422492708175,-1.1958534177312161
-2.58679341864778,0.06408631536815243
-1.516912388547101,0.8708495208453785
-0.9434315007032485,-2.5791905289026404
-1.145535119888801,-1.3746060280473313
-1.0724961985697365,1.5286060731595208
-2.8206788351044905,-3.2693108199846272
-0.6510152602333871,-0.7703519861261631
3.0404311585534214,-1.21307139048878
2.4700065244515335,2.6647697351864705
-1.3539305799468317,3.1148961170431035
-2.7416818905453697,-1.1769684595834162
3.1911898260115645,-0.9062064765885863
0.9714083615517667,-3.2077161093204007
2.5102350904262507,-1.0960817556654596
-1.1355179512778288,2.6934194186038694
-3.041460430431138,2.819905326930542
-1.2196290377326704,0.7947970630384165
2.64610788635668,-1.3703006145084324
-1.8407723896403265,-0.48422526163660506
3.391074138125721,-2.793264360973579
0.939085915945805,0.7218046213938797
0.6712268329644289,1.0107083339271883
-2.6815440588009576,-3.2955779887788093
1.4007267350761567,0.6955902145942068
2.7919983233321113,2.451356055298305
0.7208494494225772,2.4941817362357597
2.4880519927385567,1.3569834145290796
-1.0887911565126007,-3.0364385106589102
-0.9763669678165862,3.103842992117789
-0.8770184091108632,0.7405103050279307
2.8830901180942052,-2.621550004521064
-0.6769321725169379,-2.800749409870641
-2.77763025378134,-2.6701577112914214
-0.7557128137803173,1.2233146217592006
2.6170911514484136,1.9962143413781939
-0.5658908091651195,2.792435214539509
2.2752766932160533,-2.9826706367754974
-0.6795910285233903,-3.1857619909869275
0.7302809273814703,1.4335659727403216
1.744695294628014,-0.7974886646800458
0.614130791002482,-3.278230723511867
-0.707835226245786,2.449747315775988
2.132544741068337,-1.026457313469014
2.7809442923290684,0.752661261048762
-1.3510298899701214,-0.5475472606816423
1.375557392678429,-3.131466276711627
2.3742774176701245,2.8757715495755383
-1.9630721203052859,-0.6143692010652299
-3.367291553768954,1.2084301134232154
1.307173327070863,-3.5342500006955215
2.9640173393534486,0.8708613938375975
-2.7789675965994762,1.264927263767543
-0.3754794966573134,0.18665871696457556
-1.2644643826946493,3.543245215984144
3.094688990421152,0.3303074746448059
1.4994940048755423,-2.846059377254118
-2.204053949814979,-2.9452303606529937
-1.1507312647813257,1.8152039316918385
-3.1522859997720403,-0.5592439016290346
1.4192345977259628,-2.0156930834130105
-2.663477913000781,-2.684417002280465
-2.334369442290649,3.227941035065126
0.6276731207547883,2.859783889750028
-0.8923666130046196,-3.141605163508295
0.10307111338480252,3.0473175567585478
2.230770201343552,-2.6884434163557063
-2.5565928168599483,-2.1883400776789856
0.0636747272757134,-0.8760954401838166
-0.8782046160704946,1.472792680576187
-1.5268888033878611,2.481330549566816
1.3294943380928061,2.607747562500846
2.4377071355472966,-0.5526941776407399
2.6675991784522295,-2.917595986978075
0.5044762387988775,-3.110676548511023
-1.3606292569497784,1.406709561056122
2.890133167657851,-0.32803736595290234
0.8790396524087598,-3.850794443217327
0.6428791062079467,2.786655013893338
-0.3888426580473943,0.8005501596448711
0.5702960581648413,1.0317586795361564
-2.9964732260743157,-0.1948312078568145
0.7847782509624509,-3.28998377067001
-1.0787762677924824,-1.154678701040676
-1.1650735220369872,-0.9383850068824565
0.8433969416541476,0.7608685354537431
-2.4463452147231526,1.02031864489159
3.124301435277776,-3.7333592165065794
-2.6105228842862838,-0.306826487304217
-0.471705607795438,2.885021753264136
-0.7306767342960796,-2.012387601320079
1.2037194057422969,-2.72346719442279
-1.3344909367718936,2.508661915779583
-1.2771101795851818,0.9963384551908017
-2.130408123244068,-2.381143365303197
-0.7595895388229158,2.801135447014573
-1.2735528902005044,1.5822959555996539
-2.4010375429098496,-2.9377680960750188
2.5407734455968587,2.46873527420278
2.698954052909053,0.3105753448545716
-0.41656608696483394,-0.5095283174545095
2.5343719619174716,2.8748591825348533
-1.091479849765633,0.4730410985673531
2.369843180938555,0.9533818870065749
-0.8498460626535498,1.6034094367526375
-2.9836905024396536,3.146923318485151
3.1717836934543087,-0.35598672588089897
0.6202358857891649,0.7171192396801793
-3.5415325313946604,3.090008454035289
-3.199178053417524,0.022812358241049633
-2.4949410742818356,-1.0433101787311738
2.2004818078412787,-2.8936204113739064
1.328420911714953,0.7470282605867642
2.761851087700222,-2.5281484999318447
-2.628796265281311,0.4547493829171241
3.207475323304425,1.3323294316436873
-0.32679076908827875,-1.164194674482479
1.0937747860792055,2.772259669914285
0.639945874809354,1.1962016382195146
-1.0381260212828154,-2.365450354375192
-2.5258815967236297,-2.5964363551292826
2.734133290127324,-1.05432848740585
-1.9663577946814206,2.1429230447852916
-1.129287430454393,-1.0706066849704292
3.1486446214384847,-1.4412880665563457
-1.5559455507089917,2.719179717402786
-0.9258483101604181,2.841541085753711
2.64521940661604,2.0951967316741684
-3.507758021368416,-0.8008285472319336
-1.1255537648307619,3.4132121356722758
-1.6671322820743055,-3.130769306762203
-1.5453220132872623,0.753335867872577
-0.4936592777012059,1.3370485289658534
-2.7525031757068446,-2.2139000703670013
-2.836890123627463,-0.6115900498668603
3.066406327110009,2.371908573511218
-1.0125626853268264,2.761613267783681
0.8445827202587944,-2.7298866752248063
-0.32925991265717586,2.8408181525984775
-1.7191335575748106,-2.3497286304641376
0.7951425754765292,-2.4642217147214738
-1.2513931219448389,3.7287389574435355
-0.7465184189703296,-2.4913092344548744
-0.09452169528777882,-3.025057763046751
0.7898227821904453,1.098800832116842
2.6777832429293,-1.21331635599447
0.8555984523423837,2.7207134608914036
0.579678326136236,-0.5281871701299238
-2.8135181614357005,-3.317494724530149
2.747675739145618,2.8049055109815417
-0.7794210675335482,3.1244762147867613
-1.273259779117268,3.103569820620829
-2.600797442145239,-1.1341528473292213
-0.8283352186081152,-2.6819930238330025
-0.6274538208329947,-1.2611132110244405
0.8678292282087314,1.0317718236600377
-3.052940264970644,0.8327499484106909
3.4682712489670298,-1.0467591590229888
-1.291377824566902,3.0412497444775397
-0.2438800683056112,-2.6452626829097703
-1.9741766547207071,-0.6221980357552424
-2.5738311984485986,-2.5823515346450177
-2.8061797186552293,2.8550212744338155
-0.5652435093833331,-1.8871341886704784
3.248626856942163,-3.4541462362700623
-2.5367656989056715,1.5507399330045872
-2.896853902415605,0.9656200383834863
3.1391382314229994,-2.770172932764605
0.5962368376536918,-2.8967872404187456
-0.6808773498589926,2.7056435439938875
2.639359084472623,1.088079480054136
1.5252736155226165,-1.2636166467828869
0.2756502683608107,3.5971652548248105
-1.8463163484113874,-1.109849711607585
2.2393744722201325,-0.6369138030615847
-3.3308037794123826,0.9982166031978779
2.745117709124681,-3.083653917060644
-2.983570139392062,-1.0796571497294718
2.860064329191714,0.5933909647628641
-1.2530342522221798,-1.2159876238491691
-0.9551216412713265,1.828623740224517
3.12747013888791,-0.9623412955820131
-0.7574128344332051,-2.8272122810612865
2.1126638293457747,2.7073099850063347
1.8810041129625084,-3.069022558868166
-2.490102940580607,3.056010486391943
-2.5670303420144522,-2.468298530429664
0.9829402467612331,1.232730113239897
1.1308637272797808,0.808360369805369
1.0160957299362963,2.5067971773087145
-3.0889988916412543,-0.7839934182317563
3.1384347971977142,-3.2702651187221745
-2.9946240522940557,-1.0603957562964865
-0.6355404402882747,2.8497816442806263
-1.7280127882295044,-1.2099900456468875
-2.659409873812515,3.290944643858271
-2.3161756472801676,1.0196777023103112
0.7020847380077828,3.0930191965264235
-3.6022056648549374,-1.7101045275175586
2.5931579362092267,-3.2740075674796913
-2.636182491927506,-1.8661118188305164
2.90725221134364,0.694122579922395
2.6492029834132946,-3.0418293013363233
3.0709173979810287,-3.214472888810415
-1.4891940541770052,-1.2252086321931692
1.1801679236567562,0.9193072332336938
-0.5944198233607032,-2.336599191382478
0.511367991233413,0.9450318650103203
-2.655266264028107,2.727332548057993
-0.7498461610559474,-0.6060239842629627
-2.5765746717118767,-2.657959920600581
-1.3723713409715963,0.631761570315039
3.442251817018499,-0.7615655421794927
3.190664172123419,-2.0136850029299262
2.9949799319945725,2.372678298576483
-0.78758860345557,-0.34745273586187364
-0.9567365153993957,-0.7036749805816185
-2.971710696803778,1.0784690583394212
2.5774060078166765,0.9361972754137775
3.0591505725497927,-2.0751295160603553
-1.1500487677742184,2.4940904517995115
1.0590566804517005,1.0091639444393963
-0.8574708801111115,1.1728327002021173
-2.590622853699764,3.0047216352389956
-1.1265496631514231,-0.6163513692997808
1.677089076822534,-1.1517979685949384
0.7764344255723057,0.5873038220441674
-2.9113408465835877,0.8633389475337305
0.6540933095101118,2.164418283212095
-2.7258150006268713,-0.2207231964866018
-0.969579146448457,1.6906934984369248
-2.8381681562768204,-0.6621520158165167
-0.9593283310750452,-3.0825547540036498
2.743183622212185,-1.1241007048977776
-1.2424850525542532,-2.450302734132182
1.8972967871950877,0.8439856752652625
0.7438501578666429,2.718503167685796
2.9524025519445045,1.1516588394053855
1.0034773324316457,-3.023917416589466
0.8102982505007862,-0.781297161969084
-1.7110058866467457,2.3154077202952412
2.1580331775813324,1.0580118572659676
3.4604042069350864,-2.7753715772789262
0.6541831255060443,-3.1567285653903134
1.0024479745431725,2.118835062211916
3.063759581557693,-0.8177415197988758
-2.786629543715294,2.802662345274528
-2.7906482728679665,-0.8143931342134053
0.8689961570217692,-1.2939075359883399
-3.194152556567058,-0.7538343225982496
-2.5775495117885647,0.6372720801878498
-1.15236592183234,-2.18469287618297
3.393245833433332,0.7840066463059221
1.1692453387452888,2.8458387782469865
2.7109855316879186,-0.21886657887462468
1.1626636717592573,1.5954853372336302
0.676454766737979,0.4193696270052392
-2.906169788194002,-0.8646811204543102
-0.9107490316131629,-3.0638441620813204
0.49468939583106086,2.9644494916458224
-1.1271033691790995,2.743378473642578
-0.58855568311416,-0.4399099031157586
2.497455088370657,-2.6038294769797976
3.216271453128394,-2.9199387832988855
-2.8177323658495377,-2.355036065199967
-3.051370198139332,0.8000585559839336
0.6232287903475611,2.913166563491629
-2.817153456048177,-2.6732250898824597
1.2503354575666226,-2.8321471908032874
2.6135831644629293,-2.9831031480597354
-3.010302512722919,-1.3852298261211384
1.186379130413973,-1.0141563277298318
-2.959549395500146,-0.9668791498204893
-0.4618299372626695,-0.6550404181006906
2.6258150368847226,1.5396693860856903
0.5203243605863698,-0.5570970836152115
2.577765387358984,3.389354120731911
2.5449756716105383,-2.9372318606457246
1.3453683714674105,0.9874594886207342
-2.742825163452764,-0.0163317551927875
-2.9965535125930125,-2.5995737247709942
-2.9706234099652544,1.2206958459534043
-3.1636599315075613,0.6881715416123692
-0.8789044517990924,0.836924659778911
2.7190969580376416,1.0153134363718441
0.9781969889546737,-0.6810865775399138
2.2001100961338196,-1.4013446893730361
-3.0382126761471433,2.7635543183834432
3.1726959978885625,1.5164961257727814
2.422815134664841,3.203506636906168
1.0055751328769627,2.7901414948181658
-1.0046805510073027,1.233948854589809
-1.3704528633264481,-2.615450116457296
-2.6622679025055693,2.6707075108047476
-2.7042873278231103,0.9963684384671219
3.2120325499841877,-0.5429133157904142
-0.8611920760555148,2.0010934212015448
-1.070178354396345,-2.77280488139686
0.4876718054714166,0.33013351548855857
-3.0865236256461253,-2.46563730266709
-0.13150595205403248,0.7871149379660071
2.3936218176010797,2.6901450638716997
-2.3874075636513226,0.9919408687718575
-2.797179745976405,1.3320639003238637
0.1717421455722712,-1.2374361730889027
-3.1122642015415574,0.6999394343362624
2.779191475898862,3.3468178740899064
-3.071334102818256,-2.4532200733771843
-2.636242269210702,0.930041394833182
-1.029991368952443,-0.889067903100814
-2.5627767243607016,2.8389806336108383
1.2814464430545143,1.3917524054709924
-1.0598500563327413,-1.4544904725617211
-1.4093498235217223,-0.8734180355272494
-2.911266027719385,1.5426575501535855
1.1115251072217676,3.171186495950315
1.5709109180292091,2.847701492758484
2.3653230648065007,-1.1034199741704622
0.5212016509823846,-0.7907661896419941
3.3073804453807276,-1.1031773102486007
2.1795850931416427,-1.6046828285037384
1.6651053165386738,-0.6698712802195899
2.523766609827567,-2.670629647412398
-3.550462928583876,1.7428998985282511
-1.4733255002864234,-3.0979792028700293
-2.165705180170589,1.4908500576522372
2.698304195777127,-1.0290464650082172
-0.9019445304764737,-1.279158558537559
-1.5890141869074133,-0.7205748804999715
-2.778168745575751,1.4187398639943327
1.325343238505651,3.575061165748862
-0.6248191072777152,-2.7703917477655846
-1.4517984325261641,-2.9738021754045434
0.9457349530216898,3.017458783434521
-1.7993212548846258,-2.904132995723598
-0.10669492758799515,-0.8915639074667753
2.188883801467375,3.0520942763789933
-0.5778364677509725,-2.413567976338642
0.4941523521512623,2.951573097939108
1.0279008994080712,-3.0054269262332394
2.067334658043221,2.2718816768934302
0.8516173380914409,3.0325896150243024
2.9354995876230796,-3.4176096925629413
0.637399026643995,2.7482315982214827
0.7600200171861412,-3.070066064545836
-2.4335929189910344,-0.5436334832850078
3.67149206511809,-3.068150266407936
-2.6138307539952885,-0.0001730376383939466
2.891393189246878,-1.2322962547118068
-1.7100405672981314,2.2172251880806377
-2.805993681780262,2.219887630034357
-2.640865748468142,-0.8809764759575169
-0.44484037860510356,-0.19457344921313788
-2.6989136925652693,1.0755648876976793
-1.9312861543246587,-2.177306551151528
-0.848096805902553,-0.49441438163337387
-3.5380527503235872,0.7819867857693692
-1.3389417118412494,-1.148862294917653
-3.128037817897309,0.6465224061582483
-2.4615439602053053,-1.4346103593579895
0.2329869129518167,2.3050119923054906
-0.7615252219700696,-0.532444860359676
-1.0529004037467398,-0.7026414039179363
-2.955733626159598,0.8865551437837985
1.319203946540885,-1.0143837391615917
2.529364624304205,-0.9420037019207939
2.0539429048349844,2.70449074071286
0.7889416235785031,2.5115605557887553
-1.5035080519128168,2.4700029399168444
0.7226117821556135,-0.7268762381441506
-1.7883736297188564,1.65292287232486
-2.5196783760408175,-2.604224452706516
-3.14982518910506,-2.531087008456807
0.6892295955179553,-0.9615388150213914
-1.8638491922959077,2.6532294439039643
3.520670880410862,-1.074975949226168
0.4597365817964951,2.4487556607037417
-0.6194294218477412,0.932409990644126
-1.2775794921071828,0.4670216497881125
-1.2237486357067566,1.6505609142225885
2.4994769835731123,-3.2621785500384797
-2.706405231752071,-2.6034957941267125
1.3064196853050227,-0.5340914872592126
-2.4324978624768017,0.652891319365626
-2.8601098464880828,-0.19099427354465043
0.5599046707965,-2.7403199437261465
-0.8678132898923024,-0.7747145599936802
-0.4989245640867112,-2.6447916152393365
-1.4928424819688706,1.8599520917085564
1.213841991918002,2.2286292787690694
0.9813837974235292,1.940059928771069
3.102049832615324,-3.1314573920439774
1.4054653477202759,-3.1877843284175156
-0.8206623813791056,-1.1121726467956765
2.7853246997579713,-1.0588073215589435
0.6708743108587911,-2.7308853678568483
0.793271354397411,-2.7413103390166818
3.361724378963078,-1.4116061788369163
-0.5046027166152723,2.81091407556115
2.7893358102926693,-3.462383266120915
-0.8269982198628573,-2.8904329177563097
-1.1468007977955001,0.6325646766046175
1.0426815100747882,2.929504806985441
1.9752458666418071,-2.531965891683619
-3.285088112945053,-2.86632119836708
3.210268455403879,-0.510608309657779
-1.3472815338909918,-2.7945729730614666
-2.228775914452844,-2.890297401782288
1.1222865513614608,-2.6681348274940917
1.5312593625500057,-2.7115957965341373
2.8583984740495523,2.7014415184418805
-2.89264244021217,-0.5991230491180564
2.358679456187239,2.433576115273374
0.12063149586288435,3.0217720515431368
-0.7075265689992194,0.750728393201605
-0.9339781089706212,2.41891358037074
0.878668585987736,-0.457029568611045
-0.9845668784747336,0.6216952089684864
-2.622262054576285,2.2851324537702578
0.9771245516359213,2.6382409262534683
2.665560686532168,2.922561918914228
-1.0373900876150597,3.158055701603888
1.3029930549035948,-2.31584170344805
0.5607116927600416,-3.0811957185314967
0.9466437739093927,0.5929574043816345
0.8293620272473242,-2.504393887936395
-0.9353635237888269,2.5172014450792473
1.3764605807482466,-2.065235026857947
0.9889001132441947,-3.3244660429229143
0.8965115387112358,-0.6943608345784424
-2.1725330211174474,3.312424362003776
2.362775805132165,2.7212003550318014
2.6756618235793255,0.37579775657801373
0.9827719011110356,2.2436968716806103
3.0087803325297515,1.5070605368779684
2.9937751006244193,-0.5198021760223215
-2.252689676885372,-3.6890120768774044
-0.8331115559048533,2.8868981086702887
0.5367694713859191,-0.9848239848221351
-2.713073979706134,2.577625253189194
2.821663965750799,1.4765409590747836
-0.9194853934415887,3.342016267776928
-3.656963944917048,-0.5772398604404679
-1.0459690084965294,-2.893264764397396
2.6534964679778335,2.5000634155892674
3.0071184761061427,-1.5184520742920808
2.632087187610483,2.588392542408022
0.9481997024435752,3.0248319031983697
-1.0598828459018559,-0.8937200453713521
-0.6046259291463897,-1.0807089006085835
-0.9187017941228117,-2.2083838571299417
-2.575060235085083,-2.5664967514580366
-1.3392908864659678,-0.8192487542581738
-2.6418798479190473,1.94990109345968
-1.203875685613001,1.8956154638240685
-2.416512045058396,1.3324292560818685
-0.8861103321578829,-3.501946497495041
2.8408255753656757,2.1912629954804244
-2.7993619976163786,0.3370281085726729
3.1681076662614553,-1.5528794304674682
3.0406222200342228,-0.4181268363803765
-0.9755236547902655,-0.5639713117086287
-2.870079482712565,2.0871990392557076
2.72045387401822,-1.4097137851980457
-3.1107452535938145,1.6451410968980802
1.5069418440745752,-1.3362245263402146
0.7171967596614501,1.3186423104580116
-2.000205289283479,-0.5409405854483927
0.4253024217351859,1.3204626791174916
2.8022968750655686,0.5207347935883369
2.7157418329219625,-2.5970945517781954
-1.6340712567401445,0.9977981788292828
1.1245196030355558,-2.4701249253553685
3.1817967632808,1.7586685093930188
-0.492428299068283,1.6178952011608156
-2.552839406867496,-1.39842005422812
0.8312523349289201,0.9591541597841972
-2.966595491682434,1.214734657547866
2.9137036275545998,1.365590260531246
-1.0970861851671747,0.8067030459827147
2.7370857419105437,-0.5205169436706959
-1.2020455561248484,0.45221054064208066
2.5669483578274113,1.4314185472702778
-0.7561897860101956,0.5249036652696252
1.400011883996694,-1.3944076420179843
-1.22655411430369,-0.5249284131667817
-0.9132474791246818,1.8353464950194551
2.996601193774122,-0.8174206757647091
-1.3704723140102244,-0.4298066044865525
-2.880780341228177,2.867652204953272
1.229410087178595,-0.9706953827960684
2.965305882922969,2.33802025671201
2.6702914867124026,2.1946441755785235
3.3338024067799314,-1.282842658453588
-1.1397939189593278,-0.8616774847341314
-0.9155673388559344,1.5148542753358156
-0.6522407891058501,2.7637042926839483
-1.7618457591747143,0.8106444028868219
-2.3517393126844834,-2.9203356134720564
-1.5013894767656402,1.4492231858833413
-3.36730418125411,0.9964647457620679
1.3591438610726074,-2.60923313698678
-1.3239571306599884,0.9092679876401202
1.2949412556905393,-0.5200370949114286
-1.3397092457650985,0.9307959145632597
-2.22550485289651,1.6623536567399118
0.48304229152124034,0.3146570243263961
1.4382579171144383,0.503563645382231
-2.618811302286899,3.062035680698568
-2.864966526046571,-0.07638990118626181
-1.5894069707057539,2.8823921507342805
0.7624771297645511,0.7850954710525779
-1.0644639636274542,-2.6525927515115355
1.0256084292662333,-0.8357965072495429
3.0148142969419096,-1.3501865372486215
-1.5255099893880681,2.8969057088730756
-2.845945210643324,0.8762951163683931
0.9821341542226981,0.6899034208612
-2.96171122499781,0.8038100286274982
-1.0992937783960874,2.3159585151683615
0.6273214414116806,0.8569090039150257
1.0022250512862207,-2.5786966780220486
-3.4954736735091427,2.838867638434786
3.180003553492751,2.637625460873281
-0.6947882752101776,1.106789553191121
-1.527522730538856,1.3785763840514809
1.673349294920861,-0.44157375478385674
3.183796795277635,1.0553322356117794
-0.5833538515186174,-2.456545203208864
-2.690907476230444,-0.4640913626914535
-1.343652848827372,0.6793995706116287
-2.919457663982628,-2.764575034416648
3.43603061947898,-2.9715949675301174
-3.0801787991986087,-0.32912648597681066
-0.6888096522805858,2.5869482194299707
2.742366988341857,3.1911361501241298
-0.7488983914700322,-2.3530970355779326
-1.1237580313269093,-0.8210551523890797
-2.82222206182824,3.3746090737752428
-2.8549641801280097,2.5583624441532833
-1.1696188376634984,-2.7292794749105345
-2.770604854831482,2.0504943346952156
-1.174275073410663,2.8831409139311934
0.9707799142992145,-2.785486503554388
0.5579703770801925,3.064161999221974
-1.1983417909661822,0.9469418836233505
-1.151711178084613,2.859145641683723
-1.3447227499031187,-2.138013321815272
-2.5509498368406205,-3.0689446672362286
-0.8966220931080466,-2.7172250586358686
2.886969462674976,-3.3321326849743995
2.0505390600365105,0.7049299031238307
-2.4640464370512434,2.6645142260073613
0.8556170297014658,-3.098397535796555
2.721672842660772,-0.7709514212434868
-2.0991859498659107,-0.630511180438119
-0.22340336686097328,2.178190133046913
0.4607350806007948,2.644279564688853
1.0486475258697423,-0.7375699704329755
2.7703252628646093,-2.8630441382462997
-3.1045218254176756,-0.9829690087528575
0.7664533178948064,-2.739242707759689
2.514942615521163,0.49057675473456247
1.1054166508184489,2.79685316777204
2.7275463796330075,2.2906026318518147
0.7628953903064515,2.5426793020371763
3.7331776693482857,-2.7965722625986738
-3.2923096502075766,-2.6182807413170957
-0.5160355140551,-0.8043758859477023
2.392670846429979,2.595918897373492
-0.795549422280896,-0.6011926243076368
0.41501710159423594,-0.9499895840704202
3.1497216090640507,1.3887362009204096
-2.7105786261267726,-0.5773951692273794
-0.8697381959327322,1.1539230002394343
1.0249899080058018,2.4677032934968843
-1.953748514403937,0.9311216881025962
2.936420185090289,-1.5207253274794184
2.416390666955723,1.2248785745075876
0.17316809576143763,0.9608008716908373
-2.630934837305806,-0.8740210845787268
1.586719012140538,0.6898564095243965
2.434248084897913,0.7149706267486351
-0.7763709334991723,1.2240454767307725
-0.5378984780487523,-2.1431947273983347
0.996408076754248,-3.3635777757552363
-0.7511654665315318,0.934951341571438
2.69030329140464,-0.9381678640832278
-2.863879351039176,2.958159994780205
1.287329300991434,-3.1312594828254228
0.6756880143752407,-1.3976156022623398
-2.497788142497036,1.2473943512359906
-2.570581565564484,-0.7819590867558135
-2.241818983531982,2.510043218464628
2.6419299802564518,2.8988976167231173
-0.5288750616239452,-2.855430106241263
0.9300701319081296,2.0354587219104143
1.1092884256572062,2.701424639495186
3.155798750485552,0.4181244520822489
-2.7199990233743794,0.7430997970771046
-2.6130297112153005,3.056569325453586
-0.5080001459732087,-2.463335200682312
2.704470435888258,-3.819562011535668
1.998127376269775,2.5655340551327943
-0.7784245250296216,0.7331882458149704
1.1991788656754345,1.1523457522100007
-2.8480995581761035,2.397276798818202
3.0950267373249143,-3.532129261964742
0.6241448269998829,-2.58404462870613
-0.6537667042175496,-0.8493624588052052
-2.655597570891408,-1.323468159706507
-0.24281314589459166,0.528468729359921
2.579404195343119,-0.8158604255430659
3.096039272950194,-2.8691396226620287
2.340778893337389,2.574584386648956
2.4300788962356688,2.6615565596332704
0.749491680063736,-0.8722252720156631
2.4588031464524294,1.897146109504886
1.1561659101725583,-2.4364890557602767
-2.5580435387776848,0.6786940602659219
2.892442086536815,-0.9460784309657736
-2.4137631546973743,1.0090114631386335
-1.859539804389208,2.9397563318570525
-0.7351783966239528,-2.463797532583914
2.915028464525582,-0.856441750577195
1.2432867303882111,-0.8887945359664935
-3.2646979118809942,1.8131889652624977
-2.5907154953822094,-0.24691623456474743
2.36391739996581,2.4774881804336846
-1.0458921335765217,-0.6977775735496216
1.698467396031827,-2.6432271047334583
2.501579190076449,3.3712549045065603
-0.23959217037049507,2.89370845406847
-1.156518067681369,-2.7946826616751705
-0.44838523710559997,1.0829825008347007
2.769297321703509,-3.2385183145875973
3.1887006908580866,-2.889243853912656
0.8083813722878401,1.2000822255015227
-3.1209310393075755,-0.2724844935537229
-2.904115603526045,-2.288456415627486
-0.3705188215704441,-0.9071088521768887
2.42629002829666,0.9544302302756607
-1.3302703096203783,2.767176280821845
-0.7368765370631646,2.6841964158625724
1.2490332167929543,-1.4077796656683343
-1.0728665674123052,-1.057878790138456
-2.6647413228704835,-2.672840428409592
-0.5808805502429527,-1.158334735081665
2.85498447438279,-0.9589389067265076
2.9804889678135935,-1.3389741864167621
-3.03881998419218,3.0414413997103122
0.7814671485575218,-2.6554171572863363
-3.4673691900406474,-0.9979183639153635
3.3876547322053705,0.13212482445677512
-0.7475732050436402,-0.5022540587402443
2.9856088877374294,0.04551498236218492
2.6827705866308786,2.414813540574804
0.9570688435334785,-1.0974104243552047
0.8240049193701802,0.6124763824168069
-1.402008215266891,-0.8845346609308258
2.7325892595420145,2.2116304365198505
0.21428325411724009,0.4356012258031346
3.3286876858443737,1.873620026096989
2.774552207540571,-1.2503744094801856
1.5117547179032533,-1.045340477379713
0.12706976205013837,2.9515376120923498
3.6431812926450333,-3.024878193404297
-0.9992091470233689,-0.8684182667150071
1.2590119263349382,-2.6340479456304
3.003839991811738,-1.234577938513008
-1.0893844394159184,0.3709267468566041
-3.057113246595244,3.1562430610941994
-2.513022123616418,0.7996738271293429
-2.628502442444766,2.5681854374848503
1.3205810826590254,-3.1510403203684705
3.3818383425260556,1.0147258030240485
3.0223254453348236,-2.9514727250479305
2.5549869111571897,2.5248871071344063
0.7148686658223256,-1.111765995173019
-0.4735395370003143,-3.2283820405549273
2.3322858563089106,1.1159178742662983
-2.460800630143372,2.1070099392480732
3.089227998605577,-0.9930469761683923
2.8337746097951846,1.0282916833435176
2.712817097048952,2.425365844499501
1.501989413815698,0.8609046107534799
0.8966662032443661,0.7437377178523108
-2.6562844308403193,-0.34810626802005595
-1.7962477978680467,-1.6829168783213455
0.772145820416028,2.7796895110342237
-0.9322947152147668,-2.7362383291831143
0.7395111406207745,1.9206553616866118
1.112548767848107,3.2271916530655655
2.5680274133383523,2.985145193963562
-2.5051286889019506,-0.8376786065267093
-2.955648919496499,2.5326996893514893
-1.3852162909786334,0.6521463503730469
2.7813615397669107,-2.4718476967194465
2.9375085932280816,-1.122203247998343
2.8975257178516696,3.426078417918205
-3.1831039682295668,-0.8847504745003424
-0.7067590562557784,-2.449387990114717
-1.0853747608088404,3.0434243849530356
2.9020270506394494,0.6383366116806454
-0.23640179084529614,1.1124767185067583
-1.1139134657321486,-2.84090507935696
2.9812484694458665,3.056686968324325
2.1988548372387373,-1.7248881958624231
0.41470011228984477,-2.5653591364123747
-2.298489201662028,2.9606752633480804
-2.7506771483794297,3.208730616974432
-0.8843882838612794,1.074331929251721
0.5687458338663278,-2.574847549610343
-0.7658907392681501,2.725037467783299
3.256980924743153,2.6346229036988835
2.313548100838093,1.0188972388754751
-2.5567656446073967,1.4437330490503495
1.0799285497122522,3.5228837257496304
-2.6535800276507278,3.002251080812933
2.9729358362910867,-2.419831379197657
1.423495126165094,-0.7955358002365589
2.64796921927877,-2.898584766109784
-0.8237403182525254,-3.0660207905261667
2.8020917319001835,3.042402082717754
-1.223010378143845,3.2791360205990476
-0.7453834543208824,0.9818301278989424
-2.9654615543861844,-2.4614401633941263
0.8154285721025883,-2.739606553180874
0.420295167864247,3.3130142852201807
0.7813615408534386,-2.8838663125034247
-2.5680379993299316,2.9897558583254455
0.557955613617277,0.9269601767169146
-0.7008432262244323,1.434829842221495
-1.4785714251211424,2.582056842756552
-2.496720736599838,0.8945439929955017
3.1308916140755256,-2.9831721486734804
-3.2925632822246738,-1.710144741707966
2.7409451513802203,1.1952530446094778
0.5553616774679502,-0.9764331173155482
-0.35629132953905784,-1.083026254673752
3.1832889317251882,-3.1485809699297684
2.3401136454220746,-1.076793872517162
3.47787295999915,-0.4723613446613929
3.0485305218600374,-1.137518084033482
-0.5538444626184768,-2.796893851806278
2.4718370985525473,-1.002695387293435
1.5033894741893044,-3.172635782103199
-1.669548421798878,3.3251141991403648
-2.1798726078208874,-2.6683509046177334
2.3101170721099247,2.078496672115846
1.0213589257619278,-2.837060568419993
-0.8706176934157066,-3.512163715972144
-1.1804832286496667,-2.869035755436843
1.3943939857727252,-2.9803595093008965
-0.32844230781928985,-3.1265585781626895
-3.1665763279848513,1.3256227090706936
1.0034661050067109,0.686426237220101
-1.1672353218680966,2.781902400650263
2.48350628016596,-1.0671990897574433
-2.827451809017751,1.2670363624004404
-1.1069216776639734,-0.4948014141835969
1.0882425727418854,-1.2708629791193295
-0.994147527408951,-3.0759250280097516
3.262705682359032,-1.1818054812920755
-2.630100445118646,-2.6865450984197614
3.088115717143363,-0.9522414863639982
-1.2174302419135963,1.6997840454847502
0.8167158717659366,-3.055749376532984
2.7521363849464544,-3.2858192042005707
2.897051525084655,0.4174230952487389
2.163596009214043,0.2769416250865946
-3.009275836494202,1.8231742458639966
-0.8020815159235544,-3.1294078388113666
-0.3411202422450477,-2.109208507726849
3.1902379969625794,-1.0638027319970857
-0.11538448368876272,3.127142122907562
-0.564593722613125,2.5117457528773834
-0.8342594466290875,2.7568372463060387
2.953002058879314,-1.3571286788769887
-2.9485087738560085,1.072065651148748
2.7178405544157465,-0.8395181406310923
-0.7846264070400745,-0.3479359352460459
1.5830431256604778,-1.055665341605384
1.1057687974338222,-1.2180276087313506
-2.916431775578239,2.650293472436747
2.6914988233805515,2.5404559537650235
2.9390954136212253,-1.1147089617425436
1.4319190353565932,-0.9132582364506512
-2.731986904811713,-1.0109814984418803
3.194651542285946,0.8171245009289517
3.5384234996346926,-0.8495379997693613
-1.0869968296640045,-2.6595433574425473
-1.3352910352364873,3.1205012692891034
4.049479537905125,-1.8502805716312
0.7506901224371234,-1.1535781917185266
2.8022293205861555,0.5494875059467929
2.9901065776322975,-1.3055673120991713
2.8378923803297367,0.7260494901740878
-1.4606707453654655,1.5574076867410118
-1.2325248661856563,-2.867034999802238
-2.9339941607163795,2.3349135093737234
1.0577695612138782,2.371935283783266
-0.8150187818021237,2.293347258570892
-1.7907135415038404,2.2820964257696765
-1.0672832425729228,2.5262023673722434
-2.9765657999615454,2.6360113756299945
-3.392147142438496,0.5290280132886556
-1.182378332335907,2.161056789706065
2.751416768934686,-2.416482068129477
-2.858524645975532,-2.1245920561229124
2.7209921251074136,1.0094263197043425
2.3726913315659943,2.7703766295611802
3.3852738018082427,1.492408009463559
-1.6389924236506088,2.7215156345079596
-2.8998531712585223,0.9088074998436525
0.19542974086236975,1.2741431192615154
0.6547091927862017,-0.712734913129625
-0.7176083789845011,0.7828845794343894
3.196318730799437,-2.750932090796063
-2.8475860566922298,-1.5417975154882755
-0.6476789096372201,0.9267619908990884
0.661509672865619,-0.6271873272993302
0.7190060221791984,3.2336922261254295
1.0525604646334383,1.2634482694947116
-0.008171772422344636,-2.1595334980479866
0.796084412213605,-3.0699570183772185
-3.0377073177365883,0.5662584819026456
1.1764170853620366,1.4106608415952226
2.2165370521303935,0.5079550925871856
-2.8161159799898767,1.2741689634685174
0.7217815043371921,0.6819296089823965
-3.0058161215999672,3.1404201069143225
0.04440290235658227,-0.31287638638325993
3.086077525126388,-0.11317624877295242
2.5616520134001637,-3.4686736140136643
0.1506178960729983,2.687856883703414
-2.9581562109863557,1.4051949505318877
0.4600959671317569,-3.245704125339821
-3.040306187078278,-2.681420781522738
2.7931759841947397,2.6535812075062943
-2.5205433954035765,1.4466672491808101
-2.6274435662706312,-0.5171166766660749
-2.400715736535642,0.8667931854230613
0.8073628889063318,0.9483385881388414
-1.448179081536947,-2.5162931309399226
2.6741311493782174,-2.754078778118544
2.7557071153328065,-2.6920761820881527
3.188038376605145,1.1634678260242208
2.635632427864635,1.7641947483215616
2.1340794723369982,3.5599318586363666
0.729050130237476,-0.5882377361571002
1.8321045238752218,0.32804929658615906
-0.9445322889994087,1.6002459420481743
2.7540912736077083,-3.2413049957146325
-2.7117670451746165,2.6275010670652335
3.7320456012352685,2.527197927568147
2.303543235624883,2.9276314177778286
-0.2806378911958322,-2.0397025182406856
2.9591231592731795,-1.032526427694847
0.613198253252217,1.492070039223577
-0.6620207066649969,-1.1277268369131086
-0.9912791499830959,-0.7412802506077438
0.8972412556549516,1.1905050021275523
-2.5962248068689973,-2.386516670076084
-2.3241867046196356,0.3826819779849035
-1.4783145230736565,1.5876439495879213
0.6322144846974894,3.0815361109871175
-0.739660232003956,1.591355138842436
-0.6219586130734562,-1.1891898604504991
-3.050776688452991,-2.4914035152796994
-2.3783497185850537,-3.3819562343082246
-3.325345116435212,3.1439178647605606
-1.1139890801553818,2.875307784498496
1.0066489909465268,-2.8783334819872826
-2.68797572392614,1.0891776969501623
2.864961256994154,-0.24328827200794995
-0.8778516463163567,1.7775274602114837
3.0336394223669187,1.2898692868068233
0.8782339223660122,-1.5791980598837199
3.5209358797016765,0.3117410325946095
0.6128837265581291,-0.6428762500203138
2.9869471448632594,-2.6771371938656086
-1.513385783682162,-0.892750682299734
0.70372013412212,3.1365315237368385
2.681564432894021,-0.7191822333033684
2.9542832720059553,0.7750939954789006
1.2427315318955772,-3.1080070977423557
-2.8066721467286717,-0.8616787801196123
1.3788300437947556,0.5045894073915325
-0.9714056680779772,0.9558965370765626
-2.770825748185805,-3.4431256894928857
-2.8614712413629433,1.0550938697736145
-0.8601375684586824,-0.4290730603653727
2.9450476314546585,0.6603357107341027
-2.285613022081966,1.1782446329847902
2.774256375151985,2.8786445190755328
3.166137609262109,-1.4240921418522248
0.9154506942445924,0.48076949189355317
-2.809776169106117,3.690605000844167
0.45222901674579863,-1.2478228030604843
2.701758807972594,2.6761773716721384
-2.874528626404563,-1.1464744674194058
-2.705144924382891,-2.4692756166144636
-1.9888609276162206,-0.6228778552161895
2.727712942956863,0.7814118245151407
-3.7866459507080665,1.543324927327075
1.550450940160343,-2.8292340807593708
-1.3395111947405256,0.9374068409643088
1.8292064605049068,3.050603565271096
0.9320602034517086,0.7367751689492287
1.1261923597812844,2.575939339551492
-1.1867294281803091,2.3613933518008703
-3.1682475248731845,-2.688150987422395
1.2383123305940493,-3.3100516501637762
2.101406367101846,2.9459383917199524
-2.51470280564554,-2.1980772843678005
-3.0928479300311804,-1.2709665092725932
2.7376529904549423,2.950809941317224
0.8030821835952812,1.0700173943143045
3.0573440941415844,-1.08488697410976
-2.774823910740152,1.785466385847478
-1.5148478141677235,2.825858574517678
-0.925089879617575,1.22575429130918
-2.3944228479996372,-0.5515170885596528
2.967580611123768,2.7136628689921944
0.24629086722907964,-0.7063397228619291
-1.6300627978245303,0.9159203900347211
-2.6803697437596727,2.340435295091985
1.4224896513016823,1.3326614232114278
-1.2637731229278517,-2.907859996993032
-0.5176466238486367,-0.38012774071429745
1.1277659297497704,-1.3517708807646598
1.0217343341378406,1.4743773063257175
2.7713418640323146,-1.522999189303398
-2.7022953019088773,1.3613645905465859
-3.4243025319319784,-0.9291351007342008
1.0720241896070077,3.0318228679716137
4.08795611132881,-3.164909978440418
3.2298342226974404,-0.869705366397181
2.53479345362503,2.8498289493981357
2.838357662112143,0.9994447674822683
1.24369454426762,2.397385945964365
-3.076618534949548,2.9047656333201823
0.8187096235333569,-2.581245989697374
1.085632036671925,-2.730840064496676
0.5061514963676667,2.886840577093085
0.8158285859857377,-2.541690263081252
-3.3323895408171547,0.9967532519979903
-2.789220753185762,-2.823464954584968
-3.518760413433043,1.1621323949053046
-2.5479190164365644,0.17074109747603142
-0.7778179105099932,-1.126294013400075
-3.0156629156659993,-2.768120170633221
-0.9112110877869807,-1.3978582040376253
0.9114403151363384,-0.6857281990784299
-2.157230617722994,-0.5778695898472932
-2.80563035583226,-0.8790160354926683
2.2889068263139984,-3.0109590227891148
-0.9188926892529101,-0.5395460938582286
1.8435172505812698,0.9456404739704743
0.7941352231653337,-0.861745481722088
-0.8955046217623278,0.5040780510541973
2.330355110443803,-3.1682280943805456
-3.1164333995484745,-2.8357320642594104
-1.2006669448791143,0.8975975285126903
-3.0673363275586634,3.1475933627582213
-2.861660064609971,1.0499092547351299
-2.802829270235577,2.4203274377344806
3.0442101041400726,2.385705340073733
2.918080289700712,-2.597380868161012
3.1014780260341794,-2.4508766958949106
-3.1302299865242103,-4.161232743425006
-0.001186689929824839,0.6096064662266094
0.27046322084402197,-0.5501446960454633
-2.728905819745711,3.1131114838590794
-3.4805004497494294,1.780477590845215
-2.9627932920483975,1.0378495901448899
0.7048467267477887,-3.032268044087635
-1.6825054872995477,2.374235514617656
-2.3147213996489118,2.7026570308315963
-0.7624207355528122,1.0600347141721393
-2.753280645227713,-1.1429105088198483
1.4072564354315462,-2.647385889510106
1.005001281272251,-3.5771414507163435
0.46789767893506345,-0.9744537510254684
-2.7087603672209752,0.9719923676775291
-0.6808887361124237,2.876001797367773
0.8844177475124462,-1.3183277861107936
-2.9572993280841393,3.2440895016276605
1.0925164009502133,-1.9921258147416585
2.6507052580979327,-2.6974028948786173
2.757078856783951,-3.0318729189363047
2.835773654068564,3.1033655370466477
-0.9068129074930582,-2.60803447113602
1.1852167107928404,-3.106807171599901
0.46497440012755803,1.0004790888028783
-1.1959858660996106,2.803763486450867
-2.7812766726421674,1.0769904466257092
-2.6891112121394327,-0.8014991861646159
2.6478533103621773,1.1165294270429935
0.3901309036953544,-1.1491585049714859
-0.6238105238002926,1.3107360590668011
2.6789503302285187,1.034461758968579
-2.5058401997094903,-1.261515888794614
-0.8837511401371354,1.0307280600287787
-2.57425223446706,-1.4624264195052803
-2.762782330516315,3.3996555174853467
-2.486600400536037,-2.4483908537366967
-2.6639019668991684,-1.24823452524463
-3.294163386007287,2.319305687164008
-2.2044145635810968,2.9641964400309413
2.85589492880296,-0.4145934552245351
-1.1086016446435751,2.728582325332605
1.0580418407435503,-2.1058045778817247
2.948454867946096,1.1402483399886025
-0.7141066759247396,-2.584970016328201
2.212364239749776,2.089105704039668
-1.2109978841990956,-2.802103848426669
-1.4321866653268744,2.7487471684777467
-0.2813808919674239,-1.7959120219326767
0.9622655967399598,2.182866796045014
-2.8670386721606156,2.083116168943978
-1.071593970368591,-0.9701327113293929
-2.7115506640981,0.1256430997406975
-2.521427704653916,0.9370490843977488
-2.4041934743422146,2.283059766709983
1.3181369313661835,1.8476489590314114
0.4080182950252114,2.0264159116828164
-1.1151635275667693,-0.3774279407403156
0.8614896428122868,1.2965195595822496
-2.80955693552907,0.1524572952652016
-0.4390725442431076,2.595538097571578
2.4513603942258984,0.18900601518709673
-0.43863176565696815,-2.7799238055529987
0.497467539480608,2.57660368107905
-0.15444936351971195,-0.6718100054099356
-0.7509813166160648,-2.9554470509111423
-0.9951408108836312,-0.44419914218142514
2.560118208638044,-3.1900950555300827
0.8044109948900549,-2.9372922039499456
-3.1569984954449244,1.5245091318339965
-0.9375343452114184,1.2445300307859788
2.872838720932829,-2.7755257069541073
0.6664365563988436,0.34245178776448604
1.0040876351600156,-3.2878296568898193
0.7348041163492958,-3.089555347779842
-1.1584570330477082,1.4955037926282826
-1.4628981338522158,2.963802030964626
0.5635927544563196,0.7940073437491572
-3.313530933528987,3.206673503821723
0.907347689416875,-1.258571826012816
0.7860981549661115,0.5962528678638226
2.4616540532941498,0.8719021662849805
0.831315853995868,-1.0182788061962187
-2.4732457205655147,-0.8819454601878148
2.9934069404125037,-0.9380964803762738
0.4954157924484274,-2.8914200847812253
2.636091474246999,-3.166150990853627
2.5585085656560973,2.290916263058963
-2.425945374419725,1.1403221673318593
-1.5224905163100673,1.600182807733381
-2.4160404134967006,0.8276146113733049
0.7953377378493712,3.167855097564199
2.327587146299551,-2.7620811776796366
-2.9577885406670172,2.273753335755483
3.6433314426434227,-2.8393801239848053
1.1004817869344572,-0.7772225532691441
0.8500947971347669,0.8832811685877894
3.5203761502399655,-1.4511836658652617
-0.83394164749003,1.6897747471928646
-1.0798789411827165,-0.8910743593308261
-0.5567853037493291,2.9437180791946345
-2.2996858909978837,-2.6706761641979577
-2.8570525825117588,2.8302762000742714
-2.8474081426584292,-0.12434414077761936
-2.45501039688406,-3.0770901550840377
3.122773404330467,2.70393070646729
-0.30259246645903265,-3.203779848509581
-2.298417744934007,1.2937367953684118
-2.740687917918919,3.0186654413596608
-1.4266126164369475,2.6127989295986156
-2.6782612670081374,1.0758266451831573
-1.407638756370262,2.5835057453625345
2.9844582767334,-0.96380409402042
-3.301904507374675,-1.1840523884594398
-1.896329982996232,-2.072524230915852
-2.9673809619359943,-0.702156315819135
0.7490409472259212,3.7679320336701574
-1.6293658369423014,1.5110157986740533
-0.4649881312720507,0.7819820722877392
-3.4658138698896503,-2.1879299558505974
-3.066930255898179,-1.0560085816650782
-2.773362417518914,-0.6709496678864705
0.4101985521021202,-2.834717198564026
2.0531772481011346,-1.350724965100898
2.942520847146048,-2.6570045352909855
2.6730658117333275,-0.4669402869348174
0.7865475313973193,-2.8964640361500824
2.8432487160500015,-1.6395856472134231
1.593786449941384,0.7361493851081515
2.4425805498812547,1.099079047610536
2.713112290500149,-3.310611332370415
-2.5349671549414574,0.618738945650878
1.0958853810756983,-0.4306952589960698
-2.780286281941483,-1.1033449375803837
-0.4854182714586126,-0.6135020707950025
-2.5791811072805926,0.2584566005270901
-2.887295390594744,2.6704374584812216
1.3147613173725399,-2.746208548812692
0.831736542258907,3.194487322807185
3.2564609007962457,-1.083923884433971
0.7888408117356646,1.2607645210580853
-0.6580794668671544,0.6333173330650117
-2.6498709331544497,-0.618440739011042
1.1082947000480647,-1.425576399020433
0.4517073444374119,3.6434729732504563
-1.6244020060323003,-2.8655778095966387
-0.6926102476367842,1.8468277434728908
-3.120376607107889,2.9167491382739557
0.8769818876412482,2.8860781828340847
2.254337198983406,2.6414960522421858
0.7925289941007194,1.49090594221783
-2.108181822656498,-2.184562764825107
2.6736724691616884,0.8402847429918796
2.459120851538497,-2.266761354438773
-0.793602932337369,-2.837610019336484
-1.2716789922699232,-2.804263144036306
1.5914726067258813,-3.0614882722359407
2.9116818261250357,-0.773309742951973
2.667647241959758,3.259488212270869
2.3777216682905427,3.02927706461676
2.961414017072012,-0.5211085488822885
1.712614858405473,0.9184926539428282
1.6118960689411872,1.978062232927627
2.6098836652590127,-2.7759245013329235
-0.6585512682122613,-2.9514276529639756
3.4899075070688736,-3.97727944066435
1.5342505568895783,-1.2264471924851819
-2.652521157539977,-2.6968751520147167
2.85751707639136,-1.2672896341603963
0.8295566045542855,1.213082947901213
-0.9814540304312221,-2.9683811436973855
-1.1396404067801418,0.9812914183645092
-0.3520483223141134,-1.0310139362388808
1.8187332726356018,-3.1563627052206478
1.0419697031421682,0.450769619219304
2.6114405250372568,-3.294411744927216
-2.322899386035093,0.8592695467604758
1.1132469910974205,-0.9944317782171797
1.1994767794611023,-3.2448426496904768
-2.243703923817468,3.4801176797515776
1.0422968557609025,-1.264130849376792
2.775649104566578,-3.206158986615591
1.434833916493613,-3.0594468882733437
0.9475562056725355,-3.790664394891855
2.768417938643725,-1.183433465489074
2.8987073388666715,0.6572865873940966
-0.7101671534663309,-3.0844842697641104
3.3273640388576173,0.49029104865351397
-1.0070879268061075,-2.8066404855374323
-0.9285495044501858,2.8506603867297478
-3.077644378142103,1.2804427076360945
-0.9360597688916819,2.4728619410938357
-2.5019717168191207,2.90895365983472
-1.0362081124257156,2.4259918466397856
-3.0647590034361367,-2.859275494716677
-2.5871964807652654,0.653705435726414
-2.6346149311043954,-0.65354322102957
-2.5205483528411112,2.764542833842837
2.4082382662999784,2.206083499617112
-3.106637057087088,1.8485351156335763
-0.13513144463022764,-1.1332699879824288
3.233847155323127,0.19115756992953373
-1.368699501207023,-2.439917218562737
3.324248091237228,-1.2434244089216147
2.43000987357305,-2.853039161087069
-2.772425087117277,-2.8195322277477937
-1.0710824810334398,2.6886743602422376
3.6201089333655245,-1.109998019637383
-1.7349546887944978,1.181082599550199
3.0792597654868987,1.1226458732538633
0.8299513605158536,2.64804698598869
-1.6650777097425435,0.5602835518013719
-0.532849699218527,1.0798073655056288
0.5427246987268601,-1.086528184830794
-1.2723794544307823,2.753573077092719
-0.6870834763439536,-3.2367298830532425
-2.5459519148479486,3.1482130643031616
2.86612733683765,-0.9878224977645665
0.7160332920009267,2.58959144087183
-1.3981687022056513,-0.9818105437283223
1.8905926665318546,-3.113285834002285
3.337437059320098,2.322262212851697
-3.020016361233115,3.241540580607659
1.0887982921102264,-2.0343982555087194
-1.336363600245504,2.791842041644435
-3.154654465565206,2.7562013996958674
-3.178338104848096,2.533941150911367
-0.5563110122042996,-2.115723818964678
-0.7359801195264898,-3.0548557343713574
-2.7306964767291535,0.9931053742083324
-0.07265876469111045,-2.6697394884217953
-1.0402997178850333,2.0129004210415253
-3.820000514634651,2.7020432558352634
2.316440163960143,2.9780892236457093
0.5153343099692296,1.5302029762847615
0.4925839266071125,2.434595750632771
1.1752920389238053,-1.0552290203244792
3.7208736583142015,-2.809137789403672
-0.6397704412957029,1.2384738755978222
2.4181255336500826,2.462151560372037
-3.1145914410074353,3.0611977487566806
2.431173428885741,-2.7712536151128444
3.064699342703187,0.7300084513752948
-2.553580079425799,1.4992123705168856
1.280263676818816,2.3406479094252957
-2.3963297410841684,2.4904199448876017
-2.1083393160799146,2.556861017049979
1.0014972241677487,0.8792167332630364
-3.31359901263692,0.8424541980437291
-1.0011062165557698,1.4837103034665622
-2.8612667148023387,-0.5807274680585205
-3.2857465581061085,0.641958453091425
-2.630294679666339,-2.0874351944783984
-2.53099902645205,-0.9789221023759351
-1.228616153535354,-0.8356277708974207
-2.9621867059935725,2.8416175558690364
-1.0788161110066767,2.8780025427177764
-1.5263482890841369,-2.5379999628991032
0.770411499649999,-0.8254662278394226
-1.2484942797261953,-2.6876525814127334
-1.0073529464558237,-2.9168559408662076
1.3000742844576068,3.3631124085576967
-2.6223445007390294,-3.463795576424259
2.7465833941446034,-0.5662471830368033
1.434756128009779,3.1488621575364486
2.158002571720619,-1.1195695800677181
-3.188964457057057,-3.1208763454502146
0.8214323124276197,-3.4239606840166243
2.6611837053107776,2.6930600675544576
2.703652821332155,0.8203785216042381
-2.7743931321792012,2.8134970968290998
-2.36744894145542,-2.3446705534800234
-0.6707814445997707,-3.014197704981815
-2.535658371482462,1.1885003086929584
-2.6212104927780384,-0.6893156293806612
2.332460714088741,-2.8894854983876415
3.1177964323794813,3.3155720881497373
-3.101363811674862,-3.5494630931598503
-1.1777132138601993,-3.8374576240944123
0.49973886483625024,3.287646557245583
0.7937002993332863,-0.21839482873718785
-3.0216704817787052,1.1818753269497404
0.8600365248405396,3.084596247940647
-1.0747950766195489,-2.6808174824733664
-2.0039908995695486,-3.356737545878471
1.9456374054242687,-1.0782238668826019
-3.2760920428368014,2.929460941227059
-1.0198639432927539,1.0696886569292683
-2.8037035005982047,2.522953137965484
2.772227156013772,2.8811519542286796
0.45461136837437244,-0.852943371984744
-2.3718280141697177,0.7897308628460445
0.49918473433299293,-1.3273934811592465
-3.2422356301452697,-1.3466396579827207
-1.1994833679796857,2.5032718145365322
0.7702118128043751,-2.6326757453817384
-2.9973646815701502,-3.212204104663472
-1.3286982504089493,2.986983005121956
-1.1905947903290215,3.1249246946857485
0.8667286431568959,1.468721180565848
1.9576401343073868,-0.9335596126830746
-0.9180400554181122,-0.5929580806669872
2.5789059994050354,-1.4609108166591729
2.8036788924622633,2.74928389241791
-2.90127021043065,-0.9663118089743444
1.1173245271098862,2.7615996027356395
0.6720946261301398,-2.911677141198862
0.6418420086737576,0.6333819594059485
-1.301770694654676,-1.3433181924616011
-2.678011307185632,1.0581118464730699
1.037181549499991,-3.5041610085196124
-0.5007098800050054,1.0853913442230765
2.760883837554776,0.6769648919114979
0.4581210077236336,3.0617905712396873
-0.7366498503867164,-1.249468706309637
-2.112957863195611,1.959920880343128
-0.7067100685396247,-0.8523644288249471
2.633403119415935,0.5984339725152044
-1.6838985963491695,-0.7033572966808199
-1.4232865265539534,-0.6235691953206614
-0.5793594608983885,1.1558094209310177
2.2190494611436,-0.13960360079794254
-2.3433613079519477,-3.2796805067599792
-1.1892976013275924,2.6981063791147046
2.6265814638878076,3.305306056246859
3.0155498008643966,0.6678422309570138
-0.8497635398682308,-2.6977811811531818
2.295382377997729,0.4276118824511027
0.6631620659573746,1.496501447044555
-2.5714353074173695,2.5280649698578763
1.0228124203221898,1.2136834293416394
-0.7994765142055404,-3.4387304823265454
-1.3807539666153599,3.5300989026628726
2.9321826597919527,0.8252357723585703
2.4437296530413843,2.452630490990497
1.0568590586431914,2.8434113850391314
2.889007943790437,2.962727794557062
0.6170142540835721,1.192109816930425
0.9231861732409227,0.9061955584338033
3.2682949594946566,-3.5840645750387803
-3.0544405407969437,2.883509822088897
2.9429466084004803,0.9655517618250918
-0.8773668643809074,-2.501472328772498
-1.1770130204083489,-2.6858215856260435
-0.9443692181538924,-0.47741491593423785
-2.286165858506505,-2.405970955109611
-2.2415549616116777,-2.374192498741695
-3.080762567491321,1.842315958625475
3.1368889221801197,0.8033793349761018
-0.4524221681893883,-2.627429812424499
1.7415045989796756,-2.405597252345355
2.574059441890079,0.5877866267965282
-0.8249514899016284,2.7142583316040287
-2.559954260223523,0.7834746954207548
1.2442854989737602,-2.044302120084313
-3.3108562656999108,2.3073503073914106
-3.1217838992155644,2.9941133334204686
0.6160182213129216,0.7838390692886471
-3.171666080026293,-2.4134090394506473
0.8558172113559878,0.8197915252765402
1.1392155204641894,-2.7298035069190645
-2.521252338363487,-2.9140368583010123
1.4799789166850768,0.8447398104324575
-0.7062154875318889,2.771889039821541
2.8092899723741067,-1.1595888822534777
-1.1350047027287709,-2.5782315636251045
2.919942176338743,0.7084578248903218
0.6200655376838248,-0.650323226080345
1.472151055238503,2.65382670731545
1.0676777467961163,-2.560172612141015
-2.6881144121893294,1.079730885699512
-3.5496249669921958,-1.8406236639140068
3.204084904127593,1.330232441675832
2.9868950910998753,-2.5913395297960835
3.2037759106654735,1.8847187992056345
2.6479258039258213,-1.2542145513912426
-1.1744309355470273,2.805438674937275
-2.564216196044299,-2.219197658077177
3.136687971799064,-1.2131200699341287
0.741260509864662,-0.7083284692848585
-3.3220101612970345,2.59860752888538
2.9146300145743735,0.7593425809851989
3.340500304509111,-1.0022935973473974
-0.9025984657064013,-0.5264084359455928
3.0896242355590124,-0.5378134669560898
-3.274969636280289,3.362093371714325
-1.0414165756386784,-3.3978167738885023
-1.4823690503891989,-2.8732493997510473
-3.3134630652954993,1.19310532638242
-2.5440891621990156,-1.0841089548510108
1.8448670224930537,-3.283971088488692
1.1335151846368916,-2.649105950301937
2.461086029635349,-0.48797845420072394
3.376249814504787,2.7112407064507047
0.9729965300702413,-0.7866969455034747
-2.562199931729396,-2.9277753250490393
2.673433739079448,1.3900874908866307
-2.6873417859140054,1.1323406467507386
-2.9408467173055715,-0.5408715802960518
0.5866642859445905,0.9319709038876426
-2.3818111696667925,2.4290088500639038
-1.0438219197306176,-1.2272099583057152
-2.8870488531550724,2.1335296136719704
-1.2554680035327408,-0.7710638065737401
1.1238814590303627,-0.6483054238021115
-0.7393132625040167,0.2860546698481588
0.5809645577968665,-0.2383155667253406
-3.2108600327374464,-1.4956108877416845
-0.3486999565101263,2.7094030456445357
0.2753870503268559,-2.2552283013585486
-0.7910556922262335,-1.174422416870542
0.7320706239715743,-2.8820455255937567
-2.9272584143752,-0.1098800369958776
0.564166119059392,-2.5769304187873816
-0.5616838262385585,-3.0679832393576
1.1261716738797012,2.8820112687850186
-0.8300861376284764,1.5938001691583659
-1.666551230677125,-2.5002091353263176
-2.308762195361479,-0.918323381209362
2.8643720774800023,-1.2381116038778197
0.8278575530038551,-0.7686674281011038
-2.3012414161097925,0.4303423606913639
-1.1649567432905392,0.8777692975043012
-1.8444535148430872,-3.6993371144175304
-2.928432885438072,-1.2225985710211131
-1.0996848975102984,0.888511028223629
-2.7845003510888637,-0.5315257281411728
-0.44367822537417106,-1.0306152104809614
3.0518115627905162,-0.5535019863636584
2.383343709012371,-2.9862040306847923
-3.1354342947112084,-3.164780191038618
-2.026599148066511,2.291704515367675
-1.0546373072191,-0.6594071726681228
0.6676280148404727,-0.7853614533671299
2.3492775944384747,2.793470316176847
-1.0375878243790975,1.2113922623487108
0.5812532359499325,-3.635076967403077
3.313839995774527,0.8402679518110612
-1.3568693484835583,-2.4494317324085504
0.7058141550429033,2.97606749220962
-0.8413116167838425,-2.87106429558018
1.1194309704257455,-2.9072636861299035
2.4407701669534316,-3.307976723176472
-1.0007197477013896,-1.4785382678821917
-1.1110027918678986,3.0545948673258096
-0.3432699882325412,-0.597937940728643
0.2783668249703441,-0.737458383718528
-1.1010075291489583,-2.5364469320934027
-0.6889755251715588,-1.2818949112649929
0.8064920808497574,-2.610106753212725
3.2053261372086226,0.5835464725597348
0.29554244561396936,-2.9440470465862703
-1.4798003061683536,2.827137095499042
-0.5713063875337897,-2.732814765717798
2.7331155614612928,1.0826709475950573
-2.567450020267163,-1.7630554587542282
-0.4568159904649097,0.6844571801178809
1.0485920790128525,-0.49076579501217815
0.7927243435033363,0.6429619166877096
-1.041735896608655,1.21322902024591
-1.1273582996243814,-3.7149072902991622
-0.9053591991805585,2.633944506823641
-1.5215741899803616,2.989692293396021
-0.4484547776357613,0.6279244649697239
-0.8722831728038,2.9046282601332196
2.7722613924918416,0.3120891644926462
-3.29381717347925,2.497495530581064
0.6871389171243416,2.33835379984515
-3.7220147322077892,-1.6017310765890176
1.9626804266037672,-3.42016681073561
0.9041247771705306,-2.9485284145837283
-0.39394279439440827,1.6370642114937546
-3.093056430474726,-0.8772712461287299
-2.182544879475261,-2.2454901780998067
3.2422755720308607,-1.375227323252538
-0.4171706550098365,-2.8116557117191023
1.0692614910779343,-2.8724021551003887
-0.63246034965566,1.4633289081304925
1.2658534806062576,-1.1723756955935338
-2.8205320028257446,2.9724287249232564
0.5595456177235957,1.5582519200240106
-2.511606728129866,-2.4793983841477094
-3.1023346631766175,-1.673332742259328
-3.32728924294547,1.2089861279376677
3.3506472467676747,-2.9433150938196264
-3.0501045029109033,-0.9107547342756434
1.1210990589979126,-0.6666940917382775
0.9680171534855906,-0.9527386026891262
-2.6720070003492045,-2.8578289975707194
0.7310116483826746,-1.2782351400401673
2.6126395959711015,3.0967300741880064
2.326203906987756,1.0118657155863091
-2.751546686738089,2.225828014966656
-2.5756287162710128,-1.9489190589446685
2.795478252303396,1.7510804290936846
0.8258254211692355,2.459922382389842
-2.976066483647246,3.2529787995974164
2.4255359972633648,2.2203967254150196
-0.9121360602689206,-2.654313209395974
0.7253055590857598,2.6203845121618934
-1.9260425317804624,-2.64029851345093
-2.5453352867796553,-3.329176174142647
0.36940282146748826,-0.3463995031707366
-2.622576594531757,-0.12763907120184406
-1.0397462976717504,1.2307436424938822
-0.9886541461277693,2.8925572149511423
-1.1742315004104058,-2.308757253688944
-0.9583455447078171,1.3065773795715068
2.989996049652609,-2.6996936163268286
-3.4569460856730547,-0.6558010712141376
-2.5384157665207017,-0.8639760520943918
-2.9119706122517077,0.7931825710669279
2.593207131884522,2.3876037765576457
-0.6443183368554573,2.700083418006589
-1.0561886978297779,-0.5229969558754235
-3.0887045447266934,2.8016723464691617
-2.7117558145744116,-0.8862022652053362
-2.9940767933383183,1.1812565427782142
1.4408414589081844,1.3364865787766889
-1.3384453640103258,-3.059325325546848
-2.57536383449539,-2.8031626060843755
-1.550448353257123,-2.9374494969760283
0.8860008704358942,1.1986986665742743
-3.3073995241985945,-2.5296689799051952
3.107389645944701,1.092142974633809
2.9643473913552234,2.4541397180136917
2.9403888054677685,-0.7299063649735128
-0.8005599055089199,1.313588635086069
-2.6354330340853007,-2.704720729801413
-2.040248056270463,-0.9342232288486603
2.4711388430791312,-2.262288802244972
-3.005059483210737,-2.7843651246816297
2.9127361839986716,2.770118610291988
2.861062378283992,-1.2658580652984028
1.6500896347821743,-2.7125058312585555
-2.595699278684641,1.3321179212898415
2.82446072854455,-2.9468986748662385
0.6836386402212047,-2.667536318401589
-3.2924768746975666,0.8516808597007731
2.406988899587384,2.4743353051616137
-2.794428545565025,-0.8623435272961908
1.2213976250051326,-2.9239311028368733
0.9783744528971479,2.891713801464768
0.9093240310300225,-0.970401214397427
2.4083215836523575,-2.419112694093416
1.6944968618773977,-1.4742515135963385
1.4573873518871043,2.3087939083502294
-3.319259639322986,3.009961664265155
-2.7452789469763412,0.5406654174531033
0.9874927552032241,2.75954193060427
0.7695891992509396,-0.9609944985550926
-3.2533876067657737,0.34298906280210456
1.3864811575382896,1.3946501237656133
-1.41812833980219,-1.1814834739809792
0.9578259336848103,-0.7084643487665883
-1.4757577185995685,2.978959712003666
0.8990380303831746,-3.2681563405808634
-2.792486326097317,2.123593229195991
-2.3368952997159664,-1.991375900872671
2.962255363101008,-1.4547413287843614
-3.401608855689595,-2.6843990946896414
-2.7814589153470273,-1.0034527736678778
-2.4769270168377355,-1.6807630531282682
-2.386807406717688,-3.2816206458558734
1.9345738562111505,-2.800091996464513
-2.320157055130163,2.694868545209271
2.7954756467040065,3.260190657812316
-2.411193762634835,1.4122096598576315
3.5251503316184034,1.37316633859226
-1.2506297312199832,-0.893161383811893
-0.6538423168914544,-2.8462882015816486
0.48148116460659107,-0.7427753540566443
-1.2929384638108121,0.7276375678690856
-0.8612921808245975,2.4406409812607164
-1.1178097215371967,-1.626289233098542
1.1009736587182375,-2.882428470742522
2.883679422994822,2.4503539792169207
3.0310999558868095,2.7123492018918847
2.7900209070959625,0.34886781748310774
1.3068908673117423,3.8169006817581868
0.7575317989652215,-0.9278580568499145
3.3716139254527455,0.7527455733338307
-1.3349970570987004,-1.9715718924608507
-0.8658418451050146,-1.6989555184103777
-3.4592477322974147,3.3606167045200785
1.3339339630458613,-1.1905634873779507
-1.4470280357537313,-1.2537126072953144
-1.0362243280120815,3.1026376394559194
0.6788218199877036,1.3262858139897955
-1.0189338464891766,-0.9693216129470918
-2.3666019183912463,-0.6617833337317358
1.0882889644114404,2.891219707846166
-0.7213774263150399,-2.612531731204735
-3.137504351680143,1.1249335257663038
-1.0975821067765983,-2.5484109434620685
-2.5292116018251796,2.70282554461295
-3.214907808991756,3.4196920816735084
1.2966213956409671,-0.5941961621962485
2.5968324907861855,0.8371323117954645
2.6406679330064167,-1.4174667565682242
-2.9545778553062894,-0.49095116672984285
-0.5433740201916967,-2.8119902241872423
1.391216283772047,-0.5589333726309451
-2.3094211825064432,-2.87045570737156
-1.180267969985447,3.0762841539631296
-1.096769650584382,-0.830071114996775
-1.0908606003653303,1.4590668118026089
1.2428431312507968,-2.579631144535275
-3.1548624236630345,-2.9724445485623945
1.0962218888895003,-0.6699698871063532
2.349670208037485,1.0365121021818662
1.4061218661346437,1.0575879933113355
-0.7612365941698215,-0.8505250110400302
-0.5905378100048198,-3.2432359704647045
-0.8767700665545701,-2.7104980388148565
-2.8394290901267367,-0.6055718688687907
-1.8167985023594841,2.7610697938698894
-2.3385953132588764,-1.092614512423111
-0.8362045560025768,2.878775471704297
-1.1010868540727665,-1.0657788246225872
3.2330753528106104,-2.614880357601913
2.662738412986344,-2.948422376963851
3.371714929505154,2.600813999902201
0.7781863399716225,2.537866207232822
0.8338770338838796,-3.031923548859104
1.133248703239858,-2.7390535042181683
-2.4805560836157885,3.16251882967939
-3.1868927927099664,-0.49876194988210626
-1.301211962010836,1.1167682439904552
-2.499672735306492,3.1683836176659153
3.2759357482866784,0.47245930948198445
-2.766561793653104,-2.0972278179659947
-3.156992310587346,-0.9202422900664852
2.3792898199990513,2.6947196123002115
-3.5998862909346303,1.0501840424817546
1.4471496112197828,1.1289429415212668
0.690424548770398,-0.8336547343351896
1.3877996755675988,-0.7183551517521407
1.0219079213661582,3.0854104354949934
3.2754065769074705,-2.80918625082469
-2.6603838485511853,0.805143439312312
-0.46164738140081923,2.572591227692629
2.877998947716908,2.122840367511541
2.595826455257387,-1.1793424533007442
2.9480165674137497,-0.4694438622699256
-3.153663501284102,-0.2990794147998297
-0.46799724477048493,-2.9405886223782582
3.0795431349461664,-3.2862182536540474
-2.1526709602113314,-1.0676446872633045
-1.0210619239109624,-2.7222344776040313
3.2933065253369396,0.5826267850357291
0.8595021962095671,0.7411849600432957
-0.8762355856745421,-1.4846935240577763
0.9867632313837662,-0.9164761309336548
-1.5951083770348748,2.7432113746568514
0.7705366785363341,1.0546977454177988
3.144538405098461,-2.9730562721013003
-1.2597978931184957,2.4415464356636347
0.9469141945023106,-2.9179704413916383
-0.6722081596694188,0.702662372469769
2.531035033756617,2.5471981691754633
-1.0716678060338503,0.7125893147125711
-1.2913659190064355,-2.64102299029486
-2.6666441659933784,0.8875875003577849
-1.0761191124299343,-3.029663734574055
0.7200958986839399,0.3877796320385652
2.5920732620970575,-0.615742915037351
-2.550870338862043,2.7833069059429323
-0.5395534924313996,-0.4322266222420774
1.5727484857281604,-3.5558876894311617
-1.6052718090746116,0.9716392308203515
3.4568821636050444,-0.691652853027233
2.1219849046112014,2.5316833504437635
-2.6290196243110384,2.248416311549609
-2.4521256478668776,-2.740232080984221
-2.7124574932827126,-2.695948551175513
2.870529421974239,1.005626624775993
1.0137907483553743,-0.15811907565994632
-1.0351817721557681,-1.3161325602863538
0.9014462100550829,-0.2939933267694285
-2.292899556143607,-2.878652504517166
-2.506727051533723,3.009676448716059
-0.7748524474499645,-0.9193069884703167
0.5344310588307657,2.6631774125680265
0.7976729542233544,-3.1324341345086597
-0.2811604528553674,-2.992019382379288
-2.71234470078144,-0.5885091017406429
1.1609507173689164,-0.5440595848601756
-1.0769138986678168,2.9715089595465707
0.9907850215332319,0.9180867169361764
2.4010974976293062,0.8790921928692152
-0.5325699818322074,-1.1115004352192541
0.7786261827432197,2.4581020554416337
-2.140110727161205,3.042658028321871
-0.9789819234870778,0.8497990723201054
-0.8448427098220541,-2.53458690273639
2.651573371172293,-3.5839480214692636
-1.3978693383642435,-1.2455529888119348
2.8282836734175727,-2.5566219497318197
-1.2805315043196899,-2.6027182115198584
1.4194882535448063,2.776005677372216
-2.39518574534582,-2.178354811934461
-2.739442341242667,-1.362951870416822
-2.556638152559034,-2.6133720287659052
-2.36713692168588,0.9233740418822389
0.6352139972572355,-3.424871936813618
-0.9058393659918789,-1.4036558262226955
0.3543711146306214,0.40163120182339185
0.6671167059813097,2.7701654213634015
-1.0416226001574467,-1.0140560858690462
-0.8595945998305401,1.4877740792665828
-0.873778614504963,-0.8180169729705025
-2.9853690293059847,2.7587642490275868
-0.671501131237531,2.531511392669918
2.9550041957849023,-1.3070270172393967
3.075651158182054,-1.3357525844542044
0.982422842381399,2.558571709780913
1.880771347863237,1.4898574438311425
1.1781288800234422,-1.17717028129899
1.0715360280984423,-1.2298391735330831
0.9925902088753255,-0.898601836058627
2.757544871359307,1.413154869118184
2.806496043404271,-2.6728973681771406
-2.490172311443239,-2.9380511450954923
-1.393343755807011,-2.5821641210389585
-3.037756596932203,-3.744324386376261
-1.5857515522616634,3.4124238732032004
2.7435081044588556,-3.4070476037642288
-3.033141486147023,3.075976143260279
-0.9311774481316902,0.6328745787812695
2.90639859692127,-0.8395859857218716
0.9777277530099289,-3.3873368876537553
-0.23405074455470723,-1.0278195961720253
1.257416420720053,-3.0195621393721774
-2.85436902690381,-0.8301514966774493
-0.8164459121791922,-2.8228322474554695
-0.6070516835603287,2.348449817092624
-3.3530909900718275,-1.1910734125303544
-0.7552025303719626,2.6538163017408545
0.7487749020008195,0.8941510049769469
0.5913691474787001,2.8029941197718573
-0.5739206937336504,-3.153942123065053
0.49630068196611976,2.481556548836237
3.2496607103999287,-0.9102162935061996
2.395147480584384,1.9385711959063854
1.61735102536814,3.263887240908521
-2.7314203871583715,-2.067056678884558
-2.6682853829515,0.31955434425808094
-1.156014125069964,-1.4570902174637061
-2.6664107141695457,1.1460303030973757
-2.479583545868725,3.9057727709448646
-2.8744365228423066,-0.2373685430967096
2.749577639631429,-1.6155968198394048
0.7360544124148194,-2.5199436465186658
0.7303239288169413,-2.918585516305416
0.6976746262392356,-0.7352087659189366
-0.7174486645853738,0.5204968980856165
-3.1911688985807216,-1.0071647547849094
3.233139659145867,-1.2546536510616348
-2.9665735616571967,-0.7578127757994313
-1.7216663141478799,3.172145225930642
-1.0708145948816312,-0.6835733628294236
-3.3103679697720025,-0.49055173635862465
1.589912179029388,-2.778801699720247
2.760592680812351,0.2860964349428324
-0.7581654010246649,-3.0872294909770446
-0.852994735427768,1.4182913387955653
-1.0765216289351376,-0.9185242426177853
2.946679737704485,-3.1505007494954715
1.4041524054928805,-1.404234523554261
-0.4453763216104963,-1.0098563044346789
3.2704762845536326,1.9906813058420278
-1.720173977878894,2.7015977231807766
-0.7909052476130366,3.05824169048418
0.6543962646441567,1.965248207233221
-1.0655339320519333,2.5748095757206517
3.1310463280998344,-2.8110869548250013
-3.090898847770345,1.4603318719579537
0.46007755411687634,-1.08189334877726
-1.3300499046921725,0.4809543840345381
0.7744008230804026,3.059466715013747
-1.047361176007758,-3.1156966983520498
0.7660191809737491,3.213623366256776
0.7020009935989988,2.5192029103650575
-3.199942759253944,2.6659319913213255
-0.9142939211764012,-0.705478578164012
0.3653094667309538,2.2177988218703595
-2.679021487927282,-0.5332500518064492
-0.8416774842055517,1.1232725930516774
0.32736371667516034,-2.548300923443633
-3.4786017848644883,2.4596087880262987
-0.8341694014996643,1.1543359911964268
-0.5708729153484053,-2.838175963770417
1.2040567515241527,-2.4344640061163356
3.0244057966140327,-1.192963183075434
-2.8757163846297007,2.7381663476085074
-2.664611685449282,-0.22590237517775108
2.8077315110282277,-3.411872277255384
3.273002356833994,-1.0440876450093102
-3.556500001399777,0.84920681334455
-1.0330444445972913,3.6103431688625434
-2.206365726592407,-2.2004839498691373
3.023720206156651,-2.5812021824726075
2.9894360635460395,-0.754307889743847
1.36109584935332,-2.7848250063628885
0.9822918662239619,1.2278671455131371
-2.7180252846262376,2.3331402623804167
0.6475279173884231,2.8365476923536708
-2.5805905489779377,-1.1580773784860794
3.052177237189741,-0.21941818261279694
-3.2310400375425523,-1.5079595809027966
-0.7771015828882385,-2.9492971640612047
2.262841778562646,-3.014483929759846
0.7612129354036162,-0.5509460585479434
2.8899981462421245,0.40202657517760865
-1.0563383927217604,-2.9843086161490873
-0.8554906395368417,3.201664910897434
-1.0161287702330963,-0.8048960760906614
-0.7750266855460504,0.7181174522550565
-2.776294917058286,3.4164035148866576
1.2605056440675837,-0.9670624922488491
3.0395330504847093,0.6909292976396534
1.3240292831290825,-0.717461220872699
0.9896962417328328,-1.0176791314163118
0.8843004098333835,-2.7616952517183515
1.507318007024202,-1.5304907630001094
-0.7771226306779291,1.1838034904440906
1.157603247719294,2.658038611713807
2.4434383887273907,-2.7269543344854674
-3.160516317888233,-2.607311987699732
-0.07199652561644845,2.934797259278059
1.2097089462173491,-1.1135987827102107
-2.999213079782801,-2.630840051685236
-0.9473365206992063,-1.3862377244759396
-1.0232323003665091,2.4955395186863445
-1.0607263853161628,2.145603311834564
-1.3854164454958164,0.8045278359170285
-1.3770364808619844,-1.6453178104215413
2.9618507213391463,-3.309022121215506
3.066617761470859,-1.423657258514168
2.659623521389222,2.988106281044676
3.647059606173768,1.2664946953013971
2.276346302717526,2.283157867633505
-0.6110073149558931,2.9102055231685906
-3.246639594210454,-1.2356414745206508
-1.090373498105133,1.0407520366882277
-3.023890103803455,2.72087573499754
3.0356593042618285,2.5924680788845524
2.990170325186125,0.24212018705931249
-0.6078246306310705,3.2627336011712758
-0.7326503627130103,-0.7683134579420117
-0.3390866654876254,-3.292460879326276
-2.605151152304337,-0.7409850948720298
1.3446067728915065,0.444628962302263
0.22011844973462732,2.7989675690592937
-2.377570259629505,3.1590560385761646
-0.6412783760800874,-0.5466807143075834
-2.5109531695913723,2.836465282076498
2.370171582334605,-2.8356079587940197
2.351884096865882,2.168851484021936
-2.829065946678075,2.7444119752856193
-2.3686253669032786,0.5039865450195985
0.7162834707474177,3.224004016489613
-2.580174906593266,-2.794598699151461
2.63949963314922,-0.5701274966866423
3.112854185875709,-0.8993419818315426
3.398452657179935,0.05777641317355533
-1.2424130671902216,2.8200600189617506
0.5218413153118373,3.5167288553548293
-1.1572216574761123,-1.7102613020270854
-2.957525558021271,0.7614455060070756
-0.9006337847995378,-0.673439691687776
-2.4810252813229132,-1.0588589531427348
1.1264703563096605,-2.4153213035003773
-1.003102768040199,-2.5326634071914675
2.9001086150941044,3.2936660264419104
3.3786191281736317,-2.5520592730303835
2.855382805714533,2.771083929618284
-3.212429280010563,-2.226158061176848
3.3705649871945487,-1.635341674779778
2.7494601872832267,0.5551396586697384
-1.7486799121457413,-2.467737569854408
-2.462794811814171,2.910950767418045
2.471770916230927,0.5767053514672504
-0.48412803378064717,-2.390491885283925
-1.0377709574098315,-0.8873510409882575
-0.8862776143493877,3.1365734064077873
0.899017304370436,2.795263579881557
1.3611331635401056,-0.5359097067010193
-1.7135232657723167,3.613841970034049
0.67464682982207,-0.94226316450888
-2.9441438087010625,-2.6557702019472718
-2.8845330876654804,-1.9690450756728342
1.5215635535136318,-0.6717948302648669
-2.5735486909654606,2.81420396333795
0.4940287738378936,2.157587428159907
0.29124132646193823,2.7082952576476425
1.5673336137490104,1.070205040095573
2.968721439398191,-3.1359270315997336
2.557189192896253,2.561839268083833
2.63531413326116,-3.0296752956742403
2.5381711501034774,0.6557014293500744
-3.119419906471573,-2.5984167679885686
1.2284647738594385,0.6831962308246597
0.9797317858428662,1.0798454037295313
-2.993068144580374,-2.925203451176833
2.759737308171253,-2.608818796101883
1.2614893307479365,0.49434792625597757
2.82011998157784,-2.811001947942086
2.477715430176801,2.3094273904498492
-0.5985413052195487,0.961614960907668
2.8353051186093263,-2.844117122886964
2.8520479471893996,2.978613462582688
2.495155437356671,-0.817162914996833
-0.7019346801032934,-1.1162450246809015
3.1072891271740244,-3.1178887784227274
-0.7330727996295368,0.5809902456150181
-2.7619749691186497,-0.6365064796901346
-1.3283552693366356,3.0652638285231073
3.2087016650828657,-0.9109024735719414
0.8596591127875538,0.3860437017814644
0.7721932494081738,2.5406603617193824
0.690088880314838,1.3037465023352879
-2.6815009816148505,0.8935710423754077
3.0966729513974536,1.3621346798834186
3.3158376732148525,-2.5476841762822584
-1.2439711053684375,-2.9626937466266696
0.44713186680435085,2.8198963703743933
1.8468200277125946,-2.6201098667902833
1.470652130075175,-3.0554941241238827
3.0560312327166055,2.6829061028515477
-3.1082810171772124,-0.3164921996504907
-0.6854975185516171,1.6851214743128968
3.0728036134631878,2.7049873076281554
-2.6957184944688977,2.284524879862215
-3.601174150236741,2.4281805050177208
0.2650272552574743,3.0063013470509174
1.262610321278043,0.5938771003870073
1.387073334287627,-2.9710241717502135
1.4993694366042607,-1.0577208868463932
1.0450946597184387,-2.2111522550059686
-0.7033491251022812,-1.078270044313007
3.5984330362060444,-2.5105817530933807
2.969264707158361,1.2084460757196251
-3.149491095839125,1.0240306717730185
1.8734775865451305,-2.96298788583321
-0.7679073626804467,2.6696038162713203
-0.5000508609721265,-0.1410851473822472
-3.1382893337078985,-0.797753867289405
1.4169039895805537,1.5906053367791368
-2.9258711927748102,-2.4538679839613877
3.2219664223332227,-2.7211871339179377
0.834410450153116,-1.2224402774019019
-2.6252852510476443,0.8439572180549024
3.4783159581184013,2.922339575520357
-1.2457833469959898,-0.7695507308612031
-3.596879231802541,-1.1083049072707563
1.437224571408982,-0.7193887166649349
0.7267625445397907,-0.9591500040270194
3.228113223036498,0.8607476525772964
0.7648328687855475,-2.636287609280597
-2.756838612119863,-3.1856364977665037
2.51146624803878,0.6292162443871286
-0.7156459004133101,0.8252288525059652
1.0778382518243006,-1.2648681114962368
0.395745445484832,-1.105320412286465
2.768460553240526,-2.8278596253505106
-2.330361065680398,3.2706935606449297
-2.6258211122949393,-2.1478293810436786
0.6310403740847924,-2.9215311917420017
0.641773990027438,-2.3487171456631075
-2.4134289640597166,0.5771437675526366
1.0003774495332702,0.7660579754748491
-0.7798496227491225,-1.6325933884206176
-1.2073686555076935,-2.287587517867221
-0.9466913118289983,-2.488207247785937
2.40118216623214,0.9427919873979369
2.775149700574758,2.3956721408598605
2.893624972711778,2.420288230675132
-1.336095655047197,-0.3818070651711881
-1.1772915254998924,2.691252622103712
-2.6324195642766646,-0.19488539927310986
1.4004810654426993,1.2158586963052629
2.9329804405397497,-3.288234270284065
-1.3409726087308982,0.37298688287052395
-1.4356875965095763,-1.980135845458826
-2.2597488874237515,-3.10074898197136
-2.5145971477448157,1.007263232354324
-2.6369860143857418,-1.4557165538446337
-0.610956593000585,-0.9171510637647944
0.9352672128851647,0.15262554352953414
-2.741281484342892,-0.36980832607305014
0.42082645893892784,2.8675010585301246
2.598068779306901,3.055707471623205
3.7673127363419203,-3.733902212445532
3.0190397864673764,-1.6113637663188243
3.1195137023404707,-3.155097181086322
-1.1179628614206665,2.7229794726762147
-2.3988202688484894,-1.3111297040841752
-3.651813235876604,2.7263980726394177
0.42168180165168245,2.180900927430733
0.12862712694902398,0.7235539097407474
-3.1331994683465507,1.135114119014167
-0.8858915197875141,-1.0810108940642136
-1.4838704631994177,2.9232060795864085
-1.287161918171646,2.962169208309081
2.9424104103628324,-3.0852781295888367
-0.6623838284758603,2.320670082532298
2.7336825609547195,-0.955802177249243
2.917863454883343,-3.2300643148182577
-0.7988946364035968,2.7423633594061245
2.9625579655792897,0.6147257946374659
-0.5890786335355785,-0.48542832491379195
0.8294249601459425,1.0395687093669557
-2.505426618205423,1.1601759107126353
0.5704462829465946,2.4481629210343727
2.725753266870119,0.7646930075958606
2.5051417229505692,0.4456476890897901
2.5289933428935183,-3.286417883560635
-2.791948761525482,-2.4737890594589684
-2.132867875936055,2.768588912966798
2.836660180167617,0.6976704595460959
-0.3951275437372629,-1.318517755893947
-3.9776628019321296,2.8408014612478056
1.1431178014419168,3.2259002938622396
3.772069346492382,-2.5364351242911174
0.5918421860237497,0.6336478850307349
-1.247980953377299,1.5919212678275032
3.266475170415834,1.1025379368489963
-1.1388789063800275,1.0658293174150848
3.1148726634002073,-1.2987826913001606
-1.4249760155824893,1.0201012836104801
-0.9606670300570793,-0.1965836350256538
0.8980091447283277,-0.8045796607781723
-1.0043605258459083,-2.834012719418305
-1.223987455499478,1.4804274826732589
-0.9508762810083838,1.3662493104960016
-1.4037060128806818,-1.2232097419640562
-3.0039901102060234,1.3899078414497534
2.6801130116082823,3.260432350092572
-1.4306922954251304,3.592766275178089
1.1264261266600168,2.060649485682606
2.2631167463581496,2.3782769522105225
2.4363510694057378,2.175035885071372
-3.570894157862941,1.7442729037164009
0.5820554716831247,2.5417196009339458
3.4427968484830775,-3.547448387609322
-1.2879806728759042,-2.6686662868539517
-2.9502291082432164,-2.4122370569143903
1.2709953019654332,-2.137716040585199
1.0858181409688696,-1.018185158007859
-1.450864652045844,3.4064556886575894
0.5582042218525749,-0.6601328403934844
-0.47509460819668026,-3.1310091209333484
0.9667557443042687,-2.6813872188990393
-2.9032559697676974,-0.9124693702491976
2.286790029288785,0.9108448780472713
2.65846917614207,-0.46753840104031325
2.8584750416412357,-0.6602546375709788
-2.5360566580578534,-0.6788106981178782
-2.833168801257681,-2.5215675256460046
0.747720505358167,0.6212817741459956
3.4775718868555305,-2.5154820387732464
-3.307597696522034,0.7264979103644362
-2.693964943938792,2.834886992387025
1.007193508509078,-2.2686474243193024
0.8471121785374053,2.7711760887651415
1.274290413046566,-2.630858332343817
0.20009769626071064,2.630484655468867
-2.964190098302654,2.7174668280895142
-0.4507020010442867,0.6826242183243788
-2.9451353272158376,-2.6345078548462033
-2.6510469702569575,-2.78600586801506
-0.6120445142377816,0.550815079168228
-1.1974033543075673,-2.3847090323268834
-0.5357689186975227,2.5286102466038067
0.5595071577234562,0.9055723373536616
-1.3905311554068236,-2.399983779804676
0.8463422007592796,-1.0380081963195313
-1.0328658797786747,-0.5587878253732884
-1.1635437071514232,-1.2706788087609586
-2.793791603708527,-2.169300185268393
0.051183525424284004,-3.1230760238869646
0.419323317488717,2.512143243745358
2.7311684282230235,-1.063222870660961
-0.6153099483821074,-3.0042824644468613
-1.0344539647576145,3.008907411729013
-1.9479263548323726,0.3201427856545578
3.0012859726281733,-2.9596333753457413
-2.9575874291443105,-0.9194440367585884
2.7156424086386877,0.9881103426444395
0.7910377166049503,1.2067929377240028
-0.5121998899816788,1.5323409900635063
2.802375136588206,0.8890025475400035
-2.598318247450485,2.8090911870360897
-0.9025085589643489,-0.9725996695180187
0.43900487526840487,2.0832635631532392
-0.6567634391590437,0.7287284818239527
-0.7882986469731018,-2.990186577548333
0.8205682598816805,0.6026555095227767
-3.139635991477684,1.1206555560260412
-1.0459975437016207,-1.1524583090421363
0.4113056230558643,1.3472533362563517
-0.6879635948777904,-2.721302288786661
1.2654516523562627,2.2808412012191623
2.4407729271221004,3.9698700837858856
-3.1288889372114204,-1.0171821076551812
0.7689798891706376,-1.319628015251741
2.1770700603319355,0.8355797474954665
2.7591537163176465,1.6971448688022395
1.0835266195891216,-0.9488525721915289
2.871513286224761,0.7587786264565343
-1.1507197245423246,-2.825005716216223
-1.0344790819223928,-3.1261023015512763
-1.974326548890345,-0.7778181846184545
3.354130937199324,-1.0003794164508688
2.219936384333865,0.5596581851281223
-0.8334875286589347,-0.7334601444870675
3.1079023139570587,-1.073472452969612
2.423912584901326,0.7383531084357817
-3.0473043499063888,-0.780136884016285
-2.6103798103482325,-1.4539626815016764
1.6877370671447227,0.6288909376761215
2.574721596072477,2.8958438207866237
-1.3594040410777846,3.1848209898201225
-1.9568303272445486,-3.195243529277311
-2.5016572639010803,-3.0470546777732266
-1.0432208432566987,0.5608040329512263
-1.137362550063775,-3.211168619305218
2.5406082670852244,2.7754694912009827
0.5071818118012508,-3.4642257555703773
-2.7658687920309197,2.890442504393462
-1.2705157497293988,-2.6442634762249244
-2.7934703164804353,3.098786279837009
0.06279473106550873,1.3340210046997771
0.7620311301025854,-0.7026846549671871
-1.190994825195036,2.822073021177625
1.245671286394641,-0.964858999948591
0.7848799421950043,1.1723086946489567
1.4795240539464836,-0.838654000586472
0.5370524733120301,-3.0950437348415534
-2.521456603365117,1.288579655243091
-3.28204793379157,3.1261296727911554
1.4678813661134102,-3.4184402166058105
-0.594636884896101,-0.5962843557807024
-0.9948146963540426,-2.848189380684981
2.310820744933105,-1.0148827514977266
-2.9704199399823445,1.661145018699996
2.66958724757454,2.904596388316158
-2.767381643746682,-0.9788501165903375
0.3273759229311184,2.8407996843780587
-2.8439365075308385,-2.5353222889829703
4.219274650473473,0.35552152810289833
-2.9023403609193674,-0.6750599710929485
-2.367616698310447,-0.8252028952631727
1.174797701989552,-0.7099024742163587
0.4847748107612445,0.7041141326355018
-3.0771840850731507,3.251065648667605
-0.31924481457683634,-0.9092532594686974
-0.9867916422142785,1.2668940501513113
3.4097678090053476,0.33255883682300436
2.6133423181021134,1.1592941549953284
1.0027491954371348,-0.8208300304906063
-2.732623970584588,-0.72381833455936
-2.9115562642578574,3.142294149735363
0.9329695102293364,-2.869069696779701
-0.8398151124891957,0.8214459090110853
-0.8461623935716904,-2.684999457029564
0.6709945743213211,-0.8757436424944948
-1.5104469697143397,2.5589146771700553
3.0193057069582925,2.513701826437669
1.120575600118705,2.182402224267899
2.736215524099281,-1.0288968810448669
3.0954683067492015,-0.9501379729465721
-1.3700888813763854,2.4716558557626693
-1.186631992505181,2.3546464003412524
-0.8502186485906392,-0.7358022180430801
2.017130965767086,2.782430825588618
-0.9593392094155495,1.1449522457039973
-2.5144901978944674,-0.8392743747661793
3.098884157193414,0.6209280914058044
-3.5984044732229568,3.0869451457171655
3.230540386920075,-1.0596307233103168
-1.102862321037949,0.8059880103746337
-2.9948054708990606,2.2593549886106796
2.9585035591652957,0.6637009221733109
-0.9261962501651484,2.8352836062768647
2.7818311954958452,-2.5247213127990276
-2.785444775012345,-3.001612852524939
0.7106948965994835,1.1864027443605876
-3.2551093906146833,-3.166969225985634
-0.9786260640645812,1.3154122625876525
3.4462727883436077,1.2501483875411723
0.3150458405057083,-1.2570023209718775
-0.28433250450253666,1.2709321946115164
-2.922595702517832,0.9929556575246689
2.0060286228497337,-1.3328943158471573
-1.116411033340778,-2.6518123607891684
-1.476797282084722,1.0193761413745124
3.0612197226884184,-2.914581505504466
-3.0758137314421323,-0.8966754253438861
-0.8191445119325284,-0.6211295110439531
1.4741220319267125,2.5087391583336403
-0.8707002500818142,1.3166430580144481
-0.7025643007897863,0.727087673927579
-1.3750460989085027,-0.4686511789014472
-1.9533987638384744,3.2081465383857624
3.0036874670132723,-2.734158183074452
-2.639644907063308,2.2101164696150346
-1.160479719736747,2.688700537973897
-3.044086589931701,2.7956255011604445
3.1681985863780113,-0.6943771637690498
0.7476224308569965,-1.167253588269342
0.6134996579253078,2.8238631886415835
-1.344875729083099,-2.30436362157873
-2.5153698086585843,-1.1910423409061317
-2.8186014208580707,1.3314581031010504
-2.181769455864116,-2.389946448695864
-3.0029535063316906,2.2554587989515804
-1.140384209621671,1.599138108693854
-0.3917664994668676,-0.5816907928220915
3.34150885183366,1.616242075282403
-0.9778417042264435,0.6267118496273297
1.0256298007508198,2.978371115570572
-1.5986033778971696,-3.137475041118951
3.3202222935024928,0.8561603794956847
2.8253493659565714,-0.8901103896078609
2.8337252917085616,0.4756657576444187
2.847962936778488,1.5622191993755714
-1.1564807030386577,-1.136961486313546
2.7174143470494925,1.450422450515476
-2.876140643653543,-0.8952982004689961
3.073198245316605,0.8773321024211588
-1.5990890726862155,-2.593365626563645
3.4828610944879674,0.2057320777381603
-1.5415429725584413,1.6759768437223121
-0.6319694826794025,2.467173243329804
2.3021370892662363,2.989965982175623
-3.1059601800923606,3.264887365700162
2.9494485414507023,2.601704326360822
-2.959326253452341,-1.2178839183000179
-2.8654324733275325,0.6864171144436637
0.6960521307596633,1.1336839933033758
3.5734551948347053,-3.1125193964031426
-1.36758475856764,2.986765614260199
1.4927786351636463,-0.48336736658783847
1.0740603978274739,-2.7443145630597767
0.40398810778091765,0.04033513793721911
-0.599623561449541,0.5821885661484156
-2.8747341461431333,-3.138564501489467
-2.912364692426503,0.7303749709825257
-2.0470029823297233,1.5559046351959043
2.394334242738576,1.1879588263005916
-2.997879676837087,2.370334550821757
-1.4116244978986232,-0.8030270686552615
-3.295616902438922,1.7300325402306431
1.354819163611118,-2.5696623103608354
1.1953594114771944,-1.3902770488316076
-3.2270115151863616,-1.3449444352953694
-0.6431453731432227,0.646246433892691
-2.3646239925873664,3.345810616681152
-2.209386999692559,1.2054498445915995
-2.90838672336968,-0.8038073124975654
-2.780332428581821,-2.999813002559772
-2.7540286993444254,3.154402469176554
-3.0414607458516136,-0.818975036195687
-0.9180040403500378,1.044125105303275
-0.5308889281439981,1.504407525843643
2.839182528347063,2.521243973152973
-2.8262601713294875,-1.6524002774166626
1.1846356528455635,2.2683337342639853
-1.6741323625635005,3.184267606856853
1.1093000392505257,1.1243128383156364
0.47251973062143376,-2.1902954310490714
-1.582666666175297,-1.1221856995991646
0.6791779132324552,2.739470990727272
1.1496359135696428,-0.7415780905759207
-2.6306651466240605,1.6719503605207724
-2.292720889739031,-2.3749020097853784
0.8735859832470293,-2.9132309339890474
2.6450514344889324,3.414156588196549
-0.7226486159627394,-2.6365069445875626
0.48245623398922827,2.863996394741061
0.7026300193663053,1.0481263948575397
-3.0567034257054306,1.1248800019393386
2.772916544890155,2.2705543713949266
2.6133797962207113,2.15394894590433
2.9569885074773774,0.6217242889719817
-3.5669457553271275,3.593567119370546
2.7542452953880168,-1.2395720859438983
0.6284816779636648,2.529974324109085
-1.2713654506813874,3.3317459418484527
-0.6939466870662088,0.34883811962952066
-2.3823553316984354,1.538030218633549
-2.3741192820019736,2.645850275018244
-2.2176259247564656,-0.48301108055486736
2.9035074877802534,-1.1288470942909552
-3.4361091039416976,1.952668347768865
3.3161594962788725,2.3062813742995965
-1.067228879516583,-0.7013577338377706
-2.4197677180113044,-2.9049563020823235
-3.4992046141094106,1.3053346392945
-3.316426057708798,1.4352269799068955
-3.1946619092923005,-2.5531458783696457
1.076961321478585,-2.5830536614619257
3.250788777562015,0.8957725320178153
2.5086739202358137,-0.5973139260453797
1.327295234715385,-1.457691309091793
0.8384307836416245,0.8655831433522362
-0.6288133010885596,-2.749414960906558
-1.891662517617648,1.308695674218702
0.46374877137139,2.7231296188038936
0.22280204918891872,2.3738406946363244
-1.2425159673749915,-0.47516271084025796
-0.9409444954602907,-2.844296700681581
1.2151389921512201,-1.102914879183823
3.030398574248971,0.8553467451319378
-3.092031917031445,-0.8597141838193347
-3.0960339948398934,2.4266041392665185
-3.5818247629673805,2.654200480687386
-1.3383278884278178,1.2035296376080207
-0.7985569676019555,-2.493376249824916
-2.9640048082692356,0.7931836972084167
2.9619352035815956,1.3444584717457926
3.5572611822818487,-0.7030717960047748
-2.3576514336363674,-2.3083367142380324
1.3091960556449547,0.9789128130381923
1.1925537993301334,0.8702786280955304
-1.0801567863010657,-2.6348163730430585
-1.4697137259309814,-3.259151924068854
-0.7795973686962671,-1.0243309754477952
2.487238376100295,-0.9091100819259943
3.4138068315958687,1.1066302650416595
-0.8838361796252494,-0.6309566558628183
1.2065207525040151,1.2709354306509475
-0.7752069082934412,-1.0266696750017779
-1.3759193187130436,2.3894081232249342
0.6582470979083247,0.645390720480865
-1.0391373639988268,0.7723484384877635
-3.479661809313961,-0.7581839350539976
-2.6462134987952473,2.632482304461777
0.6919733264522563,-2.683439555640894
-1.0510232242701203,-2.5850327709341583
3.2184240833050572,-2.2755772811020547
2.5366000141829175,2.5992687850615015
-1.0168119243676883,2.8711243341098647
2.149962074688805,-0.9341366139774665
-3.043403590721708,-2.758965694386021
-2.778004808611957,2.609416424072128
-1.3257551204716707,-3.1273660568173955
-2.624644489695571,3.045664596293609
1.0000030999256544,-2.2054083239627307
0.9681082425991462,-3.0643149289767604
3.541821796896274,0.5462521961461689
-2.668137637302452,-2.5803373332770287
0.3567116851028081,0.08407606230625222
2.771254270584441,2.7518128283448298
0.9332709976510016,1.1300065255827554
2.5745406629414953,-1.1761692339493073
-1.1223875160283967,2.8910474906582424
-0.9231945952890254,-0.7995088261523955
-1.3648170303485272,-2.4385214845730405
-2.252894216084036,3.1325307012309347
-2.8752849102278746,1.1882782244846142
2.5299349694120004,0.7460693893100406
0.8498994198329406,2.601295445816801
-3.121087839613335,2.6566475768496973
0.8696894102209023,0.7136573714512137
-1.0470988394691279,-3.180481876219848
2.6993102474505477,-0.5784448416639842
1.163388991628606,1.4244928793770641
-0.7516608637536383,2.846902545056122
-1.0248254191274673,-2.4317221087335716
-0.8304790172133288,-3.251485358834998
2.3909767135024262,2.7557503860804315
-3.290705548174194,-0.9706669085503806
2.5621097203599965,2.5785246582668733
0.3612865084386955,1.414844397863213
3.769159369892014,0.9739321352598022
0.7527415420109792,0.8121068645679518
0.8908744452953932,2.510822645889058
-3.2502004761550265,-3.1136549538366216
-1.1435845594278122,2.5533784535500565
0.15844217246209255,-0.022658301109488146
-2.0502287478498276,-3.050616974580373
2.803925219091984,-1.077805345239402
0.9776566054603232,1.4817271039034612
3.043845025207775,1.7539416583489444
2.9626134711242895,-3.3354729795860956
3.0417772878148606,0.860238767644863
-0.45007311831811336,2.510250939258913
3.1572613201137103,-2.651615936840863
0.9262462120802799,-1.0305521901805705
0.43812468512220004,-0.9384532227384798
-0.639359108501092,-2.7203843953420748
2.8160630691340125,-2.2055992455162174
1.3653246619624981,1.4113156085892344
2.8542769601792317,-3.4028335032836394
-2.00672188815737,1.002886907552997
-0.6820471085154397,-2.0749614679438366
2.3157345239858884,-1.2061423197889933
0.7360194132436901,-1.3887824059251546
3.1135540866094145,2.7010924628438167
1.7373162906035249,-2.6042171550787434
2.298451708116684,2.1315524470561296
0.5745030122547565,-0.6217274210728764
-1.4559049120302903,3.203481862067816
2.7129022767097584,0.3881335948681341
0.757012030324212,-3.5986045181405357
2.505272521060676,-3.6760048446780673
-2.168941831192906,1.5372117429260563
2.7756609536238086,2.7376873126759116
0.669187249849501,3.059733183463711
0.6782388010311723,-3.042694328649943
-0.4844873092711944,2.6794560188865804
3.2560507475657685,2.4600533114341645
1.2186517972131206,-2.3393213343203643
1.1931364974736562,0.9085002011783606
1.308326150802474,-2.7662939386976784
-1.1940002754312726,-2.7742556321980443
-0.28537190792455874,-0.9749421075764706
-3.035111808341319,-0.6994439966365742
-0.7315439481260073,1.2797750225532514
1.2775874491051311,-2.627161233037738
1.3423082997590865,-1.2390359856732605
0.9981462281907074,2.714418178718822
2.6086647381855186,2.845469942406153
1.2412077925625142,3.423102724132894
-1.2274612177327033,2.4394759271750197
0.7753668286111522,0.7913835415708581
3.1106498798038857,2.1376333939627976
2.824010218478517,0.9425486918949653
-0.799781395434746,1.8177589904049232
0.793949268529247,-3.0047119230162487
-0.7765826890660816,-3.0299774572125537
1.5877295542448409,-1.2454957840714764
-1.0578007702238141,-2.8840666340879713
-2.531424384358145,-0.958066159125445
0.9614078548544653,-1.3767402809554612
-2.5047024764839527,-3.241638814507048
-0.7625018523945658,2.984732390468667
0.7149463888321391,-0.40816591965454524
1.1221521481936747,2.261547515809129
1.1078810048441223,1.0171205999643893
0.763747951877631,1.0297845961084964
2.658828046008921,2.8122253704521154
1.5551197123584322,-3.2718309816673643
3.8559241362142824,-2.6754887698574654
-2.603942924003333,-2.9073160553691797
0.9238835631867361,-2.808564816604582
3.4266496304062017,-2.3175709845498744
-2.9923378734185695,2.4099232560165524
0.9749831205153334,2.841259741174383
-1.5562012981420943,3.4032799779362484
-0.8921788190881452,-1.9029241019674699
-1.2720517964264737,2.6508177433715243
2.5432889022281087,2.086464024428176
-3.2289570221108526,1.6229840951089423
0.9617631833466931,-2.8997284991450143
0.6719573783124387,-1.0588234044969795
0.5798381390659603,2.998711249642685
3.3233194694975077,3.4003347908072743
1.1776054311885218,-0.6458699386760152
-0.8838165200676146,-0.8442826354012724
0.7821473213907852,2.2525229103571163
-2.938097670781219,-0.4876949231670012
-2.675416352542142,0.5947890962277976
-1.2388775493862765,-0.14215554048029655
-3.111790654494787,-2.68442975637278
-0.9924454999645923,-0.7276643337338808
1.2846528155737955,0.9288514934645673
1.0785958142657148,-1.0335327573843205
0.6632442562808514,-0.769466280332164
-2.7743257856786605,1.398871997598592
-1.0044857589234217,1.9922239517580114
1.3457686499762607,1.2601938883737713
-2.9972877600682817,-2.8226871414338
-1.1582118133544188,-2.1735729051274184
-1.5719555524941322,-3.1697345031580633
2.8083937768341816,-1.0017497909686184
2.9699674618473053,-1.0036207360207634
1.0678801664385675,2.860704460400782
2.652756511241944,2.598438186860775
-0.9188271727932232,-1.9516068410795555
-0.6984803599840038,-2.9007769175281473
0.9550152868903025,-0.7287017558795719
1.840603653100263,2.839549143577621
-2.6945115719864963,2.736801520626907
-2.6479832293567003,-2.5366388427109063
0.9032783700408064,-0.7007313538270113
0.8053313608366419,-2.746446410676335
3.7416459773214337,1.1922515577493433
0.5073638110945144,-1.208658667082573
2.736006923045338,3.07763773017637
1.3125411967875906,-2.229191287385619
1.4280209249976499,-1.0247085898016948
3.0919115370755814,-2.7627970388254544
0.974467845389814,0.5085924974078171
-0.426063517734315,-0.39876779081801955
-1.6162876158276824,1.9437047923362818
-2.247577320638956,-2.7332058198353946
2.0683283136592863,0.386309274332629
-2.861398516470998,1.1915682636332166
2.793899438410206,-2.860854163137461
-2.9444401538745604,2.3451252120176926
-0.5734310027089651,2.796665300958278
3.0054435905001315,1.3652532683974279
-1.0337786404904856,-0.9222987501707284
0.7918909560744579,2.8456379186033747
-0.8847420136109222,-2.987770836138412
-2.872641574278742,-1.4673091319640277
-3.1187149778156495,1.730718073195663
-0.9974706880105458,-3.073866567053704
-2.993333039858034,0.6343700296725886
2.6413076896071046,-0.13865808424739318
0.7117374771236805,2.991149427161874
-2.8232243212795725,2.765739212091326
1.7881447608828216,-2.69920452893876
2.8243174875169577,-3.2906172079585
-1.2215810206499498,-3.0198216082959033
-0.9460810696568205,-2.342100451966388
-2.5230392924678724,1.2591021627605294
-1.6489621194053274,0.29002516037617615
-0.7893624390344104,-3.1125245030950683
3.0640509250698633,0.48887667185406125
0.8337297298768805,3.2415306585755417
-0.5758504528893033,1.3179652175532537
2.959634154298058,-0.9149152231428983
-2.425347308653151,2.712306909279396
-0.3951934764247357,3.178812468280142
0.8029245756376721,-3.1138215317475004
3.0338627223883856,-2.9512602924750913
1.2320739826329798,-1.5220666336873783
-0.7720566419917477,2.971596214427916
-1.205982168463326,2.651082130475567
-0.6240695075305711,-2.914696822003885
-0.8585853874223729,-2.5898129245720334
0.95604271404548,3.1132706782082753
1.1089491380800807,-0.8344070148861475
-0.8933979956524464,2.753345951703001
2.9214714455103072,2.415976352680804
2.5781564948748437,3.00991648370571
-0.2576900111596269,3.1439537618364874
1.2970753771876093,-0.720725419774072
1.4229606414889797,-2.7415174880012634
-1.3159221186450718,0.818975467497715
-3.1529939169545744,0.9704031233994983
-2.287218404484734,-2.6551364072384067
2.3036607622327137,2.506631002504408
-3.087109689281118,3.173674906717299
-2.821907454988184,3.298254187462016
-3.1779598962639466,1.5104419523993629
-2.7558307654010314,1.356232420105471
-1.2170950943387981,-2.6555081473851803
2.7528062349445657,-1.1782882098499114
0.555210917261877,2.783827318816104
1.4991331853623642,-2.82637568824236
-2.9671804823206136,3.0266436259499296
3.6093774832632,-3.169536273721979
0.8519786663027019,1.2682538368518863
-1.0704274387575297,1.752992201964106
-2.1122188469761554,-1.4670768192555927
2.6893044853908226,3.074230289248115
-3.2977635811985264,-0.2774617597307861
-0.4091057064950307,-0.8652325484202202
2.649275274703466,2.2138190521421763
2.746358220619346,-2.7549069176613608
-0.9411289466194197,0.9193151796804919
2.9789343003693842,-3.210108330426715
1.6432233125662024,-0.6898222242233156
1.0286855328740983,-1.2728603032994141
3.326509406654685,-0.8796659018728687
1.1193123281377986,-2.5354524988737426
2.8790852072553084,0.6721725055600424
-2.475755280902748,-2.304007352913466
-2.8047185403798167,2.7378221421004176
-3.1262385207437413,-2.804557331301857
-0.8496596572510344,1.3123784414828965
-1.3168679157806213,1.1597359692889262
-3.054576308196275,3.113073910916112
3.863903679710985,-2.8491542893038178
2.979964018977933,0.8637606691677995
1.3807817210290643,0.43261324728637673
2.361878205210952,2.4597766005708857
1.2850362847599024,-2.4301475936186168
-3.1593836966178372,-2.759274597698302
1.0250484129808524,1.2603301105710052
-2.679879176678394,-0.7518541858830474
-2.521184102655293,-2.445849598313661
2.997109843867123,-3.016077429416996
-3.04325004246852,-1.0155050027080479
3.85946396685115,-1.1580091533356016
2.7150909584334046,-2.6640748544487804
3.551599770840035,0.5702141815669967
1.175474759500511,1.0179615134057667
-3.1647996339441566,-2.6455283874747377
-1.0649837567202134,2.4893099430427164
3.5863288276236434,0.8162166082578779
0.7294158858764719,-3.073609679502758
2.893078538903757,0.8515061412755927
3.105192927493535,-0.824535425115673
-1.5429724644270844,-0.6845011946749434
2.710851845148072,-1.3765146857249624
-1.5168397350369014,-0.8427590465142843
-1.2140784344375772,2.4448650508447662
-1.2514689939757742,-0.9589359957833887
2.8111713783430154,0.8938831726142874
2.6722070568485186,2.1868508200871943
0.7693665099306782,-0.7615838325256378
-0.6465737425950694,-1.3419813325751742
1.1479110908727905,2.940251233457701
-0.7039459685570459,-0.9233017253269251
-1.424442599075072,0.5742196792427081
-0.9902607628698599,-2.707142032835759
-2.3862610168180627,0.028121076602924313
-0.8655715406618136,-0.49691347900651645
-1.6439220866418227,-1.3610842916651296
-2.336525447516088,-2.554804400951064
3.019211753349983,2.6080782518973336
-2.8298463684269453,2.571691791763792
2.715987995765933,-0.7617773862813604
0.9551130844683556,-0.889571159218674
-3.3058138313029928,2.78615633820517
1.2344007691934644,2.52844015768182
2.779656592379003,-2.5648551782146933
-1.0963985291071527,2.620436692774571
-1.4534253349709716,2.812725048747408
3.0567313092993325,2.9535445561554794
-2.9486764986220404,-0.7677424766340346
-2.949527483085183,-1.4877183897288964
-1.1714872960196567,3.0407868338603836
2.6294549525963546,-2.885377081370919
-2.652815799540481,-3.071850352110102
2.7969091875685583,1.2014159698253364
-1.4036927216395851,2.805477062277143
-0.46305731212856166,-1.0541381344656167
0.6034226716506603,-2.4941534011475954
3.4953311518322576,3.035256606689272
1.503477183447276,0.909798312277122
2.830675130895758,-2.946884054450863
2.856649414991292,2.9394876820677633
3.0202968778527493,-2.3858370872594317
-0.48195853110277853,-1.5597324680077431
-3.051447569130323,-0.5058383142589709
-2.248210175286723,-3.139486750262153
2.9825428602032407,-1.8943062071604373
-0.9794189036427388,0.9161708974198038
-1.6576414628423488,-1.9770955939585062
-2.9898579459380903,0.7088229183745827
-2.866206420080307,3.4429532242907572
-1.2674226874988332,-2.973840244729946
-2.8236883617805755,-1.1864799998669353
-2.337055584115887,2.824574088389051
3.0907494122253607,-0.6671896986181779
-0.6431232231068512,2.6232640507564637
1.4161263872370422,-2.8517790062335386
-2.9016070863561496,-1.2313656006895919
-0.9177272306331283,1.3129797775057261
0.8702769375184868,-0.3924849295689096
-1.036151518529096,2.669156440655727
-1.1767877742424793,3.2416037695880817
-3.092322466446074,-0.25669261900158225
1.3936989207362742,-3.094688288702955
-3.322621583383228,-2.917292158572001
-2.653690806366656,-0.6608130827683238
-3.0085374274701007,0.9215677625642934
0.6302186817717765,0.5953508431461051
2.927145604349822,1.0705857816988806
-2.7409037588505525,1.1844373238311705
1.1285363300037372,2.9886813078292676
0.43271933439033566,-0.7880227890737124
2.8656682134141866,-1.5536909306322149
3.073093011526777,-0.7850410863767998
3.5082841221644636,1.1015972614402865
0.24122873971459458,0.955362512734556
-2.394192246824778,-0.8014409878519462
-3.106667744923795,-1.1238462660139512
0.7283954347269322,2.8042555192787453
1.9680774952657802,-3.037630605416521
-0.4311935122524547,-0.6999445838640737
2.5178105793508467,1.1428356916556563
-2.8226199794197058,-1.2294875365956117
-1.280058119795557,2.682951566487624
-2.3373105901945594,-0.41160819074878063
2.6085134165703576,2.8597722046946354
3.2210096030026993,-2.7915335196462645
-1.1965827710351802,-0.7093064906698446
-2.298137050860262,-2.9126077025940362
3.373116244353195,-1.1484703232107962
2.957003730144877,1.2648729198092252
-0.7868900746185817,1.520032156030626
-0.04110561574889676,-2.285056794818585
-3.254882896206314,1.0857682275315546
0.5440073856209593,1.199825195180923
0.2085327440174537,0.8607199399812302
-3.023505691228466,1.5641711917766699
0.32892278032335004,0.7227453063222374
-1.6956200947537363,-2.479766787701079
-2.2264604587587247,0.873244934669207
-0.1326211315043138,3.059946322780821
-0.8114485037395323,-2.8168464594681297
0.5994423609125522,2.5485658302605882
0.5837586507889141,2.5769795711694057
-2.371422522899449,-1.0483172204438032
-0.7436734044086019,2.728284953939377
-0.23633642826412896,-3.161201608405948
3.0396564212695223,0.93527811007358
2.686350799870818,2.317167768385735
2.2954134230888994,3.236023415590319
3.760480512304666,-2.6774570674765226
2.427111657534025,1.0845788421822453
0.8058591083242497,-0.06986473526678967
0.7579111270004443,2.2476487610546414
-0.5188992736592845,-0.49159633464066477
3.8339495225149864,-2.868222840727567
-1.4942134229376662,3.2049723790880402
-1.2484241228846444,1.4120955301813503
1.1111936811009984,1.3447958318272206
2.2785976109375423,2.2466255199932603
-0.7962359165675646,1.5475288632646225
3.136251886213151,-2.5273431854268646
3.112718372752838,0.9032387667778768
1.2107866212762595,-1.3286742102094542
1.0294909079098284,1.1132309337771946
-3.3023426174289674,-2.2176021496047302
0.3661530626699741,-2.7220597092923127
-0.48191779977147775,-0.48574036833004725
-1.21092271848736,-2.6248383935940063
-0.968505037888622,-1.0419954004902388
1.8007694273361115,-1.1884688320956351
2.644457136623451,2.2614780794635645
1.027057683356215,1.0379015300297392
0.37611599011031477,2.812960350086047
-3.119981263020865,-2.2109139768503425
0.7555254692638786,-2.6499967626445544
3.396750046792076,-0.78568728395841
1.0098998917903144,0.5547772822198307
3.5379100941306065,0.6449152812534585
3.1490701915508144,0.5224856465958762
3.263182250512679,-0.8087049060993946
3.250017853248494,-0.5884633394090522
-0.8739480757649398,2.7697202008350805
-2.4765691860494448,-2.553783447177848
-1.525051030151411,-3.026173235980379
-0.8940485442319551,-0.31381615203827323
3.181708271290885,2.8977393211562648
-0.6835416367085501,1.7417518985468443
-2.2845782039610008,-1.140632272511564
2.3787207524301213,1.1017197341483744
3.1156651898176473,0.9284611927272542
3.1351200267089965,-2.789559139111447
1.3629840928643078,-1.1260182226254078
-0.9530710341884425,-1.286468162182456
-1.0945319565432183,-1.5915080643835597
3.2787950001519675,-2.9562850611441127
3.493413698261855,-1.012955064621965
2.8746809340535586,-0.5208474906169903
-1.3413373435201783,2.598690273461166
-0.28312826917598655,3.1444357837230044
3.2231925857457404,-2.2640868964236813
1.2341236794417738,-0.620761413141679
-3.351248824958969,0.5637467331268564
1.1943448448271567,1.416681386291409
2.6939730464533094,2.9347611962697018
-2.542554451040274,-2.3536968043548483
-1.2071415535323184,-2.450088619226411
-1.0833517276334088,-0.8671215869470371
1.0260118545004906,1.1460872867754623
-1.1840017913495737,-2.2890954898280196
-0.9765716344033117,-3.25079841346534
1.0459250855746376,-2.736607651350136
-2.9383126961653536,-2.5114308199163853
-0.74857572277233,-3.4566976145028248
-0.6641106915687555,1.5152179911569836
-0.8387885415425269,-2.6615019162241955
-2.536885082266281,1.3400761036263793
-2.6321211749199893,-0.6825430890408711
-1.1640230782364067,2.934759314981275
3.0775836383457698,-0.8621141748505817
2.505809653264939,0.5742589908703055
-2.624509038147898,1.3568444301245228
-2.9683386527628506,-3.4107785925836014
1.2286806736850502,1.0686563678893561
1.2325243730785393,-2.8760332890596385
2.7245070584463207,-3.188075999406888
-3.2670953777629466,0.9472199571118669
-0.9387796718596728,-2.411189883169862
-1.0874844352982012,-3.3693514512601963
1.9854125712471102,2.6949871955707927
2.0956826586246633,0.7611684309251425
0.500872657233627,-0.7546800435689373
0.5169921663065705,2.7467250624342556
-0.8427822712337479,-0.48238339982326955
0.9676333778573708,2.2716779472115185
-2.683259481993808,-0.618245744627385
-2.5249631340352994,2.661309114311282
-2.5093045298321353,2.436166211011553
2.4666560437501763,-1.021574493090845
-2.6176800805773515,-2.2877539725163323
2.711653307329718,-3.0005503536246443
-3.2190905931405593,1.2962377076317042
2.866160823758162,-1.3924162589199365
-2.801439437980364,-0.8971264293411546
2.176657582734177,2.75096180374964
-2.6173242678710023,-2.9841996327337657
3.6074867179395267,2.4892076957154745
0.3674361056710179,1.147019330499176
-0.9967208115135234,3.299689760843084
0.43138373832478655,-3.217272818684182
-0.8746706432384285,3.142705694273062
0.5567696895199056,-1.0619033228891053
-2.8182765868293846,-1.6209093952460036
1.0352846517045267,0.8374515691357332
-2.8747794875457613,-0.930820135215174
0.752689266049137,1.7510582067121103
-1.1673525515298873,0.809121320851113
-1.5801315510068041,3.5254825888922783
-2.952039483022583,-0.20947163306530606
-1.2486248652787917,3.059268491740086
-1.2985149771789952,1.6921643596264033
-1.4771347979792224,2.8821011964574814
-3.028636282131594,1.084913041305865
3.257998111287139,2.457155613432446
-3.4658958164369755,3.2504723458497145
-2.042577135517087,-2.492424684735976
0.3861836335841072,-2.6518516402388372
-2.956220639758462,1.019082742475868
-1.6713642962589699,0.5847333217256402
0.7848443596584681,2.6009868725347745
2.6270769220064243,-2.6579498143060123
0.26189654079993313,2.634383103092004
-1.3153242594332972,1.2578652909707924
-1.4170056980844592,1.0358971398967574
-3.097735450320909,1.8635197294664219
-1.5832846283608022,1.8381672512112255
-3.7631631367799794,2.7663316340300566
0.8582155828762646,-2.577489615167886
0.9375905633409297,0.7200776919675507
2.763849922058438,-1.1498845274684744
-3.310105320984062,1.5404253809362294
1.1187943268686118,1.2788626162188363
-0.7409629321575685,-0.8294951987053423
0.702696867268325,-0.9905296595136497
0.6495694035588475,-2.664475925846675
0.1573219711707147,0.9814569756408341
1.1419129121681613,-1.0531809126477347
0.666651568044419,0.5259101479702722
1.318301550794466,-0.6270545209958853
-0.9833158511619194,-3.15266615531241
2.815504968316953,1.2781507630825886
0.4600882384113469,2.461599533439903
-0.8167749790209182,0.8601904702065656
-0.7762712555912634,-3.2655784332804285
-1.2534053712821818,2.972240568368345
0.9476797878685954,-1.135131310977026
-2.7953214648991995,-2.4837506021976368
-3.1779933991084013,2.983203635788979
-1.171508314770417,-2.4215274519310492
1.0378130113900443,2.4471995208152144
1.463210245726975,-0.9744135005331789
3.0425510131476337,0.18927214153651975
-2.8237340410788647,0.8988040211441669
-2.999903331849461,2.2301190657576764
3.229587488447891,-2.389734321220954
-1.5871457337246624,0.4079446607853893
1.4018328175900585,2.573459604886351
3.0676218783142297,2.1158126598210276
0.1309512501316312,3.1008188437481223
-2.8597119408311498,-2.898220071933767
3.2000309965127274,-3.163884011739205
3.234455671222897,2.103983143229518
3.43676818279152,-1.19222713904209
0.7203928773839491,-0.5533023002846094
-1.046697850171604,-0.6580900334883946
3.438294174929052,-2.9846887794194643
0.7026847235554186,2.814030049645522
-2.95417784850451,-0.6374276039277383
-0.845296436083867,2.1039368203910227
-0.30353327066061686,1.5425069507604146
0.8689635303849171,2.424712038548358
-2.8091853231248307,1.571752250475388
1.5616729133569731,1.1854216741703414
1.0697728918892495,-0.6004413680939467
-0.7786529330424384,0.6418885141514079
-1.71689259783279,-2.838592521735317
0.28871352661730126,1.6697535970986146
0.9701356832190944,1.1551977744890707
-2.69257071521003,2.317116073686068
1.066705586576275,1.538370616405689
-0.18234213908525465,2.1247291972362907
-0.8228501345706184,-2.227963106330593
1.235226018319655,0.6027901771681377
-3.3008679535523213,2.530862152930904
2.874339035478143,3.22991871227288
-2.90462931682617,-2.6967234490298684
-2.0489492662974804,0.6150099363910241
-2.4785399852577172,0.7380342483361662
-2.769399960205782,1.5955636471405419
-2.498662765374363,1.4704375099739215
-2.808143377436376,-1.679523138335087
-1.1110124831953974,1.6843615738736355
3.0158787317113624,-0.586243738085391
2.639704943717307,-1.145544123454517
-2.9188661125693938,-2.6965941471037325
0.7787607154920908,2.1069713871659905
1.114369785272843,-2.5951017555177573
-2.667335580721382,2.985651913318375
-2.3525297517474595,0.9202089729661729
3.4072672508259845,2.2937104080287787
-2.6093652606418645,-2.6622219619123606
-2.677634394025947,-3.5616237543399487
-0.8238365155018483,0.8157617288994125
-2.7299473098898495,0.9224955871593904
3.168151744149624,1.4760449629213725
-1.1601328512167965,0.5253513462134444
1.1538068945226463,-2.7582764450043125
-2.947398164752295,1.1927864015967888
3.0697316802772674,-2.739192248760897
0.5428457809822033,2.8024989710192143
0.9087102221148491,2.2543448545654075
-1.1657902269603997,2.8136263685224145
-2.9922344983817806,3.1212860721478988
-0.5103926141693784,2.7539236946864123
-1.4159334902654803,-2.197877160280629
-2.7180438064278856,-2.9755894887162038
-2.8783784717127103,2.8384756610637125
-1.3710178866851868,-1.0236667722729667
-2.8776855531541785,3.239054658831709
1.1209085634523381,-2.2376906109456796
3.1474389303941104,-3.1968345349969396
2.917066725907025,-1.3847280233381651
2.680107173437485,-1.2850066129915256
0.08137113013946186,-1.2541629313899856
-2.323918375899893,-0.6046184012569114
0.2467340164757609,-0.8040910444657041
-2.5387647036307612,-0.7406505423902894
2.675974488150603,-0.8800643468533911
-1.0719124966073588,1.5572489943115737
1.1864626231376907,1.235360879629817
-3.122309806470758,2.7019103360525745
-0.5260419861938757,-0.8089507931883251
-2.6527007635349906,2.5835006929369717
0.44676651642521087,3.2861547563678872
-0.966689172848098,2.310424254315012
-1.2378770517900466,1.0897542512928156
-2.6508466962816435,2.8440635141360553
-1.0496218145868352,-0.8821780545372104
-1.478853098729736,2.6214093375811713
0.4859399704815504,-0.865405694429947
3.029798666829846,-3.5236463920799275
-2.548877627602281,-2.8651496955489226
-2.8473389893209253,2.6761425373321384
-2.6231675889401296,1.3705228885943852
-2.689502237312894,-1.1193990206526778
-2.351113950429034,-2.707643460190067
-2.3498299680719175,1.0163834283463644
0.8807237935547663,2.3550051919900885
0.8574709747586545,0.8192710465648866
-1.2011998379475717,3.0580095268431577
3.2750347104987108,-2.7233898679571293
1.0792789554551503,-0.9243093370930731
-1.7273528523672705,2.8499419391989362
-3.084260297910829,1.0022173796637905
2.788311158573244,1.1047406402255115
-3.3440960885381346,-0.6580080543526674
-3.192702497023737,-3.068306281078637
-1.3762561029413607,2.8140213892596813
0.7428179805223912,-0.8922811461665717
2.6805441710106352,-2.03715257689359
1.1294811187024896,1.2485641602744808
-3.4665901069875362,-0.607924504011058
3.030753412385855,-3.161876953609707
-1.2647698561898815,2.498667036554119
-3.3452446818173596,-1.8435889140633681
-1.278366102056532,-2.9761986776812046
-1.7209355748960018,-2.325300694891763
-2.087972192503146,-2.3846466744205648
-2.489424842132035,2.8166753768128467
0.7941017203264585,-0.355347743057285
0.5407304307237943,1.2688523849227873
-2.9029553916129673,-0.5234417181800916
-2.4345087609221037,-2.373567328205556
2.7450310979917103,-3.1420517086619273
-2.7049535020846456,-0.3694034789807918
1.1780224655037441,1.0399639071306037
0.9336491794755697,-1.0501993572031325
2.5890019251985463,-1.4646813447843356
-3.2257269039984884,1.4224237923126557
-1.596220617624208,-0.12045303953038636
-1.6170037044908983,-0.7482758330725059
-1.3960521678550815,-2.1676096836267282
-1.3537941622858374,2.2795123049734562
0.29092603736514383,2.5272144867638344
3.1888229912168486,-3.00094990619522
0.5560839113751596,0.49510097194316194
2.4441370235519218,0.6192327451586224
2.812204054471222,-1.1109375894803488
3.1467217668429646,0.6704564871258665
0.544109536093363,-2.6344936392821774
-3.5363219742581453,-1.1526998913453637
-2.7312912841758776,-0.9785225492016346
0.7647235829120196,-0.9117501563646235
0.8520893717629947,-2.4049024957711955
-2.25376068216465,2.7874142857816864
2.897272347175005,1.316158123921125
-0.9506322488392714,-1.5497704788279136
0.40166382145841,2.580603030082055
-0.48742098585674615,0.3311767479021727
-1.1354231456316266,3.3392381911479054
-3.065929954116017,-0.7580741788603543
3.4006488563333717,-0.7785341333988871
0.795649456651578,2.7911556823394057
-1.4716798279193022,1.3925984541457723
0.9901503327469484,-2.9502351573451624
2.5968621903091136,-0.8220728047195032
-2.6503342497968196,2.228719174934341
3.148800430545103,-0.947021534225751
2.765825533445474,0.3441279413866369
2.9793565918979796,-0.5870417234683517
-1.3831567272558265,2.4581360772823935
2.563960495291306,1.8708306837282096
-1.095501183521695,2.2913942118610753
-0.6863127105062102,-2.9945465118224694
-1.07610068417841,-2.9486329292655644
-0.49285345017289245,-2.893414517478107
-1.4439819071159716,-1.1421160211997694
-1.2948063620296073,-2.4292059607780945
-1.076265331730806,0.7774191129154092
-2.646728255810133,2.6754418724330953
1.2395959718161134,-2.1862765368125445
1.3646731107664123,3.097689523297895
-0.6889388393565841,1.3921857801070778
0.7126767653301715,2.348636622463462
-0.5089522966919569,1.2217387668473438
2.28249145522803,-3.176877801105903
2.8061587591980603,1.5713987382994494
-2.913772566853961,-0.8349848821620661
2.7747375384888233,-1.3164071287612453
-1.11373170845708,-0.8773408181376952
-2.590171176454011,-0.6644753634730488
-1.1230841701377217,3.3938433709380402
3.1152584718642666,-2.631432813530465
-2.4378329910962364,3.092726477093032
-2.9420754523640316,-0.3378104418478698
-2.9139226210120497,3.529174045869475
2.2703458087667236,-1.2436247863744745
-0.6623025491182344,-3.332718633709193
-1.2343859233132313,3.453362541771456
-2.9126991884025006,1.0320609602222324
1.3973429145925909,-0.8165536565849822
1.1902235077618812,1.3633727180267405
-1.1139954284159024,-2.98002436735754
1.2442725927419338,-2.5244124221979614
-1.7545182495890328,3.169891858763586
0.7033586459661789,2.982221920589354
0.4835389983851849,-2.626454076807627
-1.5736330717855385,0.38434951520825233
-0.7302123050588212,-2.263126747764967
0.7936534254636505,-3.4970317436007945
-0.3144175824428583,-2.8065325670870442
-0.09764615990539234,-2.665176779217548
1.3010860923668637,2.3302395836773826
-3.0300901054755536,-0.87564489924975
0.5528702875499406,-3.2041182607342886
-1.5150589610418286,2.991376999815215
-2.375855898264121,1.0993394812925477
-0.8222891968064298,1.1827123610422399
-1.2914353384352684,0.819329136715564
-0.8927182886676684,-0.3351831200149862
0.8359369144278168,-3.3294113290038716
-2.7708189960601515,0.36959986696406416
-2.7875984355567254,2.939188147938809
0.2994079142100521,-0.500216835891171
-2.2916335672933283,-2.8695680758422166
2.9773444100241506,-3.193755582690466
0.9810078349013714,-2.3710495855798235
0.8455461638417272,-1.3856453286428387
-2.290216127831396,-0.10992684422739765
3.1711516956100065,-2.5117732929699508
-1.2622366296647058,-0.8511085142377197
-1.2319063353500803,0.9379123087273026
0.3488093024531951,3.118759049851298
0.9756112923162762,0.6503690342637146
-3.207510859030679,-1.056182630235085
1.3924630772231332,-2.982924874131213
1.3537438503766337,-1.4006270767497537
2.5834063062460997,0.713268018431396
-1.094425090698287,-0.888793167782471
-3.2487678339826997,2.5813237131374374
0.4437763631218343,2.469838235135782
-2.7533143709448997,-2.8620997364184686
0.8106606986190971,-1.2058915959606296
1.8816617251879033,2.7514409275540186
1.2504580433613333,-0.6985028504391024
0.9648642768522525,-3.2935991199197057
-0.7200255094247939,-3.080916099830876
-2.596915624901177,0.9002808169991757
-2.6330758677461388,-0.38485167590269526
-3.1217738416363114,-2.6496279285438646
-0.20126238194242874,-0.8700392582659762
0.6679809356702869,0.9298333968305369
1.0349559951046767,-2.8727683528388233
0.7499440733070193,2.5069633896223706
0.7252906421815966,2.164443064989745
1.2403603654683117,0.9247797943275822
2.938506611226429,1.0110738554871785
3.577683952035029,-3.2143438091187124
0.4848894313504844,1.0790248038758112
2.663783806560021,-1.5021550676089648
0.9602735821112182,0.5852805966277608
-2.9994933525662995,-2.3999356146333675
2.9038850970048777,0.4071093115558621
-1.5825509256557513,-0.46181898066571264
-2.2791282398552886,1.1594454759932913
0.2517384428080586,2.761130436444404
-3.29810049675161,2.839153716508811
3.407308175084902,-1.4908362982176204
2.9895010660297476,-3.0107808411247823
1.173020750074902,-2.7507000347988786
0.823725621113221,-1.3123459110940192
-0.9025529813171261,-2.840212729482533
2.753324231241152,2.094072982450547
-0.7070993135749319,-1.0304226058908665
-0.5136621296308053,-2.636438677609542
-0.8965793776333566,2.5621389465857503
0.9194070656660648,-0.5348816227407153
-0.6516131742486696,-3.4238806368048706
3.6506621423072523,-1.0923809697713691
3.136037153708501,-2.960710942627062
3.10478927182744,2.876795588794042
0.37132930739693004,-0.47090631223270446
0.7276609114043155,-1.1396796665499398
2.7623014803089574,2.2671424032673277
1.3223633400273633,0.9616770269296926
-1.1092897907204422,-0.6312764330487743
-1.3187487017308954,2.636670631877645
-0.7032245610499757,-3.178185537914188
-2.981313688190322,-0.9661828846278094
3.538830128595803,-0.6876750078435421
-1.9219053746856654,3.224861223694409
1.4876279991631478,1.01031688539554
-0.7143504445681891,-2.7532593691514475
3.6493128819500806,-2.8393290429320848
-2.8953642295043287,-2.3351903538134304
2.7866576742746454,-0.83811150523633
-0.5723244189653863,-0.979462388245937
-2.827636868643627,-0.7852222295944804
0.8664885741207385,0.6584955394582035
-0.7523845364139623,-2.3462545752507644
-2.735711582326774,0.936837957926813
-0.5130222996111256,0.9439123369313556
1.0879258222390127,-2.058312395477799
-1.0343704545643213,-2.5213705802594055
-2.530603015256509,0.6321179357164795
0.8982881208648288,0.9567072005764569
1.932045786533668,2.182801168907569
-2.851563298210959,2.9957310877729673
2.9810468382296924,2.4592613358490314
2.8782492336259735,-3.3500957094400703
-1.0485792803064795,-2.375106791854735
-2.706296272874255,0.8348758921034318
1.002258614240416,1.4195155460203048
-2.7480313883317677,-2.8584461315168883
0.4411877576253965,2.0678151089928027
0.5858790332114832,3.0887319889463676
0.8062708095601206,0.8373660927501877
-2.29735835060504,2.539919960804871
-2.0173664168578007,1.0372864650250264
-0.8027196894149149,1.3091070925075319
2.6326360011012793,-3.3556734630516645
-2.554074978482843,-0.8765609747664485
-0.6820878492542436,0.739866337519372
1.9293988125413672,3.131629366033304
-2.9392523613009334,-2.857993815416422
3.2646234880374267,-3.0094938334176535
2.46845826876909,-2.5047345184592795
1.064284277393222,-0.5243359469576854
-3.226296497674016,2.7125509443124245
1.474647787108575,3.038917162258508
-1.5760099074629028,-1.0314110461013442
3.034132329709118,-2.6186480769392486
0.6448018650406454,-0.3649442489157395
2.7025077831427553,0.614149602268059
0.6909650520712582,2.8262682889630955
1.7326688024711878,1.2487090063452932
0.7807486027943278,-2.649092487656892
2.755404600129204,-0.5922820553982376
-2.4165471483771803,0.12570022897409472
-2.760405653795841,1.2784168144276213
2.923599680370409,-2.607047369485642
-1.2956579056579727,-3.298801436362815
-2.695220365794773,1.133901344955392
-2.3991821465948995,-1.2085273444712699
2.7946950907594883,-2.99858431944692
-2.588585989818906,-2.9084668126262394
-2.357850055549581,3.7976826422465053
0.8026494640394407,-2.9475836041956387
0.8877516041172405,0.7290671459232524
2.9425368924910993,-0.8615673374540186
1.0767802206294312,1.4309130291401635
2.3147425802352637,3.0198704807800696
-0.7245827951144062,-0.7093071930300661
-2.7254707971416354,3.1668404230174834
2.1635487746947017,0.8568849767144764
-2.7377202875010065,2.9286658321614927
-2.6589749074815314,-2.9915354144582307
-1.0619880275889892,-3.002448134289181
-0.5936553195063504,-1.2604733452297672
-1.0478578758780823,-0.6324745014944213
-2.386968912165759,-3.1599138395987696
0.5247023918963215,-2.7430632407119444
-0.7338521275976541,2.900926905675364
1.9062287063274905,0.6115085364625779
-2.908797706590215,3.0253137386502673
2.830614184768899,-0.757980399925155
2.842274961870153,0.09161236628928883
0.6194292256247337,-0.45267017898587614
-2.00741029192325,-1.3767883650371695
0.7400972988933757,2.9097557873261852
1.0659623861053535,2.897486122256381
-1.278123999270413,-3.098856751033527
-2.563770004501724,-2.9488732427604645
0.368336829645399,-2.0620821970789
3.0962085668939667,-1.758140072115414
-2.964444668671069,0.9919937758626408
-2.251884608639798,2.822484174179358
-0.1915569823187321,0.7649923598038484
-2.985109925907066,1.4291209676808196
-1.506017166469102,1.4527803397748402
2.635709399037801,2.338991938810598
-2.942402725260172,0.7736914342737088
0.7215849343937478,2.6745944896239764
0.854886598358059,2.272786251304371
0.9991529539382941,-0.7614640064606255
-1.7497848714827087,-0.3270023079566231
2.772946709496855,-3.466616089038312
-0.8528555861098017,-1.5311953039662605
0.8569588851127828,2.765246423987964
2.635643111070668,-3.1375752117745304
1.650706701565051,-2.723249654071795
1.177969820094194,2.716162214422549
-3.311576102314773,3.4681095019369015
-2.719324306827352,-2.094934998463741
3.2435874770721167,-3.210853225825616
2.9630632204035043,-3.0065617775607643
-2.6494079102207806,-0.5354364653064118
1.2205723593432352,1.5386081155274713
-2.5030529409626046,2.7363895048550173
0.7202572066688456,-0.6227281988341931
2.875300685546495,2.666774755996526
-1.4863706090763515,2.684281649315195
-3.0821191339174945,-0.3150764381629033
0.6156741250165126,2.3146610223713484
-3.1409604390293966,3.0687836217308226
-3.490453476403618,2.4621761184306465
-1.1113711886684965,2.510571175489418
3.0068093295177776,-1.064476862277977
-1.8613707910042214,3.178777306816347
-3.1801624664129835,1.6974225651033856
-1.3630486055113697,2.9847576111186895
-0.6180342231750288,-2.396534878138376
-1.1150944708374868,0.6306628613285267
-3.365279179248182,1.3404786140766582
-3.225732171780864,2.575235321316234
-0.778299418126972,-2.6330658811279606
-3.3020521003130288,2.24488030406711
1.1955425715476657,1.2887558572482416
3.038868553485035,1.1135874925803635
-2.7701615934660935,1.7476335137636236
1.0480414131634093,0.4537078340508997
-2.3456569767063704,-1.7679522914615182
3.2509448007812556,-2.6605568075186103
-2.881058353394719,0.7622492530009833
1.0683924675978735,2.643011260151291
-1.2401278202479282,2.9531988409806713
-2.4801148754242983,-0.7685217935696034
-2.9153931200209793,-0.1328011038132839
-1.0918528031048718,2.423462297012886
0.5254005972677658,3.3369344403423775
2.598136622169972,2.6949116873644585
2.5212534602740537,1.030399155732129
-2.229922686185065,-1.1247552550810362
0.5425445730312891,3.0871391934744477
-1.9605465885346252,-1.991588103600412
-1.5001613368518245,2.5720830079524877
-1.2941376912592994,1.3502919027767564
-2.722730917291651,-0.3436743035431367
0.6237509764796151,-0.9744770359473796
-2.732692151491882,3.0668687566536152
-2.5490124137299506,0.38852090819685425
-0.8691543183828842,-3.10821825995391
-1.8335723295880881,3.2671396528698025
3.2273543504595783,-2.0491436907691036
-1.1638872613030968,-0.5300802334947727
-2.830061220316951,3.6230824823310384
2.251868736648111,-2.987530560309297
-0.3061412378387677,1.1178022748972456
0.6505329041326539,-0.8030273856298058
-2.6352676733125606,-2.7287672449171123
2.8306380231543486,1.605847823442376
-1.3962784047618726,-1.0045799797807908
2.6482574888972428,0.5678057423660233
2.743771672397582,3.3055807239803987
-1.07061760941194,-0.43291840954827476
-1.0181049336094348,-2.5077478798973765
-1.1122661990387268,2.968545407116111
-2.320310202992897,-0.7146275263017459
0.7584621438277698,-1.5531933157886064
-2.538645807530164,1.0165689398410618
0.595458681635207,2.7495196935621493
-1.4611939687971847,1.4446782717912974
3.2824624015868125,2.7219197922992824
-2.6303528289732285,-0.6042642902887543
-2.7853342579030023,-1.2783532518376477
1.3173137485505533,-1.0552386151187654
-2.588612587989269,0.8857205436980407
-0.7291772000745244,2.8603890378334516
1.1887280509966176,-0.5173037202392082
2.684309612512228,2.9289363813188207
-0.8763136831378204,-2.836149802835674
2.607232920019379,-0.9981969635903079
-1.015929430890248,3.2889398199297375
2.70012626213599,2.4607732679268843
-3.070682273749073,-2.8393662538424387
-0.453500834304637,-0.6107821176348982
0.619431847730753,2.6131117972650575
1.0663232855596392,1.0390530486951985
-1.4121169257312434,2.6197272313763746
-0.7301893655828107,1.059975598777793
-3.0940059910850697,0.3631051724512656
-2.5036030909679114,1.364633466364868
-1.3524287989394725,-3.636156475680429
-0.6586658203609904,3.1087089019143117
-0.8846510452209059,-3.0859190474963234
-3.0888712224016976,1.4066609039490998
-2.726167678628673,-3.1081390408546308
-0.41850606787625627,1.0969726496681993
0.6509247273228956,-0.3782171082809848
-1.0536402367909055,-3.109163287971487
-2.8554749314242356,-0.3676225379678213
2.7994976868780235,0.9822591695613231
-1.2466111721000799,3.0815062256085675
-2.727771031229979,0.9570315832766395
-3.3332174287851983,2.9678939570379113
1.0098278794444289,-1.0967509249787148
2.864519193018761,-1.48352169413067
-1.5464284641615766,-1.0123387759555151
-3.024807104758765,-3.4985964753593497
2.5610107383436174,2.9868988289599483
0.7385738700001511,-2.9551570098210806
-2.430361012249446,1.146445310290755
2.616537032349918,-3.9124722059892005
-2.980837787020462,1.640308548628615
2.6505739311419396,-1.5285976313877283
-1.2730458066553256,-1.1618779437708073
-2.025387364110736,0.8073622591084783
2.347349643818238,-2.801898088078468
2.118030026354532,-2.6828650237196587
-1.0012556369986227,2.692252348165926
-0.8536779882410478,-2.68343040812364
-1.563313722028745,3.074383267296515
2.5458994739706617,2.6818941257857025
0.7121124541137118,-1.4858264434474826
-2.8199748030290213,-2.630174468108932
3.0283984686935885,2.0395310715248134
-2.5193511526505423,-2.4274748665021066
-0.5308720130613591,-3.4511107268465997
2.515841212662227,-1.277857819801271
-1.1880195212244111,-0.6212059570738859
-3.0046459473687848,-2.2899863152917015
1.0818577040264248,-1.2864493397590333
-3.0487529860721514,1.097048816672576
-0.8975129998598307,-1.6135065788998881
1.0373996462633033,-1.798612806470665
-1.3267206223336165,3.0076511474684535
0.8030860499372803,0.9546190368431648
-3.321625997877214,2.6006046313709903
1.036197596743329,0.4985578708611462
3.4554695327215086,-2.8066675373341226
-3.4453293393971105,1.1607775222924248
-2.553023369194308,-2.3350941443335964
-0.9841885130150441,0.9660391197142817
-2.715256339793388,0.995138801773241
-1.1465638850011315,2.841049979758013
-1.0571603854207756,0.7332965837895882
1.1296085608173458,-1.5436828818720076
0.3177743584806666,1.0155880204553618
2.86017344146834,-1.4744270190510762
-1.1654379984658982,-2.273200983253713
-2.5937746013384078,-3.1452542079941903
-1.2919229326701627,1.2698967368463954
0.56958585763204,2.1207977090216867
3.3782452390696402,-2.578451150751266
0.9438003958567578,-3.0058090307603473
-2.115391021791399,-1.0826851431877946
-1.9021407748090713,0.6439799977533337
-1.0964525183358407,2.423684987289213
-2.994611142900006,2.325373914999724
-1.3671278395380257,-0.4686649879677706
2.4571605110974,2.381223591059609
2.8672130035199626,-0.5823674594615362
-2.816008436861531,-3.0159229590506427
-3.726238144147923,0.7860879700829032
0.9617556490427821,-1.1968941463392726
-1.0357634909225006,-2.6559903722009945
3.01041963025329,0.9865471227486925
0.9070093096626936,-0.8537721254320398
-1.0348384743828314,2.5143256691049825
-0.8425251239227627,1.0667214053175291
1.3958452988260002,-1.0719079485351726
0.5757548786957795,-1.20706706139755
-0.9677800529797761,0.6004469880227037
-1.1364998646686995,-0.5840030643181472
3.0871187380301746,-2.970277105941156
0.584580730927482,2.6534334288955597
-0.8522394413022242,-1.1553012179675244
3.5353133035069755,1.1024672771727086
-3.152377811929987,0.8419283930507667
-0.5222216697405553,1.008926420824701
1.1240829680175224,-0.7195975050807621
3.0106071048447323,-1.5283809349103352
-3.284982173187098,-2.769365013319183
-1.1007930185320363,-2.8922043665361103
-1.0545641806792685,-0.3366546788581638
2.6813231495920435,1.092798311875236
0.5130352671585966,0.7552001822660804
1.458849617165581,-2.934948916024428
2.38213463589229,2.525824276994577
-2.9959403275519447,1.200646120942235
-2.9541583552764186,-0.7984707312720142
2.7029922334153027,2.7794358490633413
-3.1085707435559664,-0.9124073001274964
1.0037274315710023,0.8245053550598554
2.890453378492264,2.4953228719815286
-0.7943812025344897,-0.5270741605293043
2.674638806194186,-2.888493769975803
1.0082799299002472,-3.4796676692655426
0.7940607715349346,-2.596400870615444
-3.4129662607797444,0.6391222895045889
-3.048688988024352,-1.7571813487744783
2.1291422434120046,1.192881090294755
0.4843116089906936,-0.5666703990038653
2.7434566452704923,0.48181296751332076
2.5963623367161173,2.7527137727743995
2.816163975996459,2.4301127425931233
0.9892622907765956,2.4488648973824074
-0.4262166391678067,3.065099617818624
0.8656783755357612,2.959710204840816
-1.1570529859956717,-3.0898347610596266
0.2036672388240127,2.854339292755104
-3.0560219617950115,2.9470541305855567
-0.6980220066618907,-2.6511984459788174
-2.7372162904546715,-1.4245225939345376
1.5994168157641693,0.3970754947900156
3.007164992083973,-0.6698628230062219
-2.5392890381946858,0.6183931323187187
2.867549227283195,2.5132298172678538
1.8674045928986707,2.8972176894624266
-2.954834077240806,1.5136732858416515
2.6235391680410123,2.725934563338565
-0.6373211669665759,1.6794788552793667
0.7120844761627326,0.6322891270192614
-2.836132697873843,2.770007356812358
-2.8739001554950163,-0.7175097118669876
-2.405875070101851,2.772094022127737
3.113491109275012,-0.9594668533260319
-0.9408681029108834,-0.7489663748338548
2.5427551264619175,1.2681844511512388
-3.069621032159659,-3.4355061330710295
-0.026156585041554686,-1.0235344138938047
-2.569614661445773,-1.3284918279002464
1.1200091984543816,0.8794367031074593
0.6537290320665213,0.5888816509852802
-0.8847299196908481,2.919073532886729
-2.514369175063519,-3.301191506725053
0.48321003977749166,1.2787807124148012
-1.1015802268908785,-0.6738283293431483
0.9119851543437676,2.482451497954079
-0.9037738445079966,-0.33718352424301
-1.012506847084284,0.8093546833451526
-0.8098048385462969,-0.9482620053373569
3.2406735930075157,2.6765687110601117
0.4245200041009889,-2.3067225894334493
2.615340699206357,-3.331055109770572
-0.3170803804089053,-3.0123069070406254
1.001737723199011,-1.6231876943952002
2.8478392404977666,-0.9273498682393816
-2.5872114858691395,-2.835314356714928
-2.3454055148950568,1.3744059246878193
2.958160412944132,1.2397065185911065
2.7620123566578823,0.5129232367851261
0.7049414239935844,2.9351064746355586
-2.651991077344973,-2.218656771369424
0.5353039172949997,2.5382971715975335
-0.9628667052563029,3.576173014381845
-2.924150761539258,-3.1556512865255226
1.5250997073423,1.0795496305231915
-3.090126641250904,3.43010502215288
-2.800161620173012,-1.8642248074293484
-2.7760814569796577,-2.606249021564827
-2.475015478820997,-2.7533547100881703
-2.150332064583536,-2.080031075094669
-0.8833909515204169,1.7601137919450123
0.0961582864432474,-2.938135248634369
2.6594538028154466,-1.0370403572822693
0.9647652603784703,-0.8868895744311549
0.46927328730743095,1.3666723432725534
-2.79161103211442,-0.449128556628171
-2.288127148252378,-2.6040554807962026
0.8535345309311887,-2.9467941433795684
0.5390596357156804,-2.5380295373931645
0.9844413178232483,-3.342421192871475
-2.9613548820921767,3.233803210715489
1.0967904981517806,0.323745752918685
2.4808799281448226,1.0611801217558459
-3.115931250621451,2.8575471468652105
0.5837527976897918,2.354588210382908
2.7502762772550176,0.70719053144285
0.3697682802853698,0.7787994799987736
1.6491523914698192,-2.704451795127173
3.197123857924178,-2.723374256368793
-2.9957205075540605,-0.5406404728985891
0.47988213486828807,-3.301823122631891
-2.8691326991098443,0.6782457881203506
2.5225455328778636,-0.6245406661244524
-0.6849960654507882,-1.6449773889268717
2.091079264104021,2.716308761846214
2.4276476148854718,0.757118104743467
-1.15462760030039,2.8276791525568337
2.778065591870641,-1.293334166245479
-2.547487868639943,-2.900566106055954
-3.776681300162398,-0.3991145022793762
-0.5892429496197346,1.310457118078166
3.4464587195946543,-3.00626941711819
-2.9952923017682367,-2.8870156187250093
1.0596207090724634,0.6973872797902085
3.442384946186802,-2.7188229382253057
3.3054518330918907,2.502121628625329
-1.723377875006017,3.0888931208257318
-1.3225745032002356,2.3723012146508617
-3.210730924230191,1.1129295672077084
-0.6744802301471174,-1.3496446329144334
3.147537554054618,-0.6309924191754578
2.8076810311694516,-3.288563779174663
-3.384665902308156,2.8094335627789606
-1.6975263290037914,-3.0425530137325034
-2.684987058450244,-2.086069054369693
-2.7093239400203526,-2.5367749637238055
-0.5262670964699713,-2.6418139281492397
3.2095008373686857,0.7840488757526095
-3.460216405872908,1.0811484291479132
-0.3424163759415068,-1.0247263798793667
2.8347486895735914,-3.4288138174837193
-0.8351877506630505,1.4953899627929355
-0.9705917887410933,-1.1659923039276556
0.258603977971511,2.2160852494292893
3.082283709071477,-3.1280858333617085
-0.8140478403428506,2.4519727786535825
3.081890627886074,2.651211545181924
2.7826200431397816,-0.1842727486073428
-3.0458577882371154,-0.15391294068913142
-2.527593623553126,2.3950645235726955
0.9941491227509598,-2.8142272694646167
-1.3247952458225092,-3.0375057791605635
1.8930495468263324,-0.5836062562634748
2.8993290346656555,2.704541828672297
-2.656794457018596,-2.6317518820606476
-3.436019940886188,2.962808343604864
-0.4309847999564541,-2.5059248929735833
0.8726697390590251,1.7666029601744075
-0.8255552225321923,2.6356096075160957
-1.6733507656255866,0.7514698243992304
1.5142821383064287,2.4576082354299706
2.7900832403269225,-2.8416312307593405
-1.7072216862520513,2.3911936755173047
3.021775625434613,1.2177051744184981
2.168198281814197,-1.2548501921432287
-1.253063913686283,-1.274436158931352
-3.064431386895411,2.96749765480284
-2.1018999021056657,1.4815731601286761
2.9331370972911,-2.870809938244989
-3.196428540816203,3.029299349154732
2.972770670964409,2.331147771778062
2.4854830289968968,-0.5329526448528881
2.871832125746159,2.3427928609826267
-2.618001365783562,-2.594620435905179
2.3967146009380227,-1.4233092964395144
-1.1570980261758093,3.5098501203844825
2.9461241669887785,3.4759499588770164
0.7837350156680488,-0.8193654923526033
-1.1054415043006205,0.8588090506031265
-0.8400824191145754,0.9159011593106771
-0.7550512796418539,2.8149990680710575
2.9777700722883824,3.2078060288454764
-2.6784260043011385,-2.9072818373706064
3.1706475729180204,-1.1902754733029195
0.7156398922047913,2.458310886386786
0.7973497546680454,0.8056051467254992
-3.0019189542852485,2.397636872330828
-0.3467882381754443,-0.7648077072047649
2.787953248417547,0.9997587038195357
-1.0028122931613188,-0.8344021058079382
0.3050451077959465,2.480024447780587
-0.7684698715974725,1.5249218777250164
-1.3905179035177178,2.5361279310726332
-0.928510107817004,2.9245954910103773
0.8128765653614453,0.7920648013303501
0.7190167946989473,1.8653368528869827
-0.4111336877310724,1.1747026922631918
-1.0139858379626112,2.9149739283739096
-2.3353740052913237,2.7929594354977634
-2.9173568265063445,-2.9112308092984494
0.6035979834513308,-1.1428175750350449
-0.6870919985635833,-0.8220937562472442
-1.4209749014989874,-0.4481343448972796
-2.7402218256497117,-2.008066337220034
-1.0652452990044907,-0.8480642738731641
-0.8676532161880612,3.6044849188783514
1.3536656273903878,-2.9675733010546463
-0.8206837075366588,-3.011883554304498
3.046140256480674,-2.3439833109433863
2.818058057042182,-3.0634393629302425
-2.3031167261902388,-0.43314050993260206
-0.8500352212308078,1.3213230104299334
3.013752241045354,1.1696798714679044
3.19018544329117,-0.7686599768040087
2.7304380100423535,3.228299476343739
0.9340116270161757,-3.1446108824322088
2.159919951356686,0.918127914010989
-2.56637728751083,1.6575088574998267
2.915949760067573,0.43484396431891137
0.8490445445546848,1.0140684818229586
-3.1262587125871204,-2.5261072839163794
3.215739889576022,-0.840624760056439
0.5651606815761608,0.9793667447693943
-0.51042217051242,-0.6720968212031182
0.7482000789562419,0.2534417498849232
-3.0312402294853844,1.884633648668266
-0.41161235442499,-2.8069429183758943
-2.5301923740669223,-0.7366874716403867
2.739503468867176,1.176949089391303
-0.8060479472757035,-3.23313396932972
-0.6202610633980687,-0.5817206549178907
-1.0950548658517143,-3.1583838749462942
-1.0934167951695353,3.5021816789437046
3.115896103182167,-0.9528930950097018
-1.2112015011749346,2.868387953084895
-0.7757474098744044,-1.1508839168901173
-1.9569063293565991,1.1206655463143749
-1.7145229686555987,2.7968881771841936
-2.344032342066967,-2.3026283169608126
0.9303086338692783,2.555667288018946
-3.314846211928167,1.333266846339828
0.7160588950278949,0.8030052357823574
1.0940414227207411,1.0985840301920258
2.576220390867873,-2.6440536047828793
1.2389602667431707,-0.9669328053332016
0.03073200822771588,2.8709722108419466
-1.17601994571608,1.332190953616168
2.6574765497690738,-0.9132902532601019
2.533087311251532,-3.0059053571782175
-3.052076822097886,0.9129156922922058
3.0692647696295725,1.441816370167511
-0.8252692809505426,-0.613124706973159
2.6424766811476066,1.9866512452801433
-2.9164832062403385,1.3734981761927827
-2.4409654364053743,1.1012144533470725
2.270394335596474,0.9950925835419502
-2.7437821421027078,-0.8273167721557425
-2.612276909733558,-2.7899162381208202
3.1719889696911876,-0.951159823532268
-2.7398874294228586,-0.5907888096689927
1.2442643100966595,2.448755078194028
3.6810498945014976,-1.0973304481558894
2.7233833692289844,-1.2400905005786464
-3.287656094239577,3.146327038530575
-2.642213394704523,-2.6648060709649757
-2.6961100665356494,2.881608856428422
-2.140032583836126,-1.0693952417448642
2.3226965328298887,-2.6737344115760275
1.1042096213891102,-2.414310261016051
-1.1563684498883628,2.932852296094909
-1.2676574426275369,-0.9050934760591025
-3.1212511840609056,-0.6842284541083893
-3.206903923556187,2.2666973840176547
-0.8387936257219023,0.8815897742258464
-2.4968416068596424,-0.9215797869043414
3.059356021658788,0.7754951942993563
-2.7126129109102863,-2.8734182433631674
2.6964602083741287,-2.852432015487473
2.812945512973915,-0.8481364951807429
3.360115676932011,0.6676909984941817
0.824583803215387,-2.7995697783597873
0.7836906356234797,-2.94255238656721
0.9248141591234049,2.645084593382993
-2.9884357144679115,-0.7606400762615747
-3.32960181496087,-1.222734813540873
2.6264959429800276,0.5017346999597416
-1.5559903660830003,-2.7047467233701754
-2.4330053663548075,-0.9561289246717404
-0.9229412742683812,-0.9652921350031125
-0.7951525640677608,-1.5256028560208368
-0.2472132872230432,-1.5313798275941701
0.9569149388284892,0.9803546442224595
-3.057330712185126,2.8963955060476225
-1.0530646880318362,2.692207889101076
0.9204156998963224,2.4416037403746036
3.159404136003756,-3.56133254282529
3.0025698926405995,2.321656353865482
0.754598032950424,2.5837374356104736
3.087144105975776,1.2013071303896805
2.729642359638571,-3.3126044186786605
1.0285341422255565,1.4350213993253804
-0.655784439035493,-2.8217125083585994
1.1206891502502039,3.3022674099608462
-1.2765465963302123,-2.482873146885667
-1.4114604623094837,-1.372141050033179
2.7552245731134697,0.696305522436488
2.889445987970405,-2.9689399565191565
-1.0336788922909421,2.7805243880229886
-2.661354677400385,-1.53469320860069
3.399239639985843,-2.827977907575269
-2.795206320562887,-1.0570701586705444
-2.681519178596216,-3.1525883278008426
1.0063309209256646,-3.185475909731166
-2.3330073349957923,2.696754552712103
-0.8174222249997452,2.447388986705063
2.60319946879187,1.43444994161552
-0.7675563809233313,-2.7888423586295428
-2.830021874851855,-3.1714126958884683
-0.5666787432676761,2.449705902018906
-1.2366590248268092,0.9694465542469505
-1.3731683065255378,-1.534432292095399
-1.4842732968414951,2.8216284260217206
-2.552175045877027,1.8065796151532512
1.338809144893779,1.5447123890783583
-2.3988688670851395,-2.8904510514911954
3.128599755185548,0.5040692333291527
-1.048504400681151,3.428347171679758
-2.9096758095442157,-1.024981877034819
-3.4797171696170404,-3.0282588968244597
-3.1225906935052423,0.7423187568894124
1.0922824686549737,-3.015936158237555
3.08849201445819,-1.270966487813698
-1.3117232003009152,-2.7479643937656832
-0.6049563722439371,0.7266956270468389
-0.9237679011027149,0.6780634662606333
-2.8573986486441596,-0.5483027263009339
2.3579484112511646,-1.3830651213632676
0.2807099862491957,2.6760815994974183
-2.838804838530618,-1.0303323244235734
3.256593839766787,2.502659244400687
-1.3031627834637052,3.1712851959780366
0.7157645286866201,0.892367672198085
0.7256804427424399,-0.4564812108319855
-0.41725944063246334,-2.5623788449045977
2.8116269749509333,-2.747062198353138
-2.0640825310648454,-3.253962708695078
-2.9514420740672733,-1.1293557354718344
2.565735880190298,-1.4286875040975269
-3.3245194411203167,-0.6942835745050242
1.0495086531932394,-2.2507331125679753
2.4496619227175427,-1.349172587177394
-2.7271050021348375,3.181962501222452
2.793604230011782,-0.7029976120483871
1.3917425797196288,1.7834154598853151
0.9329297946841548,0.9882143422581809
2.6593460610958224,3.100114453136389
0.8313217078432019,-2.966356659150864
3.0368220739454257,-3.3508152870473134
-3.1782136016262696,2.6010638828939703
-2.3576747013385706,-2.511319902866684
0.7301670425452632,-2.909780257472968
3.166239133270071,-2.5196218102437156
-3.5047883113315432,0.3897262900819756
2.745686083865482,3.128015468375765
0.516602264767083,-0.7067723049218428
-2.60933315378493,2.3214742870596825
-0.16809687002688956,3.013020407496522
-2.408428903859187,-2.9326319222362294
2.7768153458799953,2.6060581108399936
3.38285383537407,-3.133987674019127
-1.1625889821827269,-2.882852567778256
3.163060704172369,-2.9324448681445383
1.070467039557263,2.3104021412919877
3.676158605336562,-3.2002845577265386
-2.225671092470314,-0.5570561648496297
-0.7804751855111933,-0.6247053650380507
0.2573954569779156,2.0676875717924665
-3.5652083357808557,3.737294891864568
-0.3987572647770701,-3.4459189744955285
0.8929601999258164,1.1026257871922704
-0.9849281925436773,2.346196545888463
1.044884124985867,-2.784177428011746
3.2027539348662875,2.0208958337496683
0.49395641514580985,2.597176150005049
3.221952701102826,-0.8002959196074174
0.8857354722905687,2.8664288788148173
-1.832906921469475,2.8046731289105966
-3.410366633243433,-2.6669470186922584
3.171287035458825,2.6725518376477813
3.1519357602259097,0.8961636660786992
-0.5355505108631986,1.1045319316508513
-2.857874598699846,-1.8724249869960592
-1.2320326749686223,-2.6573310815290525
3.135874308545049,-0.8369026420013864
-2.950654257366589,3.1799760028549424
2.8126623735349945,-1.0879528906161595
0.9103701472113854,-0.9366290465014406
3.7290473565550397,-2.9196763723463084
-0.641986593352554,-1.088412306290646
1.3646219365861592,-0.9990054801269567
-1.9094523183731968,2.6492878534480857
-0.6169449325727109,-1.5540105787705174
-1.4328089080198747,-1.1074009572186478
-2.9170619945073324,-0.16093107130594794
-0.7583128241059282,2.536047944035938
-2.8589985360912826,2.7137547062351164
-2.2069942233834667,1.0625709820584464
-2.805232634192773,2.370605446414594
2.7398793081651505,0.5754731175640418
-0.6010971362042952,-0.9964155439764336
0.6306181589823399,2.7788398172183824
3.436307801978401,2.635680941373805
3.165693175078142,-2.6334941124679516
3.0938803300147595,2.0629265213951427
-3.5625616306578807,1.3095914326994138
-1.3641802763844695,-1.5183687945642037
3.0533454721475053,0.6248560119509335
0.7372454027324788,0.5264668014271853
-3.0008427367142563,1.3067431802376794
-3.1753656047294823,2.7946744833299646
-1.0854516424130347,-0.45465925819050756
-2.3637940465125618,1.3137877880777993
1.4906380461453952,-2.9512343387225854
3.2108315732217267,0.1008144111795191
1.265868539679719,-0.5087816051782509
-0.4848977992214443,0.8790215295649616
-1.2379084262042528,-1.4000303729545707
3.013581253454633,0.6816787619114053
-0.9840440645580243,-0.6320791688868176
0.8045603923988921,-0.7564672624763132
-3.417659077178536,2.3235656537790397
-1.2444821773929844,2.761340648558931
-2.4561822836364904,2.8734772916617763
2.9621419611979105,1.3994726481974205
2.4534440473520456,1.5250773253975685
-3.0546051186263594,-3.4809021822677497
1.2168618384851593,-0.7461609378783125
-3.0787565583407814,2.629854483774213
-0.9299033034086759,2.294044582791191
1.014167073548721,-0.4017297838165142
-2.4209508477407335,1.8549479462467016
-2.9486893525040254,-2.765254493656921
-0.9427522221705912,2.7550534363112487
-2.5011816661165844,2.694787693875938
-2.8777788251198833,2.0861235630449957
-1.2728464827226194,-2.707720337004018
2.8318562756410843,1.9235215100251553
-2.2985776900832766,2.9659897166633673
-1.6674859750887199,-3.2387379805179046
3.1094014666761405,1.1776307866964462
2.7021947970657894,-0.9766958445821878
-2.9613766806232547,3.342662742671954
-0.5831123185738504,-0.3465078936254435
2.5281162205844945,1.0875086857964553
-2.186510022185642,-3.0151694037642494
2.3880866563952643,-2.5996551131443577
0.7738898248361389,-0.4242621333470466
-1.2164449502229868,-2.83842244186932
2.784090282950936,-0.6718270415264364
2.9944554530137424,-0.6347466647734451
0.6537913173850458,-3.0570354284316705
0.9265477782183675,1.0404822169627463
1.1708356704881049,-2.808589785179203
-1.406290112855957,0.820070978947264
-2.4763073471110064,2.681664988848593
3.724331182225891,-1.2710796983823005
2.239221883347996,-2.8867254198594234
1.105321408654229,-1.2573345757778487
0.4565685637753805,-1.1491236847261015
-0.9758598270057224,-1.0484162342985788
-3.1916498752574194,0.08543022445681246
-0.9032033824106035,2.7235845120935234
-1.1222156388402733,-0.8290509676039427
1.1666868181350176,2.146078577335525
0.636086518011118,-0.5877313855134297
-2.4493127344514942,3.0329326718252303
-2.922279769685285,-2.1143491606858276
0.28472477827103393,-3.014107634623723
-1.362590615525647,2.652180682513681
0.6930304330095775,2.423393087073113
0.727183575769306,2.972345133227272
-3.415362051002826,1.1546881260847852
3.309760151689677,3.1407627760411514
0.8720515820576157,-0.597236080286291
-2.593318599876595,-0.32355148234510694
-1.6838001779775922,-3.2346774527244784
0.7364191330240981,-1.4472319355532604
-0.9429175509785167,0.8531443144598647
3.2155743502513476,2.695880607557499
2.725854746921319,-0.6782661899825839
0.736302853170359,-3.44006145367544
1.1026599147396057,0.6503751752008408
-1.4453286754814838,2.970402358365848
-0.8483355323539465,1.1729448112795446
-2.8560006692989757,-1.191536415107281
1.3980673214463246,-0.7421271041406353
2.8625309593657184,-1.8571996263482555
2.5967998717778134,1.2332271669479948
2.830729326557312,2.5085974099688113
0.8519075535447519,2.8356166275980277
1.1173241312478783,-3.292614126864935
1.028129286528584,0.881165366805454
-1.8061657928486952,2.6082137453480803
2.45485122217876,2.4155136447171417
1.466789799984099,-0.910598422841844
2.546461416427475,-1.4662697641317624
3.0156515156503714,-1.243654915722452
-2.386085723707826,-2.7040993740910664
1.3460719837917055,-0.6952061155102487
-0.23021833859927757,-3.232698542108886
-1.1343861213546726,-1.327775117375285
-2.9700250464884825,2.6287890769977627
-0.39586381769067247,2.227547777191394
3.1632991712686818,-0.4874747551788521
-2.5658016917048787,-2.442601995766486
2.9600976934444785,-1.1093982847823682
-0.5344717208098442,1.1735114336950265
1.3151570753513477,-3.0165543266839303
0.7189354819032769,0.7150328628459689
-3.0574916804628396,-2.35680226816927
-0.8304698323347287,-0.8209105689893504
1.5629712743865598,-2.4223060841878685
-2.43241902362836,-2.914242815743772
2.657819668782893,2.6356013173659947
3.3054187553412606,2.049556891310383
2.7327341271367436,-0.5210575303583734
-0.2878951167642313,0.5468345479997586
2.967147450478362,0.6854233552609387
-0.7649060250642321,0.9316449443979564
-0.4242411142040604,-3.1234405014975795
-3.0694888220467162,2.72074388692505
1.018611312352905,-2.3480479356480934
2.4131826674964247,-2.654176825079044
1.390113664674268,-2.5607221124431425
0.7062881555920268,-0.6986933982109594
3.4470168459537134,0.7714527255391574
3.493464524934672,0.4656828069428234
-1.0606567863736782,-2.5829960582950733
-1.0950611744602252,0.5248046199405738
3.28975787117215,-1.0151553107537354
-3.3727445234573783,2.743415209058846
2.7527375006142627,-2.5878166399816847
1.3890134730470454,0.38470463310865505
-1.0758467502002618,1.7167049582278306
-0.25918011333622576,-2.715050977331831
3.6198256485919234,2.2930030586930283
-3.0489129654716387,-1.4915317872833183
2.419206155584817,-0.8620538799416434
-0.5317877000779383,-2.3934003796799113
2.719493630992846,-0.09052329096228086
-0.9508354581654255,-0.7323707590712036
-0.42387661069522525,1.2546267617462754
-1.3911507971405652,-2.694899611574197
0.42539574354296955,0.7012925890540886
-2.8389084776316227,1.3227634815730516
-1.1844296974036006,2.3834392759754572
1.0326560036011632,-3.0268036931077327
-1.1073752965759107,-3.4092729963795243
0.8059818228420578,-0.3637466062851917
0.4662530168165402,2.663184188791563
-2.9264639040522695,-0.9326929709931772
1.003590368148987,-2.99764563054843
-0.7837881693383834,2.825275396367101
0.00019267831442953653,2.7906952150264828
2.617397586516346,1.01459940727133
-1.0822729829630495,-0.7720608197330887
1.4106396853588206,2.0744635758713534
3.123423802685428,-0.8503760365780103
2.5809231495683114,-2.765339713884177
-1.4726860726822149,-3.297456034540844
-0.70956884045815,-1.0744352982140108
-1.3376204374285983,-3.1167806710325006
-2.665929143378852,2.4128963579557565
1.0793820864076091,1.6012400264732436
3.225820311669769,-2.6229594615578997
-1.5085635762514262,-0.5589992863568254
-2.973614778126712,-2.428232408589914
0.7649888034520865,-0.7843022369621077
0.8397763713708116,-1.0117516704979976
-2.6972738536285297,1.566455647005319
-2.8871700013889603,-1.3763017969129052
3.143019273436868,-3.142241536351665
2.796790239572013,-2.528834360547252
0.9068958222228487,-3.359746413260318
-1.0529941463751198,-1.083927224134187
0.8533940488079521,-1.206214021060301
-2.4773122090657695,0.8155755063219281
0.050222705980319936,-2.981652969776803
2.754144266611499,2.4118167096610024
0.7320352661681752,-1.8306333252563363
2.555097999382601,-3.795761507804447
-2.373385755559068,1.9902348459833232
-0.9110538496499626,2.5046389590542213
-1.6204612510738006,2.664907105281403
-2.485885806630401,-0.863020966648263
0.4937736838746578,3.354447918921232
0.4051858462784134,2.802672228938946
-2.7334977615419733,2.225823464682587
2.1748258631746844,2.7186774866033616
-0.6673277275259909,-0.5208573715527781
0.41272250202612404,2.287342432298303
-0.6305002802786001,1.3928159130281788
3.0103327090032894,-3.1725404446526633
2.415990377585233,-0.8255914280788033
1.0815646324297359,3.326684650167146
-0.7064237106151379,-0.7737960199561004
-2.4045740210366815,1.4142919061033505
2.624379551023565,-0.5117813283432215
-2.7394206636665936,-1.239795645164022
-1.616861228194179,-2.3774753781686058
0.27090596235763215,2.8036369829429466
-1.9138858086247135,-2.3208380491969343
-0.3729254057317983,-3.6280284379184753
-2.6466964724990465,1.0450032855656408
-0.947827315823161,1.3716036392849464
-1.7287305029349127,1.6240137795866523
-2.4654554362182295,-3.298407018664483
-2.5472245323710996,1.1560569015339603
2.755477912136616,2.7614738451490863
-3.407455491472023,3.3423942707080245
-1.7969482429758616,-1.0189742297915279
-2.7157661086064415,-0.6654953813072987
-1.2536101250145697,-0.39371782238312425
-1.6607113918175818,0.9930812780140756
-2.994524367850788,3.1501950137207007
-3.1873432157224175,2.5911321449737033
1.0203223129950736,3.0149403930036316
3.011080501231985,-3.241205500719093
0.8860961275160731,0.7503317788045182
2.8364795656640034,-0.8597504800581757
-2.8598594085354536,-0.6035062924330005
-1.0080813118726628,3.289378174213294
0.23316706512745997,2.803390409934728
-2.2201377668392106,3.2015068986030566
0.7067996352768251,1.2720279356361035
0.9277624969507229,-0.44455263584399607
-0.6820974781754918,1.3646760195625818
-1.5533609281891045,1.4664122053535116
-3.0569462332169635,1.4547791197972995
2.3706037670802313,3.157737730375216
0.2692101254366707,1.0839752816363917
-3.103996893784284,1.1002116279319263
2.35044032699902,-3.625488855389548
1.045461940927273,-2.479046924048086
2.944020905617458,-0.05197682476094591
-0.8318634091795802,1.3145931209939876
2.9050653139208036,-0.8953810845627844
-3.0339813786145413,-0.3573486172171889
2.674108683677326,-2.8216864894390743
-1.0246724520352917,-2.5824080427875318
-1.0858548468516618,2.404443791776421
-0.7756841470529269,3.091581642891831
1.0174028652964884,2.7063155020455145
2.6932663344787526,1.235649291701093
-2.7245693230278687,2.9822874460676743
-2.539668879595777,-1.1052355259171058
2.9568104508117976,-2.841054542097714
0.41898045164572917,2.4034317507627163
-3.1290573364240823,-0.9226951094407598
3.1863062186721307,0.8132912676800931
-0.9411173781676966,-0.30809817444751825
-0.7678928209580411,-2.624389549245975
-2.773675416526606,-0.1389059491616311
-0.4322333004574551,-2.9468832440577244
-1.6662583599285223,2.6698918564704353
3.1806077037473934,1.095017999003203
2.86856253879385,-3.315532475695457
0.4672995523177531,2.4144219933809374
3.670063539628974,-2.758388029772752
-0.7621586872180256,-0.8565168152592358
-2.499869467549796,-0.1188532317035401
3.1092761364574644,1.2062661610349255
-1.5029821414754765,2.3484664628682106
1.3896086510805152,-2.1174831497038737
-1.1766486747314637,-2.543420223960116
2.8697999855132923,-1.2197589378281797
2.5936281167647235,-1.3890078784756297
-0.9647324956873302,1.2182661826196026
-3.1469592003853393,-1.105591574736497
-0.9769911978211443,-0.9786159532305129
-0.7623478160137065,1.2948520184924546
3.1768559048266254,-2.3572087170453035
2.1966250131676306,-1.2051774497819538
-2.6752413079364943,-0.9885090522192751
3.0314910851203787,-1.315261916152917
1.6331895161079346,0.7733173550341442
0.9342109299789034,2.2872586287029826
-2.5686457331020485,-0.6368894276942468
-0.7357209185929502,-3.0277056089121963
-0.680304892517974,-0.26132176323863404
2.92601790969792,-2.722769910365009
-3.2394916927863338,2.960364044339865
-1.887081154735433,-2.8834806239078876
-1.4065464462631903,2.8414530292408053
-2.507797288284322,-2.7571314789511883
-0.38649884787281347,-0.8720912045046797
-2.726785997554813,-2.9383367436791565
3.299629947832692,2.437034179944416
0.8083451928266688,-3.0038273510357305
0.7519602091241648,1.0383819242113588
1.4072463465439107,1.341792080685739
-0.5894253672586901,-3.24315700729212
-2.017414287276372,-0.9955122337367172
0.6434723606320193,-1.2308268124445632
2.784050254121764,1.0520937467108569
-1.0724510045766504,0.9047910067280327
3.2633919274756766,-2.2577355513365562
0.6096690834192249,-2.9828402700828582
-0.7978320973655623,-0.7371524954788434
-1.3853717413211775,2.8308862916735023
1.0159048365759427,2.8961908668243583
2.9200916675819726,0.7015731952576424
-2.4196377582794413,3.01711755642619
2.5348733648983854,-1.5393964958865667
3.013415825407065,-2.6421634970035366
0.3978514415264678,1.727166539515411
-0.8245924874461108,1.6809714268241749
2.9166813045591313,0.8644457766230187
-3.2897577523544976,1.351545701532762
2.8971813048581425,-3.2685730211577373
-2.7359827579429132,-2.6203708250944673
-0.32156077117459153,-1.480830191185576
-1.4678989899657304,1.2413608114996904
2.481184364607731,0.5566894475745142
3.3554413824910707,1.1136847791092028
-0.9076904348577439,0.900422417200553
2.532202268073237,3.159296084640441
2.5578625280510177,2.7015039239377088
2.8315562457046966,0.448384404024515
-2.93022057839118,0.5368041442958862
1.2862370173652247,2.5553743404749283
-1.022808969570645,-2.422029459056589
-2.462440560968465,2.1077238533878058
3.0250955787435294,3.2637341843690693
-3.113952545167645,-2.458311377285852
-2.240979170931748,-0.5346040391381597
-0.7958341388282698,-0.9638430479322478
3.0506941000378998,0.6061993736990338
2.7783638140451536,0.6961799103436678
-2.1524155659199713,-3.1988256871349416
0.5656476173959979,-0.8722742470742085
-2.9682567206617927,-0.7435719607200585
-2.558475760840178,-2.8128023309204564
2.6226657966185285,-1.302514925278978
-3.019779482528305,1.4448610643750694
3.5732415261306962,0.9583857560884045
2.230883896709026,1.2492084768448097
-2.798454948911935,-2.623840134838154
-1.190838919487787,0.40838290162271174
-1.0470410690981566,-1.1476224164650435
0.9358069745726583,-1.4398999627472648
2.7639667263580163,-2.8115617969838977
-0.9230147444001853,-2.9412807407841974
-1.038186146010475,0.7737051641250209
1.3203144358593626,1.1608876208629169
0.9292599533505115,-3.362906281642073
-1.1581900355315213,2.3697532369390863
-2.649429187372417,-2.6586651411366815
0.9044590864904198,0.13839303363889788
2.612847990623202,0.9148651280989137
0.891701543462664,0.7599960264087118
-3.102793900035467,1.6066833831498504
3.462846082006678,-2.710968554180724
-1.4737430063470935,3.1397790056888213
0.9448350950683208,-0.9023095069085808
-1.233145570931159,1.0810649849424065
3.639490536150519,-3.2683019499860246
2.7280347712620214,0.8520476572266841
1.092154833019251,-1.4354581604805972
1.1205638209773514,-2.991442382053342
0.805670459403864,-2.139292575635793
-2.7474769164729116,-0.7071791982931576
0.37864986684510243,-2.8377421209324685
-1.0669352742976081,-2.334938644281984
0.7751468484299058,-1.0687494666660489
3.1712192368517766,0.164957640683106
0.005895336067844362,-2.54717259315639
2.3117863509266754,-3.321275531445965
-2.1466244816760005,-0.7445821973889486
-2.978505265078435,1.5460722520354278
2.5612253463591994,-0.2544283710198436
0.6842890707568103,-1.0678488544875215
0.8567290975411341,1.1346263980446925
2.693235649746868,-2.0278628142648563
-2.986259400073037,-2.477266968482864
-1.570602743640169,-2.972627804811028
2.6654685751715204,-1.1333773311667312
0.9921952191329312,-0.9514164036424846
-3.331046998333375,2.899178717833367
-2.859291918650075,-2.716607726670107
2.652301209736779,-1.2270385602303722
-3.4178089746502014,-2.5136286789495292
3.3219278885857904,-0.9124249122460854
-0.711587020992246,0.9058495562865091
1.2008688647629302,-1.1579185111799681
0.7175858374994185,0.9114076350089674
-2.6961211492274213,-0.4947898658211726
0.09948033961459879,2.7239885113111817
-1.382375422622632,-0.9044558870597937
0.6643297448897594,-2.5955053957478507
-2.834951696285472,-0.9300345784472734
-0.5493128133835594,-0.5611727873227661
-2.164204715468607,-1.3325415678010133
-2.614791199606819,2.6016500318365776
-1.3884786487756218,2.9999035700246774
-0.5376116504815502,-2.4662115761137624
0.11270228335670188,2.415427081450143
-0.6025585283548651,2.6841017643950535
1.0042821277428353,-2.877328036783853
1.0855247874760592,-3.026635584907555
0.6570442988772928,2.9310698190003754
1.5235530278979341,1.2921351058304251
0.819093540914345,2.781821600206297
-0.5341932632297847,-0.9677370266441004
0.8356827486697374,2.1606055159215627
-2.5717473953242997,-2.6448141603841395
0.6045196087488202,1.9316800751620795
2.7461461562171943,3.19052407434021
-0.8300071154215335,0.1761039916860955
2.8349684195423284,2.3584160036984825
2.4393708061940513,0.5660180047860359
1.4346801907428284,-0.7279827244864407
2.2870257465148693,-1.0157390519653555
1.319972913549277,2.621893754428633
2.579580571140142,-2.3538733093761475
-3.218618858255815,2.002187523836618
-2.9614577077255158,1.1788300506157006
-2.6713175518485994,-3.094493795252663
3.0068094881964367,0.6612711394006039
0.7783266823308362,1.191486184256297
2.6033217366035926,0.8584951358741295
-1.2358899268619643,-2.432468944761826
-0.2599167150385863,-3.564223620237583
0.4850731118109629,2.846031888529932
-2.8344122718162494,-2.396499966958847
0.5453045766722635,-1.6778243745118107
3.54345158505183,-0.7312992671328876
1.0792787981859406,2.672695016450632
-2.4048733170869845,-0.7389967051357063
-2.987949758748257,-2.5096263524117073
0.8389396257667313,-3.1705218966024376
0.6253518173467605,-0.6581289589054806
0.6263198846993386,-2.475021249629755
3.207772316457976,-2.4039328968244935
-1.2697068112113332,2.5356161312599945
3.0655903530769266,2.62568606788233
2.9933097763888905,1.4894173090436904
-3.038105428769988,-3.035728712143823
-2.7386817475339145,-1.0561585276114283
-2.9451609029246137,-0.610473865061415
-1.283440363078856,-2.9344337918534813
-0.9561950864270087,-1.1319977233401544
2.9560982454131643,2.3759185372990124
0.943174588652198,-2.428643034410714
1.232922481362977,1.636648985058202
2.250688102868582,-2.45518696337586
-2.8216093177661743,0.5602377469578619
1.2725862331193416,2.6552324870220176
-2.681377442102854,0.5136146748979008
-0.950918354352408,-0.9410191285313392
-0.9613795800858297,-3.302288740990578
-3.034823498770756,2.6602387582389446
-2.6863660273244285,2.506086936531743
-0.8797613775951911,-2.62134361467642
-0.20224405368975895,-2.938599142020589
1.274879219234403,-2.2470581395239684
1.2767295326947325,0.5687426440828149
0.4903995561307149,2.741029967356689
-0.6521987220967804,-1.1245625574351583
-0.9448489803702145,-2.684130506002951
-1.2402664911776526,0.9215916922681653
-3.0505607721782804,1.2301787637257782
0.5115864678386872,2.629881755426677
-1.059659817182243,2.8682583397835026
-3.00502908770527,0.9719871362482653
-1.612630404014662,-0.36290804018418976
-0.35837351023607755,-0.7463375737443723
2.3717072650183146,-1.0041594633536257
-2.2866432454429444,-0.5615690625752893
2.515032536140528,-2.967175979349027
-3.1073260690619264,0.7187511529583653
0.3868977422748889,-2.7510373752526855
2.91038562074959,1.1197077927510555
-0.7940950986918572,-0.36798077742430635
-2.7612273227398902,0.7687557501760557
-2.75236809062241,2.5774827069051
-2.5428851295078245,2.804081783341531
0.45521046437885515,-2.9339410494899356
-2.551012070856436,1.9188822927052356
-2.4140694261448075,-1.0610517056799043
0.7285123360061793,0.5127600834692219
0.6513887879438652,1.1108917656004398
2.847932272156165,-2.8964205990409746
-1.2514079697659848,2.5285547847232746
0.7088560367026138,1.3510846625844672
-2.8390001643722944,-2.4514860894877586
-2.7845026269494126,2.49798190715435
-1.7562207625717727,2.83248156579715
0.7813884325254512,-2.6602956169166534
-2.8736899220575673,-2.2587503293421363
2.374209001467331,2.4776670757662522
0.41704223657325573,2.7227754657341343
3.0687491699395446,0.43014464157054855
2.3405358414690682,1.8607700839822239
0.5737455252029726,2.3434617047717934
2.9220431847111126,0.8943013090633994
-3.040619057915409,1.3104909170123566
2.386220885933821,1.206725454299745
-3.3810809201352945,-1.1592692625313477
0.9459705078887087,-1.219548574982977
0.9262164652977269,-1.2415560919398283
3.3174716273618396,-3.0840114640615433
-3.139182266387565,0.11731155751860237
1.6235059150084057,1.0244999888971256
-1.4454618661157457,-0.8366796801093923
-2.738153465786489,-0.693879284865481
2.5518763398204087,2.441632978659642
0.4311131896876556,-0.4823600504112526
-2.757888404914384,0.9609162285071325
-2.231077863062861,-0.538004286506504
-2.6299586649088504,-0.5189386431852904
-2.1930614722336936,2.7852628641433568
2.7214959632740725,1.0292327237546712
-3.02091491583286,3.0328289326981688
-0.8200660791339016,2.3455584185398894
-2.222127393540373,1.6548918367022016
-2.6177855710997657,-0.9497137443958913
2.5926482250637406,-0.8426536850926356
0.9905465061730221,2.667143824323238
-3.4067757626569812,1.2528210725785731
2.532745966234529,0.4389277080102189
0.7711317793346142,2.68130898899428
-3.348053297418613,-2.155959184742333
-2.5683933847953666,0.7568119625131294
-1.1322354518901072,-0.3569068027894236
-3.178061956744265,-2.556925598017664
-0.7136609246321475,-1.33844531447667
3.012764938018542,2.6058280763854076
0.4106681212300851,1.8134007935721794
2.5301960263822765,-3.1785936100817955
2.795156593860267,-0.961295428984943
-2.715085121748461,-0.7853938510395279
2.7370542586242337,-1.0750711850934898
-2.8891150873099796,2.719218139429092
0.21714135233720291,2.502886213892055
-2.9441205161639075,-0.5299153965341485
-3.0464514027589913,-2.5061805127493137
-2.657634289492867,-1.264596623333235
2.6677984752374804,2.9599581795602323
-0.2022884430522633,-3.0592066464170085
-1.0395850219726543,0.2478953707638697
-3.5594907039036845,2.7491803489050484
-0.5499769739905742,-2.713404643191623
2.8015366050495354,-2.3587604411607077
1.2278679229831577,-2.4212466714754233
3.1771829186878255,-0.20287373232597491
1.4131519809228297,-2.6577010336907874
2.8925748090830274,3.1222321975370506
-2.610423557171106,-0.4061997609149514
-2.7305963932950275,2.357342900840006
-3.3237518665027728,-2.7203212081979085
-2.3027944301016334,1.8978131621558574
-3.075191303218634,1.5947895275458166
-1.0515168251584859,1.0186166399307355
2.8397919021288107,0.7011484829584834
3.145741873385685,-0.5094417834984019
-2.835520349254028,-0.9825600928624308
2.998796095237333,0.6547898037687292
-1.0279499374860905,-2.4617271216266863
2.637622624035036,2.4084302992636073
0.8760389131931487,1.0261082143190856
1.136524757059736,0.5691827790984486
2.9999456792327712,3.422492139634522
1.2721744063130096,2.5866406484409303
3.054654004340932,-2.8794349792229528
2.0507499562876816,2.6779167877136993
-1.0483692051946472,1.4427507994821718
0.6994937333149017,0.8946249472287251
-3.018562328266898,1.7431426301000583
2.4798793938005166,-1.432680834745943
-2.6410469481160708,-0.7975852322694982
1.0033222059869926,-2.564436595381923
-3.3114028094409265,-2.6292709617120114
-2.5333879415687477,-3.0452201257038327
-2.4698115535996563,2.8629488315195597
-2.174522914109,-2.6118255492909754
-1.2578303858757791,0.924059220843364
-0.8942324050321041,-0.6925041748207571
0.8445869716876049,-0.7915598863120689
-0.7809324472253991,2.7102777815395562
-2.9079152047281216,0.8553324399061474
-2.4648032759402563,1.0351800852343405
0.8369547007086419,2.858962168500132
2.8179951537374746,-0.8850294463174054
2.5708682954996394,0.7583536348208043
2.858058511575859,-1.2106704566683497
-1.472962861689391,-1.6109210080936618
2.824329100369263,-2.9445094021662803
0.6204433226614521,-1.319852329680182
-2.610387302371979,-1.075284569563474
2.702010229171467,-0.8972116984038632
1.1027469515310684,-0.33622897607295243
0.898592346811746,1.1521817039142839
0.7994195034015374,0.7630928012151212
-2.793597050176452,2.428072755273883
3.0014930713495835,-2.306444056609682
0.9573615769448734,-4.237656561693809
-0.9187392896466539,2.9991854807936695
2.063886338357084,-1.117577479790187
2.5110686053883455,-3.1828490395201094
0.38941614657939927,1.8308384073826187
-1.1488962985866151,3.3112350180433925
-1.288795949964776,1.5036951730057575
0.7535661864670959,1.1670942520297258
1.1950824333435874,2.377485375520282
-0.6109760157561683,0.9249448376676302
3.633218526899021,0.6160545038221361
0.10936374974885012,2.6757018793436607
-2.3906068978107267,0.6165600488656945
0.6182256189856902,1.1097683839664196
-0.8195807287258366,-2.7424925162496128
2.8957257735735724,2.5290097826804017
2.0212855076249796,2.711057466414536
-3.2788270571242815,2.6091309872487662
-1.1286551969532035,0.6942701261136571
-2.523162930657601,0.7618168791439082
-2.6432161434958314,1.5201189188501167
-0.7856540457179487,-0.5577199317128239
0.3022705353377776,2.333110507405948
1.0097366179300817,-1.0409104992047122
-2.7318582495922903,2.0285715904156256
-0.6577352761916997,1.330486360171703
-2.7588246358159743,-1.1641771361969362
-2.330293213565832,3.2889052636681573
-0.9127462621308579,3.5494331537340136
-2.882127330740789,1.3357953743887911
0.7575219332706784,-2.6454418872099232
-1.0429333894636648,1.0731601729889706
-0.7915191650317895,-1.9691050804322285
3.1661901194971436,-1.360058575605285
2.6408140448309045,-2.9146408807831383
-0.8628063420288156,-2.854838805245576
0.06254583235916898,2.9668463328565857
-0.914286825688411,0.8208546691679273
2.719484894559074,-1.5330711886538406
2.472598676168189,2.813540070352813
-2.920568739058837,3.359752853599671
2.8868195434462485,-2.8963416772957764
0.8861822892659553,2.896105847150814
-0.460605401189268,-2.6613206204243998
1.2114339626659223,-3.1278628981961627
-1.0116945380951683,-0.5627845610648237
0.7154441900490086,-2.8407207221265254
-1.4459391258771868,2.293536620414154
-2.8064803970829044,1.5471309593308091
-1.5786933525286584,-1.896612514764512
-0.7881377312425218,-0.8507559162700143
-2.687887407046044,-2.0943473769975958
-0.4346149448949669,2.916072102992168
-1.244939982729926,2.7832553326207985
-3.2852591906586412,2.837861346426197
-2.406417554930821,-0.41547877674483863
2.6638559575496488,-1.5771556766235901
0.6919005653940858,1.0262444360267253
1.2808765678291028,2.3893129192480744
0.7206585085088792,2.5389981131510817
2.737367500129711,2.5082804588433882
-2.7885329348858945,-1.7558216118191474
-2.6334920104948973,-0.8204703353185402
2.044919938548902,-1.2506055557007532
-0.7816206701723873,-1.0607599931932163
-2.6604246177323603,-0.44302896101788264
3.2919538685501752,-2.3240545933023413
1.1768638213528524,-3.500464461818227
3.4444135000755534,-2.2925678357436703
-3.400102220447247,2.9215961233369074
1.096784428807221,1.2858070582272283
3.8226128292146284,-2.887789766996789
-3.2603255595764944,-2.757453803879203
-2.7113470050563717,3.1216971060618675
-2.4534069061242634,1.247623360547784
-2.5913693060154523,2.8955408858283653
-3.4864585959297534,0.7171774640364508
2.14115622568858,2.0583061124199293
-0.7496082578257316,0.7745524220499547
-1.415316227514145,-0.3623931927432167
-0.971691462296585,3.0978330920782033
-3.019767924914052,0.5133555133406393
1.2687749282594196,-3.2712273019162863
0.6661139576823336,2.186861183110343
1.5654751423007645,1.0063067998539221
3.205046873547616,1.0020329721120043
-2.6353657584456585,-0.6945317801178053
1.3147387810196203,0.7811188583186933
-1.0868243069189636,0.5820005211506565
1.1674059572062871,0.8675809194208175
-3.427223855468075,1.1216831894066626
1.0886547976858503,1.8855190619563293
3.021000515289626,-0.9849314207832326
-2.5400617006799773,3.4212353251121645
-2.814227986128645,-0.16759940106451324
-2.6004378149840695,1.043606730291407
0.84603337527084,0.9121798873164061
0.9404090113514689,2.6137992219110995
2.785339009492887,-2.7750968483037233
-0.7729990451978965,-1.21274820956056
-2.586236303882825,-0.41119856326867216
0.9712639763094518,2.5537523028186175
1.018188194360907,2.809172352175015
-1.407959939573247,0.9109827897218308
-2.533716841131345,-2.131258886308197
2.6840298582298288,-2.5282080173961243
-1.0206772015087102,-0.4947651562526074
-2.384899065787199,-3.076581583480231
-2.238429188510152,0.23619544353719027
3.130459469846572,3.3681229273622537
2.9815283557074745,2.304691260544662
2.9983435026977863,1.200910016199172
-0.45930948727118054,0.8804342233722265
2.2381502028844857,-2.7604763135136055
-2.4456470673482182,-2.700992956309181
3.1101838522324536,-3.8634238001984538
-0.9732621925167984,-1.4044798763353576
-2.966045387541584,-1.0022956380687695
2.7880270116920824,0.9233872705018745
-0.7394796852572254,-0.7059631608984271
-2.8653438312889197,-0.6496568673717743
-1.3456456716296463,2.907353948920969
-2.959068638138889,3.158476399846772
-0.9955091424827112,-2.560163146100039
-0.7684585380026,0.9982122727469481
-0.8363697834266955,0.6101150924449444
1.1448563012780657,-3.4596776257598547
-1.0747451741456202,-0.3775003719830612
-2.9421340568504073,-1.0793554018987466
0.548051449299279,1.3225016257375417
2.505199877798576,-1.0296399027192829
0.3464601566925308,1.0494403915545552
0.9319983274603432,2.3717138162052276
-2.751544967299957,-2.7730300371360332
-2.5634790902772373,-1.43637829274763
2.4744655279495027,2.993442740454834
2.78210148156555,-0.6307114387580781
1.087615103080399,1.2911558154303047
3.372209997824836,-3.3558577549449717
2.8807759332037968,-1.2016381841450217
-3.0094797719261814,-0.799235430371516
1.2119934993883705,-3.0852552798659523
-1.2694248279438036,2.740868270047501
-1.2536925239930878,2.5435377875169385
-2.610630523617202,-2.4057590693653945
-2.601808035397169,1.0018567940213678
2.9258300980293903,-0.7203729076150148
1.5851458832445753,-2.7283488574199994
0.5153069316809199,-0.7930200256776717
-2.7197016628735953,-2.9837262207601367
-2.702779092298661,-0.6128855033411293
1.48733435562171,-2.930002441885529
0.6517468635438959,-2.8236503953871575
1.3106364344498298,0.9055452236717534
1.0208384672443633,0.8529030857101856
-0.9996942696554368,0.7167758725659807
3.0189447450622318,-1.0598700189025505
2.9327516627727133,2.452151393753217
0.8800088582210135,0.9542078645652964
0.9965957531503982,-1.2292409561709976
-1.668611679224875,1.1522572440509653
-0.7448258280764535,-1.004238827624888
3.414392113919895,-0.8123110509019484
-0.9034474955976818,-1.40140112276646
-3.0329222455821263,-0.8196886769977373
-0.8987718063783684,0.8512080892121634
-1.0047148966746984,0.5328848492919105
-2.8863666025681822,2.684198509849715
3.0973193276167974,-0.7164945432407693
0.7559244897438512,2.9471753475227
0.6900038944450508,2.4503560675721077
2.806354012443148,2.2393529262088427
1.2949275851980333,-1.3485464129787754
3.3046095528510646,-1.197430522206629
2.96590798808832,0.757133280396335
0.8645719160045964,1.0422898606673765
-2.521666173543763,-0.9514960508981656
-0.570742070774259,1.2655520130878632
1.6705322327788292,0.3728833134589741
3.085884907632915,-2.879932245353323
1.563430842906787,-3.060571362562158
-0.4823353534962256,2.995284142082375
2.8548282898397104,2.1962848192199167
2.3793173981552544,2.7437466511191158
-2.3932732736538904,-2.954300339155807
-1.2256442378264505,3.0827407465702943
-0.8252181026910844,-0.752393201593614
0.8073191369342242,1.230293983132787
-2.8643721917439198,-1.1869686799200008
0.9421499971519163,-0.8484859664300017
1.409981539617641,-3.099399731242007
2.807198911735352,-1.2859184895189444
1.6660500626502242,-0.652564969096874
-2.6649499681171083,1.1927979295545916
-3.168023743866173,1.2523067710417932
-2.406622332893073,-2.7394884418100443
2.5233643766648908,0.6108870604334022
2.9012024314584215,2.7632850646656593
0.010106437080567564,-2.6223629351076965
1.4588537478419086,-3.057966925274626
-0.4695686868603599,0.5796751470468998
-2.580870752293236,-0.5002880888673221
2.826915461636873,2.509277258390846
2.545495930119964,0.3208581659606566
-2.288745871488506,-2.8431563098099177
1.3405337425070474,0.792645471672426
0.8523524741386724,0.7313924785271972
-0.8067712092624191,1.3319857940382056
-3.3902388533388335,2.379939844427113
-0.6218241489909702,0.8469883733945472
2.7626292381665265,-0.9550160622958309
-2.7542529175673214,2.2636743853916608
2.7810957994454606,-1.077208011576354
2.8551476464443457,-0.7584081677739948
-2.795825202321447,-0.4807507952280516
-1.223081784190091,-2.7607947141754825
0.8493919128485158,3.1636583929125957
0.9172456914980436,-2.2987655348437688
-1.261873615565889,2.5070806708918556
1.6454414039391585,0.18093933065485995
-1.3998854873807913,-3.078332532152427
0.8170757481358728,-1.0622492585088306
0.7630442296942335,0.9316599401527413
1.0695714406355727,-0.8885807614006573
1.1030115901155062,-0.7989575830454737
2.8792651771693483,2.409012888083338
1.0714460310302607,-2.657320620038954
-1.489332503878874,2.8728214239678054
0.6106419061938632,1.1540021067336295
1.1896424779428059,0.9769496709595258
-0.9601894375700436,2.966885532481514
2.7823709127181107,0.9581349189601148
3.0539713825387693,1.0903568664213272
-0.7997645669296434,0.910858253464894
-1.608890045269368,0.7685980530060595
-3.0200086290127484,1.2099067912310923
-0.863677199668836,-2.728396782302036
2.608953278875066,2.6584569529531707
-0.7644790056453697,1.4120324177781387
1.104630153849463,-1.3969402986223811
-0.7184761291046393,-2.755224666051214
2.733819206717923,-2.804863871908025
0.47858168108572724,-0.762863950764044
0.6636028088400152,1.1868014269323053
1.1009047679561261,3.2999741780409844
-1.1650413841127993,-1.166332412119994
-1.098961282118,-0.5512093715336571
3.0667145047160496,-3.6384502814067243
-2.673066759295417,-3.3869516109054802
-0.7823882799722044,-0.9239180472203778
-1.109178882813353,1.05881193547165
-0.6267329437491004,0.6005517433216917
3.071575063248463,-0.38667623726221323
-2.81360530397058,-2.418103408133926
0.866011015598156,0.5656814667223048
-1.5883134700133348,-2.6839074094962014
-0.8215997369814627,-3.4611178584627993
-1.5371593947399982,-1.0626218156551455
-2.7526881394800466,2.386513751859503
1.0991700214337827,3.8098787864692225
3.1736021931769947,-3.1499116075353695
-1.0036219355478446,3.329628799076258
-3.176093637710062,1.5912870112736475
3.1066853120586924,-0.8478151280763254
2.7522934107244406,1.247842219849556
1.2477423488187236,0.9227761818618686
-2.788108131646022,1.6161351480100234
-0.5522433038688784,-0.8986907327293584
0.5689078865502961,1.4518770087076336
-2.991081097927924,-0.925708755765593
-0.8557629805831841,3.1402046797725145
-2.8816623167800666,0.9959525319280579
3.008968641415422,1.3367431137436925
2.9216092414183343,-3.02121966084797
-0.6884726517985756,-1.3800772708487254
1.2654994262909056,-2.628573678301006
2.6832075596261995,2.8816331466973613
1.2015714197766234,-3.026835866447028
1.3858804661533015,0.5759443394876647
-0.8110307437966119,1.197924197594835
-1.0792524113190365,-2.9014865602473354
-2.7720616468815664,-0.19451462377159845
1.0232713834166394,0.7629551939505554
2.770331029715575,-2.798233649734692
-0.48993788256551846,0.951285463948164
1.4184028415036556,-1.4314101970667459
-0.950419079273609,3.0595967190540545
0.919816141569621,2.548108614568732
-1.0797785153205477,-0.4774100145296819
1.0595786321671297,-1.18241270854166
-3.245198738553579,1.7228321579405965
2.863081709961665,-1.0443859381159726
1.1430293880023388,0.6910001578761489
-1.6232646017927992,-0.9775819250182942
-2.5207823799337303,1.5810854044161353
0.01809505988488849,-2.8226451772831247
-2.695457384320044,0.34989507636609174
0.21548913419292737,2.463535567851623
4.030321236408459,-3.483795236497211
-1.0742869338803935,2.46662281900493
-3.81570447944991,0.6642558732597094
-2.533432747973485,-2.7660363943300377
-1.6346143630366106,2.6039805858978977
-1.3579883071759256,3.3449056233841414
0.39608281828685676,3.0003956929895677
0.6412661394120657,2.415417568424103
-1.6543453882735044,0.8775484471336655
-0.9663604916105338,-0.8613440819955052
-1.2590382783369207,-0.8245331868112957
-2.813592732683312,-2.595903745372046
-2.349180054271026,1.5842466313682613
-1.1183370178180052,-0.9294622245846469
-2.863435380323646,2.997422067334742
2.152041551630863,-2.858862244310342
3.1129095772450257,-2.5140073029592314
-2.7576398924688243,-0.7581940940980594
-0.6747486178155205,-2.444364681995575
-3.6471267044416913,3.0223150020313563
0.6159144280811363,2.8510536881393964
-1.261814612135092,-1.3179925633093943
-2.989262844414105,-0.3903692883199212
0.24566772287550065,2.3984002299853344
2.971270253203278,-1.240324767243072
1.315349806728833,-0.9362316955413192
3.0587778918962294,1.3814284367081333
-1.344593459318549,-3.004539513629519
0.9692935902608514,3.227986060743078
-3.052628709448413,-0.26437559148600215
-2.7793671201249706,2.6429945331348077
0.3601677281610415,2.9952560226643414
-1.2485160147131162,2.651166378669321
-2.717113563812475,2.27831088175115
-2.500902054588876,1.4898080270258105
-0.8645634769272474,-2.4848120204860997
3.2585706427537495,-0.7530754563405647
2.3574585250053546,2.7548987804822604
2.9294597371687336,-2.95191960459902
-2.7625385542897183,2.90082940915941
2.0099288395421095,-2.5913326296847066
-1.1286436738969434,-0.9406947892956947
0.9140369394482,0.6670908876667225
-2.9192078566662305,-0.6624911057994209
0.7478548445499851,2.751913590651357
0.9894170001632833,0.8731340113975326
2.898447040848298,0.8470713046953767
-2.503292013872385,-0.7722978677395379
-0.857858195390872,0.7987085867077273
2.863963388808403,0.7569367621836237
3.293526499217825,1.6138409683887647
1.1145242262916872,-0.8042719745077496
-1.8292238392219982,0.8351168837017326
-0.5789689040554185,3.6735790275571185
-2.9367386007422436,-0.9728877646540262
-0.9164546785304428,2.6644303677839094
-1.712470778925668,-1.1420138584924622
-1.1176945145514887,-0.7429173762407731
1.1467835554960921,0.9331182063960455
1.1085820049739548,-0.6939139994309735
0.5005963548163939,-0.8878626873747177
-0.585925994398861,0.8247952296993764
-1.6615389366865698,-2.7017078356185684
-2.7179743004084393,-1.0037725036315803
0.898266513199984,1.459165954351028
-1.0256987557989155,-1.157098016855543
2.833537744914553,0.825164268858039
-0.9422451544777897,2.3582631691032274
0.7816530408227234,-0.34310961892591824
-2.470866403274775,0.37480961580291616
-1.2226543908858314,-0.1933782038988051
-1.4051583664804597,-1.3134134728712636
2.369423611046849,1.1667814827642413
3.1432075818208385,2.7760548043941045
-2.645098880692527,1.4306773314924237
-2.292539019636262,-3.1519806167931255
2.959029980826021,1.3676094085736668
-2.7718124449154726,-2.592189936456785
2.4301850223154724,2.638305072423655
0.5713122994559697,0.8534498148291612
2.302604751964371,-3.523819951251447
-1.060822580864615,2.994828165553245
-1.8390835938971912,2.842677496304728
-3.0687209784780234,-2.472233016124759
-2.2847593250842064,3.157153571656871
-0.762264198425221,-0.6857664468065812
-1.2919908507294942,-3.3484729565022633
0.5651326353085732,0.9497887115041189
-2.401579211265252,-2.70414055191772
2.607223291776233,-0.9349128061376514
0.21955203425056216,-1.3644124062484777
-0.90122599987131,-0.8469357920525187
-2.906291492067649,-0.47975941887303164
-1.9679131293112653,-3.1762314718034665
0.4122016804459036,-0.237647222226223
-2.7226707524725335,-2.0287137305889074
0.9599773072590952,-1.5262900853532724
2.2287694803863203,-2.933044158719326
-3.1211036391464844,-3.1312700034305934
2.776221215360625,-2.5881637183006863
-2.769125934066486,-0.6169381622812017
-0.3082323373595604,-3.3236335438921625
2.5312452427808676,-0.13189272828589857
-3.3694818395240147,2.498109684546555
1.301085278532022,-2.884866086303575
3.035053588447848,-1.9702303391594984
1.9419766496213817,1.0061683432301987
1.244695238181497,-3.3014360635607622
2.7883522036098642,-1.469791783556936
-3.054873474988518,-0.7226377983208715
-0.3494660906493692,-0.12859717701548842
-2.887543805200455,-0.6703885261016684
1.1528433360344463,-2.6172630369737693
3.084295600364699,-1.7864582430455789
2.8081082830255495,2.7910418127608234
-0.8889294491321015,2.3240851771543234
0.8096734088518412,-3.2713846412974297
-3.0496258909971443,1.290406910739955
-1.0987770952176397,-2.790562431569512
1.275145160434139,-3.5316486015900637
-0.8347313376860589,-2.373218513833678
0.7516272918252366,0.571424763841417
-0.8359576212888234,-0.4382919968589701
2.60570170288916,0.4260436804201118
0.9276864810712172,1.1478780578380137
-2.735844319243739,0.6021776842969303
2.6520345042405977,-1.1900380167489195
-2.8511450832957563,-1.0827998061909865
-1.8516899082359835,-0.47264242121207145
2.747451010603995,-1.8017741874365747
3.1401088495217486,0.6725734478120782
-1.0604063233309822,-3.3562683367917674
-2.8332995914013788,3.1504274404700356
0.9213025129263709,-1.3637971830275566
0.775416440314993,2.301391696756909
-0.7840368741976207,-2.6468359737831952
2.624145348544922,0.24307878849715372
2.8648152218394656,-2.3368923545760425
1.2814581919429802,-1.4382732270197944
-0.9512905567023059,2.970908867245321
0.7263151426044079,-1.1722600552084153
-1.1733052057826154,0.9398206742311865
-2.641184235531546,-1.223981023417088
-2.759077660151418,2.711800187456426
-2.9471000030303856,2.4359016685614203
-0.8033481413492763,-0.7932078957887886
0.6469847738326908,2.383287694046157
2.7638836601747157,-2.634155894203087
0.9259635347824344,2.0097235973743275
-2.661811398449623,-0.6900128199832087
-2.087249096437172,-2.8030694244065004
-2.612602527503668,-0.5112547899552531
-2.0495356130160505,-2.792525265549459
0.6292588556823603,-2.0155480061524584
-1.3030519044014335,2.428415944146703
2.7913090339080147,-1.2458479011309582
-2.6247857999241115,-1.5466435053033551
-0.9600514425850097,2.8417552605645966
-2.5664343703483508,-2.9553809543755847
1.5621500504794574,-2.530543444678129
0.5237949514638794,-0.9520864787126008
-3.1412219652480085,1.1672355878435974
0.31214816888826297,2.6200419061981215
-1.8023076447823723,-2.5105167231186565
-1.0201043977638105,1.020557612864172
2.7459933639640166,1.305712038142661
-2.8883890742203793,-2.946047342930146
1.1437014580680425,-0.862812905392425
0.895068359731059,-2.990127655754975
1.0729975182009275,2.385022038426436
-3.479390724215216,3.2170181241081592
-2.5792486487255717,-1.159756641022185
1.0821214978783424,0.953643969958816
1.0407732899328126,-2.812105589779862
1.437906133991318,2.9990913467031883
0.9761231909610174,-1.011680213121153
-3.1590245797359544,-0.3851990075266014
3.1825937414173686,2.1374705152891407
0.9201820511726344,3.3811655769961124
-1.5948383047877328,1.1126711519754304
-0.7628918487880153,-0.49573407730420777
-2.620288923221409,1.0542953060424356
-0.8645261566254591,-3.097061538073329
-2.715198498353719,-2.4977206910204965
-2.6240785262331263,-0.6899871760588439
-3.016365850448716,2.9347863457096177
-0.6346488342762447,-0.8318506974767405
-2.8832664699180524,-3.0039293885254046
0.5629829485669934,-0.5326674675401829
-2.6193489204443523,2.756291927997934
1.0434519221430931,-2.7660940663078533
-1.1329620321339513,2.5604703383189262
-2.849038094738574,-0.41199087383453625
-0.5741528204215892,2.250447096155063
3.2923805168934015,0.03660633897900628
2.579565126490323,1.7969016870025019
3.003661244911867,0.961533825188025
-0.987452013825937,0.8116221902339422
-1.073014290284037,3.4418028857924527
-1.0823340312004257,-2.818840772597876
1.3319751919175749,1.3081382028339317
0.7197924087993948,-3.0116911505510284
-1.229131507459215,-3.1496184104060547
-2.8067184515119834,-0.8195108881901183
0.9914716165823115,-0.7082711275115036
3.1003421367378,-2.6967792911180677
2.8511253980533207,1.1230459524165837
1.0222018024128237,-2.1500239286753655
0.9262321628359234,1.3180927606985047
1.653159080051629,-2.5564215782060082
2.3691836917480487,0.830491576882712
-0.577869919581379,1.3135609706883695
2.8844584966928566,2.908111226788964
3.0073691089778136,-2.3046541370402363
2.614852176263907,-1.554794670887553
3.081661194895535,-1.169657100994697
-0.9633199278629232,-3.1824113388470074
0.9370218972916665,1.229533985684639
-2.8307262099768553,3.1765160933025576
-1.3542440796663862,-1.7644869833391963
-2.865358433106538,-3.27193618688949
1.3026003113686924,2.455905762375727
0.7172619201854556,0.8800079045368713
1.5572319014257059,-2.5220344461066637
3.2202624342786677,-3.051311692492693
0.7979855515466376,0.9992148011339977
-0.5496477857408146,-2.205139491678017
3.1053872087870373,-2.329127022874158
2.5157190618170966,0.3852594142877095
-2.9194661169988443,2.841756286096432
1.0936748300724166,1.3608794926589523
1.068031521073194,2.430996238689767
0.7064280296031633,2.551708365525342
-2.786711287336817,-0.7463313031693779
1.411761936742347,-2.913927408998404
0.4144156763565741,2.598018216619355
-2.2687772116694935,-1.1489066615243626
2.476800521479821,-3.5276088642187933
-2.8791128731290723,1.5148985931765337
-2.4025717766232972,-0.8898640381264604
-2.8632481995797954,3.9390635233361846
1.413423285753097,-1.153845612276511
-3.420788898418827,-2.9590876472609007
1.5285315266013384,-1.2657300614626186
-1.2773675365446124,-1.4951174699611518
-0.7609527531313579,2.545208213567369
1.1602063964500176,0.8955788749992186
0.9253741562612318,2.769571083114815
3.2955553427346342,-2.503659487421968
0.3667749024379862,-2.687424563427987
-2.6152523542806327,1.7564614938205252
2.5460918177253014,-3.4517736703856223
1.1965119301989664,0.38205209101260057
-0.5389217530619922,-0.4573577278836638
-1.0986033554924635,-0.8283931946251741
2.3944630091033647,0.9204228820651265
-2.722147501665352,-3.3774051341219775
0.7775649171290635,1.1812994553466833
3.487254412957852,-1.3447435207257314
-0.9498592645018988,2.702298359210836
-2.983054022796436,0.4923890880870935
-1.1834382517564421,-0.4785899780923371
1.1740282668807096,-3.680937158906329
-2.9399431368075843,-3.0667770176126656
-0.7383165843579508,-1.6421096353602957
2.985649872897178,-1.6710103310504947
2.2161820841458413,-2.0094677916270025
2.7933048961721245,2.736247564854454
1.064396147601522,-2.4697316448123203
-1.0073213287095915,1.6030171389781762
-1.2861186437299574,3.5814631743177774
3.2792474956965516,0.4758058688012767
0.19489100228368106,3.072853323680086
0.7394617823953531,2.354719801753688
3.0276305469707645,-0.5983884926504979
-2.377268227315009,2.568592452704796
2.619015802463295,1.4268638076134756
-1.6442820559644238,0.7350495557920144
-0.16483741755682227,-2.4270510997243466
2.6610710928472243,-0.038056071438867724
-2.9921740203407876,1.7673523217482634
1.3223205582511195,-2.8590969007733773
-2.94164301008077,1.2018249336781244
3.6720734771609953,-1.162327739364374
0.2783583165427884,2.50059179802566
2.7029638817166686,1.3741049725811139
0.48472494578688646,-0.33073684663774017
1.751889615309252,-1.3681783376224539
-2.7254879136059054,0.5788675199581675
-2.8564313741570393,-0.46644705891810395
1.2631122931701841,-0.7091870972615595
3.346421356694471,-1.4364823674098355
0.7790863258444184,-0.9532495216088922
-2.9289155221514513,3.037238626271915
-1.1336583564637808,2.9874798797838222
2.5479976888215767,1.4627192845440704
-0.48572940976437035,-3.1277587222392986
3.112052304927261,2.6569094127677584
-2.7252393860766935,1.2146928833682105
0.8488395706442873,2.437978769238464
2.7937993991752283,2.997921674483754
0.7894222352559834,-2.472631301536915
-2.493392225684819,2.9757360713393397
2.89307057976643,0.6390073655176016
-2.4953433277296435,-2.775110990217573
0.8865480366070279,-1.1365999629459822
-0.6378912914254903,3.5606281808406712
-2.8365015971249585,-0.7786672167879914
-3.2074796303898965,2.723532650770242
-2.4983777558373594,2.497468087480813
2.5652372326436166,2.2584007476331482
-0.8725291524318349,-0.5544707954435851
1.7019297583864512,-2.668794010043882
-3.236160030246676,0.8914908622106873
-1.0662702617738253,1.2141038912429665
-2.4039216531131764,-2.1129604663662596
3.121816488618372,0.47883923396816286
1.0549135646222947,2.588115605814168
1.1841054251469005,-0.3589782553123775
0.5919541471590913,1.5199048442662286
-2.758618257686108,-2.680825799372873
2.584373834564517,3.0435880651551535
-0.8323880688004993,-2.958265727815509
2.8939848218202298,-0.6339154016594922
-3.8760567686436667,-0.6442057633335466
3.085035327863298,0.6378898739966979
-1.3786345407070646,1.5662001083319066
-0.8470184023421244,1.5191700211523986
1.185067988712766,2.5473707134156265
3.1909806231671327,1.0150013152441553
0.7526040937278944,2.6778233558288678
3.462474616265197,-2.933944674933226
-0.39027160600290833,-2.4728479750079346
1.3278714922679293,-0.8359354074759191
1.3581227850504651,1.2004926798645816
2.836764014249174,0.3615277067286531
0.6024701323325246,2.4734054488227213
3.1408415002637793,0.8540493763243474
2.0800366895929248,-0.2981170632114774
-1.9234646220915839,-0.48718093675401064
0.8505897132244974,3.0768318394047434
-1.056288848143023,0.8166639880034219
2.6718647904387596,3.0423661263209367
-1.7643412794764193,-2.154793194505787
-3.0709132503744,1.783620609833182
2.5529020620787146,3.104581838477025
-2.4351911733791067,-3.0371593405824067
-1.5801930162241422,-0.5259957870124913
-3.244710942448266,-2.545367247152697
1.4487369981586822,-2.892102887549845
-1.5742198862623946,1.2503133391623311
-1.4084630644267604,-3.1362508524242405
1.956435773883277,2.812692721610311
-3.1981267065498056,1.1864475182703738
2.8990869020384022,-2.6850094473983055
-2.751499321994574,-0.6523854583526084
-2.246576890482705,-2.3942104544679794
-2.973891022798392,-3.3510950969230158
-1.0568102288175598,2.9489609486464117
-0.6605823329855252,-1.0276463837654768
2.978732383762449,2.938049165123816
-2.5191057280098064,-2.479829789832875
-0.9529130261937226,-2.0779669658891478
-0.5325670247153043,0.9731933665361604
2.968978116671539,-0.8878666712363774
-2.401831394066614,1.916551418243299
-2.8490398033449362,-0.19546286179875008
-1.0454981718750653,-1.0162457938318012
-0.7798265408841426,0.7297663309880843
2.5299344787158744,2.3963631782485044
-0.9910981215369787,-2.413637541576567
3.5903720797197276,-2.9549160785383712
0.25979719149150177,3.2212084183830902
-0.30869179622829795,1.5825949422979477
3.290765267890734,0.8836283270282884
-2.957434871895459,0.9587161370725593
1.3300964598408442,-1.437626062182967
-0.7609668574909467,-1.3388036874381084
1.358887785932114,1.426733891671291
-0.6113921609637182,0.8276589537247524
-0.6892416052844019,2.7863470371380763
0.24474423198113077,2.092949066488362
2.8347070558880962,-2.7926877542422726
0.6099438832288719,-1.3569002794892242
-1.2185921393401806,-1.0062002852513678
-0.7254027622299832,-2.451994031473013
-0.6400365367411509,1.1110901063768128
2.9083152250638564,-2.2103018756063713
1.4893239401546103,0.779789995768182
1.0906571660814495,1.2178548027579812
-1.0334940337758827,0.5389586064702
-2.8983794389033006,3.824700295136108
0.3335363586446821,-2.9120318323743617
-2.429746951195348,-0.6958601335489702
-0.4584530714657586,2.7427955039102367
3.1314525445034467,-1.2319915110466317
0.5320980171136578,2.936873629775143
-2.7633836272857706,-2.5934905372357644
-2.4625199805514186,-3.2724644166172703
-1.1688349875196347,0.8252026838506237
-0.7168707410881049,1.4044542349631037
3.37772441084947,-3.016253264835784
0.4459210192738306,0.4458039031136222
-1.0119198685132686,-0.5642338560387251
-2.404289976885114,2.4478092769155855
-2.9329627094052366,0.8702284594578333
-1.9072769400404856,-3.20134421506897
2.031344604992366,2.9663255679007166
-2.550893356429157,1.1744317830631983
-0.14239942630197086,2.336655154616934
-1.1820123492376766,-0.9581236005343794
2.529527619645454,-3.4065449078384353
0.981814043477397,2.5584487431477885
-1.2070127085326894,3.298272356803869
1.2506904141753272,-3.305667725999854
2.442527811624562,0.9144633779552004
-1.7117274882325677,1.2320294599192765
-3.263160855877631,2.5839753218899255
-1.3764888319147055,0.6393695148424405
2.733592281268716,0.7728929110067325
2.4050513320471922,2.9379694914727836
-2.115238267597272,-2.6374600045886325
-1.471749402165408,2.923802380055188
1.0987223425753354,1.3963297608401553
3.5931723583787316,-3.1712080326478174
-3.0091362959105497,1.54895615357131
3.053075726195812,-1.2718343692981773
2.709925696984664,-2.9091789491876425
0.9094652464993443,-0.8931636244416432
1.6393479176246726,-0.7289682665854925
-0.24404635244440737,-2.4031798957773063
1.234859433466744,-2.4842170281561424
-2.9609504011671794,3.281841640722327
-0.8930441433010886,-2.8481725335706987
3.2350340005935974,0.3129613521145959
1.4961317362759738,-3.4447805015807513
-1.5871355172128983,2.1597366974305165
2.5391998465957637,2.9115635559749284
3.210572485030226,0.8769190647309132
1.4657639011904215,-2.7469355953472525
-0.7220866877319746,-2.842532619951225
1.933770911294979,-2.3380188051597393
2.552191653913302,1.8672496875225422
1.217681946800617,-3.043137499984461
0.8495065048212025,2.3892413476132175
0.5477705665379538,2.7082772578152245
-3.350268917539858,-0.7745651065357073
-1.9201793012437778,-0.8795831266775153
3.209700138128906,0.8558005143296944
0.9909116128726332,3.143053404548641
-1.0852813094545373,0.6407314263575778
-0.9944674778544694,3.0876275961076143
3.491676792393197,-3.4041632094255223
-0.6270474282210006,-0.6143450383330121
-0.8907382528980222,-0.7769974505130198
-2.9355174723446456,-2.270570072911965
2.9085044518991845,0.5942251119806011
0.9301607689533342,1.3164651334081783
-0.9147286824596991,0.5944701773660754
-3.516840527716351,2.9376596429565622
-0.048548428089578564,-2.7654525708142152
-1.461775124579794,0.489277925149829
1.0360130204670226,2.5189957691099902
3.0691319194238336,1.1367215519160685
-0.8870374626155149,1.11801497505522
1.226146184723256,-2.625595550712465
2.6867557943810856,0.8088992264633266
-0.7619551890712303,3.286792404845694
-0.5025025794612593,-0.24656716153056654
0.755715726053761,-3.2788668183907936
-0.4201847663723024,0.9557643674263887
1.5949420359919972,2.8135839658856594
1.2625367652406123,-0.7176542139379947
-3.0629746463950926,-0.34041611667236027
-0.6345501439027116,-3.380598780332972
2.705554996676616,1.1889233204582608
1.0366731630994401,2.9927850373712097
1.372149802772699,0.755452356034058
-0.3454128788254336,2.745228905539319
3.1046957655287812,-1.141768490972203
0.7941490790699923,1.0506606736432527
0.24318000884738042,-1.083062253131814
-1.0947116580094682,1.4355314732419404
-0.5569734367154421,-2.740303722475125
0.9931495851857604,1.0229897442224989
-0.978250098805398,-0.5070681150728366
-0.7626521635813894,2.996559140064195
-1.2546417757851949,-2.6517493787631676
1.0615671624797902,2.702786501917635
2.5451134119796457,1.6417761144915404
-1.1586418915446002,2.624740684535445
3.0540799814820443,-2.707401421706892
2.721081424483381,-0.22459836093433447
2.8106342316912483,-1.848248804058532
-0.35785948391967193,-2.8532674824438073
-0.1793137689466928,2.5768165548661073
2.455317545052137,-2.537499115805309
-2.240955417219232,-0.5093669315397495
-0.5190737468557999,-0.7163543394287397
0.3424225104213876,1.0448019107866586
-0.021895001976570457,2.253364827691451
-2.8917502381519418,-0.37691931391167177
0.9780256600465168,2.923146398813625
-0.7096856607661487,1.598177389651426
1.8099654354263486,-3.1398923480083245
0.6808875155036983,3.002079082744088
-2.8282605735685817,0.7660615068952368
0.29416532219804375,0.9352112412947546
2.844733004907371,1.1405345349236014
3.018328019224876,-1.4290589067857824
2.250148957106054,2.336404210786647
-2.7318543546826057,-2.0337206815770923
-0.8105830497319291,-3.180674455631219
1.070336532866665,2.6424998337172667
2.698845318353919,-2.68716166880822
2.6369741607416857,0.4876040300616952
2.4793295978877303,0.6211396341229891
-0.8964474546837923,2.1271998810020154
-1.075031122875221,0.7874076225760718
1.455203409479372,-0.8288025718342857
2.689946912148998,-3.0358594100458487
0.5076370011399125,-2.8277200760503596
-2.8121685476205758,-0.45625657146702653
-0.9419345259610036,2.9869312750098387
0.7963841517679248,-0.8759236251855641
0.6320755422635324,2.7018865168214856
0.893296484374502,-0.5499288668935612
2.6567462153164283,2.1771129408484753
3.244923266520698,-0.13660913506971642
2.7466127351692484,-3.0014212178629935
-1.591687604498864,1.0594856400388204
1.523100620396231,-0.9670310941083874
2.983566394071459,-2.790498457826732
2.4409445082994012,-2.749628681223184
-3.2649765842922838,0.9418915516918968
1.3294032841111993,1.0886125816360228
0.288474450178728,0.5975459493482971
-1.2299960186822674,-1.470688269159413
3.1592140727997355,-1.3675908275449307
-3.1632388032743206,1.4684983287203732
0.5368152836535799,-1.4765601404440258
3.1474616448833257,2.891223058795624
-2.802072845841972,-2.44874154584098
-1.5989356080190624,1.298815143494332
3.0938922840216065,0.5568164930495102
-3.1434949134163825,3.569652240283294
-2.2676686520092133,0.942184807043789
0.48395210213846523,2.8463088556423006
-0.7031083827171477,-2.779559244515907
-2.4698808705799973,-3.4991773754311537
0.3705199766610583,3.0784904454783106
-2.5231987562296285,0.9438015071315762
3.9086123258039893,-2.929384442421305
3.2027971741005072,-3.075016057443567
-2.8020239428275864,3.4932309329905777
-3.069505964976767,1.5262575233887488
2.329606704304883,2.2427112208827467
3.197786732129211,-1.16917758084545
1.1895138917738277,-1.5543648381780342
3.521187600201533,0.7164766272598326
-1.1030983541894326,2.5633413825351425
-2.434702549339205,2.9638789240326253
-2.625270786675837,-2.9897733042193644
-2.39941121767197,-0.35342232304727283
0.9621342089771788,0.7786665509889907
2.754010035448847,-3.311324595565435
-1.1171150866206703,2.598316089814398
-2.9355389869682673,1.2516678079840964
2.888978649352807,0.10475394942170424
1.4191008050892855,-0.8799916699936049
3.1160346317661562,-3.0286656157683436
-1.042109415805832,-0.3794809325635498
2.1153024527088555,1.7677706901627914
-3.0679782679093917,0.732350781503929
-1.1073936690494648,3.0991417259839675
2.4553648034139206,-2.921543608375319
-0.9178929008544545,-1.2043212794955016
0.742548517142243,2.31403617816747
-0.9935634322187628,1.212978904486839
3.639753082249233,0.8304796327402089
-1.335605091890307,-2.580016302897594
0.2607490319330189,0.660548454983034
0.821789391915882,0.8808453924473386
-3.152818558046666,2.8762589498403517
-3.3938742878467,0.4818558198512706
-1.2357951286845406,-0.908770776809547
-3.3128349008312474,1.1300923584794327
-0.5631492399209893,2.6282161815261524
2.620609011968726,2.6842054731788108
2.7924790025565938,1.8496350561395483
-0.43348454611176607,-2.133042067281452
0.4260612082309359,-1.0249982991977205
-2.977430124536265,1.0868099036705843
2.7617555012955184,0.9488545349305526
0.47108064139652656,-0.6658121695609434
0.8787417701842267,0.7976422007579841
-1.1904718082279997,2.676871942654961
1.1635310327414037,-2.3159643385805806
0.7863598088049241,0.7922131339488184
-0.864303296047988,-1.240108031414942
-1.0888049827083905,-2.8512811704319656
-2.890741824083432,-0.8791336670325293
-0.9580898662780593,-0.49265228784091125
2.8582467160232734,2.82737374878648
-3.1093376249271882,-2.37825699841354
-2.965531543999657,2.81003061123914
-2.259140414193714,-0.5456752020858044
2.7321152897998005,2.7870744200850837
1.0596481623892438,-0.7835125046814312
-3.000245115900499,-1.2922092367028593
-3.351756265491591,2.906079929120495
2.9072837290175673,-0.512355509559747
3.7030821235460976,2.9880899935444827
-1.3501161347225192,1.0939709795766261
-0.8326247981124295,2.7174741680373478
1.0282572999124053,-2.3062024290808507
-2.5304709856068412,-2.8708670348925005
1.0217873708310523,-2.5473714332372666
-1.0111647035000098,2.930379091896891
-1.2761924255804529,-1.6940146956281175
-3.1857718936166313,-3.09000669803356
0.647865766726368,1.648112214892332
2.586546606416832,-3.16439868716899
-3.214673513248789,-1.9783668158028116
2.7899514474250005,-2.8334968589362526
0.8356480697784443,-3.37331815579103
-1.5802384249874204,-2.553109740477225
0.4562654972661777,-3.480233381049344
3.3711513819879353,3.0362445355842533
-2.029224201587292,-0.07666223535389854
2.333538890062063,-2.9365449166961097
-1.1622915859535559,0.9040530365555486
0.38689352160959967,3.1528694525111893
-2.2477579505802225,-0.5882845222340174
-3.2849535522799442,-3.0479509206124464
-1.200991126758561,1.0931286749587195
3.2888374411614603,-1.0060299737796605
1.0770247461727873,-2.5895207634020574
3.0451277938108468,-2.5704819826395817
1.0024144403486108,2.5147186911238784
2.4483764714333462,2.3365441956003488
2.5389594023412925,3.1129488162804604
0.21489669868951225,2.784254871438222
0.7879341442426137,0.6381546855300919
-2.167150799611459,1.1132044310939753
-0.8729512901978446,-3.131701418662556
-2.9585027199805647,3.1449957115388996
-0.9244376584305246,-1.2433426449725071
-1.6397966170977756,2.7673336742434884
-2.5693187848007124,3.6063324835339357
-2.898776240100936,-0.9483420085331863
1.025396882206776,-2.9693274855403464
0.9912694474417503,3.0698278338741565
-1.2261657937019057,3.177290197020075
-1.137179555838807,1.355428059285902
0.940160978895128,0.9238570969578812
0.3443462189641295,0.8844303230724827
-0.9903835413382349,-1.2639555885912481
-2.1671780115488524,0.8864871911304291
-3.0006828933065144,0.9473435067943403
1.3470940240129345,-2.7112279617842914
1.0283652463596642,-3.1851523038446308
-1.0596189502624807,0.7782902508379512
2.8916121570624873,-2.72846563415364
2.6596671854962715,-0.8063381155728625
0.8793106255253469,-1.2702346316294229
2.5327369460698828,2.1103130869166065
-3.621043850586285,3.10383846167635
1.5279879736275253,-2.851625839143144
-2.1988074008155154,0.3047300914339639
-1.1379399066242415,2.9584145565925533
-3.420834421906667,-0.3416075731533168
1.4503547025885175,-0.5878881676262823
3.0138514582806293,0.7398626148760702
-2.3115570235851215,-3.084057078792764
2.7692859359074316,-1.2248572304649759
-2.708535973585104,2.1629086829756115
-2.637953361991356,-0.8303766566526349
2.017274902749215,1.291040672086338
2.9750911481089064,-0.5983910617541528
1.3741234743203963,-2.9487817277988557
-3.009581198935574,2.6300076198965416
-3.121649875413914,-1.217751904495138
3.1750715762245383,0.5118757983107981
2.5126610037153534,-0.875578095170729
1.2597903107753612,3.458936474849693
0.6257620202289361,-0.4713201160749052
1.4497286154139357,2.420210751603396
-2.6654504465657447,-0.4482047136712664
-2.8173831721208256,2.816538348892294
-2.4439816013223568,-2.5401405478541554
2.6985841870317544,1.891464092218924
-2.9386386832586364,3.364002981640054
2.672770833153436,2.2590187666498722
-1.4772495838185034,1.032124355739844
-2.9576661528154937,-1.2517385008603177
-3.2888712984410557,1.4219516383758137
2.998323686218728,-1.3455271318541182
-1.6730354967139507,2.637954112038466
-2.9645190623323368,-0.6198791179245906
-0.6074679671762017,0.8478937476372681
-2.8689043139412527,-0.5792732452243633
-2.751914535951139,3.1867753447015943
1.9790297081607273,-0.754880309180424
-1.1726800417035148,1.1306866280155337
-3.124146655144835,-0.2740674504037199
-0.803690889606736,-1.7790778376583125
2.711216303654209,1.6168918972197583
1.2443389952246133,-2.9415068155685034
-1.1521721104031035,-2.3347708849249917
1.1145169728292768,0.5318153335237488
-3.2796713034200384,1.3846873690706136
-1.1698800879408784,1.2512350435699364
0.6639595486660925,0.7398248813421016
-3.3804729276421432,-0.7133950427950276
0.6814985870244179,0.8994365950383535
3.5402620357403376,-2.863510185558006
2.9734626849485757,-1.244454247207398
-3.236300894693281,-0.5692942087763868
3.1784028583781505,2.0232005172036143
0.620986568765249,2.8326592271758773
2.831566875452568,-1.6776191642195402
-0.7656192970191207,3.4651254867105488
-2.5732571054163316,-0.8944409035912655
-2.901544489654636,2.902895702555629
-2.606484528341909,1.006482961332305
3.14237551430639,-2.6491165428430543
0.5053639604870757,2.4995800170218665
-2.3173865117335635,0.7824877833566481
-0.6785512721795937,-0.6971826441479252
-3.7533396239102097,-1.2875969660846722
-1.3573035347807076,0.9153245344076937
-1.242683994454522,1.458336042642677
0.895464588425736,2.5945443463757254
3.347415562709457,-2.6506896356939245
-2.615757406600529,0.2869896100585996
1.133814497070786,1.8575918579625765
-3.3163396168208057,0.2147229527699127
-1.589166192416531,2.8842690112781377
-2.7648937069064834,-0.988772001642516
-3.079982636518748,-0.2225129925934824
-2.8631803298912955,0.9782944732960926
-2.760188906540436,2.936944437093228
3.217893266203012,-2.2643078769119938
0.946448325397208,-1.01880503784755
0.28240071385365006,2.8791292136919093
-2.9191934842852034,-0.6403928802804365
-1.558283844017444,-1.1582144628434514
2.6227140146084893,3.0171739124932064
-1.37950344677732,-0.09209093609581252
-0.620612488370291,-2.7432122783226136
2.6684477706016807,3.258674614529097
-2.3252155544991497,0.7513817146185033
-2.8623307488932808,-2.446268689327651
2.8627988913097484,0.5758087071995112
1.118842132343722,1.559674090565417
0.39259402613221334,-3.2098146859405903
-3.352264255906289,-0.9684649068420859
0.9464109718608089,-1.137180651106964
0.7989900722277186,2.9829888708082795
-2.4114915871894684,-0.875993539285458
0.4373100611375475,-3.0492442084671847
-0.7265951535060134,-2.6777706124698706
-1.4213761695870704,0.9391763625420061
-3.0404575310312505,0.9478996279350645
-0.9424322886749201,2.587668527196341
-1.3705075003651659,-0.8988394308062279
2.848663689356329,-2.9144544311515244
-1.2579838662756482,-0.9561897333292755
0.5051152048851324,1.1798271716422715
0.8765909730685839,-2.7003806455500126
2.3233257999464585,0.3532631557271084
-2.9145851824740676,0.9256625781415552
0.35035887210291955,-0.840681060478457
-2.9235084830246425,1.2791419834317797
3.516554901244783,-3.1750062939233534
0.5318198303215325,2.5598867756353187
2.508065060005678,2.4363929548269008
2.806876682666962,0.7880543615973251
2.7889328498319848,2.2454399942683514
-0.8695628820172722,3.1468656525074223
2.3674140298601603,-2.8686385242116654
2.7957000327058705,2.5292341262821965
0.43299495516901665,-0.6181766694651354
-2.4844449839573146,-0.7411472338071545
-1.2521798167251055,3.3695903600471504
1.124223714369171,-3.166303637739029
-2.958401610446579,3.146356448529366
0.835599991732648,2.7495916014065442
-0.882482519757855,-1.9401832451879073
-0.8919093509367783,-3.2584268153159757
-0.5181259104454103,-0.3731810893213597
-0.1994980173308237,-2.5101212598016653
-0.8644078754776153,-1.2431351827816763
0.856657679770781,3.6228646835904783
2.721731706324362,2.368227030808671
1.5092994512205724,-2.9005970249152897
-2.567743128079001,-0.8035299979519541
-2.717654981113393,1.18992788476019
-0.5630368242718157,-0.5875414910491511
-0.7949004850237934,-1.34128885677476
0.4202710314280377,2.529628429657433
-1.0572696206684107,0.5395552188202876
2.672583895002238,2.782227492395824
2.5274068401283922,-0.5723615652146454
-3.0383188847191875,2.3281233095395533
-2.9224110595315165,2.5025943284228864
2.819915524181478,1.0856657514278198
3.179439259461531,-3.0123157712720725
1.8172461989802036,-3.4204473757484046
-2.9496635915169613,-2.519474280524242
-0.9004229141350625,1.5358576090857412
0.5558214995250883,-1.1252607913774797
2.9789755584059656,-2.043988134551112
1.2316169789420217,3.521572367306682
-2.5466259963968456,-2.372272781292606
-2.578847953226871,-2.6797918684083237
1.2311705031291378,1.0544762129661034
-0.528482254990452,-2.617256619278995
-3.388729673349562,-1.9853176106469317
-2.709827878778432,-0.3648107102985629
0.2731724048386038,1.3459758589451265
0.8035282692517093,0.5932780862724557
1.1684323826631888,0.8412188509606222
2.7534792597468054,-1.2472972952054984
3.239065293917196,-3.447321973768728
2.8719462408429632,-2.8330601466962317
1.2353432046837236,-3.064611761367351
-3.0610739038562316,2.20150116183938
2.6240335556653784,2.7998985636297973
0.9059188080258352,-2.7748401239930445
3.304906749013996,1.2740903946761002
1.0551365524574254,-3.0554540466205147
-2.6173127023577925,-2.838245971247091
-2.575093743181971,-0.40739879423356146
-1.2378432355074223,2.3154484456797886
0.8854076052786604,2.299951285452852
-1.0325434831779927,-1.990016960668435
3.27575689284379,-3.0684174755826024
2.819803098592513,0.721645633406818
1.1420627199310893,-1.195155950579619
1.8354792745659965,-1.6032323116170786
0.8401648781636335,3.4713447697851976
-1.2071812565703306,1.1628197224887538
1.1397539221026958,-0.5441542965571506
-3.34933826492718,0.8628456616496807
2.9634171337443256,1.0256152233105327
1.0777736900457193,-2.8466777956491285
-0.6797122486446195,0.629750774775759
-1.278032494226422,2.1272435503178744
1.4461846660016278,-1.0490806924009464
-0.7653177531528307,0.7478978434293028
1.5197347436231,0.9981574456387222
2.668367944651697,0.46676868111245035
-2.9324249648781318,-2.381342417709854
0.7366789541424311,-0.9176137620218607
3.2539752526129715,2.6860317599728654
-1.1688062369444818,2.826359506521791
3.0964263852272285,-2.946721918729293
0.9308258535330078,-2.677585941605513
0.8609769614930446,-2.7592873837929943
0.5247798085238721,1.0317728609954329
1.055771699667958,0.1448376918924286
2.7868938341037794,-2.525477910995519
1.4959050758120485,-2.58874506935034
1.3613328376856273,2.6155543181121557
1.0287610737569877,-0.8964864570215989
0.8495573853707649,2.8074979562256024
1.2937084977872197,1.0966586784622134
3.247854510584582,2.615115774525633
-0.9088776461249408,-2.404705645660978
-0.8817491393360091,2.1075681839284552
0.5918072773716704,3.2985371822600635
-0.7793629501169923,1.0058964959631864
3.133745159884056,-2.4065632226532867
-2.9373604963015523,-1.2516762986067484
-0.48944345121012134,2.997137337264742
-0.9901467162232228,-2.711851139218883
-0.7391383422159059,0.8207284310808396
-0.8112790250039273,0.43448300460684736
-2.4470264643347046,3.0756099690501792
1.7755382916035185,-2.47240245696556
0.8385053290053048,0.2294052587876812
2.884193983583414,-1.231788478176011
3.1922833325264675,0.44483195726505237
1.2358496052126853,-2.143630174625793
1.1038164843282625,-1.2720940623950667
1.1171745026082265,1.2678321203380922
0.9190332749201776,0.5539565354283236
-0.6293149332901092,-0.12887718709091608
1.2202389375936566,1.0633675363810446
-2.883466647588026,1.2073714221410279
3.321530586810258,3.0659624748175385
0.6544309534401275,-2.970877279952103
-3.01111262096588,0.7744273344287055
-2.905421729456274,1.571930922699298
-0.9545422334930269,-1.5797797887264344
-2.6567087155577327,1.5849274616506845
-2.180469350675824,1.1503103684912757
-0.7257733090078089,3.5219352206908097
0.7850372659146638,2.4837171184866635
2.974305059481156,-0.5249648670466369
2.386808596596114,-1.1947475514261219
2.633286815305062,2.8086746748828104
-1.070839487001598,-2.655388773775883
0.9084655580046894,1.0248694002008478
-0.894688599624534,3.6831777730997604
-3.2472054707784372,-3.2070679497199515
-2.2617607735765524,0.1031441404447613
-0.8722637199116561,1.1922374608926185
-0.6625978224757062,-3.070443478468807
-1.431616335431,-0.8188284341655653
3.0469346217042674,-2.5901259553711147
2.724868583594551,-1.1041991979995585
-0.5004242165092216,1.4113692052027966
1.3223691290243558,-3.3774172404289087
2.830995118381181,-0.9174914470721675
-0.86465520412471,-2.3141635199741684
-3.0289197196850726,-0.9073605062981064
-2.3883026884129714,-0.6574177707616058
-1.4340017035914692,-1.910337133475597
-2.6989145298960784,-0.5406030273723046
0.8736081191685764,0.41271861232328394
1.0304340461624564,0.8330817783605889
0.45285067707869886,2.961860867022934
-2.468607998975214,1.5317363624265734
0.7631515238288841,2.830950752304569
0.6460372028645298,1.164804933087803
2.7170723688417087,-0.9760867188330651
-2.83770233117039,-2.7388705973371397
-0.7454473583794953,-3.3259472742552854
0.7435401515467943,-1.2106138248133347
-1.300511158926922,-1.1183434610516916
0.42156685480308886,3.1105578522027093
-0.7312350609500634,-0.2295974321618672
0.7451103494074744,2.5455041680027386
-0.24218277634351668,-2.712238075505022
-2.2525551571748528,-2.846739257640543
-0.8899522313241752,0.6490775935029384
2.4263463796188076,0.7319999091822104
2.9064303050230844,0.5644120366912839
0.7965335219893566,2.6020135693814206
1.3365958229450368,-2.824843385572207
2.9099158677416037,-3.0982774676488716
3.328470445866673,-2.995440139460737
-1.7691853346509934,2.09278359096176
-3.090173952928411,-0.3551302496029154
-3.087223909404514,1.2873407189637496
-2.1200308969067287,-0.40438714852420427
-1.3775462323065402,-2.9547082101690907
-0.6311741342778195,2.831639253622644
2.488753800908212,2.0443226464567776
0.893003543816324,1.2972596956159448
-2.799265925884687,1.2219376379734572
-1.2658417085373377,1.8835405018662421
2.976753904295265,1.708324480975334
0.4320707154574128,1.3009853785074235
-0.8643040399787921,-2.844583710931784
2.7865522833136445,-1.1060326414802326
0.5748408312536439,-1.6262373557145324
-2.7431477866580494,1.25026976324056
-2.889690506940407,1.1367675197260774
-0.572164263927399,3.1559097526226383
2.220394215128802,-2.993597227629249
-1.969310368388774,-1.2317762604765548
0.7165550390647751,2.7955292519570603
-2.9870690423963397,2.9679322649714197
-2.6023085171550924,-2.525796751533981
-0.8647420177814246,-2.792583681705187
-2.7035980785495948,-0.7009155217457194
2.7852621525771104,0.8633381909568242
-0.8581366936325986,0.9313259786880985
3.17609287503252,0.4063071339224678
1.1772642675094207,-1.1224872320515413
-1.23993548786861,1.435409968623021
-1.0878934767366084,1.0515267655698626
2.5234182874971216,0.9199039620641003
-1.3472697520099994,-2.898930388752879
-3.364349098767721,1.0755764000979438
3.5641237891565347,-2.62675169236409
-1.6248707173966535,-0.9463121020666072
1.424436245498676,1.0152364807340775
-0.8168950456967254,-1.2423844516020537
-2.839045088167191,2.902182989143108
-2.6416536942324855,0.9315009100051657
-0.9703789804811322,2.2597754761304762
2.5153686157967434,2.340067476817272
-2.930409233079232,2.6983085859745986
-1.0611615818262754,-2.8564087970919934
-1.3710264328249822,2.880493590563536
3.3238409487804113,-0.587801330100438
-0.7034325051191371,-1.0234884086672766
2.9328723525497544,-0.8044553682906997
-3.38492978617948,-2.695024893891024
2.903680188406319,-2.5298528992476315
-2.915536324099042,-1.2706343024364284
2.2166645739258217,2.2846374408587438
2.6224601983559417,0.7418037468126641
-0.5070673514784704,-0.4483326835477235
-2.7778774641295922,0.7824615931293993
-2.912510405889734,-2.952839543270557
-3.074639863081926,2.537171534707613
-0.962615915432021,1.2594477749502915
0.4417983111261034,0.4297549944010179
-3.445472195728951,2.71550252563777
-2.2496767798330874,2.4794408185740995
-1.206031396137626,3.476283728402997
-2.0224518065984585,-2.4922800417985385
-2.8878750608295305,-0.6464867969766205
3.0931796249070156,0.9065685580936114
2.9606381376099318,-2.602007843558694
-2.5663211330497706,-0.8224643084237764
-1.8022021636142145,2.1279385684950145
-1.4443522557540553,-0.6100525959605044
0.753556224412965,-1.3427842356785915
1.0105492117083057,1.4584416681647514
0.8968903636629344,2.959427483723104
-1.0026599107354177,-0.5406512076431284
1.258047691477897,2.814108527947663
3.2299470831563517,2.2770346522634495
-2.68702647802073,0.635755990007606
-0.867550782894349,-1.1839128965586843
-1.1163097635641153,2.221478162002258
-0.4787216803645824,-0.7289576969345042
0.8738187458509077,2.4006575204074228
-2.4959209730239014,-0.2217556195433529
-1.576572160638754,2.8086887103101295
-2.474276368745266,-0.402463633195585
0.4870795895983979,-2.0739587988584143
-2.486078459090096,-0.39812667859107276
-0.5259436394682736,2.842115628292847
0.9706556887225426,3.188666281066281
-0.9314840230659613,3.587333859618635
-0.8865004988467818,0.18201346950743016
2.8545423867828807,0.6295567280564768
-1.3593860902946027,2.165649781259171
-1.228897964777734,-2.5045507098658213
0.9972559339045657,1.005251834440378
-2.673975762311022,-2.8368723975052226
2.8107444549601133,-1.33215832663576
-2.7834958435591046,3.2028541956763106
-2.5081156201217327,0.8438146221157969
2.4619758703172274,-0.8006378049448513
-1.2868558957960043,1.8485739030607942
0.640679798598342,-0.885857746373656
-1.2256435846183333,1.186383587311407
-0.524905243852059,-1.4092688812405352
1.598547979168208,-1.2150124775503008
0.7155046051756133,1.1174965574555453
0.936918538011674,1.3738508955303843
0.4472336121311969,2.8375995353294794
-0.5658223982268326,1.161924607494919
-1.3091411045134667,-2.948760854622237
0.8981915353758105,-3.211377705329222
0.8332253374589109,-1.2735641076165265
2.742344320769261,2.686375913333891
0.786789522910343,2.5356677568192025
2.652311020406622,2.473999601470606
3.2277159088656777,0.9529009016814457
2.6133299596148496,3.0372199624700795
0.5215673426959607,3.3572457839951944
-1.203610888369502,1.0578485181247137
-2.646594608407271,0.9324108195068797
-2.9829099066284095,1.5072346016025628
2.3917202045684576,3.0402503736928943
2.7352398460392537,1.2040806259079235
2.1347620622764065,-1.482833936998712
-0.9460116375894144,-1.4004464436875474
1.2446515073334359,-2.945753115344065
-2.567746073472243,-2.4834819559463766
-1.131272533597685,2.863694935461902
3.0163178151884176,1.3319407004752384
2.9978341534762913,2.495790939146654
1.0574122701747495,3.509274659434159
-2.829636723116853,-2.8852907981683766
-0.8512722469196622,-0.4004829512490869
-3.143576087206355,-1.024585559243912
1.3757660886357455,2.287264239266625
-1.2106237407920777,3.121077254090797
-2.023249788188769,-2.5138188033081237
0.8676797514659449,1.1124780835889554
-2.7588712145401453,3.1182524827548255
-2.224643924823682,0.04417047281739902
-2.3662351010308624,1.2728889486243797
2.469445317522066,-1.024554710495086
1.4068328364337483,-3.033328718040383
-1.0902067580998946,2.7343443396709723
-2.2995010206509816,-2.7421625227768893
2.5804413164730375,0.1407711057401733
-3.0904234182666133,-0.1084166641379957
3.647245272311686,0.9069076905070083
0.039799322992769094,2.846875396840379
-2.6248750384662185,-0.501382649404134
-2.48634471244589,1.256142544122759
0.381505450884755,-0.9457858284907814
-2.1665368820439057,-3.3113831151955813
-3.004997801714105,-2.6524972373806848
1.3849209931685997,-0.9197220097670702
-1.0360419285098925,1.2790741182778607
1.1848213809968533,-0.6583311486253378
-2.653024207628496,1.1601867062030604
-3.077804005222734,0.9985262849589472
-0.79593326721171,0.8052138492710367
-2.4536152549734354,-2.7334584504002635
-3.2489324467648046,-0.9105397211104589
-1.5112900412006514,1.0594096307587983
-1.4441276022837,1.0169464270458743
1.261597122815256,-2.897875628752385
-2.621622509840839,0.48612404239745305
-1.0291252176349537,2.9948866012224764
-3.0835358715072845,0.7771687733548928
-0.9569987864705176,-1.033672375232788
-0.9970066714040986,-1.4078514063789802
1.0984195131279673,-1.4371154632310614
2.601685300465257,2.7682006952664455
2.902302787319631,0.6534669914358601
1.0598349556538302,-1.323543491246657
0.4672455318733442,-0.15414321270164738
0.5909233063920789,2.0509599510545713
-1.411687007300446,2.453232476856783
0.750758493763478,-3.0506897466388665
0.959443977245749,0.564492938513628
2.946308404390126,-3.7791507163945064
-3.1718230493766804,-0.5200667635455226
-0.8673611791823601,-2.245410609415911
-1.9151684551043235,0.2504167169345956
0.8696015352903695,1.3675022778432242
0.43810092327957484,0.6658479307555661
-1.023975697927205,-0.4504612011200238
-1.850575688693877,1.7409379242307006
-2.356961533188514,-1.584866344934782
0.8856202699968828,1.7275828883056994
-0.8417866781259488,1.674255354456928
2.5823003960779505,-3.0186234591032073
3.339608533140074,2.392255087637586
-0.6721421479352095,0.727186920669837
-3.0556795886332684,-2.4054110296660713
-1.166438292072944,-2.870870748665038
1.5201993196588421,0.8404549228174184
0.7854592956477185,-2.933575334205785
-2.6068177438045828,-0.5815803713696943
-2.537363015405154,-0.5644181565245295
-3.5619373409294055,-2.9657464671512463
-2.3813689365382795,-2.339054399232857
-2.344345557860453,-2.877774280319376
2.748220500547314,-2.652874062566072
-3.2879793425309543,0.8980345793154462
-0.6930275551341251,-2.6515011807855453
3.0039954778171265,-3.587245075371897
2.726601088328438,2.751150372585738
3.203442346007345,-0.9973188978491504
0.5613154196755139,-0.9185684073477286
2.2195119586024004,2.6161147737478228
1.2265228859147472,0.6506916614003948
0.846841824796949,2.8582615320664613
1.1055913646935966,-3.009213121203416
-2.215809977078285,0.8315890951469764
0.8615313594339804,-3.30226314644439
3.0967630188093738,0.6817378724878379
1.1337621267188398,-2.3877370855073656
1.0426965619440889,0.3584198879394252
3.205898826944591,1.7207133366060041
-2.81612749633756,2.778748235327653
-0.16820524182143268,-2.3313752496317965
0.9975080833946073,-3.4451118591320307
3.474822841576164,-0.7105787303242059
0.585421647016788,-1.6965800533928597
-2.645193665978532,0.9958200872996248
0.9075719605033378,-1.7189457759080509
2.8722723040459934,-2.432726476521679
2.9550442608630387,1.056461927361869
2.7499568523259934,2.991169714926008
3.1006937741281413,2.788156639098378
-2.4996021530348256,-2.269611689849365
-2.1706127421757153,-2.9254329419854135
-1.3538093528592763,-1.0477387025679636
-2.5103019289385937,-1.0236884892926503
-2.1856154418232174,-3.2925845152935866
-1.6073953677317978,2.6574678921479076
-2.2462942272090984,1.0673561578526791
3.136117341024851,0.9204357663307794
-2.4657147194237705,-2.759866472135221
-1.017995934506766,0.8911942935462209
1.065941916825026,-1.0703463905889128
2.4047780290003278,0.31161713010245007
3.1447143217478333,0.9572090787574966
-2.973856267016402,0.4069385157048034
-1.119872086994335,0.768385257871949
0.8617956000379822,1.1304419760797995
2.9086159443006827,1.2947776983562256
2.352055750260374,-0.8699079519129729
2.6527091445566917,-3.1641523019417597
0.1851340407734558,-0.5418152105074338
-0.33575131522365187,-0.9004256202592624
3.00536117279658,-1.7228495370187131
-0.6545961835026459,-3.076919535721866
0.6022591291245061,0.6124120989985146
-1.1149813756523224,2.6627823493173515
3.13335934753642,-1.279743371274168
3.135544869077192,-1.1470600907456932
-3.0126278535680413,-0.9966134360081246
-0.5498422138061154,-1.0315489237082889
2.6635265509031307,2.8414340396686515
-1.0558256023463366,0.7727446022068869
0.9568292416067014,-1.1588236431870738
0.9813515070551477,-1.0006683957475822
-1.0360272158081654,0.9782462273696909
2.4337455901709895,2.911014208271196
-1.4299939208902914,-0.794137652783469
1.189197840045726,-0.6290141798870713
3.793308075144162,-3.0308753588574744
3.1455967931560522,0.5838634677795531
2.426239012083797,2.581466823341066
1.0485214521934234,-1.2209679727103337
1.16365927207739,-2.647963471132227
-1.1396100877571274,-1.5961405070580357
0.7014166363143446,2.6897093255277182
3.0792758087899257,-1.619873730314325
-3.079435714910369,-2.0355569323742766
-2.689955714758643,-2.793489381394871
-2.5974501102779777,3.4028268461313913
0.313276378835692,-2.5875634182157135
0.5179044588657545,2.506421429027406
-3.557776731371766,2.759430511004456
1.171767228343181,0.8450083015406831
3.1278316890794144,-1.155688900902266
3.209750733155222,-3.059549270329159
-2.8248206843472605,-0.8499572349742255
-2.809989336556642,-2.875062339072618
-0.667792186868087,-0.9604556644910224
3.303187089706627,-3.0431679167098182
-1.0085874847705507,2.392357167021518
1.2310523593524463,-0.6343409610344776
-1.4298257105353518,1.0322478932415955
-0.6712502589639336,-2.7391406733274466
-1.1595114291240853,-1.2343296730548998
-1.2417994560044447,1.548227099649529
-0.9554180494062895,-1.388870262547892
-1.2671913659240792,-1.0046575933101172
-0.3395426514951702,-2.5530084320250968
2.493305102940587,1.063980832004162
3.1330782735940703,-0.7402618655284715
2.1533982230542486,-3.2029018499673794
-1.8261202422169258,0.7048312080373659
1.4721213905002546,0.7067552876500576
3.2581552456308756,-2.750515060947619
-2.2235866318596904,0.8853755481606458
2.8965330985134474,-3.0022734167881504
2.6598982007681635,2.7199915268268624
-2.192773922355904,2.902955378327913
1.0983063088131988,-2.008603440997845
2.4359106426371486,-2.7193675513235465
-0.3443151444606656,0.8743399715159134
2.4980443026239842,-0.6250084759643236
-2.3153403728655113,1.540758221411314
2.468839316057244,2.6086606933122924
-2.7835233852561414,-1.311709961278089
1.1076688760261,-0.18238469776609847
3.120987349664268,-2.726409249196609
-1.161617495497343,-3.094855329516013
-1.5100346814714696,-2.796162120364153
-0.9618015323066237,-2.605050345181203
0.6306312185872206,-1.0659376871566986
-0.8109670703751628,-2.443174336018322
-2.7037395835495355,-2.0712388579551892
-2.772710406307836,1.741266556489261
-2.788247831039316,3.0686384868734997
1.0784877495358558,-2.882651536964083
2.550478736469446,2.1458911992124428
-3.1761353181041567,2.4120232976143243
-2.74985855717886,-1.3457663582177841
2.8575614810783554,-2.4805566557163017
-1.2127444085235175,-0.7412091255867761
-2.5463410438783023,-0.15565733122854328
-2.934315557850781,0.8585509657198588
1.0704190312303625,3.111039693378861
-1.029533676943016,-1.0521841220235963
3.1537671404842587,-3.4155773201877975
-0.9037605232699482,-0.9782028767381434
-1.2535521078081455,2.022319530990857
2.734776009685046,2.80114453346767
-1.3597383784680241,-2.501195440974244
-1.0769869351577752,-1.8936171747063182
0.48609916594392966,3.576269420925594
0.8814034594244046,0.3412839463386675
-1.231750045467555,-2.7101057000097977
-1.1697246375322747,-3.16648073609481
-0.6302674883545551,-1.359591021214188
-1.0905744058246236,0.9374123945822934
-2.294831367496401,1.241525807157601
-1.3213250089914053,0.911312676058204
-1.0906277194806842,-3.0280981018953135
3.5188165892993837,-0.8594423370693414
2.8111322104180476,-2.1546870096427497
-0.7766829065566508,2.3721522653599334
-2.4505565385907793,-0.802266820073587
2.4225860970055417,-3.2931105452006473
-2.1719427773229514,1.0782213035747914
-2.497393756015533,-3.084397720161887
-1.064443378526864,-0.6568061991669188
-2.5316069593710084,-3.165004131967347
-3.001246699417915,-0.8131068918685577
-1.2266331257787735,2.6400030520505404
1.3515886226295746,-2.4051289078672196
1.3401316073757663,0.9049586278451107
-2.677970573898763,1.383828096278247
2.9538093698126815,-1.0507140878222763
-3.352439030762994,2.5213994843501784
0.9214894087976926,2.3536115491446483
2.7960882425224383,3.011817522549173
-0.8977638764487915,-2.3714987777058525
-1.2074992582757842,2.11277688899321
-3.058265344617449,2.975157595208308
3.368524841314717,-2.9970574692710175
2.477089311950507,-2.5054863972226293
3.2199451701381823,-1.2854374167119813
2.089611897884597,1.5323583020039555
0.7424372922733763,-1.4098661519236002
-3.2876899590537425,3.7266173643159433
-1.8215185352126373,-3.2096262879180095
2.7272288893011076,-0.7136590506106391
-0.33168952585902894,-2.7195537848244964
-1.256945541636969,0.7393963232912734
-2.7388795960706416,-0.383023182161694
-2.9323005940662377,2.216783547020497
-0.9128817613943395,2.7105806493125777
-2.45014558369539,-2.584916858990556
2.8858974410000724,-2.4486004504352668
-2.1722553349852896,-3.1482866741922013
3.04095032857032,2.6641730130310197
-0.8408301015324994,-2.2722033466221605
-0.8667256209373136,0.7632542515934819
2.1386343965059273,2.560370725515674
0.7415448814870065,-3.7750782997398593
-1.4510294164120754,-1.1359324389972114
-0.766225531771058,-0.6585786611958755
1.3640803429099881,-1.3012142185281435
-2.894946723866482,3.0227624019979866
3.127305134653097,-3.3640792654495764
-2.6732333242535278,2.960935048313356
-0.7190393381334633,0.7428963373232503
0.2946543221606708,2.4706054918930667
-1.9091326456626099,1.3011023072280243
0.04573585404612831,2.6199830814994916
-1.295297159123537,3.2210782825383375
2.1779722299620423,2.3326518798237283
-0.9580284968737814,-0.827043158950403
3.156272126211696,-2.6343569512296425
3.6100342320749426,-1.5397557162779076
0.7109654146731627,1.012901151070021
-3.074500911771928,-2.3073270509594983
1.0654171936639694,3.232719421768201
3.2117163397956223,-3.1788170624967416
1.603770249884805,-0.9026993185489932
3.279169450254217,-3.494810794728901
0.6165491921623836,1.137790092985571
2.9337946962738273,-2.4884067978176105
2.643269283219268,-1.1903838633096258
1.5211102928816396,1.0382583488458554
2.7356911781961606,-3.07488396058247
-0.531771204633391,-0.8720393681399957
-2.714205754741484,1.3734757198159346
-2.9053679086955078,2.649779166083033
3.26964643358833,1.1241909485653687
0.8627591332864816,2.9606002164689293
-2.8133116004056045,1.4134823695524632
-2.5586143232282597,-2.51749802756763
-2.7166128063457053,0.7845612234277834
1.5860231296154932,0.6560522855578866
3.7763105163504798,-3.253260433198417
1.0656382092333663,0.6948457100182591
-3.314265686650202,2.8863757185881895
-2.96625813131757,-0.7062633632511657
-2.9497031087365873,-0.7393641110759548
-3.121193126356493,2.522478901692571
3.0110321562399354,-3.377731940925661
0.8468820759111276,2.88751310822916
-0.1765449366641528,1.2655467403846337
-2.5475474783677465,-3.0013326170274124
3.519658921967726,0.910514592970965
-1.4494251979727892,3.1806452244282437
-1.9495551134134712,-2.509996409168991
3.1521237678694405,0.543943871566844
3.3892745630150443,2.4970158623670433
0.9558907860297947,2.535839709147645
-2.9862074373376353,2.3750849757356023
0.7790852890257434,1.1241708442244784
-2.8836951425455526,3.0918184576540435
3.0404162563654635,0.7796967673053973
1.4412207587686088,2.68059605929741
-3.115202228887163,2.7306279419201593
0.968597497984293,0.6982175657304981
-1.4069629072358354,2.8485408229539417
2.993137255528904,0.8333000162482993
0.71993856557053,2.731731789570804
3.17652428818053,1.1725189529383095
-0.16015824281843807,2.415522449840739
-1.2659641884881836,-2.62909560887219
-1.1780524895215165,-0.9447338826287663
-3.0044474306361146,-1.9774658405537646
-0.5757322411976803,-1.6742134427198918
2.939546437451321,-2.3389900898911544
-2.5762723017356364,-2.72473548173744
1.1026620891243757,1.3913596941242565
3.1778855312057224,1.0448886379821918
-2.7747802520797595,3.351130143419463
2.8917928240401376,-2.395058006116098
-1.337959353814983,1.1158671970392946
-2.895041901896265,-0.7771531775099573
-2.757826650771092,1.1984451350864025
-0.70060513107215,-2.85969659346727
-3.0988824962709187,-2.4393904720061026
1.1735273563034732,-0.4271342799605781
2.5148642631858427,2.6605941697133884
-0.9308246718589601,1.4424347363394026
-1.5993207382617345,2.471458764502882
-1.3031958345146792,1.139869160876339
-2.965624126260747,0.7294911360627344
-1.4477405610149738,0.6931315592263442
-1.0443081061217137,-3.2430525942851482
-1.6460684573153566,2.6539070894999193
1.6736268537751569,-2.2955209954560476
-4.139746777154978,-1.1515146947744819
-2.64013575246138,0.8942353654262112
-0.6949896311621165,2.1047373303510692
2.8219982719673444,-1.0376117013208495
0.8648216429606037,3.526305896235301
-1.2655782820522437,-3.382717820599392
-1.6692856959710507,-1.5700594000659787
0.507215698687097,1.10367487327402
-1.3914086177708624,-0.6908831896673281
0.5459492227564948,2.5070535045393796
-0.858936607753899,3.3130428178995555
0.595810656467278,-1.0252952305582903
1.0102305416791628,-3.2245995808031536
0.9472307202506267,-3.538271865032198
-1.062717415841717,1.006310459244899
-2.614884061793765,-0.7870069606486232
-1.2625783733266456,-2.9938354862974714
-3.1899775312836933,0.4903484553728409
-0.7133515550957046,-2.1492331880419653
-2.691322541382698,-3.176449526257133
1.1625903593249052,-0.8401816341941699
-1.0541281407661607,2.1042697219836546
-0.0696305358019148,2.751134712483712
-1.7848708384271434,-2.8504740601073792
2.1006116097760312,-0.5471941775915851
-3.0423585053119035,-1.1345881791929724
-1.4636086206874235,-1.0629419767224524
1.3317461261513355,-2.9711970193621866
-1.038054691422948,2.4502655839558627
-0.24554816091377446,-2.4698058541619905
1.9399638577282952,0.02627118780556258
-0.8281465067265009,0.8420303124549031
-1.4149858919464522,-3.545345479951978
1.2654647769539054,2.2699886446271678
-2.9207091974203725,1.5011976838439813
-2.8771700013708315,1.5018276932535737
-1.2989883251928047,1.1272304140411358
-0.8797973554703902,-1.176068764152009
2.9066646925959247,2.1743571336269962
0.9143730974694212,-2.8692487350481057
-1.4479065333952221,3.071575075705882
-0.9152915286647674,1.0837799314819299
2.8847583597630995,0.7196171376567517
-1.1891935604178252,1.7932157960292079
-2.5904459022887996,1.2121578625788882
-1.2227744574301673,0.7729239132374988
-2.8192175325384796,3.247936623800337
0.9409779071671028,-2.874327464493785
2.595559523802252,2.633628365467405
-1.2048954296877583,-0.4732815062508231
-3.1209252866618353,-0.9001250684273349
-2.6178269182404317,2.6270163099602475
-2.563304121978294,-0.4410237071480045
2.725024332750868,0.2611653379516287
-3.0383090552083942,0.16645943538069952
1.074074007119122,0.7714694173686638
0.35673236205574205,2.420524272190594
-3.4024515747495463,2.9824084864149816
2.6526663610363572,-2.8574761154719552
0.7014115528341079,-1.7786809687740932
-3.0723939161492684,0.8471221575809212
1.0722192592497615,1.1239033186399727
-0.4382077789754267,-0.786807546673978
-1.2101710465475735,-0.8270193110935062
2.810120961041957,-3.1128612162277096
-0.40857818759556547,-2.6232090114186724
1.0723262670568547,-1.6388290631486642
-2.4522842929458557,-2.7137926110817903
0.4076692641743724,-3.2783048475657726
-0.4449041980782452,-2.337796116097169
-1.2653129231992477,2.270072628722748
0.7374673985414795,-1.9603299492900168
-2.532755255865309,-2.4680518847949426
-0.8591710647316742,1.21573994104785
-0.6047366178079283,-0.8061211719721942
1.2474455808232272,2.4005287170807774
-0.7698137009930306,-2.2377004203462
-0.7063796599592846,0.876947149873446
-0.9183961231170195,-1.5566632294320668
0.6940417658631567,-1.1442573165312657
0.6246059973093933,3.0228928099183134
-2.5252213485465385,0.6829944923461393
-2.9834047571452755,-0.46018692554224677
3.215238439418077,-3.018687136575704
2.678013183040806,1.8715611169206723
2.664057829723609,2.700321108467059
2.257853000444887,3.012171662979856
3.1698645799225798,-1.6496672385416187
1.6871353374154945,-0.01281972834300166
2.4291863458404293,1.4086548237522891
1.346904901744836,-2.9604574848496257
-2.6516297316838062,-2.199768482254064
2.2210604274204058,-3.3916010475161738
-3.1189327987748823,1.367237732861228
2.518266481144307,2.343016766919455
-0.9845745070290244,1.260727684301253
-0.6109781874446526,2.806888694365018
0.7110504093398503,-2.432541052970488
2.751845959325333,-3.2677952417170215
1.1669423119476015,3.0553194242601664
0.8856282171407108,-3.294032069434924
1.0648592597519264,0.4543630072829496
1.125539845750629,1.4747726393986709
0.8668731607429663,2.232981434532899
-2.3780785314690167,-1.9769642637693021
-2.987606494120268,-1.1554403452088713
-0.9881157258303037,3.52203677899264
-3.1897591736183446,-2.4482661626005333
-2.93533734590982,1.0967631321470899
1.2332265770345125,1.888807951337997
1.2579164696428426,-2.984870373842593
-3.2346579549704626,-2.7027697922301854
1.2331814549321183,0.9570220229305304
-0.901134299832518,2.921844097910764
-3.4984670681484715,0.9945744816175972
-3.1173107233758164,-0.287212680274079
2.3850151946032794,-2.8808941893203603
3.301128008267414,-2.3745409606422316
-3.0160794148466787,-3.125857267364439
-0.6751760194150288,3.0098337815309115
1.1008468424114028,-3.419363523453898
-2.937591773708689,2.6593761522793247
-2.9905808869446493,1.2956246075696654
-0.8941669729089596,1.4577760816808538
-2.86295864690045,2.93085985361092
2.7781256504455936,0.9218108583305188
1.7028743490748075,1.096251622882331
0.4890215096758975,1.0024431000008216
-0.6955201482027548,-0.9023054944984564
0.9609330361272498,-3.0124652263934584
0.8299176366074303,2.4031549986604777
-0.8235121021466442,-2.4457417926672558
-3.5432390179221844,0.368357704184059
-2.9024001831955664,2.6752260111316652
2.8603685895024977,-2.43103572933042
-0.8357787393413205,-3.504010994090266
-2.867407579096444,-2.6715305086888583
3.153906811622319,-0.9713301679665717
3.0254177033796874,1.5976994035994736
-1.2513829714072948,1.262956645722643
-1.1458840612708985,2.756584458673694
-2.76335918345936,-0.5453465117144829
-2.712323658582964,2.4835919349403928
2.856679310480345,-1.1853126009496502
2.77913630863143,-0.822328681330307
-1.2395748991052744,2.9640608848717345
-0.7781118132747895,-3.057950003716018
-1.1090504595288153,-0.993279795323752
-3.0642482309352648,2.233193230108714
2.9636138372892136,1.1341226402543314
0.9256555726958162,-1.0230212536500396
3.5044499875832837,-0.9395410421431032
1.213512963458289,-0.8200856058695631
3.430581030266824,-2.8218822728152744
-0.9060956970051106,-3.1302505948121775
-0.3454973754829453,0.4379371671457734
2.5163193630977583,0.7938035535328845
-1.1409085794061937,2.891506430281574
-1.2375134052469652,2.941305538018801
-2.9234924915855878,-1.1547260293231951
-0.47103628640114026,-3.010317790782051
0.7168709578614605,3.1895070544427524
1.1273523897476998,0.927503337725341
2.6083389857372605,3.154328083554553
-2.7473251636027354,-3.041312156767494
-2.5247338554442353,-2.8078622354671787
0.32852722891301916,1.4949208808893037
1.1238053476170895,2.9522080164578783
-1.3454344064516506,2.7076119242174954
3.157668381431341,-1.7931947884413126
1.0825435208075262,3.205658279964945
0.976987475447183,-2.1907026800852463
0.8615843926949833,-1.2775184751143507
-2.855568017309836,3.9930715898825073
-3.327036599317546,0.6509372920710461
-0.7949835752661558,0.9763616153586261
2.63239656098612,2.421125510377213
1.4266545936497808,-1.625906274743232
-3.5928910330612847,3.3315539166913717
-1.6376984970942337,2.9160773534086446
2.578476526903801,2.4014264160191128
-1.6488332433305601,2.6441404196773024
-0.7651971019891741,3.62290564306255
3.2303192820182893,0.6554006512505313
3.1186932954467923,0.26946151410505637
-1.0782854749105997,3.0383833558650633
2.346116519133974,2.7221174528083742
-3.4147825231860662,3.129532325560615
-2.8506646184991333,3.0600153594231205
-3.16327924351253,2.8444324130358067
-0.19514225595985568,2.7865900733594198
2.641232744107818,1.5091249005226663
2.906328387801777,2.473131347555787
-1.1190169545134325,2.9263686068555597
3.561906883888851,-2.8705038593538093
-1.2013924348792235,1.0804401415248013
0.7989003962129446,3.392269578853485
-2.777469284704186,-2.8155253591489804
1.5203865944493202,-2.396324169549589
-1.535115438665171,-0.5912176726565868
0.9837933318330407,3.4346189152959887
2.529574811301351,-1.4243115532948682
-2.3357539960094744,-0.2769285436633911
1.3810832713236392,-2.561644532276058
-3.206112801696183,1.5338392741204174
1.5648998730377424,-0.7662218884585146
2.5357687946528134,-0.9415029962172321
1.4112848434891392,-3.041096203183232
2.78454084042956,-1.5592375073224478
-0.6478913514112906,3.2161670909790545
2.5719368337540724,-2.866468192191111
-2.7913788654338374,-1.0720399423177076
3.180135627552845,2.4506454070498958
-0.47468844250008024,0.6948575921381809
-2.952843184315821,-0.9902618334256217
-1.8292260490950354,2.7007282391764584
-1.5152779823579168,1.3211900963761134
2.749137434823632,2.1804332654568244
-1.1545147832889953,-0.62427080461699
-1.1574455721806831,0.8299591322259221
0.7699410344606951,-0.36485503802510216
-2.725625070188119,1.0332546792425699
-0.6128473270682082,-0.8778444535734837
-3.404850932687403,2.7404799630972665
2.8078291116788274,0.6409895312294407
1.9062658782892798,2.418653632189351
-2.126708778854775,-2.3959865779178897
-3.2186697423172195,-0.876022783888194
-2.29484004380917,3.1195972096171265
-3.5002612636273653,0.7227005660289156
3.4937337809593902,-3.2234651703517074
2.858511781934183,-2.4960412452486382
-0.955808274277368,-0.5892005456774756
-1.4202949472269406,-0.4575616660772746
-0.9367081787609514,-0.5342337194210263
-1.118684848001233,3.070001094893924
0.45492381305139334,-0.5164250316978855
-2.721598969673178,0.785839732454604
-2.7978224612766383,1.3272308968162208
-1.2870218963961146,1.810820291601501
-0.9275662750052395,2.9147904383276555
-3.0067429870497064,-0.9939275682580543
-0.9769455597442627,-0.5124360701873741
-3.1637052564382797,0.8228072438228304
-0.7374138145049791,-0.9131804853014261
3.359072938836751,0.5569273393964842
0.6890480143980536,-2.3294114945778936
-3.1081100272119806,-2.772434036745944
2.6747699912313614,0.8456218010116257
3.5015533581771185,0.9676706925082735
-2.3805152458374788,-2.338018835587325
1.0747020665369733,-1.0393358806954165
0.49093497807371306,-0.9789726620043219
-0.8878940557271,1.2991516422384861
2.304226908485534,2.4474805398445407
2.210876403182445,2.7735526224928733
-1.1185378580442995,1.4741043185657463
0.5318068525068607,2.8761233224204115
2.9687062696546738,-0.5161866129865259
-2.894414311593664,2.328127557544074
0.855828450073111,2.0929529257204695
-2.434926008718412,-2.9958499204496687
1.1662367426526685,1.1623459960359332
2.4366408883079407,0.9430983550483429
-0.9177020167438978,3.7158125716600185
-2.9250522263943095,1.2535809854311584
-0.9636292736364549,1.0620229222627715
-2.7445216044272467,-0.7852817823701285
-0.28822549625506605,-2.853256865175993
3.3807349623922858,2.1208333858377464
-3.0089919042247177,3.124228533349813
-0.8729678728868402,2.653195661406285
2.263506080167884,3.108504736593632
-2.743580075714677,2.6476619267366988
-1.0697859132317276,-1.3334292005216035
-2.5717186023021514,-3.087033850311288
3.324411695264837,0.48455458846338534
3.230056620498455,-1.2927699732154077
-1.278403190039077,-1.4257317164245826
-3.8256306650659035,1.5665331291157494
0.8802570436109994,-0.617124222540058
2.7668907824245554,-2.3107961858084187
1.284077573020339,-2.7824271665398146
1.1919801258849125,1.3166965430238213
0.4430352482259496,2.575288084693984
1.2150908423759947,-0.7205431805461642
-2.8891661271697475,-2.8533261447958975
-0.1987393963187487,3.182381650574474
0.8323621024276654,2.704756963769327
-3.838523953050823,-3.04926600204369
1.2337203850009828,0.9708402310108545
-0.9580160581682163,-0.7539775417281968
-0.3787479825403206,3.145284101282403
2.851787362923062,-1.1576992825734524
1.372644778168906,-0.7681515870952715
0.4085089162209713,3.0067331952324654
3.2653424732367005,2.3512606049936413
0.6927689135440898,-1.1153088589552695
1.4067364956745092,-0.6089746512066041
0.7937593301842173,0.7254346038987589
2.4313787553776596,1.3208812036167963
-3.4882546090535933,-3.189160668911003
-2.064273032965679,0.6308259330504131
1.0087210027014315,-2.8619108627046277
-2.4156011579873264,2.725779128397132
-2.9925763014724787,-3.524055665230787
-3.030701362207889,-0.2538560991138983
-2.649228560024508,-0.7788501645460137
-1.1179369385627962,-0.7603548767923232
-0.764509385630464,0.8396978101752054
3.003886406605129,2.557998218150271
2.356121668720744,2.10791913156011
2.39208139732416,2.470093936648287
-2.848902590293675,-2.716267276958657
-0.6670524630345623,2.4498236648853484
0.3333081613033202,2.8684284854244844
-3.3806032532515937,2.691889082387923
1.0487965713844114,-2.4937693189011423
-1.252127472346892,-1.1651107519532766
1.0239509411819643,1.0739899623722362
0.944906571349829,-0.8114593762557234
0.7518485813861134,3.159016280435644
-2.7885225716202084,2.308254739049496
1.1470513342238464,3.0273524547681605
-1.1297832602151983,1.222488247613023
-2.3753988887018216,-2.4388195452546726
3.1861286887235027,-3.359030442492602
-1.2712587404979692,-2.2671431429954434
1.5006651089803558,0.5879617765348122
-1.2377856691427416,0.8981944498827599
0.3949942045456185,2.420282893076274
-1.0295979924305367,-0.8415831956979205
-2.6678371043075684,-2.751775198342953
2.966518958135084,-3.1523687780466525
-3.0300004233446227,-0.5618493085623549
2.7169013130527464,-2.6268858259525465
2.782032280353373,-0.8267385282586835
1.1063412591984692,-0.21568128688562574
2.8323727135042094,-1.0697067815805166
-2.380938011222696,-0.8189999788518074
0.8326435442256584,0.4726544204374658
-3.0383529321768,3.2483140537546524
-0.3193272528249939,-2.614000131231202
0.3369986531728177,2.954154844519337
3.360743838015592,-1.5793465012862495
0.9389386012514359,-2.8859973820452485
-0.6415555707234816,0.4910645751415811
-0.97101662991758,-2.651451636718061
-2.8554806537786206,0.582968736285456
1.026639437251919,2.246036065178891
0.840126847238409,0.5042999248916925
-2.8465606499981604,-1.0537646642991731
0.9365824961283359,1.0734955809692914
-2.9036728853473988,-0.34495799765694124
-1.1832653401986328,0.8307454106361584
2.984098299689926,-2.778736767040369
-1.013561446764899,-1.049455084969774
1.1021629372130843,1.0715473308866061
-1.0041453250944377,-2.921573850140248
2.6004778647279267,-2.8530509692695816
-1.2470281358217923,-2.6922720444060073
-1.4242142420701847,3.5377582845922846
-2.772308128296593,-2.753153663238934
2.5254743257635224,2.5655494881729113
-2.950460640719324,-2.7362115174689654
-0.5527249832543195,0.9790552331653374
-0.9864741447378877,-2.190375033002003
-3.1157233357260647,-1.128574495835217
-2.6457500367065654,0.6332704729972386
2.34330387793626,2.7054379154177313
2.8299578778957595,-1.3966431200293665
0.7294254544181981,-0.5877083868621777
-2.872552918541019,-0.40072045358703157
-0.627460114793234,-1.8193190492162203
-0.7655842718387268,2.7463883275633907
2.9534612654244943,2.0242061549163166
3.011312112191232,2.700002298927728
3.122435599637144,-0.7952039405229595
-2.4892861888632725,-1.3479644367659076
3.1264364504022746,0.7141676677867904
-2.5768998852042433,0.6052248360040189
-1.3124899077071226,-2.7057915545124978
-2.9565495015491816,2.894825917493032
-2.500448779256244,2.6676944730278973
1.4998703941642864,-1.2627373601111478
-2.903854703576559,2.8358115565129975
-0.06833311348746376,0.4389910930683905
3.3551009692254286,-3.1407058288325866
1.0749386577433084,-2.359758889735972
-1.2768207167774035,-0.9862513610670849
-2.8310634752627792,-0.6544102215622942
0.630619023958869,1.0897731316259078
3.332201672055585,-0.9040562209709194
0.467520943056511,0.8474764301563921
0.9306893580254306,-3.290047423771935
0.36925761288614106,1.437358591816695
-1.0526019773312485,-1.014943224614396
-2.4396246351916155,1.2187185411450925
1.1528075913823093,-2.657972281379638
-1.215969392850195,0.24660436667958505
1.0626457931540951,2.599595044694639
-2.161378588767315,-2.0306707749326693
-2.664442033348456,-3.0271505344722374
-2.8682581401388334,-2.884442725282651
3.0418339676473813,0.9779618474756225
3.670978390639967,-3.1809831756611207
2.535855172752264,0.4230641923536861
-1.19149894395411,1.4685920517302742
-0.7971387124049523,-3.760935053969825
0.43094837232939165,3.554358359699889
-2.7739703700033203,-2.947719008172151
3.254243697597353,-0.5083875633611851
-2.7431495332777067,2.7040480169598236
1.014835333193713,-0.9333943278405129
2.8407996608799504,0.5618881892692417
-2.7104025725388605,1.5322959030321521
2.5694563586407675,-3.0198006744629926
0.5999132242940456,2.685157887687402
-0.9274460464020279,-0.7992743070453112
-1.2560932523666555,0.8003843226825269
-3.3450115368506266,-2.1839509294232045
1.5830088489597451,0.20406603357791067
2.122455853267554,-1.1439989913643418
-1.198116088100506,-3.1925620715976986
-2.321115513860618,2.4740991535604926
1.0811079166850224,-2.624292900738991
-2.7506014574950726,2.9821079966174575
-2.0114405092923944,-0.10927252063013064
2.536196157414317,-0.6350927378046773
-0.9030710028523263,-3.009745836655532
0.1850438749371989,2.774465249278735
-1.943426663333467,-2.6988133950993327
1.2777398578923889,-2.928374201101384
2.7621088744332813,-1.106399117554509
0.4510864261172806,-1.0168306441249193
1.0906654074851172,-2.7993070710124566
2.5632555502291754,-1.3409480672163843
2.896716079542569,-1.1722587609067592
1.2647057497947307,-3.4443761246262405
-0.8310846942044772,3.1499474927245457
-1.1494612888000246,-1.1251602363657642
-2.8270070097500497,-3.493588749692269
-0.4934557923688571,0.8145908048256395
-1.3898612851235486,2.8096173263458515
-2.571367462702695,1.3670619572134477
-0.9065793781842978,-3.119595591715562
-0.36019890787233544,-1.248459236379114
-2.7966154688892297,1.0262850343033287
-2.3968296762635593,1.1623694152719062
-3.0454464568256583,-0.9818020213399942
-1.8156452497838917,-3.127358828623597
0.8551908407921618,1.2783422513198472
-1.1092906001900393,-2.9781633237120957
3.1101583051195423,0.49288086365307626
-2.6813535406185975,0.6019619750695753
0.026397068867417897,-1.0544736879715437
3.0539627779003418,0.8907477210646967
-2.9268251940409185,-0.5063723412451347
1.0919828328886685,-3.2615146964066075
-1.284217868517523,2.593151637471006
-2.8182786649899256,2.673930920761556
2.298124626468994,-1.1116853874923742
-2.957600819190057,2.5766171683389607
2.1325824781455403,2.436424531877826
2.6491754201933686,2.1324749636111116
-1.0450147569807287,1.21554844622068
3.36409290912249,-3.433797641951604
-3.3054964259244564,2.5394545785961316
1.429485840604994,-0.974061601954095
2.071224112164012,1.1248584813809186
-2.016722309319517,-3.056045220257118
0.6678340473748259,3.2147752546097452
3.606490366787885,-2.7568352060435455
-3.7640612251414116,2.4149451002302946
-0.3137664897427109,-2.791192955900126
3.283480944286905,-3.1735293231028945
-1.06468768348476,-0.5993157558540242
-1.9656132393214794,-0.9129623489817522
-2.8655446524125137,-2.2705449073059643
-3.297014061778946,1.1909333613805113
0.663419176047767,1.8539681430894077
-2.984057244641534,-0.2642643601377748
1.2668972545940138,1.6420874162454397
1.198484820064907,-3.3111734494850964
1.0358903257725969,0.7787155973140972
-2.8493181310814326,1.6291872668514338
-2.4139763190431487,1.7781163503328934
-0.9894116358463215,0.7259126247071173
0.9676770170218421,-3.8960557786041363
-1.0016521412556458,2.4818297146791237
-3.4701648808136873,2.8618970543767626
-0.7274115330995413,-0.7891990856559327
2.6712694971419637,1.0612428875647313
2.977715881804011,-1.3930272524308518
0.5396320121610688,0.5330564115068215
-2.409128351739796,-2.228657253232796
-2.795631971474632,2.9826656564014913
1.1064703142683068,-0.5104176649562457
-2.7023321304084287,-3.18120952310649
-0.5584979361423137,-0.5983139504548568
-3.5426590220692997,2.950924911601189
0.8440331493176311,-0.6225497158866319
2.8892254373852473,0.4651624880197253
-1.1739417753634909,2.7108731766692005
1.365287525227774,-2.355333610980321
-1.082291418211762,0.9469690130377144
0.6879688989635117,-2.7246836076903427
-1.3800156452869756,0.29708436661376986
3.003214801413267,-0.6206117393523515
2.6179890935984695,-2.8855509813094993
0.8196817291300804,-2.533816086305321
-1.5654576768655273,0.8406450628922385
1.0090909296611084,-1.1153738644973128
-1.8312878062391276,1.5453373085418596
-2.955468007250193,1.2813831179976
-0.35931753936381433,2.4320570317826338
3.1721368348069756,0.39743912606146714
0.7092552109566229,0.8398952637899162
-2.961889037583412,-2.9435620935539633
-1.2545104294899698,-0.807195755691944
-1.0717416907490647,2.5122496022560425
3.2742397903615963,-0.47884632916553743
-2.989011599171829,2.824648326280188
2.9718487694560505,-2.870881350438432
-3.5223220150561154,0.7182079812989753
1.4884841885670705,1.582156500282611
2.7076911071414362,1.4862914293872402
-1.689727769107122,2.2376504918133273
-2.7884769747446594,-0.591296813774804
0.7167403285470307,-2.92669777223723
1.444982729786709,1.1975011139704819
-2.6771436841390885,0.8246365426246681
-0.7603979497525833,0.8409870307624921
-3.136789039749554,0.8044860045327206
-1.0204879707528114,1.6419635220288762
2.9980564346108767,-0.6725423409648464
-2.509615161975654,1.696488544037296
2.90461477193083,0.6807754352944072
-3.413035929379493,0.9168011533056823
1.6013275544019132,2.8569143410903073
-0.9049117339344175,2.746668032456015
1.6093890093875747,0.7999977174231023
3.366992031264887,-2.915147546780171
-2.8703161974269045,2.2054044978065144
3.144219182541139,0.8130643198789623
-2.8667934163419053,1.192781551562439
-2.465152150713428,-2.2487114945916633
-2.827646081783659,0.9513308167597999
-0.9189849477456009,-0.27879970344394095
-0.9338025770884709,-3.050000125179985
3.0979239150481797,-1.1578647822010288
-0.5083152503456024,2.9592062986258796
2.5022865405602404,-1.0849500753829602
-2.9440636106814013,2.271138936418394
2.710455693737443,-3.6510383758890192
2.3936365563628996,1.100273118949381
0.6386803809342976,-1.0075530836199893
-2.3325056752161495,1.070021752282506
0.9474109901850173,-3.0645349107582094
1.1104148469201278,0.9768658809729505
-3.1057638118520274,3.363806796384137
1.335180391036891,1.0936210559575243
2.590844472678916,-3.0240637832293094
1.0552274856538992,2.365887326641233
2.5066489436310215,-1.1272927129835504
3.3042968774271633,-1.6695485342063494
2.7029250618044824,3.2754238627493684
3.072682403406632,-1.1059033610188858
2.5408254034140416,-0.30853419406199106
-2.83133108631358,-3.350321660201189
-2.726047365941296,-1.4952037233219992
-1.64954216798215,1.0175994354773457
-2.743790154647119,-0.7881576633980588
0.6910477311499761,0.7932340453256864
-3.4393944331608766,0.9693396561074525
1.1178391083593138,-1.156026482511688
-2.8444839207133237,2.77778951844854
-0.9675072938826434,1.096767997976427
-2.817453700197741,-0.2805901117558103
-3.174976286192192,2.8590997906121305
-2.6746342075484626,-2.8852167512482425
1.1909155877742994,-3.4854101418721957
-1.0465730982512118,-1.183295325537642
-2.31090100279001,-1.1366246369013158
-2.386081068187435,-2.948904812073143
2.2090009901844825,-1.146780560151124
-1.2630157674021212,2.5573971144628183
0.532960225874419,2.689107584445039
-2.7790552640079476,-2.2916108927890955
-0.7745657908772838,2.177754354149754
-2.862492219938803,2.570209179822934
-0.5365562303127649,-0.9674063325024164
-2.3748154267384476,-2.3705457566025805
-1.5740176335560117,1.8471913847543537
0.7843145221867575,3.255425990641827
0.6653113519637228,2.332612722435383
-2.676172610459045,2.6634698758832567
1.2727277238849701,-3.423236008500107
-2.782889283501896,-2.4662845033270213
-1.094149373309939,-1.3087335313672162
-2.1314728139001806,-0.6756759643849178
-2.8495495407528133,0.56778517966738
-0.3252696297487298,1.4593278153485074
3.1602813871479225,-3.205866984119461
2.8618014464470964,-1.5066792759071301
1.319868087103752,1.1435414422786225
-2.7079503472372233,-2.009377805161406
2.63552753919954,-1.6435721435928752
-1.8782845786274796,2.2085537920733436
2.400616095553932,-1.2585209010033231
2.816576403945525,-1.1562523525527295
-0.8207773412578877,-2.002092141901093
2.569716903975372,-1.4804324021934339
0.823021054754697,-1.3644104245010718
-0.8529635287531775,0.5277899569844657
1.24565535580506,-2.775190369874068
0.2682108407228881,0.21172900081932572
-1.4946950781649462,1.4254298929521327
2.834299322469685,-3.5415351737780134
3.0438799622073893,-2.4209808791111875
-1.0625471160720288,-1.077047417955092
-1.3796242851043043,1.2296375488117175
-2.933435895273584,-2.6568229115516973
3.209154081346882,0.6094859375467246
-1.0821087556866815,-1.212567876016667
0.684259571900409,-3.357878288772159
-3.6332963488093433,2.7847861789365105
-0.6940714883780268,-2.64110627602275
0.38533479570318635,0.8562234002280604
0.9462030242994321,2.591819175147445
3.1980851380350788,-1.263138347233818
-0.6766519996134175,-1.3836074603402377
0.4192506256838328,2.6132308482296907
0.7398153916871519,-1.0847963195340395
-0.9938874378294605,-1.2259716336132218
-1.1342966757512922,-0.541822442818796
-3.4439704060482472,2.5046180922123678
3.2925623294983835,2.2404183664353394
0.7286285823622651,0.9581329233626491
-0.30700695943207906,0.9801377763810911
2.6726784557894345,-0.9775242245126654
3.128502394936488,-0.4668579192243786
-2.452795500492589,-2.779205475224373
-2.9615632998729047,2.797399287073737
-0.7848086751212829,-3.3000078107138844
1.039426882840322,0.8303534102409063
-1.351849773048017,-2.5022472391608406
-1.4325738852214367,2.553738141633419
2.611283591367461,3.2130790770760664
-0.7205564056556061,1.2680534465310591
3.2672212337656696,2.575126456514712
2.416969195178219,1.4434464923524366
1.0704598647809633,0.8820037653539303
-0.3003628964466562,-1.0272319226062618
2.6769095896859474,2.3993009349145633
-1.2805301889181597,-0.4818719816209178
0.7905425451037091,-0.7241412671766613
-2.7019053651946603,2.8125232547564742
-3.178034106046388,-0.7506867300051566
0.6469655300682483,2.8207960709068343
0.8501852007540283,1.7745917641028657
2.818086934062915,0.7849852343498501
2.596141444153719,-1.1239662516722104
-2.053750882989418,-0.8373556620385777
0.630688037355356,-2.970500268489694
-2.931469725312749,-1.1550083283837869
-2.7541677527417794,2.1744740521974575
-1.1860125333102864,2.09816466720735
1.2227397845374992,2.7751665780461594
2.942159274816111,-2.7939916328763457
-1.4318911876706624,-0.581599449609422
-0.32247436015313613,-1.6461427681401548
0.8431915131794814,-1.1948444381486083
-3.243779844261797,-2.8735237383461567
-0.594254999468074,-0.6120217045580577
0.54018808995295,-0.48305393696826937
-1.372480789917808,2.584102314756662
3.2669374375208933,1.2081075745394896
2.4318519805663223,0.6103330830979237
-3.198681586987517,2.964757879617048
2.6474412683006268,1.1283453175312637
-2.3516510957709755,-0.9344488592855786
2.1674963979703827,-2.7328582431781894
-1.175564905639512,1.2575645841476557
0.46827710921303983,2.717282356662539
-2.655194680735252,-2.414121383641622
2.6404059209361748,-3.098527721392586
-2.5650917013022805,3.0392445282391654
-2.070419014307422,-2.7040533940561957
-1.6973167871481696,1.0698963861102488
2.253127401162156,2.5680674313436684
0.8262794269664994,-2.5852912225551306
0.105041778564453,-2.6650854104188273
2.9567469926181755,3.1139406282468154
2.100211745236881,1.1747412895101366
-0.5607285747315172,1.0704427541660446
0.37511222064075206,-2.57561142811935
-2.5002495438633088,-3.0136294729153517
0.223238637337108,-1.6907022088551564
-2.0220373124870155,-2.2930359623839545
2.3841635909502976,-0.7034771935527233
-3.297151309946811,1.1310428720022199
3.286227092884627,-2.892735781740707
-1.285472254587227,-1.2771725986676883
2.913897108409396,0.612486368408722
2.624931107960329,1.5276091447260056
1.3976902513659435,-3.4156716344575684
1.0813193144695084,3.024397958234101
0.6200421907198654,-0.18634216291778358
-1.026937853889214,-3.3639232785364594
2.78523933907,-1.216470636558651
-1.2971247819870302,2.3053234138375305
2.9047662013461983,-0.07747661421785806
-0.9619164625245148,-1.3543461353622501
-2.0724678408054875,3.7816403639954133
-0.7825791929120542,1.0344560829595615
-2.297816296492932,1.7402174380097128
-2.8014213363239078,2.68234689974084
-0.7025239908622418,-2.2712774698054625
-1.3512402715823872,-1.6418147750826793
-0.39429145777950725,-0.639042312384752
0.7346746744873855,-3.41791609227236
3.1511416105210137,-2.9962004743665793
2.8833460047878137,2.1665235886404486
-1.059238012745504,-2.2205200549338633
-1.1741680420624114,2.5518301168946094
2.941585256969195,0.6827764983781677
-1.5888120342774064,2.817318175310151
-2.417734420739912,-2.4997038761020285
2.989847208007,0.5751597860830188
0.2940536531985512,1.6370508287940262
1.1148956565500177,2.769982551151004
2.679463076162033,-2.7406599201094073
-2.0927405537951302,-1.149417595087154
2.8193131599491728,-3.099449086260294
1.0029322759043924,-2.9773312551140885
-0.6773137440276201,2.785148323810998
2.4337923431501216,2.7436821942351646
0.7634857140370681,3.0380576287057224
-2.8742940384770352,-0.08049763339545499
-0.9168817993600172,-0.4082840131918865
2.1031309037350243,3.0174581761309316
2.5337955988807916,-1.3212386039550226
3.1375632900103403,0.4166575814234682
0.9737578662649543,0.4857653428833781
-2.518214149349616,-2.9013932174563917
1.0792062230124702,0.9139715723746157
-0.6560236791252337,1.98969052019589
-3.185048904843895,-0.32696374970443753
-0.8604529715094085,-0.6515742338651822
-0.7159953310675436,-2.8070755241127965
0.9731101847438774,-0.9160172326073324
2.8130321932899607,2.2102684008265077
2.638308861739057,-0.8637751125258799
-0.2402886126325921,-3.3024638373332675
-1.3566161802592127,-3.270151583112701
-0.482035252001339,-3.1230021635286946
1.0266326541368787,-2.3760705345190587
-2.6801984545895623,-2.776239823960171
0.8078830777049085,0.7019290520925271
-0.3502292205526449,-1.1717980485561006
1.080389511342961,-1.3311163829719483
-2.5503068699946807,-2.4570837092623994
-1.0473510237347545,3.055754050684753
-3.4568728515304343,0.9656685683154425
-1.4582422094039984,3.0514912885436716
3.471606976286743,-3.3378911645353084
-0.9995119383731168,-2.8750860399210008
0.8937921450791689,2.8086583028311964
0.8521426738124724,-0.9794461597431413
1.3680817311990645,-0.6392039896610598
2.393019972163111,-1.498156002435848
-1.4616228362102484,2.666136509811274
3.070728259521076,0.3351871484150295
-2.827681411831598,-2.336115427575157
-1.5110678299259468,0.494757516725619
1.2172619407991367,2.0609501078690853
2.81327469312627,2.165516541441925
-0.9394047842016777,0.03126542269336532
-3.083771978404469,2.7996850131725446
0.8603043817477839,2.6972540684182515
2.7026540530449696,3.056742954125547
0.6034904844346538,0.5347815289557863
1.0022041897464216,-1.189185835464542
0.8612937089842392,-1.363750584865
-0.8833799319517542,-2.850004787717752
1.3586159110351974,-0.3283338927084025
-3.2630178342870604,-1.1785995378580758
1.5232185136551777,-1.4211225721752616
2.6398746633368657,0.7438349666452388
-3.407000613024632,-0.5424315863654845
-1.786378948088336,2.326482036819069
0.7065419148167489,2.9124123634879555
-1.7415950195940924,-0.4194632519617634
1.039921319761501,-2.9107275838599485
-2.370125396830556,2.9133441062667758
-2.0683655071032456,-2.612349896864894
-2.5015128364564645,-0.5551486203230183
0.6779624355798126,-3.0812143881430085
0.9754502924851864,-0.7496434975936765
-3.1821086744579707,2.6972505897122585
3.0754008769642276,0.9177454187421371
2.797610793816392,-0.9220891835030257
-2.772029986484077,-2.792231704875387
2.538389392291662,-2.7224499980444814
2.9987838578134483,2.8568207331517725
-0.7645878655506652,-2.9288649135619553
0.9858770206080488,-1.1941412519187165
-2.3512570697042925,-1.339502511003968
3.62232321182586,1.1843607753383598
2.146538340810158,2.6977518384179997
-0.6403506499692914,-0.9134664455281921
3.0434695259607016,0.9111243097242435
0.7770454299284505,0.8667361448829577
-1.0166596333818874,-2.0492281827179704
1.088459063047403,2.983751076973987
-1.1968884898480407,2.886922467001871
-1.1754210482607907,0.7632028740263164
-2.6740001420452124,0.9856190136944458
2.8874942809939546,2.5159679117281954
-2.6771376977780177,-2.150652747634825
-0.5562449707475492,2.6058265893468144
3.0700584057327935,0.7858151138505741
1.5921033081258449,-3.2317798022279307
2.2946181380956423,0.8479268263576565
1.2186341668717984,3.1439585522569446
-0.7505383735887509,-0.583103241882307
-2.2837548983879383,-1.2153886641901575
-0.8803930028387162,-0.30186363313795456
-1.2173795914588048,-0.4268864694898356
0.36724996075218375,-0.6929939637272294
1.4134905175902281,1.3766227394014254
-1.1333071945144986,-0.579747620025982
0.8472952336090754,2.3571144114166978
2.6394834653299566,2.5814600497740754
1.429494929760835,-2.1103500646215085
-1.0461990059227801,-1.8322281884805618
0.8025198251252417,3.3566714363855725
-1.0783667817708775,-0.47357484702461494
1.1650893798188826,1.2464533062878576
-0.9024753361348223,1.3139478010577252
-1.0616972606062702,-0.9462964655547002
0.9096103442672543,2.5794678794857906
2.6025908920646676,-2.504382262993817
1.095076602807202,2.8120443178628634
-0.08515869395338836,0.7940080291070888
-2.085323560935675,-0.6896643672746993
-1.490343380831996,-0.4976593035120869
-2.301976575545348,-3.1276500587290763
-2.6567795628750988,2.712527273822525
-1.5678980941478005,-1.0253156529882947
-2.596103296261116,-0.5920853292856967
-2.345385030598882,-2.8891635220234893
-0.7963238653979521,2.5305932185877222
1.0936154957257773,-2.4410890304394175
0.8511371747731701,-1.2927157419137807
3.0019560932302394,-0.9560981777611717
2.3936951646234816,0.9611836861894275
-0.9573145123190845,1.3662783446490558
-2.711110026043177,1.1439790325613979
-2.995899491565787,-2.4714407165529098
-0.30251808708083866,-3.5926580927889753
0.2959287600622991,1.5140854286490932
3.066712983269184,1.2005893194332764
1.1614557314119338,1.345483807503571
-2.990285894233257,-2.435471537989953
-1.3083459479495452,2.7686767168921658
0.8216764964246481,-2.707140782226278
1.2484480867843109,-2.162286098209807
-2.6392479740057113,2.9348883840430613
1.335404628089202,-1.125099132667365
-1.0589686402467873,-2.2704417437685986
0.7344009793628291,-2.9907651929522543
-2.967334975745801,2.789699081126258
0.9765187417829717,1.3866562322347928
2.805598188708502,-2.8284995639993196
2.9261152099306607,-3.519759850328246
-2.9195646152263253,1.114249966075777
-2.486364787117193,-2.8670365304537415
2.958345152967537,-0.7745888324939642
-1.0611354179298038,-2.753541170448486
0.7723192331872718,2.8790790697131383
2.684594977057033,-1.362009527777758
-2.671017587913247,3.2207469431364175
2.664572701619219,0.6112016258511659
1.1557033742340648,-1.3372831094867246
0.5798660485172997,-2.850569459720152
-0.5040458398330414,-2.9528267390533665
0.4176489163722674,2.4306312312991265
0.7720755993284575,0.8277459985214187
3.133606648141035,0.849837104350977
1.358423470698935,0.9322581416690672
2.5527372588351653,-1.2698322321588578
-2.617565679156878,3.0056017140309703
3.6411311983893717,1.2114982377317587
2.9394065037931356,0.55951950110435
0.9429998847043803,0.980312251101396
1.385998750324993,-2.7013076979655457
-1.0108909257402938,3.4436185280454796
-1.6044034836284717,2.1658633535588905
-0.9340315597716599,0.41094609438229784
3.5704724246715585,-3.066696641597976
-1.4089259706125645,2.749471294396928
-3.15024859420238,0.8340491514111448
-2.423000129689511,-0.23377204141236135
2.4560506724555755,0.5766708837869148
-3.382105280327108,1.3830330387203222
-1.3201607957525507,-0.902499988227635
-0.7590353515746162,-3.0118754722478185
-1.2890297641523483,-1.3099236414190278
-3.4591922836835045,2.0443558668955277
3.0856477094273016,-2.2884774603891516
0.7375332720224714,2.390590378247974
0.4605548923675625,1.61926370004863
-3.2493214032726128,0.8304845927801264
-2.5787793958504395,-2.786912398978041
3.5055281241605214,1.1246387469326848
-2.909824086896983,-2.3151946356498194
-1.0778678078731578,0.6827722918371006
-2.96384906235331,-0.3926474334583513
-0.8638008868686485,2.5150667286746624
2.4171653257645467,-2.7451813137741765
3.1861549771671394,0.2634113595366154
-3.2461131049674785,-0.38649518305414843
0.9544161984221555,2.3795668404941455
2.8907504300663516,2.7343564378885805
-2.940015655372648,2.390320651460873
3.0806963593434067,2.4689222451765094
-2.9565322599902024,-0.12186672755104434
2.8521235163930614,0.05305518454584031
2.7298758004887103,2.704520648647929
1.2342970096214327,-2.368297454558714
0.8969398663035002,2.6940358298653493
3.758557637299615,-2.1905532315035794
-3.315031302421685,-2.3191162635666043
-1.0860010924125185,2.788938067011589
-1.6067931600775187,2.879079297947578
3.6457281027627784,2.3975950993683233
-3.4410098820437005,-0.47228149802604263
-1.2793051033482254,2.5022143556872467
-1.295376841139873,1.5984552718139278
-0.8894602627507603,-0.42180614333112026
3.199028650771785,0.9617568711192045
2.715513973038589,-2.588350794953489
0.4571274368435681,2.0584817190580758
-2.6538020733668297,3.300385329138902
0.4758377097712895,-3.108852770459488
-3.176382414465586,3.253484337493636
-1.1718606146657589,0.9743036856205016
-1.4080430424348742,3.2699921050537344
-2.896357117779066,-2.744701482417201
-2.964064891126817,-2.6769020905064553
-2.6421469624933818,-2.6842773376615137
-0.8839528289608675,-0.673273588023303
2.4040743539932916,2.362218256984807
1.2946227187965949,0.990023611829316
2.4801260539867616,1.3172902496440668
-0.5179765661542495,0.9990010831188955
0.9151586158115056,-2.840413740075661
-1.5108741404887918,1.0724438806265744
2.8922212442592627,-1.0127457671019788
-0.8254557380699505,1.2404629045864035
0.6575077034629169,-2.388522706209312
-1.0609870775815113,-2.6221104580616705
-0.04208784043728904,-0.8937529199136982
2.6190822417199398,-0.7389654803697925
-2.82386600954988,-3.1472866755679
0.6540516423631751,-1.0308475586597785
-0.7090281199043401,-0.4893119325746498
1.2218365284419899,-2.6646405662166526
-0.8393551859408932,-1.435222225153476
0.709039860656978,-0.8328951612791665
-1.1240915655937893,-3.2549932744835193
2.8454984491026045,2.5842343443380735
-2.216520455038381,-1.5138231916758866
-2.3886287135719364,0.614695177203162
-0.7764192150470464,3.337651818431393
2.5064773334057064,-2.552843520960138
-1.2761855172222951,0.53373703194461
2.9255041007197753,1.6273545500558046
3.2640865027120327,-0.7199951988823339
0.7769241027825371,0.9252297344725738
-2.4404050415334106,0.930992302360248
0.523700016497898,-0.8743537564558038
-0.9295502445547207,0.7114182349236914
2.6464073443030145,2.9268990195551656
0.7780048165132998,-2.161025862329853
0.26980264259781556,-0.956879620625251
0.6417768903469828,2.643383137581677
2.7663070809364343,2.7167842867160616
-0.9622844707646349,3.064781299853612
-2.480455275618716,2.5641245477689916
2.7609405834463616,2.521134469073203
0.6239789809698945,-1.4893372086359826
-0.9520680333853172,-0.7527873837195468
-2.45432605831894,-0.30079685745884144
3.2699994765218174,-3.289966873781585
0.36316626014328435,3.284490644437633
2.949632232063942,-3.859906124099779
-0.6506719555390188,2.395355221761063
-1.0173139308499584,-0.6204547482668967
-2.4159695874911176,1.6325552458479116
1.6118846870546977,-1.5394297565283366
0.2703998619895494,2.752507468032559
2.6946522903678733,1.025315670643256
-1.0544231199489311,1.4726901261925154
0.8880457029622004,1.0581943205097324
-2.9350746538849815,3.166238176339981
-2.4994360288397486,-1.0989527257768603
-0.7958353153393324,-2.747540071042268
1.0426395103365975,-1.4289049622388807
3.294110613676551,2.9886692954787315
0.7794255362122123,-1.0100328876259044
-0.5306510032672151,1.0510238791471749
1.047033786409913,-2.9613412962532797
1.0859863112580483,0.9551144697406058
-1.5636627158364416,2.896955897253017
-2.5433406695873493,0.9769463840283812
0.5526096197107443,2.004591123597888
-0.9618926815978265,-2.6734756599243665
3.222122770891743,-0.792190522284274
-1.7043658032381444,3.2523095556978654
2.692572424159287,1.5570199695223508
-2.8670912032681257,-0.741690778179858
1.733504797155394,-2.874658484438099
2.7287802575187134,-2.7803275360046276
-0.9128091435364464,-2.7512520733503996
-1.138793035720301,1.0443336051007266
-2.6443835298224663,1.3247182471970156
-3.0609187094338104,1.2400916191484046
-2.6061371658877897,0.2548391650151567
0.8605849111466758,-2.973151679739969
0.9636269860943242,-2.8042607473152366
-1.1212453464751935,-0.41216753082354934
-2.1028463859981885,-1.123947052332626
2.491316098011778,3.035065198342201
1.3686659112578576,-0.36150236319686596
-2.340090525589736,1.588157061022675
2.797950844756994,-0.8242387193565369
0.35842948079237213,0.845881114224668
-1.8549000407779024,-0.9687643675071975
-2.3005048279441245,1.1182355715103363
1.125199002203119,-3.089604546286331
-2.854331058056048,-1.038461603486073
-3.2154704737111377,1.1479406721895413
-2.8076186412065236,-0.8467695618566097
-1.2441440479048054,0.46788626308345194
3.294689404678612,-2.4898672341650756
1.153014804190248,-2.628324341058321
-0.6355609609805771,2.4702326871365807
0.9055489598340499,-0.571231668647344
-2.5858697074622072,1.4166674751251245
-0.9051343124431396,0.7741820469254641
3.125555555380392,-1.1792006750078527
0.8627632381409831,-1.2507135683100479
-2.880904869223887,-2.668070271844684
-1.048216650802096,-1.2207858560468785
2.847526183888981,2.46892609933197
0.7794873322543984,-2.8954651158258615
1.2179778991953136,2.593001473236486
-1.4563256755316447,-1.0202499035614203
-2.812758321924306,-0.750036193516059
-2.4720711734514476,0.7240970117237584
1.4794412180528465,-2.6955843373784236
-1.336669849358305,2.2008654002969776
0.9790690935527244,-2.321168219335043
2.8983009830079696,-1.8939191768348476
3.1893575307198327,-2.6957641773969367
0.8733782967000583,2.5560366805632255
-1.1354341282938172,0.8278368167964109
2.7811500298081038,-1.2051600886286746
1.2136966204094737,-2.6950044043497816
2.6411884554135,0.7094540743286144
1.044087344238571,-0.935979039168794
3.0361293405996697,-3.3153325007759977
-1.4052943203544959,0.8531965591254632
-1.0665626734787736,0.9741159778984215
-1.1574626810437094,-0.9063972145265657
-0.8986737500829147,-2.2101955843961925
3.2675582949334703,1.1080275200049046
-2.7574681353429322,2.429633553054994
-2.473416480505124,-1.7152383091907328
-2.7583920914883113,2.6320352742667517
3.274918010639616,0.9736769847095069
2.9401039108423226,0.9645508932953083
1.4007333025835111,0.8776553965766605
-1.2680372233992003,-0.8299912590500105
-2.737439411721221,0.5995132676196157
0.8644852748324969,2.6796565783874153
2.7894670902378444,1.1481152113950022
2.5516716051541177,-2.6680538265823985
-2.8339942202908617,0.5383355148786844
-0.5669370813954527,0.9989289528315511
-2.6619159070594245,-0.6208074695225474
-0.46556103957786105,-0.9893088210390744
-1.5927227886994,0.8960841724790634
-1.2065519870983505,-1.0468391258009102
-0.33898818813462944,1.3100432141644416
-1.0260538873328082,1.240541438616227
-0.834712393741378,-2.6935673861233735
0.7336697476275649,-3.860824830436375
2.8499188588257125,0.34185008132044115
3.074132125249223,-1.1070202823275848
-1.285956462761342,1.138089421093097
0.9894542833503663,-2.6534879950141965
-0.6656260248257552,-0.42267671167745274
3.3602188700883904,0.8155842836891204
2.825148551875681,3.2113942822066437
-2.070785831775354,-0.8416709119830877
-0.8735644217705137,2.5472808684284867
3.0531823875022286,-0.9273281048814298
-2.869203692498261,-3.094984640507722
-2.4189408572000293,-2.643276030182031
2.6126081268184964,0.8239017317407757
-0.7176010613796233,3.0275300021305167
0.6111264682045138,2.828002763838633
-2.0576403114345387,-0.2989033852054008
-0.9285921356568575,-1.167055903049379
-0.5331690022812361,1.475290339917031
2.93997923372897,-0.9397694799296203
1.111508852405984,-0.9822647611186528
3.084716413030963,-1.6802794067822762
-0.5428825925982628,-2.804228532576032
-2.363288996547422,-0.5081226070383751
-2.2995177000586096,2.850693441601694
2.4900362256632405,0.5491656415292424
-2.7249647023332715,-0.1138020579936945
2.585820741063789,-0.8938253000335328
0.5083511531844206,2.7435356487725464
2.8545436272705715,2.7073836613100197
-1.3377761830905055,2.307313380707095
-2.7911318510789154,-1.9166345553821693
2.6031134371756153,0.8130081209554807
-0.922558946070312,-0.5328001800788518
-2.196543497399746,2.219648763248926
-3.2338274771390205,3.317136031782715
-0.6269432251374318,-3.0388363905497786
-3.022709562336169,3.1713593593132257
1.3305584948761664,-0.6168862226183376
0.4309620636079623,-3.061073403701605
-3.05439500126185,1.8123945392746654
0.0994179709676415,2.8051037774823406
-0.5477488377324456,1.8753395045956627
-0.8560633793344605,-1.0838687845556776
-0.5908480421602293,1.542084470120043
-0.9720579555430119,-0.9032598115956807
0.6583049123096343,2.765243281961471
0.039232595205091876,-2.5130891437351126
-2.8558159176727074,0.817592518307268
-1.5366506615637139,1.4392289813934063
-1.1732367800649712,-0.7363415830599734
-1.3769781918633748,3.1505405496827787
0.7416365719397963,0.920501982935927
1.298682729937473,-2.8608579967416925
3.276988356167862,-1.2590161666236919
0.7553371919668272,3.4371454053584634
0.5577529744028914,2.621013021830115
2.88663809214986,2.4086237123056002
2.5101679251564515,-0.8714584612465277
-3.147686861513255,1.3833026893179816
-1.0233063188595064,-2.0116421852357513
0.5329297017995202,2.731419799213554
1.1203618878791126,-1.2829657296898762
-2.414740163400151,0.9155561814296245
2.3453560832464455,2.8042697389020863
1.1239600490668669,-2.7044827205131203
2.658873884882717,2.409637357302255
1.0114742105574137,-2.3821324149175194
-3.1988064829210194,-0.6080923532107633
-0.8499769370861414,1.1401657102919827
-0.6484707471820679,-2.628744563374556
2.8867450538817407,1.4578049670436388
-3.484270135142564,3.00576624510284
3.3651134213828957,-1.1266412298287365
-3.2378007783183804,2.4250487131458427
2.8735246709241578,-1.1451062930168876
-1.4607865238634092,1.2260972489750783
-3.3272478371346983,2.6789354745534184
-0.7735604906852724,-2.9117507926941193
-1.5763807745660094,2.2983456054221074
2.6993097461151647,2.2943618224092064
2.2267971521444707,2.9170275814947493
-2.4944256583717617,0.8501151132009315
-3.295006552095115,-2.6085430048886984
3.1966195531194486,-0.7267133579175228
0.8755625447037987,-1.3059695727262703
0.8776569979440769,-2.763747440986381
3.080772066346082,-2.2911253211348463
-0.997041625770952,-0.5242615076310468
-1.200137075418668,-0.7811126046204491
1.3093004881948733,-1.12038459626146
1.3221846258655996,1.2794900281656332
3.072072052612732,-2.3324819563135413
-1.3754562939358328,2.631452789418933
1.1818861255404516,0.8642080445079863
2.7838783379235763,2.867687023521139
-2.404664725136599,0.8060207394868892
3.3263571830250465,0.23553467787039079
1.007823682145918,2.969277858856973
-0.9710819240863986,0.6714314711028089
1.0572161312765773,-0.6505115291026529
-1.0263539042185652,1.1577005582646338
1.0527597787110234,-2.541670583434984
-2.790816149844835,-0.5361018628646607
3.2057583471572078,-2.9007618059422784
0.9713232470007381,2.38528380179473
3.416810736907184,0.6247551854041126
-1.0981761845648408,-2.688971246161586
-2.562960570753292,-1.0783519007589568
3.3547454081088794,0.5787344251321973
1.5388889520079925,1.8399361442538924
1.0007506672638389,-1.265389132785011
2.3209267643353773,0.9322671081643072
1.1348074957793446,-2.5409612787695526
-1.0133845147094955,-1.194649482265673
-0.036829171544399804,-0.7671941411750312
0.9547528746193797,2.8238027973770605
-0.8739734520202179,1.6678611935866814
0.9792966648302547,0.717419394548086
-2.5806083468420025,-0.8968337193941838
1.6021382032621834,0.8919882475094797
0.583149933310993,-2.984815809208073
3.17210042065153,0.31770798663691524
2.7897863905208222,0.9985203964253964
3.627201345224573,-1.3539717051548044
0.7928224478538599,-2.2432444781106575
-0.6589775397548653,2.896573786388914
1.4338186551625822,-0.6902786093917169
-2.7515181289073953,-2.893568125882209
2.4672546009004495,-0.5719822280366265
1.130494160667937,0.679286198946255
2.7371825651465644,1.1849479961802516
3.3152912713007976,2.486893551467672
0.5786916328184939,3.1409109350729056
-2.4714147469852628,-3.072699607136958
1.1773135992497135,-0.7432128914954659
3.031022695109319,2.292575697882312
1.1633990457232197,-0.5807552478343443
-2.830759347999858,0.5699738841613001
-1.4921024421216555,-0.6862884493327153
3.4139641960153626,0.8410343785114825
3.1729298417819316,-2.4190400933496186
-0.2917143332989791,-1.2584018318079182
2.5157722223353702,2.7699353211997217
0.9010192968633403,3.2246184144969963
-1.3076240531836196,1.6548128858836615
3.080895871714762,1.0651161910150333
2.2742203263893517,0.47209472948592335
-1.955665959073914,3.1516919953194966
-2.630044414573432,-1.615318845435894
-2.5517030732339885,-3.1447521108780925
-0.9457556774337642,-3.127447745699632
-2.9461214576784682,1.1469562129860826
-0.6914960642129916,4.221298444879931
-1.3192073020376578,-1.460306015431911
-0.5141444236906763,-0.7968399549505258
-0.60943160158642,0.5533661576784811
2.841746598196494,2.3228722495330065
-2.0280986990102114,-2.9718253652892606
-2.9603104629286903,2.0044025772837046
0.7962291804710555,-2.5041391334565715
-3.042237014308341,-3.074307292061677
0.9987482290567216,-3.654785993261985
-0.652457297093793,-2.4161312254533795
1.2574778314900634,-2.7072446050800756
2.1841805649581376,0.9017701588550053
-3.1866095768684306,3.482117674242779
1.436083548118248,-3.1982127292832865
2.4447971662915604,-1.4624102304900162
-1.0032033849713506,-0.8192105304594942
2.8174097297072556,-1.2061056574532374
2.359216339317927,-3.164708853280294
-2.3032458395361557,-0.6642907327403322
-2.447163657251697,0.8760316031845712
2.8728619487996463,-1.2048622392031634
-0.9099282045727658,0.595706612290975
0.8420303018483886,-0.5255744645904257
3.030281844758576,-2.902088047064321
2.7917814904571743,0.4946605042486312
3.0900635180661418,-1.0566807972823664
-1.4800785451780814,0.9425273891153412
-2.674783672163136,1.0115386753647972
-0.6502062792656397,-0.0839856752926507
1.405994343485181,-0.8429881394228422
-0.379234038042444,-2.8563865977795104
3.122782637056831,-1.3799771006446508
3.23906791282289,-2.841149347333604
3.1225873240340825,-3.387127266660175
-3.3793320936909077,2.830851121952566
-1.4998425827902944,1.3049117852606655
0.6579438264921464,2.437100738313857
1.834194918323061,2.915765521076655
1.1234727689691228,-2.5818327822483105
-2.7923166839605136,-0.8627679753794938
3.0307503774809468,-2.9777507207865264
1.0624542517573585,-0.9731574070720137
-2.749242605090559,-0.7578214418356798
-0.10158371190207409,2.2883047912224126
-2.496795062412952,-2.4144767145285595
1.7822160890608638,0.42128342519127854
-0.49462859354572064,-2.404648179392677
0.9915766382371874,-2.851808386525525
-2.4483882630714855,2.4988119670780287
-1.6276339876942765,2.786340547257933
3.037663216389685,0.8251027497093144
1.047388688352682,-0.9696032269462412
3.1653418500573074,-1.5216652426182178
0.5947448797840522,2.75552121616861
0.7995799765280415,-2.9572624632943882
1.2644129327336995,-2.7020978028422307
3.0728282388622654,-3.187021912340953
3.1810142817996647,0.41777919993304985
3.0337350956338613,0.26451123584310565
1.7220298904917604,-1.5807501684596112
-2.888618535941767,2.608423224659313
-2.4503960574243218,-2.5509004082263114
-0.9704650384001375,2.852071592839455
-0.8144108711508252,2.773625343637022
-1.054995021357052,1.1716462438462012
-2.4894085387978833,0.9725990223450922
0.9913961019816017,-2.7591178616251177
3.3231121942519297,-1.40121189573257
-1.2772840910777974,-2.6138872847424057
-2.306009843100722,2.6539617249046654
-1.517835754379531,2.5074519215012563
-0.9272020149424189,1.4225439567094094
-3.189465562127394,-2.9621262887708717
3.299219460599004,-1.088565191434406
3.283788821267912,2.420600212944862
-0.6407553327387707,-0.9615642022641232
3.0931672765977165,-1.0129664833162346
-2.703713060374436,1.2616658618635972
-1.005475083055546,2.438327894584174
1.3561151540404626,-0.08212518616702502
-3.5243964689279683,2.862926318894314
0.9449767723410037,2.82809572061924
0.6875529167566937,-0.6591642910172861
-1.1676026397804848,-0.37487431778973124
-0.6196066011845563,-2.9577267862172585
0.8303417383113678,-2.7164583553098645
0.9187940962036304,-1.1879855983223302
3.229614203912289,3.347479339561719
0.8380875079135908,-2.3034244267193498
2.6243482646559815,-3.2614718245611303
0.06148371744910327,-1.0110872432254532
-0.8824473515364794,-0.8363820343552025
2.612147361944775,-3.3797275957113517
3.3423664944741174,-2.6698786206098784
2.5378687083294715,-1.1488342653263572
1.3063429837497087,-2.2246108943138254
3.297187944617065,-1.2721284114440927
1.722446589024574,-2.402146648802454
0.39765632998030154,-1.2422364259656673
-2.874368827052556,1.9472597554910767
-2.5167230737964883,-0.7177741958578848
0.5914284056764113,3.0767158113227957
-2.572533843329644,-2.3836430126070596
-0.9073792746215578,-0.9345554905419222
2.947746979916827,-0.19586657608459998
2.832037335960638,-2.606764874106726
-3.013746923612676,1.6042455627416352
-0.6870773599643961,-1.2373167373067144
1.0831635873028038,3.415173134671559
-1.0168208274290789,0.7513967397146617
0.0871575152215683,2.0313573105490232
-1.1862059684611368,-2.8294538605233006
0.585091099495679,-2.8949678172926143
-0.7382427648666567,-2.952423166271406
-1.0796504052520215,-0.6001935086321206
-1.538222891427288,0.8595250208757182
2.8224752411810057,-0.4859349333906338
2.7611463724022283,-0.8380111829496449
-0.6386158461812302,3.1933866090940906
1.108997376741674,3.2031604078652984
-2.5316245858482627,-0.5733603851425182
-1.102312951912163,1.3794611372754935
2.8280890431133914,0.6783710723355393
2.5358591580416507,-1.6143397041488725
-3.181166111430783,0.8037575920622235
-2.051001965833863,-3.1516925764509476
2.6090812995402333,2.8005012856404687
-0.8200709000073404,1.7782203332572275
2.400870119154072,-1.0651717917364323
-0.6516743660442851,2.8249957484716077
-2.5542622571416467,-2.445943296260316
3.1148269469648047,1.6862436947385542
3.0831305259169417,0.7851410893377542
0.4136545254155101,2.184877341380356
-0.645709513783389,-1.094256376033781
2.7625576275950725,-3.262263297534692
0.40935552609715997,-2.9274606584550953
-2.026924419450684,2.891518382149679
2.658565703793204,1.5299014412803473
1.1738962009450837,-3.3328699815510108
2.5422723716617193,2.940179874968428
-2.282500464216873,2.9478854991689993
-0.7164110657494793,3.3659758943067892
-0.8125135734712948,1.2495692935901952
3.0421892881011656,-1.837699118326021
-3.0953772437937346,-2.5644654064748535
-0.5300287249006435,-1.0728726853138324
2.597574688732061,3.160738278348889
0.43819672068167503,-3.018654855073079
-1.298865603342281,3.1149827639531953
2.953682527143912,-2.651415331327146
2.9636117374034767,2.169757583081135
0.4140375227779245,2.914035469357296
-2.416174395290133,-2.640434803485587
-0.8513786602389027,-0.8347702145995881
2.8123205084391283,3.520485660028647
3.1483179023468035,-2.4669045104736984
-2.367851767761922,-3.1650437714084254
-2.6833589196907734,1.153659649036038
-2.5675903797040682,-0.5916176409210088
0.9226929536596866,2.213700757934369
3.3845885427778306,-0.8924348131486748
0.7078167309446843,-2.6921005912705773
-0.9413069877740458,-3.1547686769255163
0.7353588625550453,2.2667430702433937
-0.7644336140574591,2.6172149268999885
-0.3462990733307211,-2.437418139750884
2.9472167972800403,-0.5218903820700591
-3.500095806602288,2.3923883102726435
-0.8800343489778643,1.5203475259229442
-2.683917536904608,2.969278122956922
-2.3344670004076478,1.2844512740032878
3.0902972825438217,-1.1380689498481105
-2.470226651764165,1.4804197823018845
1.0968262471503532,2.751058050828479
-2.955642055544604,2.3444662514452026
-2.762088719245956,1.3299939667478822
0.9551341651848428,1.0231767064228914
3.3119983009289204,-3.565738191437129
3.252813676407684,-3.1035902638423742
-0.9308515029873395,3.032007859386036
-3.5387149034450336,2.896512094101558
-2.6864929152690844,1.3835992085869464
0.9769258655335873,-2.574386913356974
-1.183757393638731,-2.251858470979175
3.0466109699692634,-2.7530862880554783
-0.9793827764905652,1.4866928163981126
-0.6689428235539295,-3.025511139342321
-1.1802836550583633,2.9811478813808634
-3.2860150558727823,-2.7359535475343946
-2.9555332554757947,1.4630363933407078
-1.290478442326541,-2.1865934803536735
-1.2750128361376805,0.8202056219616943
-2.633591640210691,-0.6628282801052178
-1.123523478830051,-2.965331006095925
0.6758962778069617,2.022555792591745
0.6900344668833521,2.0138111163623558
-2.954043344420151,-0.3275327500120645
-1.5144758880627327,2.2133419272145543
2.5875878152830305,0.43487293024241025
-2.943440087152022,-1.3342560177593086
2.566438056317145,1.2119560140389878
-0.7569125041050028,-2.8374420746036835
-3.122031225000385,-0.3603387803695679
-3.1856224341057806,2.8314997548313925
-1.4046574390201998,3.1454805206529177
-2.64032704596745,-0.7106861153842797
3.05366818303026,0.6884916007693854
-1.0863427668262398,0.8202397970638006
0.5488063118396203,2.6760351293020315
-0.9216596001098059,2.233478354067864
2.6263441960345175,2.5557998502200423
1.1760147301823407,2.90764286647561
0.9536323703029406,-2.3852044091501106
2.698194632718039,-1.497662266763744
-0.8978612271651957,1.5152565504389932
-0.6444065802756122,-3.045215475352169
2.1530654935794757,-0.8468127651698834
-3.065974136345747,1.039474029942381
2.8641756973099404,-0.6175581745336385
0.6594442637991114,0.8126066853102807
2.752326784907392,-0.7358245200562319
0.6475904594016227,2.912096926385268
-2.689363299723098,-2.211675449331565
-3.192125385984061,2.184355258659941
-0.9172872112617896,-1.3129391310608116
-1.3107306635812548,2.4850969591329055
3.097457843945015,1.656454809855023
1.094573574758403,-3.072790514191239
0.718572120344081,0.9837116573098762
1.1129235901905223,-1.0777774292182687
0.6407015820620947,-2.1773835557929924
-0.8478991743323945,1.2055551332710108
-2.5227060719318675,2.95503849174783
-1.0892195091924843,0.853538556158972
2.7723986860415937,1.7597738451177465
1.1215359815765946,-2.685453790053657
0.7500910445881726,1.161011047224015
3.1185373041641946,2.914480735273777
-0.7697161789843396,-1.034684169484354
-0.8797234087671714,0.6854491838196058
-1.076485287271888,2.770794072071249
-0.8022500150514861,2.8297546265875972
0.7657608734083169,-2.5329338541479673
-0.6954601166474593,1.5589478356405617
0.9643293949695014,-2.98214031953616
-3.0351643751442734,1.3807617011608815
2.3334584084737386,-3.0578015028283043
2.1414322550558924,-2.950293218369452
-0.3240345761503241,3.1155383604784883
-2.901728712737259,-0.1506206040036843
-0.991313060731413,-1.0894412744091504
2.683907884677312,2.9644770762030244
2.719913596091703,0.9039110994494691
-3.363089163510783,-2.638840451737026
-0.6464524749817661,1.1996341998391142
2.581599400712841,0.6046470465683638
-2.9367127635356147,-2.4113915102950587
3.138860261456464,-1.563203135903847
2.4493148821817856,0.6018837199137077
2.7591414175309716,-2.8655130357191845
2.7952130623692457,-1.1701131713142519
1.2608490555480103,-0.7505023873341968
2.624580683300844,0.7803423121880346
0.46694600310215495,-1.1325355567213575
0.6563016298238081,3.0214132522430974
-3.023699788940527,-0.759242935648749
-2.415375446017028,-0.6106603535099604
-1.2127611545564656,-1.3307595035026554
0.3188428573641354,3.2541617718551983
-1.0655338759523303,-0.7477846824598126
2.4859572066251006,0.6280309276419591
2.6282172368778727,2.345283261208784
-2.3817986360907613,-1.2091629933311152
-0.7902646824311095,3.743933988446541
3.122837332681941,-3.1066918491408804
-0.14023141841860348,-2.6683177132182476
0.7395280299686195,2.91911085906552
-0.9347546368644771,3.037091086931585
-1.6361351230886696,-3.1132981212602657
1.0083547595580067,2.916895757272352
2.019838798357179,0.8400961107483315
-2.273893659406666,-2.9102227035278174
2.787350031157533,2.6143232194320203
-2.725151409304239,-0.48504448313694876
0.5465709253598448,1.18591272687305
1.0053648933374932,-2.812708553517982
-0.20407961412526748,-2.9689283561901627
-2.084220885933436,-2.0788364704726328
0.7350316425841072,-3.6739330708498317
-1.0595524148003281,-1.3218135012958017
-1.015835271700608,0.7458201021086033
-0.8108005150280561,-1.2584767049551382
3.295466527122452,-2.9236089300142
-0.5934602510569598,-3.4065097959910755
-3.17042979497492,3.597139779636136
2.7310675634881254,2.367431862437548
-1.7354436003019111,1.6343691896590369
3.2812789480888394,-3.41201564325311
-2.0447840653753615,-3.0527877967356196
-0.22291158938246472,-1.2903164147430466
2.812249115904028,-1.685536752258698
-0.18534949751212418,-3.2609551563454455
-1.0977712505950765,2.3143354121353106
-3.0560111708380324,-1.1504686769912484
-0.2629488009702567,-2.743177654006198
0.42872504757373914,2.557169530203847
-1.3354885949050879,2.524594139903949
0.44918503313998304,0.7115481857743929
-2.863756134784211,-0.8124353884105635
-1.154764016216659,-0.8748523276099796
-3.006756461566009,3.030259664268904
0.22702565076899353,0.8304554663654453
1.4409485216438336,-3.338815546607003
2.8005303991500305,-1.445544167787161
0.673049656246287,2.721900434763503
-1.3284272080773742,3.122086083887629
-0.7468144086335934,-2.9918193577067975
1.1292573535261352,-0.31244062178933174
3.5725390391105436,2.182379948361148
-1.5698039847907517,3.072776253682886
-0.8042955947366026,-2.5455559022252054
0.838476751563143,-2.8259709080109063
-2.20998618444297,-0.31303397729532834
2.936564534372975,0.348739223567522
0.8869277471862458,0.9315662491899966
-1.366696559390764,1.4225587400440007
-0.8817519602645508,-2.8311680312584304
0.7751874549370311,-0.8913159433609786
-1.2574553335009915,-2.7604558631656673
-2.6431659757288655,2.5856719573208498
2.7277050035915917,-1.2923640203044262
0.8568461563716384,0.557614016556252
-1.1098131925010444,2.9271505735092695
3.694786881886973,0.6679865523462575
-2.862449785490789,-2.516293681871659
-0.8054574052473021,-2.9456405819570257
-1.4441025456826482,2.675250381233864
-0.685276401700693,-2.8718161261441844
2.5834457692158495,0.8233259993254344
-2.7300074972829416,-2.654620924000772
-1.2141149174308257,-1.0857241516838712
-2.772736021540464,-2.8214642443235434
-1.044432613621531,-2.9569661674074457
1.0197785359655853,0.451571412855872
-1.0422772748744351,2.3954843893955364
2.6719718217865402,-0.2986578188264393
-1.4254877378783355,2.14427568920242
3.0833097456385596,0.9232651321863249
0.3796560532828491,1.1033270846933754
1.3841452921186301,0.8402548845138347
1.0447155857194994,-3.1687700048573837
-2.4208816378417586,-0.8250491820391499
2.6553838337762508,2.8043408680222544
-2.6575587235033282,-1.336349061165068
-0.6137477527028091,-2.6238168676591505
2.3435979197259424,0.6320405500987998
2.8886807143019935,2.1977140691055888
-3.072745276892901,-0.8378168053778824
0.8834052982992918,-2.7525240831900826
-2.7065500059278707,0.6120445116478808
3.0965457341955736,-1.9185108412802687
-0.9290470955043415,0.8912644541559818
1.2781706559643107,-0.5218135149236371
-1.1695246740065175,-3.222518336150679
2.874528439679177,0.1769298805732846
0.9088937186288802,-0.4856443518594668
-1.4843050711345893,-1.2450634579926723
3.1439280574092874,-2.4806597040098395
-0.6101878434688758,-1.814945682836514
-1.3117250038523751,1.6683667470659647
0.7876446020292707,2.869544491668289
-2.5659953647627054,-2.322499705849066
0.781362678231607,-2.427580440099079
-2.8001537734511017,-3.0840847324924847
0.49426864261854586,0.7219113978405898
-2.78584669651766,2.9631913935823904
2.948676713471713,-0.7715679077847054
-1.329154851244506,2.584498469709864
-1.1823897666456988,-3.5783714414206065
0.9745577688203674,0.7495852305813075
-2.493193795586244,1.486632939237223
1.2127445170429922,2.4448436564924667
-1.1402444087292969,-0.05932043473939995
0.809870306702348,2.302344747373383
-2.507792897299986,3.616760178491082
0.99413085278902,1.8414218590177454
-1.0606208363734446,-2.849750501375484
2.684137699281227,-2.0876080389446305
2.6734955707994437,2.923122569985875
3.067124984573008,1.2916455636779967
2.80092261008765,0.9384921951514023
3.0397801596369898,0.5971438625341134
-3.093354778853683,-2.6974488622220325
-2.7479096831969936,2.8204287525993257
-3.1830630683334946,3.0131396939053596
0.8456052546315704,2.4050496143765523
3.0018416846170455,0.8805359219166827
2.9033678672445626,0.9060017577762843
1.270764138847478,-3.7241361728198887
2.9712812039800323,-3.1475979661999633
2.2989620015678565,-3.0759675226382392
-3.2564682492986843,0.9253151869738822
1.0345519937589314,-3.3538868445664463
2.643159653076363,-1.2340380699015139
-2.655397894457554,-3.3591612355863387
1.2487720491858971,1.0945025158449921
-0.8460693031595744,-0.8389791608977192
-2.1395224637347168,2.449260781277226
3.228577411717741,-0.5215938296591918
0.46042502997210377,-1.1005004819452515
0.6136003518829531,2.9697147300336564
-1.3437442749125699,3.447518784897829
-2.3128336368839983,-0.5851196877958523
-1.3456209320960772,1.4740692730446407
-2.3644324150555502,-2.64620838360047
-2.813780548824443,2.6865641566865635
0.7647951336439117,1.7569252320384796
0.9564325622458877,0.7576467941840046
2.7944849091279678,1.5635550075166642
0.7519881484191636,-2.342960638649576
3.0587011786827185,-1.2092729593611278
2.1100645250529593,-2.495385332545531
3.2605803055601377,-0.7466959314005331
-1.3496605766634455,3.2838750815546907
-2.8799137645101425,-1.1191109576680627
-1.4532926804105295,0.5400417586005428
-2.5417675214294975,-0.8673510427114679
0.9679030753553847,-2.7423041856022814
1.458146037175444,-2.346152609934743
2.5832720498751782,-2.8095089096018775
-2.005097248932249,-0.5119264034305576
0.807944539939822,2.1162785569636764
0.3727157172029509,2.7930290503711426
0.05795859637552152,-3.7852488200384684
2.308951476696047,0.9173153518205632
-0.8760114268807102,-0.9692513014717684
-0.9304500901598243,-1.1880949623544266
-0.8129713478697428,-2.942373194641744
-2.3424318757343228,1.0830329557750593
2.7598493142973144,0.6471003778845664
-2.8745735801606243,3.378934284729698
2.8517396321166597,2.576055567798916
-3.173161333860757,-0.2684950256503585
0.8616104736142877,2.0666305112936003
-0.62818948934962,1.0894486787230466
1.094440743081465,-2.8741351185352104
-3.3850692937846776,-2.6891687131612882
-0.25010399830747243,0.6340864093299601
2.670622017914395,-0.9898200258798009
1.0679013895563014,0.7291184523623813
-0.8806816069762657,1.1222653800838611
-2.5994630310289586,3.1903772166058713
1.012013817213943,0.7746348850602925
-1.7789404560660125,2.9364561900948156
-2.9070848089609713,-1.0346591349660033
-0.6659071569984332,-1.1609263804890126
-1.087614372403533,2.4441539938412578
1.0385275876180688,-0.835481975089335
1.1083203860985364,-2.734269074176133
-0.5150810250266354,-2.04815617860751
2.5194304840778536,-1.9812472427831667
-0.8121557626150495,3.7744460812860305
0.9292524707329273,-2.9327882653588526
1.4416266520614562,-0.9452984090301365
-3.0391481254121957,2.6750979531678793
-2.3639178413296493,-2.84306482540817
-1.2671771708110975,-0.6905759258107046
0.8812641035403084,1.1151600007597844
0.4852456284718315,0.534337281028516
-3.4677015360695713,2.771954519452586
-2.2217916555650854,-2.6956120233398555
-2.6286230136019046,0.9327724990739908
-2.0459259865746873,-2.3886956334146974
0.824671976762352,-1.653517632374548
-1.0632106342023824,-0.3167502934074335
2.4458028893223953,2.159939990453684
1.1656030232183154,1.5248205304777243
3.058131206206226,1.0341673724132845
-1.8518264948677827,1.074279187568278
-1.367007963815945,-2.563976096227554
-1.3605673713504949,-3.1016305456999005
-3.449112461267537,3.115618968628505
-1.4190327693176674,3.4812820325624085
0.9540730469353069,-1.1204210440446059
2.789362539034265,-2.357497299922578
1.5281951782463248,-3.3642905681422177
-3.6468218704993483,-0.8422068393667166
-2.824718744081567,0.9294169564231426
-0.9944535838135654,-3.0183206659447555
-1.2628383481109582,-0.8921263752338394
-3.2045843792747175,-2.9423186626744524
0.9435946590843953,-2.847299039727311
-1.470384983768183,3.0101252158378666
-2.6257631892250135,2.5108474781609353
0.8985089067364459,0.3887196537670026
2.8758755151360877,2.714072199708817
2.4276450403531995,2.6558672531340597
0.9646420485373993,0.752526884486769
1.006226878700415,-2.9264331632539733
2.4410769493717064,0.512278777920876
-3.0878198346845056,2.9280794145073012
-1.0494265805292728,-3.2788160509929214
2.9491697516113202,0.9054297583089963
-3.0373819423493074,-1.675726800792994
1.2201295710646287,-1.5367007490599096
2.7207539391262907,0.6243886521884459
-2.7072487874278015,0.3015503430006207
-2.9365019492660465,2.562643290026696
-0.9579928309422001,2.980326160950259
-2.5878667995592113,2.846374968059971
-3.4346793189025737,2.447858422097387
1.072424712013436,2.4157494035704885
-1.0666935927210748,1.5971602010255805
-2.3498850816432304,-3.224341596531598
-1.0246016895589811,-2.788180401770365
2.7950399493146745,2.157531985257816
-1.0940550996470653,2.8269778830555037
-1.0733783811377655,1.0246619842609932
-2.4276483466207455,3.4805397768097714
-2.2637538685056984,2.947550839086222
3.122993970534682,1.1026229372678809
0.8077020634254113,-2.5605579322527237
0.9778945408079283,-0.9855369547340913
-0.5255680351118877,-0.7813007958934393
0.2147722014577389,-2.741370231645095
-3.1325325346714537,3.2184514118248306
-0.6149493890276291,-2.770971619233809
-1.7312499504453611,-3.5032233000684
-3.03261945100482,-2.594618421314188
-1.3830843498913359,-0.9770561806809445
0.8855841607909689,2.8369921259531456
2.94298079210944,-3.0491623762491336
-1.5081522458881695,-1.0746547053551896
-0.6660986286529279,1.1226995409781555
2.689842471723658,-0.9617769367710731
-2.708020041478503,1.3534630986617497
2.790002468006371,2.5211517911668246
2.694202094057273,2.6096285531618624
-0.6519069539742882,3.2683411024252718
2.590780761226613,0.6121084874933863
0.6372500995715681,2.6223303492772705
-1.0372022519495454,-0.9662290243573572
-1.3712681158727584,2.758180409647765
-2.269927312975415,-3.074781662704557
2.1740923580826395,2.1995397166266666
2.850196234863888,0.6198645845719911
0.7902387041874952,-3.398017780852901
-2.536299296088595,0.7122198500928433
1.2657063764783625,-2.3143960974019264
-2.651695611186986,3.1405506501513227
1.157214506552437,-0.11149492545005646
2.939039218502047,-0.45193286837622637
-3.1653735356883055,1.509802915652039
2.7528057388085045,-0.742085922900639
3.1550014070995487,-3.197123324563678
-2.395235138270926,-3.080224989614288
-2.6731570421350868,-2.087267854674112
1.443156010025384,-2.7644342658497436
-1.2305242236626786,1.830015106535743
-1.1071989931724573,2.9579428060903448
-0.7899099620256474,3.135202897144378
1.0257429712207826,-3.0906763572585394
-2.8980695623749675,-3.2457896278130467
-0.40990859803349156,-0.7273874027988383
-1.4213273574002017,2.896292729595169
-1.5384279524886348,1.3609854531422378
-2.540317372634226,-2.6091955422225848
-2.375638242718334,1.160449289472812
2.662458586535461,2.742023310332388
1.3404880614581582,-2.787281422761248
3.0903741037930303,-1.3560060807885297
0.9737555090092136,2.68082251938142
-2.4241564819627004,1.2349547721761545
-1.138364084018709,-0.018147754154488056
2.8033404721660644,2.5917691042592987
-2.721587339169957,2.4706925065608147
-0.9200612202145982,2.9197885077170156
-0.8786751837068177,-0.7374144209632357
-2.592322739939766,-1.0420765933369365
-2.5941340859173248,2.802850075628142
3.4148780259216043,0.6444079173030992
-3.032710196705029,-0.7014638215406576
-0.7897606327431936,3.3403869061247504
-0.9896531315822628,1.3302299211042241
-2.9345741263375413,-0.9202303173947147
-1.1981925440041301,0.9138014158808604
-0.6441483470239959,-2.609150316511041
0.9581760748949577,-1.39305232243326
1.0251659626695595,-0.6779109054941442
-2.902057930300098,1.2102807698407632
-2.3144283979838325,-2.2930879017157433
2.2076346817833055,1.130107778957878
-2.6267664089280456,2.9263094856932352
0.7376911461276306,2.436720644027503
-2.986006049409339,1.8661968975118723
0.9741893615389459,2.3774402974433575
1.804876015391679,-0.7383357498415564
2.8544319138461915,2.6379563856920547
-2.527054684078048,-2.689470329080937
2.3162513334182155,-1.2202129216318574
-3.089355013208051,-0.5218469275662709
2.802778407531746,0.9844129452652496
1.0164026617672854,0.6939907629323954
-3.3989668016029344,2.6684964282869683
-1.5771199277918297,2.663971465086112
3.2331608106539345,-3.110524115460286
-1.1684211389309278,1.1994474400243145
0.40454522539948706,2.161685986941616
3.448999227378106,2.762145868638246
-1.5799101794825972,0.89344191797575
-3.2883973846075176,1.2873454034679093
0.596011290638071,-2.5362562482737463
-2.813036309397555,-0.5497326264272648
3.348627070267735,-2.4706298534632443
2.9997736099124146,-2.9453943031790932
0.804280213678539,-0.9330755794693523
-1.0510002699015009,-0.7877377564565904
-1.2154081568890802,-1.0880357655847466
0.10262378150335637,2.654482180828587
2.6549806992004803,1.265572841191836
1.4335516667781605,-2.4270013970024693
-3.0602046332817716,-0.8755834024883503
-0.7485124815856572,-2.5144605114969067
-1.0333230560954625,1.4441119776580094
-2.7450474239501066,-2.7345072445938734
-3.4911952249403253,-1.3013301534695447
1.35711802330617,0.6821179007592889
-2.7912666290530064,-0.7558591652432104
-2.188348976116283,0.4083918236191844
-2.551680097540962,3.1284152260094875
-2.484979987898034,-2.413981909746503
0.7538604687788769,1.0316446849237746
0.553280538152758,2.059791632915395
2.8482792941926074,3.055938262669443
-2.7945111222233123,1.3992378250054993
-2.9203912906753513,-3.308127927989094
0.6026897381328582,-2.4333741026141253
-1.2617062571624522,-3.454740044173008
-0.8942472182351461,1.6131140243905941
0.6696022762167082,-0.84821652122465
-3.0396841575793636,-1.5927889741952632
-0.22158158078640697,1.340358523562795
0.7746019372166449,2.7676529292833925
1.099133840516139,2.673988372374335
0.9148634603799216,3.007163258645062
2.9791909618746324,2.430672472373823
-0.6034829192086598,-0.6970224728500533
-2.7420920141151766,2.922508170342576
-1.0336860656409461,3.0533120634513033
-0.4233537072924232,-2.806146355915659
2.5974072850757035,-2.900516330640702
-1.2248519225567898,2.476157284590848
-2.137264668728077,1.4739141373317044
-0.5675641421833221,1.326451677221365
2.8178625533517105,-3.0394866946241934
2.522579957348754,2.720801374547446
0.9676399002723142,1.530745431023029
2.856884894118769,2.5611160762392085
2.955818722503627,1.5704663246733066
-0.9746024882018897,1.7807695833614248
-2.91734033421581,2.8678651299538283
1.1308302667546977,3.054325063236364
0.3542356205314618,3.102939001884782
0.9689629075959317,0.37550166127194695
0.5075149610267936,3.034478286220911
3.905205697275725,-2.6864396954024583
-1.3871040220611741,-3.374523114020215
-0.9973827877566407,2.538879339645686
3.321216125653876,2.516735861094855
1.2234179954718807,-3.2576021747291652
0.4300483332792601,3.2317292766233687
0.4799366716530912,2.9330116965207726
0.6531546761574752,2.547322626468876
-2.399209265986003,-3.0484711879542523
-2.7256802002663103,-2.98420404911219
-1.0169875674865236,-2.643909251152807
-2.692798126041954,-2.5970284706308955
-2.3016274983188194,3.184624530333958
0.4884055382470635,2.8902160099387078
-0.80881954159808,0.9486532127678874
2.8911526017946048,2.94631817418786
-2.581809126682544,1.9842792625744692
-1.400379426311406,-0.5725290519225031
-2.1466727328768873,1.207910813508107
0.5084581662581101,3.1983419054579976
-3.1814634481977797,1.4814242567131493
-2.299527403851633,-0.2979613086125312
0.7593613519908389,0.9461904604929351
-3.2443197370455987,0.8974756897554986
-1.2546512804730323,3.295057276290224
2.951788876084501,-3.0571593281060863
-2.930752013862495,3.0269338162489956
-1.2539416230683615,-1.2055976837971218
0.7567137426382534,-1.1262889781185719
-0.6782009627108682,1.8740775928273388
2.9418461093726966,2.649175893877707
0.979776348351724,-0.7133561644440819
1.281212164801033,0.8250318562580776
0.7759694602671221,-0.5356207710418971
-2.562628062108211,1.4331539838696297
-1.8656753343688182,1.781525150186367
-0.6064739916104145,-3.074320613781542
-3.2245392091860827,1.7191199750984307
3.1646308994093073,2.2296899481030095
-0.9596832478625763,1.4248755363148646
-2.5296301376394084,-1.1489977519229693
3.5231001318719635,1.5261208678094331
-0.6703122503629615,-0.7574705033319212
-2.5222380034168994,-0.378405212956284
-0.9533424825982642,-1.4735860780079244
-0.763750516666902,-2.8755563173132566
-2.518133592360975,-1.0142965805272246
-1.1338578237306998,1.1051292240132422
2.149676253831621,-0.6855747406724512
-2.6282111812470856,-2.2319874562478614
-0.7948660278503021,-1.2068976630557386
1.4061532740475524,-0.75802110450512
0.9087425452131208,0.15126612004696322
-2.2473319091707467,-0.6913354433289038
3.072511751413202,0.9695150157018423
2.182746694275845,-2.96017267893124
-3.2876294086068767,-0.48014474536989327
0.654672334416854,0.8135958730451334
0.9828988018970044,-0.14278836360024877
-1.164494022304758,1.9202543592894668
-2.701187324291778,2.8383905073525333
3.0979758627999865,-3.0888954215794113
2.9175885149869023,0.9021957207526076
-3.5952008468448735,2.7497876993066703
1.2076989656734576,-1.0792052559055363
3.0917642152697415,-0.579717257849896
-3.4876451193993425,1.1299109749394225
-1.0298263018221143,-2.475183278772406
-3.844883025570614,1.415888340006715
3.644057649616688,-2.5449853065849157
2.9157901145387366,2.4105471756778223
2.626979812858487,-1.0178238997831472
3.1100095633503577,-1.254417520400472
-2.6698218054884593,-0.673409501523388
-0.6389111094733063,0.8274728392838894
1.2015040509690447,1.6032875200497456
-3.556175117629814,2.6372871850246384
-1.0314503910448305,-0.5834930282515078
0.11694371761706775,2.616430648724164
1.522456853248906,0.8249910644732287
-0.9090178726937281,2.6497067050316288
2.452323708285061,2.7085554955596867
2.5519665571233037,2.4329714405784473
-3.5500557056918285,1.2508700867939173
1.1356811696982776,-2.6922194958250274
3.0676219982630526,-0.7953291120169456
-3.1166430360983095,-1.0271566765487938
-3.2778131344253323,2.830070053676231
2.9579691840730464,-0.8263936691654669
1.177317702424886,1.3064702707048281
-0.530545733315411,2.2335108853723513
2.9424350443222402,3.0160001781355343
0.5761671807146217,2.240100577902785
3.0924521605369244,2.310683426101465
-2.4681599149188975,1.4301647301721676
-2.1608330899493953,-3.077203958199616
-0.20032432957328708,0.777508779503683
2.5589941712093083,1.0992268354219314
3.0165714406931103,-0.9338026831639289
-0.613818494270983,1.0413568324073263
-1.135547034445384,0.7361678125638944
2.9930448118165853,-1.42740511863825
1.0150986179782897,2.885846604801415
-2.694018922544124,1.5610232615472568
-2.567337334122008,-2.9641313293643536
-0.8002390946290525,3.334541062869885
-0.658403872550643,0.6102608673954398
-2.82328250613568,-0.553889472352859
3.1792934577958407,-2.966611996421314
-1.5557305511742867,-2.9597864966287166
1.4064645075738857,-1.1436520295253783
0.7854754726024172,2.7706694753009806
1.086010722972589,-0.4816029200151543
-0.4486422906182502,2.8244949042855287
3.5696488825275643,-0.6097109656203158
0.1441632894338261,-0.9225935033818571
2.89079995780637,-3.2147897410303234
-3.4551849211275316,-1.295182514872514
-0.4558130753112412,-2.75874067432192
-3.2139464735460304,2.313245781914723
-1.1148433798370103,2.6590308690854516
-1.6481777258547061,2.425868604418562
-2.3526879393341606,2.9984975689486926
-2.9724013395000988,-0.9343244077899814
-0.684698180894771,-1.016615476452685
1.5635537466798255,-0.7475682917917471
-1.2644098157273462,2.693273386470555
-2.698894005287941,0.8737093604035515
2.8101842832944004,-2.6654654589767373
-2.3785796031292112,-2.7238053886439313
3.6063276650047262,-0.9852920894672821
-1.252005410757991,-0.05954381670251747
-2.3217786065406902,-2.9610395152936326
0.7607887809346264,-0.8041846301561875
2.4419105887020245,2.2193299590427595
0.17979733605538703,2.948423135072841
-3.1609828230784602,-2.595646752930345
-0.9444098429418967,3.0837720480638264
-1.5954773216991116,-3.7192376818197403
-0.5442268316341408,0.655250787192125
-1.126393199830719,3.4643397819477615
0.6788185337203687,0.49598878454194606
1.1371082869093478,-2.432001266671662
1.2118715954607024,-3.1303217403578123
3.208127788401315,1.151491824925624
-1.304802547563011,-0.9803779845161151
-0.9777095005827555,1.1995325544460507
-1.7489022592501646,1.0588459371009635
2.946495250838651,1.1477297343626167
-0.910102312599667,-3.2320049261819817
2.4486499140860114,2.6790577398325714
2.7649288421443368,2.173854602259636
-0.34825491357599647,-1.1898515306304787
2.54316486627149,0.3031896858019292
-0.8598995860502189,1.428067822661279
-1.5558362370795022,1.209756797478074
2.428028507188357,3.1899153761270935
-1.6641457275841443,-1.1172289341249038
-0.9629506451997187,-0.9166363617581434
0.7858839609732435,3.001211326553342
-1.7693363340752046,-2.9295514652023473
3.2526557900361013,0.33031122915571404
2.990626279472675,1.2278464334231063
0.7127686379943174,-3.7649761488684033
-3.10274196954494,1.720641849106429
0.4647527223938024,2.36747867634753
2.77311391257008,-0.7321292856183413
-2.6393691525795044,2.8505919738110825
-0.9884999909293138,3.665465714087081
2.6530937388911813,2.197701513914582
2.160551279114873,2.7112802823335964
-2.4987069645576274,2.5583273176133168
2.4724027327963927,2.93582932602381
2.6633821721146282,-1.7899270377488299
-1.0694794936890224,-0.2761936394365765
3.1269875027843277,0.8770937703630132
-2.6032910885062273,-2.72644561032396
-1.251034673842985,-0.6189947137175047
-0.11877194748417205,-0.9301244821247323
3.2987867650113296,-1.0343392600586876
-2.1117148898704468,1.7794999155376274
-0.7388012360000817,1.0419031960231913
2.5987767492181106,-0.9493813800523094
-0.45211899118076715,-2.751697048061797
-0.9250108595809523,-0.8368508061047402
0.9334594578446346,-3.1461901362438094
4.018235211255844,-1.3044486255531893
-1.3896356470733426,-1.126158197860808
-0.8682558283504117,-2.5650380929127388
0.8200926190534096,-0.7056142675788057
-2.312185350346861,-2.853529518220662
-2.827467848777065,1.0066437912552721
0.8680455422250495,-2.4372920569933645
-1.1771009658422416,2.8472639218474356
0.6851188602562974,2.3212844807205975
-2.795686376080993,2.775625390598336
-3.1226764187777647,-0.40580239364338944
-1.1366167369612195,2.5801409146729153
-0.9561254337366719,2.4695897977817753
3.1193779919075864,-1.0399493740433117
-1.4931146649057898,-3.356027346899474
3.234129989424486,-3.012395622167525
1.0978075530485016,-1.2158980137490063
2.9896396113694217,3.255482404644706
-1.029920665866935,-2.906999813491021
-0.3608702714175198,-0.512367886213551
-2.4302530055921387,-2.85301696558133
-3.6836998993964394,2.816166139964646
-1.250222739509329,-2.3936534666358655
2.5353116196888426,1.6950091146234039
2.65357419799816,2.6142181244541636
-2.4833438904319496,-0.9537667474264071
-3.119171269321462,2.045851667231984
1.281120250254941,-2.222360548187531
0.8922238036899625,0.4096053664054193
0.43855284421660307,1.6042423452209187
0.6368095932167799,2.4301961370357246
3.2926149319157947,-1.0764853754610844
-0.8370639621683614,-2.8666906910748624
0.7010465662734194,0.7193903551699709
3.216211893125069,-2.7067092154766494
3.204779736924227,0.25714127429443084
-2.949382373917221,-2.7561201781620115
-0.8800673188098055,1.8658405399218283
1.0193052946427963,-2.405638516844549
2.9083952545654514,-1.7597549248165067
-2.6427119915785418,-0.04201294882811097
2.821547537129083,-3.0345023035757897
-1.3227479287770103,2.7768096828221163
-2.867615879597962,2.8181383089708305
-2.797646335136971,-0.5038276663537574
-2.489476374949347,1.2151353513009553
-1.5369311028286743,1.136119983936141
-3.0476392242946617,0.8873005566003492
-1.0890466980457374,2.6535056393985905
-1.3815538287176707,1.1650943734643613
-2.3052020853722577,-2.7462933063576886
2.5967067379051114,2.8346915379630118
-3.6205341859237747,0.8557248701731419
0.8718744042983041,0.8816500546274516
2.762814463275084,0.8892641157230908
-1.1846105210569868,-2.505690664553529
-2.863922114040004,2.7570107198255136
-3.1849025810953373,3.1171491190043352
-2.43615899529148,-0.6654920660559389
2.553959730409466,0.891727384301983
2.9084068555048916,-3.183889662785829
-1.6758490431559165,-2.2609868299082554
-0.993453033682828,0.8367004646236952
-2.2514540907485214,1.7608395131691643
-3.0232579580699,-2.8304744749822786
-1.0490728181750562,-0.9580478084063889
3.0381988350796734,0.8875730688644768
1.1639816856013003,-2.5071729473740216
2.9872703895363095,-3.2169011136303376
-2.6990974323603547,1.1760265905240095
-2.117837105948941,-0.6800350792621948
0.7838018361865772,3.0503575460914765
-3.0366969561187886,-3.1471975288538943
-1.282768453494889,2.722198027395916
0.9700860734531265,2.656325078975608
-1.175731197951331,3.247349177869479
0.639184586740982,1.569873813405976
2.8441596169591525,-0.34807905068507733
-2.9194718285070995,-2.923854092476365
-0.7988357662017075,2.248301212563795
2.641312197579205,1.1646696927813314
2.506513497810088,0.8185654202273256
3.325565852763721,-3.185522090955155
-0.5744480009625643,-0.8676315810408081
-0.8814053306291819,3.546657859398511
1.2951956736631278,-2.5129835118442205
-3.0190180502678654,-2.882595931533975
-3.3684497622028267,3.2965002525770983
-2.9222784080880206,-2.9253896385282814
1.3833566308013132,1.264959804096679
-1.1974833120493444,-2.101414176206069
-2.5008320007451776,-3.3042309518408453
-2.3553264695931078,2.3856120602649895
2.66366923359703,2.7701271849470475
-1.898688736068543,0.6496272642479743
2.7189612172727937,0.695448034988416
-3.2839405436734057,2.438221202284918
-1.4891926953986043,2.2760658701726335
-1.489540075139141,1.343065002424356
-1.0251141518542222,-1.4833803714503497
2.046113002193207,-2.934792014522383
1.2093376862703658,3.2416873483395556
0.48942799901982975,-2.7659155844603567
-2.294622866614772,2.9275660277055118
2.765505461397861,0.24486277907569987
-3.1052868206412634,-1.6528795678555037
2.1282350605611122,-1.3356923538056327
2.622761903037943,2.830136252994301
-0.41872928101524287,-2.1378350592794675
-1.3584369097398485,2.7967488115303216
-0.8088207116208044,-1.0204131324498236
-1.4544884509985039,0.5995851421660392
-0.7655833082441298,-0.5734133990266073
0.5753682136232653,2.659342340318866
0.2239422236416402,1.6018985914533275
0.3770182684055479,2.6866728472798798
-2.4846259040548038,-2.681759176213648
-2.671956370972409,-0.31362709395541083
-1.172922698512853,-2.429643805942875
1.3660463970540353,-2.946317013338338
0.9238650716343526,-0.5618953289508537
1.2888507837470724,-3.7255854277601954
-0.7624419641122425,1.3338233055369269
-3.010627357839059,3.3792199219325343
0.7608917410142916,0.8303536747237618
-3.4871858864094296,3.0924966147021977
3.0368028013388986,2.802479914678016
2.756725490748733,-2.7984695789061056
-2.6531751009902096,-3.1468927554490844
-1.0775866024309164,2.583603800691678
2.7956155058232226,3.009837614090754
0.5244854889820053,2.75533121869743
-2.5508344933510014,-0.3430133501093776
3.1254789833919796,0.7174087566401776
1.2464651618335503,-1.3273822198571976
-2.713816607990815,-2.6639949118561477
-1.0288752425280991,2.6145243208723508
-1.3506034286504138,2.784148970223307
1.1962705592511715,-0.9934994787228835
0.8484324877161908,-2.5235563851941767
0.6892436962122565,1.0373840267120946
-2.045967616563675,-0.7655348674306041
-0.7495534574333795,-0.7105671045260097
2.7837644464839872,1.0296293030544714
-3.2287246626634025,-2.39606549157107
3.2068532066799684,-1.23408360397278
2.737915992250911,0.7385651501754762
3.307410643483812,-1.6001225919771283
0.9189166255679471,-1.2032207167432667
2.157647714616915,-0.7582424563007746
2.7316181104471116,2.8075007289924576
2.6154318715056952,0.8608165983162401
-2.563798048752734,-2.6480546726904617
-3.0124802118438505,2.4552133214735563
-1.0641302087643911,-0.5234474683855974
-3.0493057454290198,-2.025829855740072
-2.519374380219927,-2.8871310560622923
-2.7024338814892634,-2.609101647180608
1.8043372527284205,-3.2553064449712195
-1.4738900652708604,3.2979023413862745
1.0888362958761855,0.8167776559046338
2.926434653337649,-0.931616958093345
0.7173520751293473,2.168398414112099
2.5106753338971712,3.0625192481568067
-1.1704638697765397,-2.391837071037405
-3.005356605868175,2.901466656822895
0.8970471248195765,-0.9285600577782421
-3.1091496353733494,0.7115646576172843
-2.5038283113561692,2.482634147600757
-1.0711019232556604,-0.4331728854243121
1.1877588563864612,-3.2845548223274212
-3.059455033568076,0.43834205161684425
0.8574163382824292,2.402606865938102
3.6263152699461663,-2.352176905007323
2.610028206711995,-3.242280049571615
1.4692633588628887,0.9469832640401825
-3.3940020167717284,3.418933945038739
3.4812220960773614,0.8649071665714992
0.5085013592275208,-0.7313563392439107
-3.0986835159676196,2.4086292630337995
-1.0894486026544197,2.55199075486963
3.4725926643226273,2.750859011160089
-1.422540886186648,-0.5570169577875261
-2.7429985132927053,-0.9661287581162542
-2.3638810748049326,-1.9924659018232298
3.100296185567658,-1.5384974730577423
-1.0981390728984939,1.3416671109800888
-1.216528059411824,-2.944126726844479
-1.2381108975144508,2.962107549466863
3.2464118324823548,0.08082303681139485
2.3017287207736365,3.256993763979756
-2.733601232997464,-0.7789874068358121
-3.47935615346494,-1.47362877533528
-0.9288423010242057,2.507023445681979
-0.9006162995177223,-2.6455051976145896
2.6366000908609184,-0.9460963000936645
2.3066005295890184,-0.2644927444959786
-2.769266622595914,2.2239842573751614
0.6737252205692384,-2.8953479393687376
-1.1810638244421832,-3.2294597812081793
-1.153567575192416,1.265083576889133
-2.8762341919482437,-2.770444528955284
0.6930493110284655,-2.4443583963259696
-2.791925839958674,-0.6196278472980717
0.3802154048847062,-1.3329524330260782
-2.4738107721019973,2.8162595550122327
0.03835129180768866,-1.1347492987653736
-1.2920845443686124,-1.0091589628919746
-3.219478882406392,-1.0591126873786556
1.072030254400889,-2.0898968934685325
-2.9058925776714033,-2.2863760949299077
3.2417359244847095,0.46178666629763543
2.5506912854627104,-1.3419024938007256
-2.9631128282701074,2.8008660700945294
0.36015927670936865,-2.660429969794861
-2.454725541976437,0.3544437850114596
-0.48375232059265494,1.600023526794776
-0.7916118451303205,2.695883578447233
2.5615731895194256,3.04057259469113
-3.4334501484363686,2.7102468578733636
-2.4036025726322827,0.9297440447978862
2.952926226334351,-0.9321408768831025
-2.7801439819618765,2.4212465926018134
3.392956266655888,-1.9340597941744024
2.9427259314160428,-3.3205290924392727
-2.8662884426383046,0.9409425027435532
-3.25668907319838,1.5451344738871367
0.7075165095368995,-0.9427312140240588
1.0607600243634414,0.8772718057096243
1.1425665354118235,0.049414319358546815
-1.4399601077562139,-0.5644398256468248
-0.5155127049359887,1.09618242943464
3.227645572635397,2.5286769877882365
-1.0401615370753183,3.3340773825707135
0.5840988662749538,-3.0670357872366036
0.6856149815897469,2.903885814649529
-2.6809806457941123,-0.1516247692172839
0.7125441390388572,2.6456683011486994
1.149304721309124,2.772317153254646
-2.2622097444279277,-0.6606239107589373
1.1410669388781427,2.0619045507261804
2.7724085965782153,2.6876137894816137
3.548102513836706,-3.3331545872909802
0.42874037858834646,2.942055397218672
3.197447457381672,-2.7733626927603843
2.1230926680806097,2.892835077902252
1.1272668924612246,-2.689841075530461
3.523990226730795,-1.4378092605669406
1.0732378745578546,0.9588440353980638
-2.358550971645429,-2.9638481544951287
-3.1720171553258356,3.166772788725611
-2.851524940982134,2.386689477252896
2.4887148148210656,3.1070631961894795
3.5679322102451283,-3.2952648765587917
-2.9140723190676208,-0.82886071337253
3.755933741271848,-2.861686271283884
2.966453921077485,0.5081427627184311
2.1711780636664884,3.1541266477628156
1.4014439000109655,0.9402853757745165
0.7601851026353279,2.867224153100886
-0.9332454403728476,-2.286986446937263
1.217533800533703,-1.2458334836955358
-1.6603852285972993,3.14631325210344
1.063208132419788,1.253782615438184
2.899074937553818,2.48967151007161
2.7673848470671327,2.4704101222804726
-3.506269396934895,1.6717592365115126
-2.654540207503918,0.8687237643416789
-3.6753409151616685,3.2491779648279193
-0.6035238141113612,1.1667462451813246
1.521456836021472,-1.243582038698619
2.6103741352930485,1.0459864416421567
2.659281441787417,2.388020302007366
-2.579529192740327,1.2764843515571902
1.1207105573580904,-0.8119999059061097
-1.753659152465274,3.0502033342495403
-1.992731921835014,2.9373823676281776
-2.2110862531987734,-2.4289459225311827
2.9999026076872983,0.63168676189091
-3.013134644273574,2.702654699539271
-2.433078998996064,-0.5994110326273134
2.7559790154867354,2.2389427252343754
2.819388216265723,0.9485423717295748
0.5168825535081835,-0.8573636758946065
-0.7473977105683093,-2.4669591612625608
0.7544204073741355,0.7972457150300397
2.1979403511120914,2.5886839124945547
-2.6744413043013076,-0.20377030688200073
-0.9715676397254662,-2.563468741678811
-1.044521899351008,1.318366626907961
-2.525369859117426,-2.134461959473698
2.6650332804077945,2.7663199076503386
-0.7227318272295731,-2.1349703955812553
2.402548450101249,0.1785113298448515
1.7633240285289276,-2.7963587001049697
1.602527570822487,0.343978077094589
2.8091195543503136,-0.7918036622495509
1.533398857205157,-3.217562006369905
-2.24926977024681,1.0942999319955287
-3.676312202797741,-3.047083528567745
1.4610296355224337,-2.4132113837915528
0.9126767486337446,-0.7584335912583622
1.3865209900597706,-2.8677770518072077
3.03170477648712,-2.8550730311257135
-2.61092480499283,-2.5955894765419893
1.2265869902614799,-1.2265168151005568
1.3287374445155724,0.8698666442361287
2.8760992961363065,0.2701640974208148
-1.1383727209433507,-0.725439217392802
2.6005148682313264,2.1374126735060934
3.964114616798992,-0.34779907422314416
2.412278555781998,2.409441272833121
1.0688671890337538,3.0090120735682246
2.877768636988255,-3.3776511321957803
-2.7971862844868993,1.608572982628301
1.3049187989011797,-0.8533764827669665
-1.656545062172924,2.839025657662127
1.1761741448919383,2.4116681578451535
-1.1160465114404694,1.0696472167997628
3.3357851415675612,-1.2858248500720493
0.8334908300720882,2.52428075408072
-2.7659833101364404,0.4362425703417118
2.5688417893542135,-3.0188651979957757
3.149196542645177,-2.826969621799099
-1.4650781424327592,0.6686007319538315
2.8771517306039787,-0.9584493541882139
2.199128527455193,2.6490507340431475
2.8803305623966424,2.8586807621361237
2.965998388923847,-1.5003221226507972
1.5394438308341705,0.7322965312332507
1.2256589441132533,1.2429971590937716
-1.287912252631089,-0.9434046531420062
1.3976742435592142,0.8365361665936768
2.8895486969320623,-0.980202839694182
3.0380521547258517,-2.7708043091692165
-1.2764858211727121,-2.9031345457142943
-2.605720580957287,1.3466778613954544
0.8763018857306556,1.0982140660110815
-2.71053580431844,2.7566190609797956
4.001291716550233,-2.979230615799223
-1.2796160297908763,2.3421963389090563
-2.9178902574337853,-0.7620615692558221
-2.8618545170094913,0.9662568786555593
1.643913990574938,-2.4090695254047545
3.0617930462917675,-3.3996354209916597
-0.26470598191444455,3.320549380058657
-1.0993458909749458,-2.745893308171057
-2.31969722514987,2.4912715544838284
-2.0091840920168016,0.9621739069279522
1.0971346570522347,1.2452613455033341
-1.2428947817977594,1.185451145938946
2.6329619376301694,2.024643866689386
-2.7791227130305862,-2.758073173611472
-1.911864812657702,0.4496177034543437
2.3595747928371624,3.1226032836624804
-3.3319342501731084,-0.4025447974839608
-0.1971539740117599,3.1963364808019747
-1.4815456216393819,1.1354848111606162
2.979220492393517,1.725988498284858
-3.253375412492264,-2.5784834606283797
-1.5002520538499091,-3.1806586567853925
2.6531085406295145,-1.3843540421618865
-2.3758344608305344,0.8337518418181226
2.315609623497545,1.4086767391373647
-3.0040804990486007,3.2171167741055604
1.165361836336723,1.369080362118227
2.739702382239421,-1.6600579278583951
3.037752080247166,-0.3895916318740701
-0.7317039154387825,-3.171282515797388
-2.6480079173606907,-0.7285805940360253
-1.089966448894424,-3.004274488946714
-2.253367573970533,-0.663061126206663
2.8270034346539825,-3.68069483987612
2.6266498808910894,-1.0010069216314816
0.6058761607448675,3.105246274890938
-1.4082920909364782,3.366271246831958
-0.6836780835577149,1.5191646136124413
-0.6759342016448219,0.7854446229263345
2.6702969185908967,2.3780606757276312
3.044876857032937,-3.2765815952570616
1.1676071225880704,-1.2041417388398628
-1.2007815438144933,1.1780175386182639
-2.645884949335796,-0.7035050091163886
0.45995479671837947,1.2643329145575264
0.39914556386468303,-2.1902445353523112
-0.8941373124371275,2.3644910238017713
-2.753373499669947,3.090467142990326
0.714986536969101,2.916715615087089
-0.6186998834846869,-2.733046373792966
-3.2659612145084944,-0.804068396628895
-1.3608359992684258,1.4024788625881146
-2.8601515377764515,-0.7029952483706928
2.699102904826032,0.5406133963051112
-1.4021806560220766,2.010231754015505
1.0388833446755172,3.030984026528752
-3.294620401887682,2.9364955770725665
0.7786272347915065,3.1512335577732706
2.9649004451680496,-3.1910354196670325
-3.1750839077987103,3.8510852753072533
-0.5345258396100425,-3.220200832362288
0.38878489057900384,-1.5827861448657683
-3.0819515763173944,-2.5683573971310754
-2.645381607685084,-0.9284613739601573
-2.769523036112351,-0.723676232555552
-0.47761200409952104,-0.9496902662679177
-1.4841756324667177,3.0034705661027585
1.0804864107937795,-2.4030429773351107
-1.4747801486083962,1.8328702937858403
2.6816342604700387,1.039349740090175
3.013754648809422,0.32117558693102033
0.8594574849480139,-0.5318139566396348
2.2471794606405764,2.7650472600354195
1.2252130612935042,-2.6318311028601307
-3.3043663974189403,0.8147386121650484
-1.0750624007325724,3.34743375169905
-3.222861297045019,1.0608458729460237
2.807665459694737,0.6468408080074105
-3.718959258661275,2.5085821185153123
3.0763907076231995,-2.8539600741417916
1.0222255336352009,-3.0443197723697706
-2.740610972163763,1.0648995875060836
1.0432761030935487,0.9801521337582682
2.6862460924420732,2.5969560144784354
-3.1241669632986966,-0.6223657111392839
-0.5912065728638457,3.0214935771330427
-1.3979463196424768,1.041643284949041
1.0902482416043624,2.6379693727871274
-1.5136908168797618,2.5620933272511652
0.9505022818168656,3.0030443272965943
-0.9369390201980964,-0.6477422379709136
3.230197442354575,-1.2500350477085493
-1.4499025775223882,2.7587206555517163
-0.9115155608184048,2.8862763168715233
2.8531425473402274,-3.5015758429309236
2.9417249640205685,-1.293604472171485
-3.22317856426243,-2.6484798139438905
3.300882763177765,1.381434457892424
-2.6685960163099613,-2.201058928865189
-2.8631627826550896,-1.1855507602332946
-1.0933028474152904,3.459301865733047
2.689231705266711,-2.7578976147821144
-3.1069429851496335,-2.8061430768699345
2.6997785298187824,1.0470660387736654
-2.9020546920446333,-2.461144173039899
-2.4927145718218275,-1.1963943864513085
2.5870615472899257,0.7674437421818583
2.644464750787375,0.4585475910373807
-1.1408330525087367,1.2408709708888914
1.4831131375511177,0.782754273565216
2.8391681915553226,-2.9906037032360087
0.4304424067223472,2.4249198348658974
-3.19184956414128,-1.1605752514787477
1.5086608454197574,0.7061846868275684
2.980561808946462,-0.5595068478661759
-2.731166281475688,-1.231246513245742
-3.008605511634751,3.5193020275216047
-0.5395985371917976,2.7174847658138073
3.308189996215202,-1.3657622370915519
0.8097014549029906,3.4135643151531996
1.0148700381940525,-2.8868309678419948
1.7908708435150413,-1.2301813963761217
-0.7252478175479926,-0.6977064436273531
0.820545086195095,-1.320643439396806
-2.631558142803106,-0.2776012842070508
0.7548347422061445,2.6334382183144167
-1.3469230373584558,2.551572894572964
0.5755707284422006,3.2098017411488726
-2.683798245228023,2.178240882854744
3.4263672863681474,1.3491993532637971
-1.1595847518940725,3.1341998225861962
-0.5222746380083976,1.0137000503004918
-1.0505272098897371,-0.7141871579839131
-1.1229757062247763,2.4916581411121683
1.222443502658933,-2.7573298884005046
2.6202035933816825,0.8023639864524597
-2.562971393154025,-0.8585472330098889
-1.309979946589709,0.8736786854495786
-2.4492332564858343,-0.6642128156499305
2.9275918456718917,2.4884091682160716
1.0385295329911561,3.2599005096720095
2.6867273658707087,-2.8111867822176886
-0.22393064127372742,-2.355774031427557
-0.3567410898129958,1.9925965346359926
1.1022005632151888,3.055397330707569
0.7449299418501847,-1.0972035581322093
-2.5536893392625273,-2.092231747422345
-0.3740160154594598,-1.4358707931059946
3.5356855279455566,-1.0748267031834364
-0.9653457581631042,-3.408132065510193
3.1092455614471173,2.528608951647113
2.1613127195134267,-1.6914049321178628
-2.3912218502660063,-0.7226318920350698
2.793550558714443,-2.5326427554659454
-2.4985727455198816,-3.221131218908536
-1.2489966025758246,-2.654479353161973
-2.7156878551021877,2.282975376810753
-2.899762147093563,3.01339333687837
2.381840067257833,-2.6191165593103034
-1.3671234795761784,0.5579251820589052
0.9597628315214897,-2.4859030855419157
2.3757270405036697,-1.3045202312320812
-0.4349872731988775,-1.3065370517469017
3.0027319557010146,2.564545914250727
-1.1191496542107966,1.3001416600395352
-0.8079502123268444,3.1448024540291613
-1.0836015053919124,2.533543248905437
1.1330658069215167,-1.4587814106997965
-3.050824919706281,3.01037151351404
-0.6312939873852927,1.0475366448649077
2.379334585113279,0.5485847714152041
3.4770587344804946,1.0806459130496844
0.8673806906309568,-0.5554830043342444
-2.615331578161399,1.3901232114597346
-1.1225271721025065,1.0230698262127638
3.280112264189677,-2.8726333001849165
-1.3747454776786294,2.6789663566270483
-2.9840757193386276,-0.7394615785770663
2.037229093094206,3.1582466643362106
0.9913708039990315,-2.958654651462491
3.0429378572618,1.9264565444795303
-0.3969081238378006,-0.4971787939567219
1.3761597187292893,-0.4148927747723582
2.746938824878177,0.7206275369984594
2.918522614541191,0.19472352731749132
0.41123835300337863,1.234000999452006
1.1610933143957103,0.9082181148709045
2.3237534333795304,2.9913909892873556
1.0742614782748308,2.620652239960144
0.8653505422081386,1.1191172275518313
0.9483028361042583,-3.643780950635478
1.3600719097762302,-2.4798553319079386
2.795332068864275,-0.9404829441183922
0.9666738125870673,-0.9622779876552501
0.6196680936600337,0.6775901639143673
1.4858889072046115,1.0350507955381902
0.9996237087492518,-0.8140645246153962
-0.2786723915021698,-2.4279759558778324
2.48906302064849,-0.8851858011442474
1.2796520805526945,0.959521953437001
2.532767193587892,1.2972597463821234
1.136805422567459,-3.404016982477798
-0.4956695154718139,-0.7873932365977011
-0.8691346917981161,-0.2436647152398596
-0.7324217796452799,-2.9581520928039327
1.3797374288895223,0.26893571892065243
1.085871023104421,-1.0399865673641229
1.053852764551033,2.0606564022350478
2.365075046277172,1.0824072675336955
1.4738162350021626,-1.277605913143308
1.1180022095720403,-3.5267632771570785
0.8677576548094901,1.00066918120926
-1.6984080707529017,-0.6247338815389117
-3.2741438784388284,2.8891507129927754
-2.832276019646454,-2.180315177613426
2.9762614426908582,-1.2029190029907753
-2.586441475298534,-2.101665442356276
0.9105034641312915,2.1307127808855286
-0.4323686752882231,1.0862709364348195
2.9510342603476527,1.8442269723427085
0.7779224027766625,-0.27549538673226315
-2.8047921683418813,2.6588107688842046
-3.5561655512513366,3.092878687082441
-0.7591010625324547,0.5084145456678268
3.0183667097833746,0.5562711893267559
2.55334917097414,-3.2466541314722526
-0.6202743581801518,-2.4027991156309616
-2.846299576340712,-2.7658450846549525
-3.009897240184762,-3.158788383214514
3.5761910012292524,-2.8559473184566446
2.7603213709210768,2.8343319902551705
2.607509430955801,0.9960383798745038
0.773342458196874,-0.8075055646962338
-2.4203129783002377,2.982609554168268
-2.8434760871817284,-0.3331788974910113
-3.028912027455244,2.8355910879079214
-2.4068533775622285,-0.569382281939986
1.0138478134203646,2.509766830348526
3.1751685162015657,-3.003272664790024
0.7257581055816908,3.1357562493631956
-2.4551508673032982,-0.644725935150293
2.571301602088663,-3.1450041323889915
-0.17714211151968265,-1.0708264127824205
-3.18710636182108,-1.4870042250425048
2.9302008619581104,1.046521798654127
0.6449373212563869,2.4000997397235007
2.8231493719226615,-0.8047872920218204
2.781895327628335,3.0394912466257513
-0.6120293704441255,-2.3408853482599596
0.5911017887949407,-1.3594300012064293
-3.061789440328941,-2.8548347113758834
-2.5485019641055113,-2.761885474870525
-1.1304805852307505,-3.269701511549685
0.9283780126088248,-0.8870762975470264
2.499338232617607,-0.4518804869896986
-2.771767305441294,1.6086578978086967
2.9896010750330677,1.4415451730833435
0.5929668975434081,0.6830229924027437
-2.4758313869412656,2.845220357384282
0.808289066470578,-0.8667324414351626
1.019561489851932,0.8294136642928587
0.7551872013120421,-1.2477672241958802
2.909619976558555,2.3768008044213773
-1.046387519141759,3.1348714755687492
2.916591095099951,-2.8927868134975374
0.9978839700180504,1.409656168636785
-3.2487235019310576,0.7964988278777119
1.2489569040831883,1.3697468997740616
1.273095035713867,-3.325859143984465
0.9650549684832243,-0.8406578951690289
1.1330018464524274,-0.829979865664864
0.7007849239507905,0.9746689002388523
1.4738801835001714,0.8359689756939774
0.23554732816625518,-1.1278949728494125
-0.7154056322277527,3.2003786965438787
-2.7462853979045225,-2.5076784788187765
-2.6708975796451426,0.6814291699354096
2.7072644960677965,0.9010285227981032
0.24775103666545506,-1.0318918326770632
2.7842457075102405,-3.197329753057056
0.7042633032438186,3.0848681396190285
-0.7798626569069217,-0.7052555905999832
-2.7152437990222653,3.262040898802748
-1.3522841278788535,-0.7049952503015802
-1.0891225438392458,2.440936578047999
3.115573387987122,-0.9751198798188895
1.57799370350027,-2.9504233959411574
2.668680244028906,-2.4096816316229024
-1.2234845155728442,2.387774520917055
2.7929568639599047,2.6738036650206243
-2.8780904665759026,-2.850806054280435
3.4624068773591894,-0.9554636471211271
0.6994681402631415,-2.5286779850446286
-2.667914059714681,1.141591996696373
0.7434763087690404,-1.1965571026922208
-3.005166477824065,2.9082156605121603
2.6753888256459106,1.2268563292439192
-2.1821480586670767,3.7340316846502444
3.090868218245446,-2.667103049342195
1.0066651702730098,-2.7313935623525905
3.080927936723699,-3.5269753849812093
-3.568230383194096,1.1635041643696444
-2.5790984073254943,3.1592571941480525
2.71761319398279,1.3408052569550508
1.2402311121326302,-3.0970478611840604
1.1282295448508215,-0.7628132327487892
1.1069626655403608,-2.5756123035615506
0.942603411543026,0.27901209714236813
0.6846311773260498,2.9498731637576325
-2.597326776258489,0.9998359984784668
3.239720097887328,-1.2539541169031085
0.8677060183299043,1.2153364514701335
-1.1927834183915957,2.7399861278473487
2.689915497348448,2.854511738271862
3.2627490861398027,-2.944806691536394
-2.822409201355636,1.3661911743771935
-0.8097729331094897,-1.038233021590949
3.1258397495121555,-3.122957230361029
1.9466065821752907,2.669787679998528
-1.2642852874015655,-1.215030960887163
3.2993526123473385,-2.545607216879905
-2.8883415733702202,2.8964438085427493
2.708561230087812,1.4532720092065423
2.9266691403951297,1.1951086152623283
-2.4333596986733137,-2.6853122820702144
0.6569943110208195,-3.122375253924573
-3.2487688383063715,2.890280896508176
2.3890556192221304,1.004021387168099
-2.851410159174521,-0.4603770546033587
3.16383237574479,-0.56667620780688
0.9968592761197497,1.1664740858281326
-0.8105826187813747,1.3768281351196812
-0.5175526141096897,-0.6565457781965459
3.481620942481716,0.21576411300909537
2.8782904388536794,-1.4169758317171695
-1.6438057772606902,2.6400562709274404
-1.1312218878226172,-2.448884207055409
-1.5778867771385625,2.784135063721321
3.1555948485126892,-0.9789616569567815
-0.931716057318557,-3.122317736532326
-0.12392015628840419,-0.745497908680414
2.8122624390684003,-1.535653188359687
-0.2569567214698201,3.0471873073702778
-1.1130071347591253,2.1393073941485827
-2.3962756299493027,-0.45832251593073126
0.694939185151185,-3.539308173981772
0.7122436467306855,2.976356435913587
-2.885449945708584,-0.667959091337171
-2.9334142840783604,-2.1657582490297065
-2.436957678661809,-2.3128649922804425
3.6215615849960847,2.4125813861696233
2.8804801432107117,1.097787609463531
0.6342617519441258,2.4221916325189197
-2.892517326908301,-1.0593867078726211
-2.555659085235974,1.0223502162500737
3.6614945665196243,-2.5231466025449905
-0.9588855160837951,-2.7447424319845224
-0.8587250176884121,0.7279557285603782
2.8754357669638386,0.652029737820196
3.091724602170118,-3.0903736741450385
-2.61854454946712,-0.7007760980409624
-2.9284630120344577,-0.5538711697739903
-1.582894235507948,2.9252544614217597
-3.1302626630689407,-0.8786052906024683
-1.4447104715762724,2.5876778305560224
-1.1613594275620422,-0.5176967075346262
-0.6308696570593836,-2.3336369584967214
0.591130700709963,-3.040272194835879
0.6234935545964333,1.1590985758798549
0.6093696264498176,1.017569451073135
-3.0182035880832947,-1.080467394777048
2.0441155286589505,-2.387872203333857
-1.2621499598202555,-3.1400814679707456
2.835677559439959,1.0342103147693935
-3.9139044010198503,1.2682845267298972
-1.633722484080118,3.0478668225864327
-3.3327100001354157,-0.9828744029805232
3.2569834098785173,2.6565660576084693
2.996830071109935,-1.9762102187800918
3.0150936432970377,-1.60455821417314
3.547945060542843,-1.0009534951953014
2.5370627127742114,2.0427077340123554
-2.944847962774402,1.3927927746449655
2.7970824090040654,-3.004691804847606
0.9200263478772233,1.7014003910319981
-2.869904516608714,-3.1764965987592078
1.1897885506195645,0.9694361279024383
-1.2849053988243022,2.1687903543112896
2.4296458965507113,0.7010111861568913
-3.4114959853593465,0.6342308955603354
-0.9715009545887314,2.640192524486917
-1.0864512486842965,2.337859955762588
-3.1011608616120117,-2.8947333106740074
-2.527493544641043,0.7906508823014659
-2.133355597092421,-3.0056677744695803
-1.129637556626065,-1.2423153965320526
0.012580566337814706,-2.3173546115410293
2.471721881307689,0.9004826402763264
-2.315714078311714,3.202186589392303
0.9429128430217745,-0.8094235137603447
2.4318812969143484,-3.2912604855308323
2.466762168626728,-1.1211284453763273
-0.4984100233126156,2.5944430556990414
-2.7397929354100063,-2.749171261254709
-2.098997591231534,0.8601256548658839
3.0535851344381233,1.290836021509233
0.9950094724129964,-3.2212045981149457
2.453625477148232,-0.7535556351882294
3.062115046810704,-0.8158661271590155
1.015013875700983,2.7632122625814497
1.1843581584977245,0.46914681136545566
1.3616017297972318,1.0924095748666725
2.8973943161111944,2.103025825768039
-3.452936499310529,-2.207995199060488
1.3769268205941618,-0.9749196855112588
3.002780647362137,-0.5372455118487456
0.7295968592809979,0.5975079680931081
-2.7826360786868887,-2.7405327789905205
-0.8152493239786305,0.9373928389139513
2.6078298915587945,3.21768706534793
2.8771712296993965,0.5722362442754819
-2.77142172867607,-0.2354750216951718
-1.09050574721724,0.5989404655759332
-2.4772318892119953,2.735651756500069
2.478677099343531,-3.3367649306557414
1.3789105504705952,-1.1960765219191007
0.9818187934808184,3.332871394974033
-1.152660690954758,1.5087926860753471
-1.9410437711065405,0.8570589408489809
1.6112199707702244,-0.7934485597947546
-1.0775390505067501,0.4903273067034154
2.3167065918669816,2.7503246079162142
-1.3997033884457457,1.0898544467952929
0.8841603042843327,1.1778672137703219
1.3349404596355725,-2.6557329814329464
2.5092980531248257,1.1439854771413411
-2.6648522896542266,-0.4494109389097008
-2.9029281306819295,0.9178129439612176
1.1886522762308085,-2.718783443846343
-2.579227241551947,-0.9888045144482882
0.6269529559075215,-1.1821728921612615
-1.6206309991309547,0.911963172052254
0.950446710593741,-2.916521006542758
0.947191263889301,-1.3163582529345998
2.654679037447606,3.580600725719023
2.3794128315434575,-1.3472204434456536
1.218235990942716,-3.331864264746255
-3.0425166057391153,1.2430623772544074
1.4474726562917914,-1.3420807104671528
0.9995965198832011,-0.07684949729730857
2.8242148359773935,-3.200789815462351
0.7659859056341289,-2.971902851172208
-2.4311058445811633,-3.448861312391523
0.48479708740050026,1.0326061745967963
0.885059377940411,-3.4118812716834763
1.381673554365255,-0.8627154183756504
-2.493450104980214,-2.27751702438138
-0.20144530034951155,-3.0994498705214273
3.1216005142343586,-2.308795083474111
-0.49930191575366795,1.6067739417936402
3.413503960594024,-2.9081822903329444
-0.5798238259766721,-3.312770646174394
-2.7409347253475453,-2.66816627053405
-2.533335035503223,-1.1316886614464332
3.77439645114434,-0.7285116146191091
2.704962559524123,-3.1643983407715983
-3.2597440882928406,1.2728167054819401
-2.5241612238078357,-0.9877271403581325
1.4962697644789817,1.1289651546338488
2.8798463348856314,-0.6846536763090506
-3.2248254515807604,1.5926059544877114
-0.5265327492221198,-2.848389050210753
-1.6228736500330496,2.3664951981914992
0.793496395314174,1.0814382295273395
3.252192559969436,0.8805268962975745
-3.135002844140991,0.6401523470541822
2.8145600497655185,-3.001414824681531
2.9322419908854696,-3.4353445168438856
-0.625592889215941,-0.5328137162154989
3.2733618430385145,-2.501384547658088
3.4908936894998126,-1.1309785325799084
-1.0798433468928654,1.8575432291898533
2.307440270863903,-2.808013995266181
2.674032720385219,-0.1488696881160788
1.1160526203731027,1.0437806817205135
2.791157225606604,2.508717616570619
0.9982649271539238,0.98723512343121
1.8492127636625482,1.0265394369937588
-1.8316201977054347,-2.4733244275991826
0.26388733561587246,2.2393967837703883
2.7958277559124434,-2.9718365601963086
3.3051831873237107,0.39020899027729966
-0.8084853381312161,2.765082418706949
3.633691082543614,2.1802387368553564
-2.712991875131112,1.1489206438791553
-0.6480207951936516,-2.630027094447799
-3.6095859087055278,3.4690645570963614
-2.5464046190392993,-2.4700049963493274
-2.2841103435017707,-3.1471895492934654
-0.8750600606616359,2.11700365430692
0.5840180959175494,2.9156025676260784
1.0523162065732552,-2.825631728839544
-1.5258357889181484,-2.992057731106904
-2.7813497265052707,-0.9383706053177722
-2.665808346563742,3.3820508240589446
1.128526432482244,-2.730613046308766
-1.1952213365323507,0.6503305333437613
-0.9056884056859291,-2.6234166459417767
-3.4222279981776764,0.42512220174195164
1.1858102950283451,0.7409518772246697
0.6203570302481666,3.127655827080194
3.9289003402707765,-1.0608754824666906
0.7099223887426773,2.7742931033541782
-0.3716793386675124,-0.4445532602514118
0.5714158051674808,2.817831597911274
-0.859748667693288,1.2732076939216874
0.6555620686864269,-3.108136671152532
1.4008364287098145,-1.2969421189717423
0.7761693054260211,0.7801518301791155
-0.7096968317810677,2.8461487479046923
3.583246785100677,-0.8193640400666806
3.5208800466013392,-2.7968094989182584
-1.6010562992417463,2.8323320542168946
-2.5593930764847785,2.5659797355718825
0.8291081722611721,3.259581000867035
-2.559583539426007,0.9797348205661186
1.0570029267759637,2.397869898608535
2.81938391293207,-2.046768209524584
-0.30526993800850066,1.3864082592393405
2.8982264374845266,-2.8677381712165215
-2.580656992907166,-2.4331324608932405
-1.2778829861395349,-2.085543339250758
-0.9310579068352377,1.3018456684992548
1.0914487791954246,1.24460220227004
-1.1419565363418025,-2.8837047322951275
1.2623164006656737,-2.8196605440096727
-2.588061547378224,1.051085702800769
-3.2984121659441765,-0.8754192081978122
-2.464988720731108,-1.2018900701345876
3.158993074301651,-2.3524930820799956
2.608541700713949,0.9400838565817649
-2.414452218158112,-2.820865054895983
-2.8793551662456505,-0.9434399956307501
-1.620566768934983,-2.361459882839831
2.9395423033016117,-1.4082029671220846
2.286074137376851,1.2309511268060314
-0.8661342167343413,-3.1304190448267564
2.670018600698897,3.071429862016846
-1.3366261712766687,0.6800742657529458
2.8408446042558726,-3.5628553199881465
0.537133715921187,-2.827451479615789
1.0173956055542246,-3.232657059853052
-1.0047957628316422,2.9834270430769205
2.3476073159546753,0.7024804612216938
0.09268235449359279,-0.14172221902885515
-1.216348983973885,2.487621990232992
1.4005940896149744,2.968322306160772
2.4837746033315113,-2.6002519273373923
-1.5324204875228058,-2.770292226439341
3.2957463608028905,2.497819820298577
-1.5754174994464143,3.0278950633165356
2.952510767976241,-1.4087243474162374
-0.8386138946707352,2.998912101170103
3.3842323479879792,-2.930885737685924
-1.3774746517634204,1.2806728214862237
1.6647343563846626,-1.45221166592375
2.3251531153773026,0.4547973842858903
-2.542822324216578,-0.9942503523032042
1.1621004934724837,-3.044152260656901
-2.20277644786816,-2.6479015432365136
3.366632186253647,-1.3354368619290045
-2.5085205941695743,0.35619450997188373
-0.2862249181083689,-2.57097648932227
-2.790536894824544,-0.8974877599521179
2.926387652522325,1.133574973777161
-0.6674669736016343,-0.9658384165572698
1.1826479532562544,-0.8527198522230455
-0.7022840645190768,-0.6193326833204267
-0.8573122194615063,-0.5567778717501254
1.06305507990591,-1.0409275380183811
-1.4280510306660419,3.1150495875690667
2.992587367909818,-2.913379871239039
-0.921171713614626,0.4547556758407109
-3.0697249707792724,1.461030477417283
0.5704068358896411,1.9793663946062559
0.40185465423633754,3.735198844940853
-1.738112181931649,-2.851723949692047
-3.2250378986029005,3.469629009507874
-0.4437391068656974,-2.1585176700797013
-0.966956875761821,-1.3685996807597185
3.527260404546012,-1.0176529989474126
-1.00942825089119,-3.235572693360447
-2.6128275252774036,3.359620360045217
-2.4827866038475968,-2.2623748109232493
0.5597053795015272,1.0037778289098105
0.610767530914468,0.34875274776616766
2.8414854227130673,-1.3086068819290033
0.8338614572586791,3.124522521618334
0.8095480924935924,-0.35873896924235077
-1.8916012098084842,0.8290403019549453
-1.2379043011659363,3.007900704977375
-2.99068329345509,3.090118024510351
2.074323639015612,-1.0056816852853105
2.8712762301562025,1.5992446902637014
-2.8264826371465026,3.1074441621344806
2.262752601512966,2.245993318255842
1.345359931272449,2.809917154376978
-2.3570964777383296,0.9696885704080077
-0.6476648127458287,2.170585690798638
-1.3021008851980667,-0.902197208246525
-0.6613842230012007,-0.6400932176018878
0.8696506304165028,-2.626449334443839
-0.29314101765956946,-0.9493940102759093
2.7918795699411736,-0.4862771484973283
-3.3274976567975205,0.9063075478687637
-0.8868035480811839,-0.5799196655192874
0.8594294411127766,0.7261741498154194
-0.5556606738838742,-0.6072362483412083
-3.332204474647263,2.7181596344342487
1.3383210539369235,-0.7400543823155589
-1.8253443890942096,2.9936070956002663
-2.491812106811672,-1.6970292616804996
-2.959758703493459,0.6927109646948073
-1.2288039064847007,-0.5582807058505607
-1.0383170522208058,-3.170090843154309
2.645895580954075,-0.9813931407128669
3.063986795347139,-3.670456595762299
-0.4959082378311433,2.666633068104187
2.4897297067773607,2.518466329004615
-3.4815668823122015,2.3113651383869542
1.060323577134595,0.8943627554442147
0.2873749221890561,1.063385942931232
0.7717547065480398,1.02980925596083
3.9791401132210056,0.5638384402290078
0.18005582675065457,0.967590980244693
-3.0103584922765423,0.7892064706594701
3.137688565355363,2.62428721035513
2.7259165096140006,-1.060448928024944
1.0654145742812928,2.440179379397672
2.7886434870578665,-1.172235210415042
1.2727877741578952,0.7303491332861181
-0.7600580203369552,-0.6664979594650051
-1.0570878741661696,-0.6935755556147756
3.3323953531308863,2.6399348715887774
2.6081121847295328,3.1259946316509164
-0.9975202462020031,-0.363159234388575
-2.8874494795587435,-1.0180696708143473
0.8159411727468688,-0.8720852211475022
-1.083193573405008,0.4810719435730062
0.3440661698497822,2.908000899646661
0.672932392349578,-2.432310536169057
1.9297707497083838,-2.5082676084212916
1.579051408763602,-0.5190549439738789
-0.5165850277425734,2.9651083566167866
2.798403203821317,-0.33642696460845983
-1.5404059145460536,-3.118220306192558
2.607233169550442,0.5870554755911545
2.6775382556158047,-2.747045178469505
-2.924230379971037,3.118223700321899
2.227039578458131,-3.0278788629835023
1.5642888197298845,0.16945189796435706
2.9271897399534432,1.465807095172219
2.9717083547414194,-0.8373830455967194
3.5150910067835195,0.5506481338761893
2.1199684846795455,0.5643258688549478
0.8928398993588929,-1.0754840644491999
-2.873160127783194,-0.7921517033522455
0.6676649724889968,-2.7506052503868346
2.9209966182279583,0.779150710406707
-0.7553803014450101,1.5570693551898898
1.4162460577429972,0.877899683511354
2.7436957273012497,2.931922282271602
0.9859301742796257,-0.7772466109543897
-3.2935747083590687,-0.449085262955404
-2.2353577504951745,3.114103587665904
-3.0796784235121435,-0.5434190430357069
-0.6397117417903425,0.44525490624340114
2.4621959239920246,-0.6452656090703294
-0.6843371877422677,-0.9296636492952456
2.563853665769647,2.746397516931459
1.4641029320135923,0.8311791759760713
2.7604560924462307,-2.9574808909636703
1.3411952930092048,0.9836268484479386
1.2518687282115406,-0.2157650585263942
0.9028661491394895,-3.403432838691452
-0.9467890793012235,1.168505593961738
-0.0911494463756414,-1.0301782865636149
1.0174746581724763,3.1166153247002093
-0.9646005657351504,0.06466383500274131
2.834661926446478,2.8132386901509343
-0.745628249081157,1.5026437621640334
-2.3464224478589832,-1.0866770240419539
0.8591881164723112,-2.6414720493428203
0.7276191745584878,-0.9367504271979562
2.6543584640832587,3.167879395894707
-2.930740151818684,-1.185299662856961
-2.2041464909750634,-1.1207339623238946
-1.2512517747782672,0.9271860055312225
-2.1176096293622506,-2.261920056093132
-2.9493973520429604,-1.3958952905021609
-2.363072419231048,-2.842976267065062
0.9894119956460627,-2.705157277542916
-1.2511741095467315,-1.2957657782188619
-0.5448539839954857,2.8505660887285487
1.4176465223116104,-0.8867877458433919
2.3404301587552556,2.6090093942049664
-3.0302942239577484,3.13366686921107
-1.855530894733957,1.57947356263767
-2.731536333166263,-3.2086589414745323
2.452236285872296,-3.0483650981672312
-2.5058115467950954,-2.8230046528983377
0.4600533522551491,2.746874690060816
2.5490469418247224,1.9542471045823784
-2.4661706706037454,-3.2108347969794298
-0.23681596751416123,-0.8316794814515224
0.8146369208417116,3.0617385126319134
2.7740372604384698,2.8442693219627047
-0.7912098027298077,-3.4057159628622453
-0.8456241561924824,1.722990883445597
2.841077394797292,0.6615117353989413
-2.2411075477272218,-3.1102432107565776
2.8001155208198343,2.3738377049610855
0.5321847741161646,3.128640337923228
1.2547800854230424,-1.349794257213596
0.9381523810991634,1.001961868925482
-0.689007485264137,3.0041921691053703
1.2478087618506128,2.4415160423950826
-0.9714306554324471,3.0807648792834845
-2.6258264299278613,-0.7840261743392969
-2.7805903928998292,-0.3400097011374645
1.0267370227081483,-1.3529648744129508
-2.928543055633507,-0.971731782322252
2.2791196682972794,0.9481521562697812
-1.1940469391386013,-2.8313572327054017
-0.7059091473074929,3.204125204878541
-0.4908750954722919,1.3124428675001307
0.9171702453035595,2.4195990997522236
2.3323995497753365,-3.1045702531534194
3.097654475703982,-1.510413863566002
0.6087474562749902,2.617868937168234
0.9398013078025095,-3.293968247645349
-1.0236908621076637,0.958787767217909
2.540279996433979,-0.8010839346531793
1.4372392759096906,-2.3178510783855515
0.5931520662598101,1.0812518453975448
-0.6220899277416151,1.195047826888527
-0.9811307357141693,-1.6480237219479672
-2.711354857008071,-2.491280481938017
-2.7918165579343577,2.840610410432262
-2.8607275668883125,2.7525198377607283
1.2706931488313018,-0.702971919439667
1.257306410138851,0.6917836493273182
-2.8405379704288682,2.595505746816601
-1.0837022150013653,2.519149731284536
0.8074946735304388,0.6504637554499854
-2.3719994245901597,-1.2348775757111268
2.376903607010671,2.052002565603536
-2.3554166113360018,1.1141210227161031
-1.210855827230591,-1.1588886707361834
2.957178365052235,-2.8410535610843013
0.5473483314070914,0.8064048670549098
-3.41865572586185,0.0187606488672014
-0.9273751438306346,-1.3772998736525646
3.435829638858992,2.382967522178651
-0.8794089991126289,-2.108630810054764
-2.553581459148155,-1.4321250636813576
0.7888313841072647,-0.9205483318390446
0.9130103480610123,-0.9597831524921012
-0.9675426957721444,-2.061461223839747
-1.7889059715590818,2.3166104769142546
-2.5915321517751932,2.2940259131987513
-1.0864603757657552,2.0159670283481494
-2.2256133434082934,-3.2210158781999434
1.5932588421985667,-0.908427722938021
3.0699477878116284,-2.467258020332911
0.8705606119327977,2.3138815902895624
-0.6380562684308368,-0.7423111626061738
3.06430078979308,-1.3886216877079804
0.3724126113688709,1.7469255465563958
1.3805730642837641,2.2938060690140976
-0.8798323161181796,2.6835543465660607
-2.620675909479394,-1.1737682060914767
1.7292781339607879,2.689652492537361
-0.7840649539411431,-0.974637341191128
0.8717876197316244,-3.402564696749754
3.614166260696265,3.232169197833167
-0.7156797530635938,-3.261357385123884
0.8611443052871063,-0.8663017107281566
0.9501663766478012,-3.1606981704229624
0.906944547349947,0.8600776734484097
-2.6862553668417477,-0.2483696467248861
-2.9717155588858843,1.6321660113807952
-2.7654197376401686,-0.895296011079861
1.1545713417158805,-1.0643871962456506
-1.32820279606515,-1.119937532042593
-2.916410242607794,-2.533076204462722
-1.308546081845451,-1.2094534414362939
3.1114224684879335,-2.4748089908406077
-2.732796119673001,-3.668306372970506
-2.319059795727454,1.0572316482928625
3.4643466963410017,-2.3072562057726254
-2.5218527713080507,-1.4336556719377351
-3.194413942993963,2.806812279629442
-3.058671461116645,-2.559982006277977
3.4283146297329057,-3.0089465016758514
2.4387544277122877,3.049413212413159
-2.42319897553371,0.9636876284917614
-1.5971873989045065,1.2115841680507415
1.188494552841939,2.6210774352673183
0.7404311302382177,-3.229527638512071
1.542150304410555,-1.447356513592929
2.1417425074288725,-3.1343204349269693
-1.748614773658409,1.4364655733240248
-0.8831394165068737,-3.0712051926485637
3.228139154649966,1.3091913856997408
2.2792784031458746,2.707962778288378
-2.3298944919620936,3.064863601983969
-2.5377796134086,-3.034529047968895
1.3710916657690584,3.016259640832048
-1.572977234435628,1.0122515959906038
3.2640147889447686,-1.1345123878513
2.535004122902579,2.273932692569414
-0.7633569903252714,2.945103458219921
-2.1912050627955613,-2.8681524136287497
1.1782130132407147,2.694607566139533
2.7399535715791377,-2.173912900241328
2.7359176284676274,2.8254011116490276
2.2724781061942028,2.9452732817167755
-0.948109677839188,1.3632002432483432
-0.980336516456089,-0.7073983660609952
-2.3852395248305487,3.0226772363335215
-0.4661264253835905,-0.5804784218369259
2.0056267136472963,2.2666557444526148
-3.0193081804152273,-0.4093730275189187
-0.9542960285768975,-0.8053724538394511
3.01890049763585,-0.4309048765064887
2.281363244513027,-2.9459329252067117
-2.404604999043182,-3.0143959447074695
2.8906165053947346,-2.78690818728728
0.9857052067124383,-3.4125615369107662
-2.2943022640689175,2.9618547916472036
-1.5390845474122823,0.9090343938342597
-2.2458732651738407,-1.122352014233089
0.5007299485733135,2.7708772365591514
2.8207814195315617,3.0788081078176814
-1.4837873542118574,-1.01782586499977
-2.5741645699071767,1.5229634577931894
2.2589587709942203,0.17994707051614747
1.1771726875230737,-1.192431740076155
-2.490001235664171,3.245798322519317
-3.235519064844453,-2.2938161420037493
2.909331065941841,2.289202931245441
-1.4682710276062652,-0.14422248783722222
-2.138651549292293,-1.1153781412050594
-3.0981038112060846,0.7493460142046312
-1.1961822558347688,2.3833585746264276
2.6576624076220883,2.50341583651586
3.1473702573261217,1.194970303759316
3.030984298192206,-1.6242098526967206
-1.4859522685296611,1.3432136190923325
2.519471848015892,1.9999665755519618
0.6727024508048512,0.29135751121123
2.837169542218738,-1.0304171619069735
-0.9918199285132389,-1.1763683309057473
3.3653980534218837,0.8747689531011609
1.6606654475037137,-2.6386661571562944
-1.019517901973269,0.06986095090837945
1.3435103107590511,-2.6172818548842485
0.7257414834878569,-3.2685141161139866
1.0901141916086943,1.1489543472922994
-3.3205194794553745,1.4462121394838257
2.9872842090601894,0.7720207036949255
1.4477222225789872,0.5130289849325554
-0.9444923961219603,1.6681460176575909
-0.730001898100666,-2.6588283448843777
-0.36661869398465635,-1.0852075670500272
-3.2184416877802158,2.585455732406098
-2.368850438932116,1.4158626563710157
-2.180528313171758,-2.8321558468858594
2.674825009882248,1.0168930528992113
-0.7254134293929732,-2.5565696751250124
0.633748550522129,3.4201145055730526
1.6195750498045163,-0.12239291847050522
-0.7222530295048232,1.1289890059636953
3.189383911143302,-2.7755939694262857
1.0219382050271377,-3.297159148361838
-2.884931717914346,1.030247882264899
-2.7356775121751316,-2.951288205906688
0.08617136951371959,2.7727700049821484
-3.1838005328940637,-2.9053773129242324
1.0114143741950568,0.6637358211275783
0.7113137380775687,1.0361759415602474
-1.122110064349092,-0.8906065407544383
-0.9875583625997976,-0.6553001916875971
-1.9776559226643053,-2.392005027194761
3.342363750202395,-0.8722967249684275
2.8740659066458454,0.9159739716511074
2.9594502467577857,2.3736213458047817
1.164693201594987,3.131805449483715
3.279956646326618,-0.3644887438719577
-0.4668156404699514,1.1124010692391784
2.3511731155009667,0.15856739693885732
-0.7302875772180139,-2.595137373843966
0.9220540973294404,-2.419257898517917
1.222977774514861,-1.2069790269029548
0.48465608601744326,2.5728311859991013
-1.3205779165663087,2.3929958675197636
1.0633753154487544,1.1572791288729032
2.4993286577604223,0.724805735442746
-3.238372944315562,2.354958848963547
3.1137195080302367,1.1863945108811498
2.371688728254735,2.055766569821884
2.599581804493811,0.607725136738136
-3.2477770961838806,2.870145011495033
3.0197738172691087,-3.0467314577349542
0.8110955590234625,0.2927570408221732
1.2066559105051837,-2.6793752581464396
3.631100056377148,-2.994739826633063
-3.4260996030837876,1.6556938312536003
3.1046150787288322,-1.0236721161629765
2.8974016505650915,-0.8962329878523904
-2.622115183587922,0.8915194071879693
2.8655562527781875,-0.08026860604611685
0.7429232149790591,-3.2687348453536242
0.6701580846793608,2.7389641982360375
-3.0649307868240068,-2.523029628746545
0.680465866966217,0.5918216978775199
-1.713609008723429,-2.4321958206682557
0.9059337796810033,2.287773073281254
-0.8396012333966172,1.2618905567482965
-0.5957296263830305,0.9618999866604133
0.7526019561190903,-3.0809594384692023
0.774132544829351,-0.8510049586443765
-0.8503947583515332,1.3449947373382605
0.6371971831145458,-3.2238490282690933
-0.9990891209085918,0.4488201344238038
2.85252841452413,2.03749849570147
-1.3138056049515807,-2.079464088433712
2.949495105148323,2.51914658483829
-0.7534418831058559,-0.565171771260463
-0.7221873324463027,-2.8560771421272895
0.6608387297827664,2.7635618366828045
-2.5733267766056196,0.46083867488610814
-3.1044105778015174,2.871202786353949
0.8644980393511007,-2.4377915060056603
0.9476344442517505,2.2159667492189374
-2.7077422751791214,2.6236102745246734
-1.9685869358307724,-0.704243844563607
-1.0527777374506662,-0.7586171500448751
-2.0618018043419957,0.6243305708231529
2.7847179683019343,-0.6488681355828645
-2.730032463635978,1.1458440394006213
1.4498591140652293,-2.8968107643588783
3.087311744265968,2.9509724646666573
1.1126839723826234,-2.9264950208124927
-2.689906490071234,2.851706168037143
2.8438389609850123,-0.39162328786492295
3.063471190020847,-2.844637355176499
3.1521121975917255,-2.821070550117669
1.0213147864835244,2.9393564043535756
2.792609056146807,-1.9030542428980937
0.41769907787106836,0.300310724645747
2.890573688658117,3.115398467542229
-0.9805316699608778,-3.2722041926887475
1.0347306341111329,0.8845368164693772
0.708462831948548,-0.8799004889287543
-2.045839129319347,-1.258714455114072
0.9011099763325514,-3.5333718124302473
-2.7729064711804816,0.9630788164161986
0.2853399989430379,3.054388607621658
-1.0234593844363855,-0.4346655700040478
0.8156909643354212,0.8324016985487751
-2.523902088495802,-0.6842508047019363
1.0270555743423007,-2.7502147251575053
-0.9161805867355854,-1.248822158195858
-0.8230187362731467,-0.6060234965732467
2.651138900336233,-1.4541628464589427
2.6527343875191405,-0.7279977270829292
0.15376592695558122,-0.9709755924929906
2.0607422968647526,-0.9675189742783066
-0.4232673427243575,-2.9074949438791466
1.228230116320764,2.899322488493629
-2.5096943555721047,-0.7673924881321799
2.3142560030423143,-3.4891975327568265
-2.5749185817639475,3.258968120392626
2.751567799441428,1.3701408661356795
-1.8479274893845032,2.5976055774584474
-2.3343763076762634,2.5273674264016255
0.8516218675317389,-1.0497301317990935
0.405790619500469,0.5010626576466191
-2.552566073853545,-2.0009198188116253
1.9433073547064215,2.3613345464566358
1.1592647941536347,-2.5107292697764163
-2.3586164689572353,2.5899662288540966
2.8350380325058393,-0.6765147233275958
-2.5329285340511807,2.986759060857018
3.270540425412142,-2.6983502195057856
2.500304615594117,1.6032560420376099
3.0847193860134263,2.212545484797209
2.6706906254933265,-2.795310973844158
-1.2192098100924231,2.3544195303726565
2.1072247850097563,2.3797020954503605
-1.353255140872508,-2.7104171891826625
-2.76015190427482,-0.7899988373511556
-3.2767543964798382,3.432060343385795
0.060681037673924666,-0.8793462404264596
0.385541228773181,3.025518744604752
-2.893346902617484,1.068935752951262
0.4275695236451052,1.3004271571744965
1.055499764152967,-1.5506362339851052
-0.8656691703536361,0.9982496657808523
3.31608106386252,-0.8820459022029267
2.930893925771653,2.5703147991922237
2.420259395636863,0.5448547165867186
2.9386602452846975,-3.0394461034596727
0.8031851584537741,1.0026282338590007
-0.8486107862666246,-2.645333737943593
3.0507156851552857,0.7037129128098191
-2.8694500634237694,3.180881270306408
0.8959618077133016,2.3416217147740186
2.46062701501788,-3.5147549582300806
-2.91401087312107,2.9767861386918173
1.1690472323361079,-1.2147584584990374
-0.3701429947417105,-2.6522442269692856
3.879640672400069,-3.117258043538344
2.4723115050467377,2.6701302435439076
1.2341792049251483,1.207235199139778
-2.867872963727641,-1.5715910340182273
1.3807864819253832,2.4680292886383297
1.1384468449281804,2.444651193893784
-3.0018673384964782,-2.114299813749892
0.10906303786031879,3.338770419815014
3.1697476924340444,-0.9054163620763609
-3.1100239901594957,0.6067779769076237
2.7524784447784967,3.245018265274265
-0.5524713543372111,1.764122380446921
-0.6525570028741752,1.3186088127326008
1.0593624670153494,-2.81989392045993
1.7493103178666718,-3.0172010693531823
-2.9499588163798816,1.7695705507082842
2.934194379167338,2.4781957301969406
-1.5671497485694152,-0.49004169719577556
2.8624100760819373,-3.3470151140168483
3.014861999508325,1.090918100579439
0.52579066579927,0.6920675962729735
1.1731061917705559,-0.48936387708903734
-0.7888454236230581,3.2577410024341975
1.0033569410962422,1.2708403322841761
-3.0119370830756154,0.7290959422544492
1.2168963786170555,2.0213494685957474
-3.2634139359707706,-1.9972633194524827
-2.4076532516532914,2.896015340315159
3.1637430023833124,-3.2064961817413837
-0.5734376458771739,3.1025202513449033
3.2106224696100156,-0.35906776035467675
3.3545341561119693,-2.9427136587923917
3.091831990572109,1.0581485262561137
-0.8783941002364978,-2.726673341995516
0.954368839345488,1.0391597982008796
2.5049900260251543,-2.4969999574303983
-0.707225578494453,-3.6170033791201504
0.9234976168040132,-2.541494533993016
-0.8575165190777161,2.6228286201695337
-3.032075124544978,2.354903689378968
3.524329455578354,1.2782477955334006
2.599928729959422,1.2308937481910263
-0.8402693477228526,0.719268058936706
-3.2187417445935766,1.3966696728206938
-2.6074911091419737,-0.15789084482571605
-1.4431399290260525,2.5133283628373118
-2.7837718603044896,-0.9998113908824792
1.6282271941635738,1.4302492431455116
1.1897385382365233,0.03165156191799764
-1.0430403632552605,-1.130362834300085
-0.8606936653244532,-1.0272800328873617
-2.60760848390773,-0.007735100457999973
-0.6432365824878642,2.5612664585337512
2.6846014286411064,-2.46534128364741
-2.590349451748429,1.3756718351813333
-3.102380159094026,-0.767124152336451
-2.8463142666043026,1.1525667836832927
0.8074164280235299,-0.9828025147556848
1.1958919098534053,-0.830260120193199
3.185086102287705,-1.402073358441546
2.3613485883330987,3.0116356490764438
-0.7906074591720508,-1.2959107324074919
1.3305789138584392,-0.9760543199820481
2.9188233139429234,-2.952905049219203
2.5894180141846177,-1.5228638111597257
2.8023567569108185,1.4217830588817038
2.9775732024134354,-2.9697183165399106
3.21599012517276,1.090399434647097
1.07608848425897,1.2629186947931716
-1.0330423524077348,2.543653139368984
-3.021195662318586,2.3918781457151574
1.006989564021256,3.063542537428747
2.730316364247851,-1.2172379640029045
0.5133796226050621,1.1175157042323063
2.474170478232303,1.7262959553970734
2.7420714876624688,-1.1123838195981819
-0.6908430798654234,3.2068885902282727
1.2934984207195224,2.428890185909552
-0.7878123601665307,2.5358699967145215
2.645075797264577,2.485693695443069
-2.5939531634591253,-0.6964832540857979
-2.025429748557324,-2.4317154169789403
-3.283250908334688,2.136912821617996
3.7008098889679384,-1.3496965543253958
0.5168926356189967,-1.3746199665658994
-2.3029683178903047,-2.394551977796913
-0.893081505251089,-0.8354029640415443
-1.043667284011145,2.946323713246302
-0.5216814393178058,1.132172505969594
1.1631179846045887,2.4947995592357937
0.6959666166487128,2.774705839923864
-2.921567016960958,-2.9198657516855575
0.8453031021800694,-1.0402235502271744
-2.85124498585016,-0.17493786963930316
-0.6344472682275594,-3.420091202215498
-1.0813932886927855,-1.3587143738600425
1.1569830551105043,-3.279319312656355
-1.3084606980096776,1.275767066559571
-2.7574357631269564,2.5158705288402587
-0.773287423088506,-2.01253916444532
-2.672075635515518,-0.5066030589430112
1.0632497742556568,3.278385806263641
0.6215323039868136,-3.1061397184287456
0.6620937666671236,0.341030968049009
-0.7789610323986829,3.3567875298029195
3.1002867848551876,1.245983145337224
-1.344906646358592,-1.4966891899822443
1.282632174208744,-0.6827865598015663
-1.2265951749356985,2.3882175864106405
-3.103078731280837,3.3593674621895944
2.909484115575608,2.2462372963445536
1.0094750626264886,2.7466431836221266
-0.07546282764632192,2.4304324845284038
3.122012787672813,-0.45646914563516416
0.4995980465884447,0.2062879305382593
-3.128191301311705,2.7893074329826066
3.1749374063790166,-3.397781850692945
1.0135298452277988,0.8689788545539022
-2.6491159535948143,3.344935943316768
-3.110739592300391,3.1284685796665683
-1.8317896164470073,2.9152842669714203
1.7754726799418887,-2.8838261747659772
-1.694684946784778,1.560513627828843
-0.14528652017409444,-2.1389776740544653
-1.551950908530495,-1.1932542952531846
-2.148137807381234,-2.376836730854397
-2.725216141640567,-2.715531810956119
-1.1785156606507516,-0.9352243881331666
2.467609721709257,-0.7851436552194997
-1.1829974673724257,2.585785367439464
2.8853609145261228,2.5896881724362704
0.36225679238536407,-0.9988716035609135
2.581611942305295,-0.7444415543699653
3.1857721357728774,0.66369912849518
-0.5098842851962703,-2.413184274615627
-2.687194565105083,-3.2722824284020016
0.7558765501852424,-1.7712384619296941
-2.6347244855144054,-2.085568207939796
-0.6542904731844612,-3.6040972580687933
0.5825206467907942,-2.58852476414889
-0.9957821712931643,1.201608038924305
-3.328417550529386,2.9432724921556006
-0.7111830177737491,2.7751585902219897
0.44033530715356484,2.2508178970073605
-2.844837678325553,-0.4394736315344472
0.7836733470603101,2.654563806281015
0.06881603729593194,1.2213577608607948
3.198015141910314,-3.191577632429345
-0.9981061933379932,1.4113031500347442
3.0755114096253378,-1.0606266136220974
3.093321163784253,-2.9506876712861803
1.2036230274225428,-2.4081723361804697
-1.3716791949002587,1.093080379205568
-3.33088043135746,2.8917001486167617
-0.6510585917219082,-1.0425646857451178
2.757137724142621,0.8982682296700399
-2.33284469941137,1.3450364080754902
2.818647964617638,-2.5975844067840455
2.496007569856342,2.746645467709758
-1.1655665525740238,2.8645072509439045
-1.5419350629361088,-2.9637944181368323
3.297110457483799,-2.842620481040374
-0.8994774577364765,1.3004319119920429
-2.1782092304139833,3.0185593803488744
2.825708201665374,0.9946088245025179
-2.7992159519797926,1.1232250528301955
-2.7704172149738526,1.5058384147961563
-1.3215099903473468,-1.1680503255702976
-2.731152287300253,1.7335010911453361
-2.4070117224891883,0.4745413389268378
1.1981896025095502,-1.136048952010769
-1.2722451311635665,-1.0925568159105068
-1.0298973769592463,-3.1851762413579605
0.49287941128181634,1.073154157777606
3.367697449189605,2.9166306522625893
2.7530070425853284,-2.166459918513547
1.693619621459166,2.3092977588660273
-1.050155168862333,3.1604443255868695
2.920869568497161,-3.304975741775357
2.696208810358568,-0.6223092824184476
-1.408295963418993,-3.019802610074066
1.0275475697045062,-0.6504863659229007
3.247896012242706,-1.2242779954649134
2.962905964511324,-2.9536479050124123
1.0173164006269844,-2.7319105153372227
1.2002656821795579,2.7125344141865315
3.7887453193393092,1.1225114663375277
-0.9144205401435441,0.7781927606071363
1.4110086508402178,-0.645129320702422
-1.4597851329633653,-3.1354429571705014
1.3136044610918156,2.453102287886796
-1.2342202429163494,3.041547848170055
-0.5509149428280707,1.1937258209114494
2.8411405896873987,-2.862487738852626
3.8491146043190603,-2.885199296146775
0.9204384613727131,-2.4408516098561757
1.6994305801459122,2.7698672854616144
-0.24858169760064605,-2.6357855889337443
-0.8144447764505611,-3.0259659841675592
0.6650134874825377,-2.7192406480468074
0.955742124095819,-2.6452821372250277
2.965584802656615,-1.5644952364225688
2.978741481237844,2.93407410748967
2.707757107924077,1.1504597265680512
3.4148496614955124,-2.4406355595106914
-0.7520695946295063,-2.8380765377439237
-0.8741399329041891,1.5303412085925938
-3.1492257570175455,1.468727177750974
-2.202649951250184,3.05299802779137
-2.6435236109574047,0.7416313320539347
3.0358101601272947,2.3961488624702594
-0.5834817589564529,-2.1740206311578634
0.7115914163987329,-3.455672701981646
3.3467954004695666,1.1021920294563676
0.7334645415287937,-2.650787581789388
-0.7293629133896028,-3.1961489108345082
2.301868220392373,1.8704981839724657
-2.7692647532644514,3.190849673790496
-1.0443315304971728,1.2060062368053284
-2.662843577211818,2.5942256007341116
-0.8349100784244643,2.455766915014295
-2.4846849427561706,-0.8351200418049782
-2.8504506742424915,-1.1469354335394895
-2.6806662258380696,-0.8144336713064785
-0.9195425681122926,2.340253656502475
-2.647178128151627,2.701602318273304
-2.533502672046192,-1.0516139713854749
-0.498874067763386,-2.7242485877672147
2.6777681274306917,2.468935736442479
-1.3274035658988719,-2.6471020078130065
3.0002295953872804,-3.04557365956863
-3.2047946441043695,-2.815675586569191
-2.0165284032085298,0.5549906738710252
1.858092046262716,2.877602452073879
-2.625684799118575,-2.537093142372639
2.628118523775151,2.9277452512668214
2.3930582012710837,1.0717949529153947
2.5130931270107286,0.33935604967556887
-1.4615786385986311,3.1343260756871794
1.4263941024840276,-2.8396264136594476
0.25904858830318866,1.0314522175675487
-1.2613034279598858,0.9084222873170122
-0.7680245024547563,3.057287012889266
-2.6744385191571167,2.5512090574729105
2.712082573930083,0.37142836847882316
-2.8989046510954593,-0.053870813766432754
1.2786277131636097,-2.812442673563607
-3.389781405195639,1.4094880300688903
3.3009389977808294,3.3496562812710233
2.6581583201069865,0.7295217697947196
2.339250371942565,2.4379169138917787
-3.095833753234389,2.525889427157987
4.021042516796365,-0.6098898524724009
1.072188222204486,1.400285459612154
-2.8034888236813478,0.6816279568256578
-2.80519827825589,-2.868399490693162
0.6134168699305955,-3.1585471264638825
-3.4605194998896547,-0.22528637920731004
0.6716847614803618,-2.9162660508091762
1.1586919726822706,-1.0871555224059704
2.838832869985603,-2.5481281548698336
-1.2951092430867486,-0.8442287312183622
2.9079221667123547,0.710070653018283
-1.4599930695468293,1.1427204125744124
1.1206978649010508,-0.5985341346264608
0.05587954284702713,2.3039047518488016
-1.3612132935538424,2.3998877290553806
0.2595313707225078,2.703051800907133
0.988383022724779,1.1979205272884634
-0.19989918214022848,0.9329656598547376
2.5495064203810758,2.879459061759204
-0.9640453799036425,-2.891731666079583
1.6620323315135126,0.120576915196297
1.2329885901081765,2.6646445288746476
-1.4863437382950122,-2.6278852819616296
2.664094853290666,0.7688944737059664
1.3598272240001419,-1.1291655147172623
-1.3959607974100245,-0.9969854721195983
-1.0573857489584346,0.789898602319373
2.987775735855999,-0.9313237753341158
-1.1247881543831915,-2.4956420274842204
-0.9798472973987226,-0.9027292899848285
0.6327702724571459,2.5977765068254235
0.728985984020042,0.8950504016679021
-1.1043916350879328,1.0521671359225209
2.8084131287431338,-2.9647148320410412
-1.5352905639506405,-0.7773550675386566
1.078277151822149,2.901770212533176
-2.155777246263947,-0.7478440805680278
-0.702830342612814,-0.23845060013953573
0.890865608620918,-1.256787807925876
0.5472287206126338,1.1248057319228593
-0.7519678062804399,-3.059032871620981
3.1580167915695583,-2.956522350594345
1.4179094290304555,-2.870001417739683
3.128928090024008,-0.8870484447983628
-2.8430439126901157,0.8146283359687695
-2.8449264819277977,-2.430702437206464
3.0046672077007734,-1.1090686586869654
3.0304820518877316,-1.0592304341216006
-1.5232920330928232,0.9221605757658877
-1.1213367570227422,-0.6525951506822826
-2.6375380532623303,2.96339859652821
-2.2607084391274754,2.4527484885579303
-3.174972108821896,2.717332970632331
-0.8849203855611999,-0.5641660121448107
0.9372763458370188,-3.2955761374098325
-3.1961180623157777,3.1351222173835525
1.2619006888513862,-1.118757741441749
3.0717499085465563,2.90118100781739
-0.7060580942764868,-2.433630660901229
0.7887768557451862,-2.6774750313392937
1.3061606021682095,-0.7546934472585523
-0.9992501959349467,-2.7185737613120557
1.2274574834218683,0.7864080282591455
1.2807794779467176,-2.3319845488205035
-2.8377930062655667,0.7231063615464577
3.536724280610357,-0.6749289961796462
1.3869602389990103,-3.130922631930129
-2.8924590093161453,3.3278654650947392
-1.3559508475132425,-1.3511425046375123
0.8674979955804537,3.2737065190161045
2.5855688862643653,-0.8197232874651816
-2.9854509584481717,1.102962866917222
1.6998855325719997,-0.6270604325841983
2.9219206420428843,2.790554882081168
1.2409833980637268,-2.9530432073744612
-1.4714853783356625,0.9050100251707929
0.365216361027548,1.4375001740679516
-3.3460638704969665,-1.0333084265828227
1.320159473526423,-2.6050304492375194
-1.0361865968215722,1.0141305149473638
-1.0403035079080118,3.1223992290545493
-1.445077497982837,1.6540326832017669
-0.5249280550931065,2.9716506290716023
-2.4121497855379856,-2.1795325414230367
1.3074500449512891,-3.5637960379379288
-3.177555354913002,0.5159538902345984
-1.0882186459304186,-2.5829132557023806
0.7388803114657526,-2.9504889343075367
2.956938007249501,2.0921636012891183
-0.8268018747046324,2.5667025864437707
-2.4567283018261485,3.0471194844199774
0.8868070815973862,2.4080195590090794
0.99890258821819,0.8547242203587593
-0.24874728968545864,-1.4170113578567964
2.593957204803719,2.3713917362181127
0.8363897204784777,-2.838096556888805
2.856924346115461,-3.180394478263215
-1.1365221063772237,0.26592147775315644
1.259624091813502,-0.8649039787964455
-2.961508676528332,-0.9458224360913629
-2.1976426292692253,2.7240492954788698
1.098121776565976,0.8016358180694085
-1.475937359755333,3.139206856272848
0.6769328718504973,0.7923084866015387
-2.876109735763349,3.070190397723968
-2.913365000518371,-1.1268254785087652
0.4427525099152719,3.13462694183664
2.5063792354199794,-0.5762357635223383
2.6066303425913064,0.019328152379368645
-0.8542009501082755,0.04976295285474334
3.292080236597287,-3.7483602397449656
0.6462986348198303,3.1249626900861625
2.908677746982701,-2.791099287848963
-2.5414417765315997,0.5432835733903849
0.8000433528126512,-0.8241188692914206
0.7491004261258029,-1.1505766755779079
3.108871904250647,3.006476659386434
1.0263031133597635,-3.3712382321707843
-2.885895662212624,1.4626669265632837
-0.6533696673510014,3.515640106938031
0.8812877773335425,-0.6647060561866053
-0.8850333242017948,0.7102088686314559
-3.250916518754999,1.31452987194834
-1.0605637720391576,-2.679215499163735
1.1582533256524457,1.3891365609502944
-2.6527561210207082,-1.0277882638514044
-1.2611908127941278,2.8423928427935823
-0.6458500400036211,0.8728402400820744
-3.0188479730803732,2.0564825161483884
0.556330392334152,-2.7482255217832634
-0.7503266372339865,0.9359200636024624
-2.636284809455385,1.3118375277186005
-2.345682007323602,-0.30860279418789704
-3.083664650064488,0.7966461499317888
-2.780848911451022,-0.8223030637004158
0.7599805725401605,-2.724080059384289
0.8450914311318449,0.26738896813053925
2.289014328524716,2.828957055370126
-2.3979426694155936,-2.8051843425444027
-1.5007760895886713,-0.9124945488760732
-2.8363444936421875,-2.738382766317114
-1.5961423260344254,0.8634184444405143
-1.3438948615493571,-0.15695585053784297
2.1240758355838154,2.876058391578408
1.3591749307082854,-3.3998885384650257
-2.6284633746743173,-1.5549762163024226
3.1084665284839432,2.4418883958904627
1.8992075774710715,0.5549494777977355
-0.455043234704861,-0.254566608093528
2.9090609158404073,0.7228616108092167
-2.6404917951195466,-2.6307871148345447
-0.9703218087452409,-0.8765348548896819
0.22732143702013233,2.4748209764821274
2.69283292789279,2.338298414331849
2.8270647671399134,1.1941300920812283
-1.2969922824785602,2.4992583132831148
-0.767714524607315,-2.2598618825001227
-2.921746249486036,0.9867624581069504
-1.0535620112545943,3.312320803468037
-1.926971115215825,0.4105009283978637
-1.404007445305084,1.0227227684030125
3.034307010792713,2.3447700607467827
2.7035169271089687,2.8326598971638557
-1.0107197717203613,0.6572065370163345
-3.0612336601726375,-2.1799682035119976
-1.2000222890841499,-1.159464988920588
-2.9300980786267514,3.533033517404722
1.3149762171810915,0.2922241929390486
3.0583131859044763,-2.554847478739964
-3.1095484809670095,0.7309901043384115
-3.158549585246624,1.3217534634318633
-1.1961729848421416,-2.7192259041396554
1.4092751774292869,-3.1776851828772377
1.0729814325963678,2.223736022440819
3.060125898940583,-1.2949874152572405
-0.410553878762884,2.6701413635123465
-0.8133501106066385,-2.484373528097442
0.3765422430432558,0.18183100178940026
2.6440350249789484,1.4428140553704725
3.1690110472479414,-2.6615974374424862
-3.598295430381971,-0.5362677025681978
-0.8880039322436898,-1.594496803467061
-1.6785173543207839,-2.5430178131020824
-0.531639982592085,-2.471252609153358
2.5398690809695474,2.808023810094078
-2.481602044540925,1.3154957374850966
-0.7480108540629207,-0.9606040174968048
-1.343755638130437,-2.6697211626019652
-3.123095750532122,1.1514348062479032
-2.3860645310219892,-0.8345863629692196
-3.1926850793667443,-0.5714425830630564
-1.9186967403290982,-1.5947946297507831
0.600901230781409,0.6621605258173592
-3.1643332762931107,2.8568976660222147
2.5273347769497403,0.8026078307983096
1.2070536481935263,0.8909852109223451
0.7435776777099317,-0.8596795067252044
3.1907999362830837,-3.143201312477037
-1.2979222868363298,2.9306194971431943
-0.33876378478103747,1.3302497699366738
3.1435577165976043,-2.6507705982380703
0.9057798459818885,-0.6819490120276727
3.031526796326824,-0.9266185047620371
2.4914068067613067,2.7203122568430858
2.5040314928538625,-2.6310019238441025
-2.9564366866958145,2.651794402147432
1.0762303709021408,0.43206414323999853
1.4375009277704511,-2.535283422600284
2.5040998176183025,0.9579457297528293
-2.6137441177744476,-2.4023173258977937
-0.6301638938255658,-3.3846837665583807
0.6102016603968947,-1.2243183932730135
-1.2208889965215464,0.4509046215923763
3.1850144456399296,1.556641952386746
-1.2543467271025073,0.7209019602650795
-3.16415378665045,-3.405788030078077
2.4707669435909487,-2.8093911554395574
1.0780129688704176,-0.6819166750589871
-2.468705103874886,1.563675702345974
-2.719437151004608,-0.6210105177811063
0.45572728617855995,2.4371228629806447
-1.0735006640110358,-0.5067733235285417
-1.0367353583690466,-1.2474349214349711
3.1000674475756553,-1.2486334911678332
0.5976991273039074,-2.1050696211003705
-2.9908235264535437,3.4702241204580355
0.8043111512793875,1.044043103239831
-2.8827750650256085,-0.4882460327855525
2.8725352649097555,0.7039355717091338
1.4893638626075028,3.0161769117985995
3.201274618790087,-2.8417182286202123
3.0787733094575356,-1.213358724412035
2.8671323872044527,1.0485123879441258
0.6962544053568542,-1.2627083579536393
-2.901141231830585,2.6317485019757583
-2.653576030596529,3.3792670398403457
-2.3848153414448086,-2.578737923058473
3.0845291857446306,-3.0475206235415198
-2.422738226884511,-0.6436439401345833
-0.6889719649358372,-2.7548668924003525
-0.7199637966686484,-0.8462077708269802
2.9874697755629205,3.353898303765555
1.8941274647889887,-2.8401419047478993
2.5127349777041665,-0.6542955772460197
-1.070055205536866,0.7707518812680381
0.9018979310369631,-0.9723981686099258
3.3159065477966196,-2.8326073670246807
0.7226244858028125,-2.906572387730022
-0.8845471028556374,0.7049238320675836
0.9242275365660578,-2.8426773110140866
0.15789149482589523,1.2906968076914136
3.3759546618510337,-2.5126515807823524
0.5706596968680244,0.6424948775528322
-2.892255323749885,1.4825551411070352
-2.072685982473931,-0.9402588061210311
1.2021940741279042,-1.0199121332885632
-3.13741056846861,1.5145109729066173
-2.129664289993989,-2.2906724461843875
2.9573468116115293,0.42770197788518516
-2.9634804633400855,-2.07718002285425
2.3502610122953254,2.5396334724555496
2.386439475963017,2.860979269462044
2.2162873203665114,0.9365961664463482
2.7329884119961267,1.1887503308960858
0.5183315200970139,-1.765007838752837
-2.777391305536667,-0.7685555842315999
-2.487547871742374,-2.5077783718157565
0.45778636169710896,2.892515789728429
-3.103061806237539,-2.282699872111448
-0.7673109783674731,-1.302178908540659
-2.734364816688694,-0.6517712768390627
-2.7983675697706785,1.0912954973961169
2.220966977358333,1.3559795591803392
3.0717814826215566,-1.0786950792183996
-3.087373440080934,2.5868983674106905
-1.3332110464790978,3.3072471957146483
0.40879626762326354,0.4755084283265967
-1.3513791642303714,1.1040330397395262
-2.5301624503357236,3.010004989413647
-1.2198723036449326,-0.9534819071629185
0.9664952843337502,-2.3396851161880035
3.0145317627998707,3.583550286745202
-1.4846171071531495,-2.2496332601830855
1.2753148110235721,-2.995470157929365
-1.2703541817221793,-0.42279812064964906
1.3030662272227675,-1.1416173805299221
-1.6334989445609653,-2.124168669619167
-2.769675257776397,-2.8113557100441415
1.0881140556215443,1.0483215177811929
-0.33086117547391736,1.117337067924998
0.9575419532751107,2.7414611373808504
0.9895230211771451,-2.2607872580226602
-2.9605041699223027,-1.3787248304111832
0.7237734198732989,0.5079819228904451
-2.479224950417251,-2.386390498245009
1.1130498228246841,2.526078031503576
1.2430833908367396,-0.4633178506778116
0.5384500409138419,-2.997157257891907
0.32299989920492117,2.5893452045118215
3.3274830616077287,1.084635966562468
-1.007969627073301,-3.3475854991025473
-2.8222091137221863,-0.5766959512668987
-0.8135462913656117,2.365267381828892
-3.166959485086055,1.0968624178026285
3.623426903819639,-3.431316690980386
2.6723238486403904,3.0545699880948565
-0.5680598240237371,-3.2580808110630173
0.9606011639929272,2.8565209479147895
-3.2386208722871124,2.660290894468831
0.9629207394036146,2.736097044192047
0.9531042603398785,1.3726860417601574
-1.1423061151711338,2.8222656998970206
-2.7289788442116016,-2.5119356304949236
-1.0948972206967738,-0.8456640154358384
-2.7093917216907997,0.9520059110693473
-2.464580348270014,2.8855424985422773
0.526325978954001,1.2348585955773943
2.146787728815185,0.8430186782472958
-2.8809047378085557,3.332552774488343
0.9486322569042469,-1.001983406759029
-3.1177559844854272,0.9889619796270265
0.6324725756018521,-3.589509916710993
-0.5539797411539527,-3.359690935184288
3.296085925535487,-2.60026777338047
3.4551790109339335,-2.540518980624378
2.275162905568061,-1.2839085032115447
2.1891167768428357,-2.756173783074188
-3.101780512915605,3.006010929366613
1.0520071796404984,-2.70233771175373
2.871494018332834,-3.23558203977226
3.633965225367712,-0.6750475272085479
0.92180895912221,0.6448313671092846
-2.542347670596359,-2.6985223864805743
-1.3326890535774318,-1.7026102573714998
-3.2975633234757926,-3.450631507481395
2.8471611808200246,1.0273011711399338
1.0969708781979775,2.8246095451530757
2.8744031411972846,2.6363661628121013
0.9789678674484664,0.7673626966480827
-2.5817366375688917,0.8094146483043707
-3.132531393146933,-0.6713998854434308
-3.22661664008011,-2.6830911005045963
-1.15906795410779,-2.550110433833424
2.9786664837892807,-1.685383713665435
-0.783508664100525,3.407357010655401
-2.800503771507505,1.1098094463444164
-0.9376263033854303,-3.1554805243421797
3.459015995322235,1.3963244993333344
2.6048226252146787,1.3401688949245518
-0.34724174308257505,-0.8816525497335276
-1.022723618706716,-0.574969948214779
-2.690736338929727,3.0903088564508834
0.6124150245568803,-2.9946275222652035
-0.2798079306387256,1.0733027878506967
2.0818603545377563,0.385540222262509
2.619199534593503,-2.9619712698087297
1.5944150248921252,1.2751146769295245
-0.5368385504394514,-0.7358461553813781
1.1543848784191655,-1.5630707778084305
2.838860647620628,-1.2414981179675004
-0.6882066225790858,3.059414098683486
1.3468436816865996,1.0974987807058856
-2.9098831434460646,-1.8348434634461315
1.2402995463647066,-3.083446939086089
-2.6793045608464894,-0.9660970935381241
-2.1433784765010064,3.411682813890619
-3.2390704727916306,-0.30001608573979227
2.2443731132906155,0.441599286852566
1.432809814591746,1.3729298301278963
1.1102789786047895,1.9635591940133756
-2.346362260986188,2.3907028776658525
-2.7291108763890035,2.8691027529928994
0.5899131109816462,2.091948064032305
-1.2161783492164693,2.962054652989842
-0.8326523279503832,-2.5687227130848873
-2.1691453953663493,-3.01295966153155
-0.5517382354190554,-3.2099434547810395
2.55165631469151,1.874802499914023
-3.1309659686064983,2.724351257609143
-2.4598537412893533,3.289019208860348
2.2236803362171256,2.9889050739286387
-1.4524284248343509,2.9902745765538596
2.643430106840333,-0.7489447378240286
2.8624520455717612,-2.919829090010153
-0.5074302334912364,-0.016090829256993365
1.4455903913763883,-2.981890600885832
2.9463182281500013,-2.868773363663558
-2.492481458826813,1.8229989294552222
-1.3114389780707814,3.158172035003236
2.9204870909685416,-2.7806655259595945
0.559383099565517,-0.9115601327840241
0.8692855241574827,0.9146954179576826
1.0326364003591042,-2.60307319557849
0.5116719068420716,2.7822297169374295
-0.5195456055222508,1.9972256011057001
0.8369030033743504,-1.5066209432621502
-1.0822602371393852,-2.8873472153795556
1.483709941651967,-2.3685674272769064
2.633660612190296,0.36282372652114736
-1.6653899396426448,2.9047143117217
-0.5874113957319027,-0.6228645299134864
0.880396840413821,2.463984108024195
1.2605018620148702,-2.499940113548337
2.7682109434185125,-1.7705120585373153
2.6204714784440877,1.8673148350191549
1.5150104380028395,2.673082194953479
-0.907415185477695,0.765583166406006
-1.0310664669219993,-1.0622572495725702
2.548064691554233,-3.1618960139115426
-1.1325037908053621,1.3020323305582553
-0.9841854184589375,-0.870315215694691
-0.6548373006613327,-0.6556913995016166
-1.0569880287698943,0.8757315232238392
-2.6292463127664467,-2.6223960278105767
2.522465368628852,2.5896804006980423
-2.526051325703797,-0.2304068506811249
2.679664375279848,0.5150559707850565
1.088942495049715,1.2796319552472026
-2.660828111942051,-3.501456440853506
2.7251617224778832,-1.2162093560248954
1.007736784349281,0.5977118618419441
0.934582938463825,1.140870452437563
-0.869536458057406,-2.2894322650963135
0.9209685137708291,-2.7186173723037235
-1.1116237000967175,3.067733154923065
0.35113563825290117,-0.6959178057803196
-3.0073166900563435,1.2993162013943182
1.5079731785112713,0.29245639846042815
3.0096211038649163,-1.3530739428756653
-2.410905349135486,-2.6080489735634615
-1.0286873270761394,-2.4507631619190198
-1.1042861166776345,1.0584342220096163
2.935827891690275,3.0447059588725813
2.8612799641621924,0.69433106576048
-2.546857382666667,0.9671005678124266
-2.874813758296075,0.899942099084708
-2.556872369770737,-2.7954497638413676
3.374512869478667,-0.9844927213937213
0.4003404867914802,1.019141840643691
-2.4542145816054872,0.8263616509794832
-2.7978468908347436,2.4733776258315556
0.8163976367342716,2.2507488871435997
-2.6210765324289267,-1.8313921364951657
-3.131193387459913,3.014342246077865
-2.984145749659377,-0.868324934673579
-2.7766398979560414,0.4797565430550555
0.7643406291317064,-0.42994862409682527
-2.3752818227416412,-2.9357298666990017
2.876780055126209,2.4713967531730487
-1.7034639451334255,-0.8110924490058781
-2.7461497758312126,-2.395881312426205
-3.2881685296354233,-1.0484043482453667
-0.8300662753745226,0.7769711289033471
0.5691020110884315,-2.743607521223705
3.0902602538112456,1.0456347695059869
2.784544336330869,-2.579572468801186
0.9179272862518388,2.353468844982978
-2.91186456557428,2.2790239449145973
-2.947516977435242,-0.7126189482747337
-1.3594706898622675,2.6892614058578563
3.3727674738288815,2.1908238516468357
-0.7384791676673148,-2.653101697673543
-2.9517692449496074,-1.6596353739705099
0.9055827285772494,1.0815489069618438
2.300355107771761,3.191270383583451
-3.4794051243947055,2.5489518255660424
2.943932818670002,2.6917929389221658
-1.164081973009372,3.00414174128003
-3.1000685195427176,0.9508534670049599
-1.4557617742967308,-0.6614239154826931
0.9075882307671612,2.8326605711566772
-1.23937912031565,-1.2387781353908298
-3.825123300901944,2.6044440014327623
2.5363758576046016,-2.864957622794453
0.3746144728507484,0.2026343785796599
-0.6701871491353145,-2.6923135769180706
-3.5401624990169713,-2.730186493545468
1.3278555762412203,-0.6064526024753796
-0.9324625328331917,2.2375107510975907
-1.0712425244185277,2.976626997968173
-1.5804502610135616,3.1385771183918956
-1.1655006694036545,3.0314657819718898
0.5074894124931003,-3.0369328633938926
2.8942958078119103,-3.3678219648710743
2.726369016419067,1.140046373563155
-2.741873340672402,-3.069905037555347
2.659685771482433,-1.3581377394073804
-2.006155303801245,-0.6782483435688521
2.407645508712172,2.7897077670171306
2.6738850341687748,0.5877699834943839
-1.2933861798382502,-0.3736800830017412
-1.150970259087754,-0.2706906152911597
3.0600617811126964,-1.0434303213717775
0.6269750097466931,2.145021186459652
-2.575014099522923,2.4494264888777795
0.9629746290891447,-3.0433688366068212
2.6800308124343286,-3.819976507203982
3.12033769733187,1.0157742445369333
0.6437896245974306,-2.3890972603761913
-2.8038523464625564,1.1854005512091348
0.5076665508781362,0.7833334670550828
-2.3746977276829675,0.44376736248489984
-0.6492831482483732,3.4299310549537614
2.9739488093155626,1.1428520981994874
1.094785823014858,-3.625058683631888
3.0524185300104483,0.5046791790727904
3.475691012908588,-0.3672734361656938
-0.9355523357357499,0.47535466222125466
-2.7466713399657627,1.4921427085693741
0.9710180399533993,-3.0062445458288756
-2.6346013139336177,1.3297013835951614
0.7546830157860743,0.8336663228715256
-0.6096884651641188,1.334624534124646
-1.28877604521035,-0.7712569226179177
-3.02115142251852,-1.2408364229813342
1.1867987213197642,3.079440780260314
1.0114692988249618,-3.3907332799740777
2.6256973963012333,-1.3187905090003964
-2.5937186572213915,-1.3458313615010915
1.3851767541615418,-1.0088156028774133
0.66860694972556,1.2758418901597692
-2.5476560057772293,1.5354510683609188
-1.4934872283895835,1.0942504035606817
-2.4089578194015413,-0.9880335108498568
-1.5989256600586073,2.9464614285639725
0.6413507242866622,0.22394873769830365
-2.8784650798395948,-2.419238270236187
-2.3456938677711316,-2.670467871496899
2.9970168088754034,-2.029685610990192
1.0208339343824278,-2.8796213178044168
2.4749729195644705,1.397937536127934
3.4869145005893407,-1.6126156713891537
3.417246549363905,0.513673981370562
-2.556083522701724,1.7958105407268605
0.8820244327758064,-3.4140129886494957
-3.047539144518436,-2.1792047869246813
-1.234085582031771,-1.074942702152532
0.7461275515082365,-1.0226503202227641
2.0931803187967284,2.440934866632689
-2.8230213491904754,2.887773603109421
0.7865455182998582,1.2292138200608544
-2.6241993410718254,-2.705505179647509
1.3274430776615103,-1.3042156757971275
-1.1558327157486428,2.294304241865888
-2.675173769644017,-0.11069920875312038
0.9385771689530049,2.5594551165994788
0.8399576749889406,-1.0354211732778016
-1.333269664986075,-0.9499858559740968
-3.01327705621654,2.5167168937314854
-2.9111355524915568,3.3203998261287206
0.9093955811856725,-2.944240755363791
2.5138739147794777,-1.7220966436550182
0.9558113456265683,-3.118214344325272
0.546439122341744,-3.0892390030098245
-3.1451947328132155,-0.7936240510775173
1.0089599960350728,0.8036145132484991
2.7224305019999737,1.3731752951789336
-3.2387075688754616,2.7634309146438345
2.3278527406018306,2.0145279312457163
1.44908121425605,-0.6274401605227606
1.2924062871387176,-3.0647600482538793
-2.369950343332127,-2.700608614593514
-3.4083383999748,2.492973016846822
-1.3250609233887318,2.759193087104339
0.9081344575253696,-0.2885430091652709
0.7654896855046516,1.1922668701498618
2.6412193954359147,-3.4528632097116567
3.007392311708602,1.6406040370108983
-1.1972568175312275,2.96355398286434
-0.4332166562727118,-0.5300373070478799
-1.1258095825124927,0.36875484432909333
1.0256051802081503,2.776360745376881
3.3240347935658536,-2.6522943767687246
-1.3240120685360055,-2.5436683178126667
-3.0585204459904745,2.401154035146502
-1.1639439468522985,0.6449176344029867
1.3064919336131915,-1.023331921187449
0.5022327574746936,2.9533282467901563
-0.8545227232560042,1.1359228333626223
3.060180477115029,2.2405017351359957
-0.951976734910321,1.466031691734394
-1.2351092960713228,0.7112058535408686
0.19617739804729808,1.0591566976785018
-3.187399358238053,0.6117355350161352
-0.3345324702359772,-1.9281673810058568
1.057316072837397,2.943666327910716
-0.6981465747928085,3.044245273860396
2.667474482883646,0.766676812647985
-3.0786688229310566,2.5739809793690664
0.7453574911190393,-0.6927685230417994
-3.191625191329148,2.6383275302440636
-0.3735257776108032,-1.1457823828057077
2.4533198861587846,-2.316905248595853
-2.628880206940233,-2.5348932975447585
-2.419720589555165,-2.479700519478445
3.404641161147158,-0.9590961673572661
3.001326815810587,-0.8495985084608094
0.8517112377763643,-2.4350884178869174
0.7410491480731274,-2.924857067804127
-3.257040476845389,0.38071784600268377
-0.7824414063136959,-2.8301965201146135
-3.207292591625927,-2.674956623834492
3.2091610049351478,-2.7272639335359163
3.061812523800897,2.0900046356884308
3.4210379993744824,3.0858168202213183
3.5796843486887475,1.198996540911235
-1.1431616191416851,0.6636316990559836
1.0191248539082953,2.3285773936794496
2.8865876521214866,1.756511712795036
0.6111003574238376,-1.4453963962513867
0.7069064641574618,2.811530388411263
-2.886450928208903,-2.9306030972335675
-0.8314338034662668,1.5261727647291143
-1.1239416502818993,-3.1738414498972016
-3.42821756910303,-1.7746882842277925
3.64944066439909,1.2759300768509505
-1.009706440486067,-2.5688853728762653
-2.6615555026234197,2.9786996434230026
3.4971170891755814,2.94492579344277
0.7858966235233605,-0.6856013397648305
-2.9691082433759184,-2.7798926268523223
-1.3222000654295727,1.0192704805751043
-1.0705119455329464,2.3490434387666688
-0.5283407946844755,2.8719739219402185
-1.0491856149248804,2.2741678495343005
1.0500804925117482,2.565636422867071
2.2129999936211626,2.905764836522008
1.0270035499081365,2.6938549011581574
-0.9599946281895861,1.1866569786280916
-2.6254644789005477,1.095688037635285
-1.0442156346998737,-1.0959428031298712
2.5767505544102174,-2.6931644422998384
-2.5434727117581426,-0.301806230805442
-1.0036294857608796,-3.204737386691113
-0.6733720521146219,-2.7139367897388342
2.432884491687433,2.00326316169165
-2.669263112360634,-2.5313521167168367
-0.30965552637134197,1.2079379151913245
0.432425862085941,-0.10685088817128587
-1.1816871908582558,1.3901065762842164
-1.1651433521476704,-1.5484134334755042
-1.373467100311225,0.36021980115865604
-3.049389350469536,2.8390366287501356
0.7984657718124902,-2.6910840978672823
-1.001912649073284,1.0613369672060078
-1.421414869924962,-1.4170550296139555
2.5407159138677518,-0.9638884150035371
-0.9377019802328659,-0.9857008938503539
-0.5021885888810353,2.5566385609867215
-0.5710037552674352,-3.1074714551942644
-1.5324610532587868,0.7458531138420105
-2.948691274498846,-0.4041499282212625
1.7216294748576029,-3.454943111013639
2.8723672037192927,-0.7762128263668306
0.9866263969999122,0.33533538956054304
3.0069860851250456,0.840945329018641
-2.6480268679497194,-2.5066411481517212
-1.0716176967604258,2.3613904116943125
0.6442642958399715,2.9354827299189408
3.4050358673853265,0.6911085071329786
-2.686061811652703,-0.3401770195792074
-2.7232774940959974,-1.7269845914121642
2.922129559796124,1.9869245500750627
-3.491701989848638,3.1337288909507097
-0.6631684844783481,-0.26744292604425673
-1.3810412063630828,-3.1223961928231216
1.149621867882144,-2.6024767790147196
0.8805451183966808,-2.8871591330149973
-2.831214981301998,-0.10081660259496217
-1.0605505537424569,1.349663208926309
-0.4375304437597486,-3.011441441923589
0.7881094650343006,-2.7113223225619967
-1.176350709454601,2.397185640440333
-2.972572964107334,1.7848175877570602
-1.182450814500158,1.3634522119499823
-0.9256518260910028,-2.439951524496005
2.8891659819722415,1.060533215847261
-3.1626075457552383,-2.377224136280574
1.1068991279260176,2.133338754957411
0.5269149232097189,0.4716939046506322
-1.7182111421003172,2.6372152722411353
-3.160319674345806,-0.48488298788878503
-1.0528487043743413,-2.5576716978036353
-1.0610848221549145,-0.5168830671052885
1.2925215872244868,-0.8014073367051051
-1.219998438222574,-1.2188084950069211
-0.7504956386087969,-0.6412570188381269
0.6346074571009362,-3.1177793169568875
-2.0586436478040806,-3.1248836704799396
-3.1603875462323345,-3.0035381558626493
2.501492596464082,1.8820838410854082
-3.08572973553747,-0.997966648590309
-0.9796457605165282,-3.1072454282685147
-1.6884843293652974,3.1486018368853474
0.9867526509981268,-2.685589393754082
2.524858236999947,-1.427747514656915
-0.8393224218215104,-0.7822259332962608
2.7823845181736715,-3.288521286742364
2.446463265284619,0.9580275253392811
1.5903327188172525,1.789763972956201
2.6967045007062915,-2.59661306201467
-2.03805307219313,-3.0985303364574848
0.09812869199513631,1.1038286066577867
1.1219972441595174,1.1040287308920218
-2.4045806463215,-1.1169662915386758
-1.603579271553549,-2.38734381661001
-1.567826963221022,3.211520458024538
-0.930885784390466,0.4861309805064448
0.7053486958902659,2.706174087524513
-2.620804298963405,0.806479582089161
-2.096235667025549,3.12480069924229
-1.2284812125369813,-2.5423482343279096
-1.347434048014735,-0.7094611854990607
1.4476590266316198,0.9027468203019401
-2.368648881775848,-2.5391528790156475
1.3062306105321615,-2.731513338223427
-1.0460938479150186,-3.1242791683874334
3.170170504829622,-2.5687451082175223
1.089174943547943,-2.8283930731609757
-3.5924211126749603,0.886680352763149
1.215004252004578,1.1430799656024144
2.446134838237927,-0.8326149709942883
-0.9884024517538117,2.4421071840117206
1.1525850357652807,-2.8589265968688453
3.092059774918467,-3.4096088011425603
-0.5070538700696036,0.902905429023457
2.941307632115483,0.6439187398746934
-2.6568623498501425,2.6844496817570676
-1.181914635877609,-0.925596655200088
0.6949248114659105,-0.8231114045267126
-2.594713130270407,-1.271247407862875
3.3261083590381184,-0.719122867101805
-1.566705579689759,-0.4886443719341034
-1.1547107545711661,-0.9286484359632786
-1.3036097122152552,2.881900538064033
1.154296766080359,0.9246062762519504
3.05952129645458,-0.9286253090907747
1.0127188854281497,-3.2501719555985336
0.6273816281739332,0.507073297719351
-2.2511952931172283,2.853263725974043
-2.7774803167478095,2.596046275725453
-0.3199028560063298,-1.13529278738608
-1.4131807867124193,2.8544468979828266
-2.520391975164839,-0.8407624357123058
2.7002367819567654,-2.5673257173223596
-2.5177871160355076,-0.8709790749634556
-1.1915188963205268,-2.818695576326617
-1.3443147049563675,-1.079508655461311
0.4173953834373601,-2.7356173063083196
-0.6963447808570635,-2.9710878407834507
2.8858380979246396,-1.07116106681751
-2.507730902094596,1.3038411614610452
-1.0750574042952887,-0.9145655769518475
3.171299725182168,-0.8367117746632584
2.906221874281069,-0.9464586034563197
2.745405450707055,-3.025014488589337
-0.9999557943298989,-3.4246944150576475
-2.692640164459749,0.9723291462576402
0.42824436105842073,-2.9746414961384313
-0.705864402107406,-1.1362823775379423
-2.340522909204896,2.7936838473604735
-0.9619884247595715,-0.37184610171458815
-3.097514804206941,-2.9740665945819122
-2.2855826594368995,0.9600576095662504
-0.8323228985120616,-0.9521627114421978
-0.9589766134602424,-3.048563165643907
2.2540521689853668,3.473256844264314
-0.9754757253710525,-3.080900362492935
-1.4671118178328346,0.9847090729587404
0.8838968766360935,0.9980812273335934
-1.1859628839333987,-1.241093631075512
2.3733253396293312,-0.728801012371317
2.9340936668972333,-2.747848415563827
-1.2705387653775475,-1.032806083285163
-3.505214763784847,1.0426272905819396
-2.507737930026078,0.3921936814680254
2.5201447496557043,2.61754917247467
1.2858927810710505,-0.9523884232065658
1.1278348834051217,-0.8646169845281793
2.8707502112313925,0.9358813497527493
-2.9113236196999748,1.4730982981140397
-1.3959424065388746,-0.9656597011462024
1.0600324170669602,-1.0967120630048715
0.42112672383140615,1.1577492223217125
2.9969606219776934,-2.883129654430858
-0.840421054855221,-0.7051741606666296
-2.9808145711461655,-1.1338687471604814
-1.133361081974791,-2.440856967881135
-2.3303972193245044,1.1028385134154912
2.9242298073411632,-2.182830609633571
-0.8754826817482185,0.7491006794118006
2.25617689540739,0.9722190938952743
2.3138364577054213,-1.729330838595482
-2.4649457536680104,2.9149312781955783
0.3788068837372434,0.820425318454941
-0.8167823337147693,-2.5187643834370896
2.214728839970704,2.5276855960367466
-1.0208039648928833,3.0714933544757086
1.0962896572189509,-0.6327070051352053
-3.1213636232807014,1.3959580357831751
-1.2406484452393007,2.655893326292954
-2.540384633871425,-0.732321764000366
3.032615351746449,-2.8989944796005487
1.0388364031465736,1.5569903330234502
-1.2329500366577002,2.9112995917714506
3.3818272968680936,-3.3783001296422124
1.4244543643770016,1.4307162802858402
-2.204317761939801,1.5017975507456085
-0.7044873720981959,-0.9966975667183481
-3.050387653963628,-0.1391222967008372
-1.0827575869840025,-0.7514479320017176
-3.1742294813250633,1.3785182500763378
2.732022230968217,2.2531704757866096
-2.8308360660481586,-0.9539391071474844
2.832762027407799,0.8917310218221933
-2.5659985628944524,-1.7770900122315687
-1.699326024234479,-0.8569117039725666
-1.4308986910591908,0.45371423602689936
-2.830890775370168,2.841320618373055
2.7175600202588153,-0.7789539171286242
2.9668468801270302,-0.8043441525293555
-3.2429619526222067,-1.899601410217111
2.1803537907227906,0.6484814507469875
2.2832767381705703,3.5047345229150046
-2.393890514360287,-2.5226560086880783
-2.989346366075326,-0.7442239815000178
-0.9789693134449391,-2.560055668393706
-0.9927248026974941,-3.0535144449974307
0.4799103970765859,3.034028480014479
-1.0430857769610546,0.9988929607938878
2.941265841968191,-3.224589002607074
2.7367490052717494,2.60880634138582
-0.3833396066696849,1.3352248528794017
-3.1407008234193516,-2.344416929353104
0.5412584250698583,0.7343144624211488
3.142010080276062,-0.28612284852374803
-2.9000850603808264,0.638178255814066
-2.7935315569649557,0.7995194813082347
0.7632359073925863,0.8331036191382938
-2.7475162895790928,-0.7268140593042557
-0.7177793872729809,0.4386142407778717
-1.5677396268870631,2.8848760252539227
-2.8708816323161552,1.186149498896992
-1.6230977425836575,3.1100282014608944
2.887390329733161,1.13839275534699
2.6044133393128686,-0.8351393301726469
2.8426327720936317,-0.8732973884219125
-3.102140960740427,1.063277111864663
-2.935827175092677,-0.4714716080799525
-2.8376573395956175,-2.825054148883526
-1.7933746784242006,0.9088962808687836
3.1373492472221227,2.211709299000228
3.8323348508757853,2.8568108879344827
-1.0077563817258777,-2.5172225293281554
-1.1892735108175825,-0.4104275908648842
-0.8493729634487156,-0.7378182730993809
1.3001690325892794,-3.1878895098833513
1.2622481589664156,2.3756025493552233
-3.0975107704937357,2.716280389536113
2.829839124196239,-1.3169007291444663
0.8026570339452537,-0.5251614206436093
-2.7960682057341213,-0.7404918195427179
3.25724009982955,-1.436401138431344
2.991550787987623,0.42866893331202593
0.9748727406783042,-2.6888671789688443
-0.6934888964849099,2.246304954510946
-0.9208582485417827,-2.7861448636475554
0.9919822170737747,2.8323084048445843
-3.0807105008070703,-0.5123138097086799
0.8950243485781644,-1.5480554078207378
1.204677724464322,-0.5695932757715222
-1.4533515492630698,-2.699724155424503
-2.911721925666806,-0.9922240354248787
3.063945434378055,-2.9349394564016174
0.8316456243821385,-2.915882525815576
-0.6012936544045528,1.4951998228157775
0.5876823667460555,-1.0731594274189034
-1.198605217438786,-2.2186582472822214
-0.8828116068012303,1.008845126941509
-1.4874237464002638,3.4450788377017827
-2.9616870940267344,-2.8055200538420317
2.9455643531068865,-2.8005569849289755
-2.7157851326909577,-3.2970124449918017
-0.9005971434184397,-3.204332871926162
-0.8637364534461736,0.9567007494372491
-2.9146167734426154,3.060720356235786
1.0311744422129292,0.46021360580154075
1.1650471702620124,-2.2822841057650707
-1.5237107357843143,3.0021636031075833
3.241092782405763,-3.0861256431512776
-0.9250370950712067,2.2133533030152726
3.066628933540876,0.9767091389737899
0.7833944097591925,0.7826062695113049
-1.2857245947054425,3.11416864484235
-3.381787388317804,-1.2164874762397766
-1.023887519763462,0.9657318126947134
2.7542239036826146,-3.217822539301206
-2.367358726061003,-1.1923209740493765
-0.601185820421657,-1.1594200250011086
-2.509002786367342,1.1117463038661421
2.5811129687555874,1.0269712457942652
2.5456794652266788,-0.7199452102907471
0.27935066807221853,-0.6673104028496994
1.0690057558874027,0.6365359713955546
3.224585055532118,1.3335148426312748
2.4948948133588016,2.6543731367697103
-0.8513951961592996,1.2878660586260697
3.042738136243134,-0.9495022044275153
3.203626610732002,-2.594919012734986
0.805292110572534,2.3240639082994283
0.513549903838704,0.8921685150335267
-2.6230313086817447,-1.6770767864856495
1.2104538542042562,-2.7665468879148563
-0.464587447500418,-2.8041020377319525
3.0271401309179877,0.917698539531186
-2.9251426552108195,1.1159453756741518
1.1763853210579474,-0.5507577277331276
-2.877827488073464,-0.3723772876088609
2.707905720361689,0.6427890223953436
-2.747840936435554,3.152180106406393
0.8839472367835166,0.9566625160167228
0.1453895652768692,2.665015274734056
3.1090398649413498,-3.8140250701509717
-2.111193152063254,3.2793401289612296
1.6530484874871383,-2.8545290291119962
0.8375174620978795,-0.9244125572744321
0.5952245731981312,-3.072922391748575
-3.023621179176685,2.386731402639086
0.8564858386164238,-2.66907668905748
-0.5690784765720664,-2.62739624282336
1.2685203851265352,2.6768578954967697
-2.8065722839610827,2.950167116388039
-2.213028979475072,1.2433629178692092
-0.9904085070481466,2.615910140780109
-2.3661927511975756,-2.3975428606678393
1.0843032015952265,3.1793745489355354
-2.852275965853383,2.541399862561208
0.5704336583092796,2.3756025909258294
-2.6643402854570426,1.4041665163902572
1.0632696486408575,-2.623994397802435
1.120690274993156,1.9142680300685824
-0.8817234306360413,2.449999093483787
-0.5339534105123777,-2.4418038965799593
1.059545006409987,-0.9903574282758558
-0.6064762327905939,2.587416079041078
1.1982537710042946,1.4306072075187302
-2.509940680086056,3.1800515810759236
0.784040767884045,-1.1188995933467163
-2.85622743231855,1.746023980749189
0.47503562356343015,-1.5160407208558155
-1.4057106631941219,-0.5251525469086268
-3.0351123222849794,-2.336888726519542
1.0197058899461642,-1.1528448470789947
0.9406131415073044,-0.0319528463854889
2.8185799414798267,-3.360743165875353
3.919902719333055,-2.762695018336695
1.3777146176379846,0.4351412912130081
0.7568232226620253,-0.21501845718987847
-3.6319719913312833,1.7188872690322219
-2.7631848880550174,-2.4939740080825366
-1.0567976768134932,-0.8565960132746349
3.278801611277239,-2.870311547242273
2.479759181711634,-3.234215677636415
2.9672640236579784,-2.9373933436032154
1.6092764375472923,0.6971685420546366
-0.604710180419035,-2.890981295770437
-3.0808784727664156,0.6061949297618922
-1.153827637489114,-2.091936935388958
2.773867291745405,2.4627618866216823
2.836764932591789,1.0386009798962397
-2.9359243907545474,-3.236324388958067
-0.5984154770834729,-3.026372944358285
3.321149378081117,-2.2423944039771864
-3.0858345011885002,-1.4875734833978616
3.0122051089674025,-2.6967915409476984
-0.7404119775814981,-3.3928192998893945
-3.1244056567991603,2.609931876222561
-0.011703841558251903,2.8961263190315205
1.0413895583399375,2.5967199364486464
-0.933939502238689,2.501283725298427
1.066110409845553,-0.990763378468418
3.700023895546492,-2.589308937866729
-0.9036900504708066,-2.9374391825268784
-4.040544722922467,-1.2602466366053016
-0.37210943486798104,-2.838754109340793
0.8209400113125971,-1.0461163047220003
1.1086624423099354,-2.294675218976348
2.7701989381240018,1.028741606261617
-1.1211364414780072,-0.6986736411798833
-1.0258114242533856,-0.8179242215354996
-2.8934835209253866,2.7630763812600194
-3.3067199721676235,-2.350652984908074
1.2742085400239287,-4.0439670749282985
2.7488517586337413,2.919379327791391
-3.476681400644714,-2.809418947763033
3.404090296094148,-1.1462848536643426
-3.395901316414292,-0.9506122366763421
3.0758667459955196,-1.1359192148170212
-1.1012859758350961,-2.884878538203253
2.7416349410355836,2.8660692908186207
-0.7594054593066175,-0.6050715246662958
-0.9041126344061559,-3.5701773366376504
-2.981944376845852,2.721813446738237
3.6826980000696077,-3.0927838276212913
2.429296174323187,-1.435600087780855
3.298409292166846,3.048190531988039
0.5407292726256682,0.6382044816645298
1.5269761461178284,0.7434548633596313
-1.7303236684024728,-1.2967364783279627
-2.503051668827349,1.0275796983633594
2.3688093409931334,-1.2676819350787087
0.8506635559050331,0.9744044494168741
0.7088168689270835,1.047567364189417
-2.622723740596265,-1.5631836336540772
-2.82550160556443,0.7248152691136723
-0.5547604532633581,-2.587638386294868
3.289342856210295,2.4500698933015337
-0.9333301514505555,-2.1871669887944822
-1.0502014803958795,-1.4116227205790477
-0.9996658028914446,3.2851326456894236
0.8847069157865463,0.7909749866695704
-1.1935455589452457,2.426533730274044
-2.5918575878800265,1.3167820072908403
1.2200086391633593,-2.6851692351580327
3.092086246951883,0.9437507270727866
-3.4744594785865917,2.465867498415167
2.843510291830533,3.0305853891373684
0.21189713813030178,0.7818111898620776
-2.647463141984355,-0.9083012808041953
0.9771633807218029,0.5846834246634977
-3.269003837824189,1.3150284157462253
2.5138240399822407,-1.6164095259515086
-0.004338851248890248,3.077792482407965
1.1335028160329774,2.8871807937299985
-0.1831916304960505,3.1678075262387093
-1.641234639829553,-2.4379543688464502
0.7568065664624397,2.3050212171627296
-2.9664389291664066,2.372894428403725
2.7423162465773157,-3.3858073228990184
0.4674233822778886,3.053722122524672
-0.3437405881459225,-0.3326041500906439
2.3679460170282085,-1.1841083341453698
2.610293373282796,3.229128418749265
-1.055526977202006,-2.8553460276799107
1.5708652309804048,-0.48840043842660547
3.162860299672636,2.616728195977359
-0.11602782669625089,-3.035644042595873
1.0588705567942418,-1.8265838421363845
-0.7211069709871907,-2.131000768375032
3.1371402035375655,2.5380861030418775
-1.0560272812524134,-0.33985294429361507
1.3450471090482348,0.7152634967076734
2.526068795556037,0.9661220002877899
3.6522431848766588,0.8642711918051786
-3.197387896853265,2.1282413398202245
0.9333636654239171,-2.790275276095369
-0.9716388213292529,1.0911264532767535
2.3439454821064314,2.41069524623688
-1.209533443950112,2.935210954236998
3.083259622311277,-2.604918675477149
-0.33892995402080006,2.7590217144981564
0.35586554157684624,0.685187035686697
-0.6247624529799704,1.577923451339955
3.200712531511863,0.6400716770115592
-2.628679948624572,-0.7268223999089303
3.3623190428316247,1.184020972367336
-3.0127409282864934,-2.9437966876871466
-1.0657366760808376,0.7608378594440295
-0.7562061430075034,1.312161065035605
2.3890057573210144,-2.698330200168922
-2.393689464515245,3.5937005791641963
-0.9312556856159898,1.1636604022016115
-0.9904443946678265,-2.621922095227853
3.214485024197508,-3.5102578322362024
1.3267582719983864,-1.170318882487398
0.81259707697422,-3.3893331838777128
2.2205325298092196,-1.307744195038936
-3.177522836781433,2.0794830383175698
-0.7112871419552576,-0.3755879313413219
-2.090929773838475,1.1237732579599253
3.7887782697649324,-3.1558782324790737
0.9882610883402759,1.0194147799062332
0.457529876646853,2.5617688166278456
-1.1162024272721227,-0.060706397129372466
-2.6612359514951898,-0.6905930459759578
-0.9431994939354388,-3.050179362780709
0.9445675013852043,0.7765331949721295
-1.5998350817959963,-0.4440553589263399
1.5019135871376446,-3.555274872513122
-1.2478809475883934,3.217316670799003
-0.7822329361901821,0.9262069387647681
-1.0311794678869695,2.4940324295909018
3.574352386482558,0.9221806390353239
0.5267489438284995,2.773098487480666
-1.1382363838258627,-0.4093301391615916
-3.05954729682177,2.494751391927506
2.541784965395833,2.575398474095938
2.898387746132553,2.5282618618727306
-0.5796732007014407,-2.432761409580041
0.2944714239380373,2.8227408834970915
-2.381617711905134,-2.2012086848022787
3.4456237457087817,-2.4628829590320294
0.5775706193168146,1.1296169088203218
1.1195939121678529,2.3526336776412973
1.0681128843984755,-2.6932993945325285
1.1160790759955332,-2.863379444383538
2.7044629985981032,2.835712525690979
-3.183039360691392,2.5352189659546833
-0.4720427550342531,2.4502524849247345
0.8156940887321549,1.026055499956073
2.4295801523402862,1.9320835540146117
-3.3106341290616137,-2.5205183991641347
0.9164687751468905,-3.4436392368656237
0.8433327937103865,-0.3478071669683997
-3.011300833879233,3.1010569390842506
-2.873098783941644,-0.43171440892296054
1.0532638294662409,2.4846966837643283
-0.8304124962411948,-1.8648826202559936
-2.880753583190378,0.7648507259910454
0.6673661276630595,2.693124110069068
-2.766085276045072,-1.2594988190205485
1.2216290932867855,-2.71529277260419
3.634965457811739,0.35591012093622376
2.5852361740151,-0.7383932694142878
1.3020971376698245,-1.1879347236853817
0.942555571921447,-1.9016500659196274
1.0308882956712326,-2.4681867400101085
0.5818947483747128,0.6666587433865174
0.8199738179697111,-1.254974950650326
3.0239543465189445,0.9575274700836095
-2.5043521834601545,-1.0108838230554371
-3.1337747436910184,-0.8283329230957465
0.6898752398641124,-1.0338881221354888
3.094044225539424,-2.2523127669829712
-2.7626193752161883,2.5835999966402334
3.3268799635239596,-1.064940804788907
0.8416109727317763,-2.765276376134035
0.9298954052216574,2.796666083008609
-1.0372083799070404,3.2424618766796627
-0.4185279793383491,2.6384214892542124
2.819980921252604,0.6947985974214006
-2.985460798766221,1.1375264088623092
0.7765225947915672,-2.8455792363036263
0.9695335229188681,2.550343188921713
1.1842052769121973,-0.4796156943696777
2.703581444517404,0.3844063900577789
-0.5131094305407071,-1.0857439148401147
-3.14747415887915,2.493362041635887
-2.724706557317423,2.918861093542646
-0.7782555636739674,-2.292709224029295
2.9197407732866925,-1.1289171386177796
-1.3599272027770155,2.9181828216748835
-0.660614596811934,2.5990933575202844
-1.3838007971015556,2.119029242196852
-0.8655397136898596,-0.4669949895254333
0.7896535826762913,1.9489796055122162
0.4268019960458703,3.2293717002076203
-0.9745760637609866,-1.0142212207308472
-2.521505678800944,-0.8107844711489904
2.9913053205408113,-2.88142699390336
0.6021365708501982,-1.5360038794977384
-2.7304149373910023,3.282682195415587
2.612165999194743,-2.553102444592723
-2.957315752593857,2.8333227228808475
0.9514798081605531,-2.6191403984963664
0.799350670899929,-1.1738987833150314
0.8356528104399162,-3.26865603012861
-2.5660042297691095,2.565209240969851
-1.0214287550995145,1.1547876931394918
0.7045151955255892,-3.714038485567895
-0.744305847125756,2.4617924310297745
1.2131601961637657,1.2262889368730592
0.6558836525427383,3.4131662405774232
2.195305698412424,-0.9819898458217322
0.9506472469867822,1.062873788005011
2.502133837900096,-2.009544167950785
0.39689806868207256,2.309764482538148
-2.955272768518613,2.3334042065561262
0.385804881747733,-2.1411516044176757
-1.2138419864725551,2.930592345319638
0.07350122098386563,-0.49697828951481343
-2.5277002551913434,-2.9438388071885826
-2.920106676895019,1.5065435307390778
-1.98457287850531,1.23490563014992
3.0906400060362063,-3.188333615818015
-1.7603587228162436,0.6237281954267796
-1.309766796385549,-0.13590187683612562
-1.2036392391037278,2.3206699653231744
-0.9544111170067605,2.4792423594790174
3.239880980515038,-0.7766610343145252
-2.837225510527332,-2.154399583494041
2.8353837758045244,-2.8948853149988127
0.8054665741998653,0.764221526055556
-0.9501027277502865,-1.1679223279773325
-0.8436514482579719,0.8150411199528727
-1.305276307086129,1.6979350227034984
0.9900346978605773,-0.8146564073180359
0.6644234754531375,-0.9443830466678199
-2.6683890069063825,-0.36951316174123555
2.6137850450110576,-3.381733911549786
1.398381844400945,-2.9386844445465394
2.8332761196824037,-1.2684038708371126
1.6601421380322323,-2.861955136960637
-1.2263752346142778,2.0703660690784074
2.6748663615982156,1.064462023557271
2.541743290802561,-3.229189168725188
-1.0201611689587975,0.5253445693428612
1.351053767754492,-2.8973598343320126
2.938984738668512,0.6163297834930127
-2.923752019291045,1.5741399190751117
-0.8921719237866862,-2.558974266006591
-0.7768820579322934,0.7687053459200733
-3.0687894853777635,-0.8302407307305439
-2.974611168471265,-2.8229098911638038
0.7222710368546873,2.129483838077166
-3.2362018004284256,3.378340818577868
1.1180608136955006,-3.1760235656018247
-3.2027399127440592,-0.815167545482665
-2.4431118784628665,2.8907723780636188
0.7528797661050372,-3.2540645160691484
-2.9817387047209003,-1.2419270366085362
-1.890562036860757,1.638166961045814
0.5234614410183661,-3.253961014973396
-3.3998167670280095,2.3795871622640004
2.768541179644024,0.6339744410954206
-3.27470905099765,0.5466555538641984
1.4913870981886013,-1.2555066086825304
3.2907087239650843,-0.34511571881595315
1.3022509663567692,1.0595161222019598
-3.0396917363185043,-1.3715194015332473
1.5703002831984467,-1.687053792596543
0.04826462771749908,-1.1202705416273757
-3.892089036084846,3.192354659829518
-1.1813454235124832,-3.066394144017271
-1.7059130359890615,-0.41728108047746515
-1.7642038658707422,-1.3311358059345422
0.9520356936268032,-2.119215066018523
-2.53815897383023,-0.6933416304608895
-0.3736569117318739,-0.8642972568360608
-2.827887994791458,3.0588918052305814
-2.5627681499313377,-0.3682314580714921
-0.03517392764831499,0.6131060718574037
-2.6658243003228907,-0.5099753231301286
0.6023166020471685,0.6599702847680885
-2.66307919539673,-0.3941482602960131
-0.5281647853029341,1.0638391816502972
-2.8767823095910807,-2.178155903040722
3.471328199434147,0.347802611166759
-1.0548330352887099,2.9924886597410443
-2.7561524628734295,2.779711176486096
1.1263630766474826,-0.5555597405672703
-0.9745807428440463,-2.3817759134799967
2.9556921794332727,-2.452358422207712
0.7145333230376903,1.9311771818595445
0.5753459733108879,1.0967889130545463
2.9140331723997015,2.980830942421702
3.3975594721375115,-0.9240215840020392
0.514902894954672,0.07029902476139004
-1.4727289987616987,-0.5080993218857499
0.7787793780150553,2.7116015248501437
-3.413084951250538,-2.3692445223479823
0.6726862551836458,2.210025303723901
3.3211006060939137,0.5428694044692725
1.1238614459118996,1.212418062236469
1.0309289752141662,2.7306404359786924
3.3972918122655678,0.5597442267227901
2.7034521920400754,-2.5164279852316196
3.7427657133160843,-1.891353873927611
0.3272827756460528,3.6227405676199966
-2.8767549738575227,-0.9894886990785448
2.7220393403742267,-2.608433881511828
-2.9778587750932783,3.114780567897265
3.4349825758713646,1.3479206246631894
-3.2993601104312145,1.0462156265177658
-0.43766164644172106,2.714654245991131
0.8298141835913196,-0.8097900199369052
-1.038000123676706,1.6158394177962205
-0.7616361724125499,3.0509916525267213
1.713307825101399,-2.9257165205749645
2.5430320582814265,2.914427927317346
-3.246978071409878,-1.4120918186688536
-1.5618584651927574,0.9589924191747562
1.0724000307058448,-2.837394126579128
-0.7666720714027779,1.6666133735887565
-2.4977484826529652,0.8205561515463557
-0.8931598675540486,2.3050533786598972
1.0714257223922559,-2.0962174843495123
-1.2927387542196556,1.189340117718119
-0.27026280962783444,-3.11036642560177
1.0440814915610217,-0.12363246125983698
-0.8622704736802257,0.7891277101498021
0.5093140376248855,1.0136028631952712
1.2037081128966582,-1.1960548281921437
2.6280972015091497,3.1324242849245283
-0.41936948393323525,-0.5577220977224077
2.724039320666725,-1.4880345924020046
2.8603961339205735,1.1252771905932248
3.129764647294397,-2.8366295275877857
1.3642879719280525,-2.857220124651555
2.649218949195173,2.680766004175724
3.233500011285263,2.577442372578617
2.6851708662545417,1.9569762293815853
1.5452148539745487,1.7237543282714516
0.8829554988677973,-2.9982554478618004
-2.2508448598068886,-0.905876116178676
0.8008686131259374,2.8681743041123324
-0.8771554886181314,-0.100670347172588
1.3540870840989965,0.9097879637208325
-1.161518864154886,-0.4340230608325568
-0.7918686741278874,-2.911133834387822
2.9413386777775496,-0.8000833807496152
-1.1807026006817474,3.5206192076806833
1.6363532885321543,-2.8566688343312356
0.8217080754096089,-1.0608652816808395
-0.9632461357028249,0.06243640886897156
-1.08164983115872,0.6962737813632459
-2.124424803556106,1.148591870049429
1.4203130044391328,-1.4628787308192575
3.106738300923902,0.8468002785619899
-0.7593831672759971,-2.3088891205745448
-1.036026071124467,-0.7618129572876163
-0.962303158931605,1.4803353034970004
-0.5652722870324702,-2.506305266153832
2.653273212829117,-3.4550467806314225
0.5929037241307648,-1.0360694183783763
2.406406024001045,-3.0480928190031435
-2.1639665409702653,1.109959627532147
0.9090404809909727,2.683622636195923
-2.9372800650891926,2.219127505252301
1.1981560828404496,-0.600644420114795
-0.9588694261397844,3.120944177799662
-0.7089843051345842,0.6090753689061965
-2.7338752087105234,1.3861694517956928
-0.9364226333887061,-2.7291658499969307
-0.9240665583393673,-4.052290732800802
-1.0569702171424151,-0.8491332480452372
0.906417626710253,1.3319972145897088
-1.083694899339788,-2.1899320094893726
1.5853536094877227,-3.4024200823342863
1.5106281724309722,-3.1428426545072643
-1.1036935625084507,3.476212873164595
-2.900684223486145,-1.5861041218936283
-2.878918313370197,-1.0156819554970307
0.3278906143101749,-0.5656715774245531
-2.4855040436235187,0.8770411335282418
2.9813718520997754,1.3989633345305688
2.8067097581961393,0.4834527875049383
3.282759592905138,1.282106235662343
3.0634487373031836,-2.5627571509034404
-0.6041470172133842,0.610883993243608
-1.6960129860687074,-0.7568564154760241
-0.785181966255986,-0.9829223062904299
-3.0547811379299743,3.450027323573335
2.367358429266609,2.6918523627829196
0.30973638365323,-1.0491927453605117
1.1746307559265863,-2.6837298112655295
-0.5580185478869211,-2.754568902029257
-0.5612066661897737,1.0692313461139742
0.5881787205786306,-2.7036650265271867
-0.7911810884209977,-3.745887218334915
1.1064450970296278,-0.445465850762495
-1.2095834566595864,3.010718652246001
-2.8073234853699356,-0.3273666971811268
2.775122337224658,2.579785360126454
-1.5578765168738666,-2.4208298248758013
-2.6540659744891113,-2.5182358457841354
-1.4067020693424808,-0.7886045509842179
2.4254596347184894,2.089634190252827
1.0929495120165162,-0.8872490216535196
0.8945733490519392,2.3460175150057836
-2.8778123566997347,1.3413500975646346
-2.9634194791392163,-2.782584161912082
-3.0475521803543812,-1.2172784601321422
3.1208818348023244,-3.1071031011703805
-0.849080315188928,-0.6645612762745666
3.2605911270472947,2.0396397101402113
-3.3031317193376677,-0.4264852131390168
1.1797565037983584,-2.7901414260723305
1.1139235821596072,-0.9326942295145966
-1.7130266876691829,3.064885871807753
-1.081637930107395,-0.29674471014313775
-2.010316675375807,1.0187673349692326
2.424329851490647,0.7705311148935927
3.1881287678991224,-2.9881551770379713
-2.6684368823147886,1.6685202075055052
0.5936873606109291,-1.2284065400679502
3.0293384572260234,-0.8057182306665575
2.864415480325929,-2.7800803514529067
1.04538232403108,2.6779058590360862
-1.1290874522960581,0.6258089751990926
2.6848152657141053,-2.8533972352161023
-1.297881785646866,-0.8486156580514614
-3.061788153136058,-1.2635187440598343
3.1848286169732494,-0.7849891836825293
0.9727728392429097,-0.6434907642500727
-2.747169759913926,2.467557034757182
1.3919203079237306,-3.019652832582218
0.048895733767467094,2.7606079396524223
-0.5136551007758166,-0.13924500241013624
-1.2995508267097338,0.891962367184892
2.800872700121858,0.7918362644702662
-3.0959413804868823,1.8989169105150172
3.4931182064588597,-2.8701090437034846
-0.9191063176790905,-0.9756091796982118
3.084829996566039,-0.9719276450157922
-3.187675487988397,0.6597084441506881
0.5246537362758004,1.2209037628419637
-3.0665883085890555,2.191768712633395
0.9791627784359007,-2.4642558925379787
-2.191002145267605,0.34646700560626126
2.9565311210784624,1.2430395776622452
3.2740018622252305,-3.3182158268321937
-0.6756305853390402,0.9400089005435657
2.33595594176706,2.952031043031844
-1.1463891281525698,-2.8297060187956298
2.7548815683366707,-3.4083965298533667
2.7046802257876568,-3.0319874783046266
2.524076392545886,-0.6137748495820904
0.7011894155215996,0.7629031293289724
-0.7104102686997397,1.185450328635673
2.9393283899679745,0.7190152762551331
2.1671165028768877,-0.9460605953081971
0.829635761267483,1.276793322488613
-2.601983753115434,-3.3380777188618507
-1.19063502853765,1.1169360414237213
-1.1706692073340064,-1.0348912395736523
0.9561885463148565,1.3819124801916203
-3.3214857843441914,-0.36334777949000896
-0.2945603705628997,-0.952521108957082
2.5984559512369105,2.265698049621333
-0.5007393985352236,2.3949281838576706
2.910146193495242,2.4781571417574413
3.047942464217843,2.535942185980992
0.8073287635057711,3.2616327415959416
0.5823717140707805,2.3320544989736223
2.9486798551389035,1.6392348425724101
-1.0057161782242092,0.5440081241657313
0.6207981201492964,2.7171884070609837
-0.8170164421644838,3.161364847204781
-1.0838944490168614,-0.40178381988268635
0.8996933238338625,-2.71131681469553
-2.9044955178100653,-2.5029407808388373
-1.0346322873337659,-1.2306829788715163
2.4682777001194367,1.1142268318142103
-0.7975014696055411,-2.515514284634442
2.895896689745109,0.3667207008246113
2.993890897534104,1.7789290404129492
1.2792660084028107,-2.9795939889989342
3.1368715932609335,-2.8905334454158864
2.3603649291653777,2.1849753497315785
1.5809570590194806,-0.13239314130822313
-2.6466793108623263,-1.0594857807373976
-0.7450150323655861,-0.3265706302657994
-0.5997493380407602,-2.7445288982369376
0.6146521666659664,-0.49176101277266315
1.0140177171812368,0.7868263934743065
2.903020168578629,2.2061915453177585
-2.8462136522100234,3.730381954692836
3.2603067799726335,-3.2040658431410534
3.224599818041787,-3.235834385188338
-1.327936749685738,3.2421327803217728
-0.44389533861433295,-1.2357490332061327
3.050896140221235,-1.6212571502280133
-3.1333509209278816,-1.0568700779889377
2.9073192401526518,0.917555471440188
-2.2074309202187092,-2.672959475166707
1.7898581084916156,3.6479204526212294
3.0320246601420844,-3.409214543510627
-0.734312270023982,0.46992708129897576
3.0522377552523676,-2.5021867446182333
-0.818939806246606,-2.572857599442501
-0.9272010827305026,1.2195182329468088
1.1921119708914314,1.2846932710153873
-0.8517719424457799,-2.530595160746732
-3.100945685753593,-0.7780868976492964
-2.916900860631673,1.390380874808885
1.5106382268791416,-3.053591827954012
3.332438186819186,-3.0724490317933046
0.3387897230122283,2.7020553559963476
-0.7823851802525039,-1.0871075215227701
-1.0966881847558159,-3.0211456378249233
0.36336793325861794,2.3521664673114078
2.9100208319639957,3.0069582600445695
0.8411812502008162,-0.7049963437545081
-0.35019765522505336,-2.6845749560959327
-1.195392616423501,-0.6422555460653446
3.186754450220704,-0.8185651161933066
1.1681479532957266,0.9838309077200363
-1.4643420600688788,3.1314020842947516
-0.7742156004032541,2.1812652539980624
1.0012444208995972,-3.1138312726385875
-0.26272008380237366,3.0674794436226276
3.089219275864479,-1.2713315870670823
-0.9851876515729612,-2.4036287550700925
-0.9461201681188455,-2.5019281739608408
-2.7505644719267304,-2.2955305707185354
3.7328110260510665,-3.617536583832588
2.4744337881733873,0.7181821023451981
-1.4851663993315567,2.3952682844856925
0.40479671161626285,-0.18616585951132156
-2.798777106770217,2.4600122681368677
1.3232426090419096,0.636234615627843
2.69745410832172,1.6154657679896591
3.1255757639222383,2.8696112728882985
2.114920432180201,-1.03992060563884
-1.2538658018829023,2.6027753595928744
-3.053815658104224,-2.5010606690207347
-3.1538216004115,-0.6726902557192821
1.3688980036843588,2.6562713858828286
0.9137252333596606,2.5002678314530864
0.9640247263304997,2.757877790838049
-2.7510538288543676,-0.8368442227756713
0.8020489018137508,-0.7947731000509192
-1.0966707284654924,-2.2563596191824526
-0.7680770929766982,1.1807295957260426
2.8498446699092916,0.9392301831390909
2.4788001968200253,2.822265019333871
-0.6572472770203627,-0.43160199619981754
-1.0409198871541272,-2.9240178758769164
2.735390793922896,-0.7229254542888847
-1.265576098854963,-0.764364843473768
2.384142255854853,0.5861792260910125
3.1624751838993457,-2.5701853007644218
-1.5754472738716643,0.6544139390181968
1.1414956418402937,2.681573938560113
3.243400844969822,-2.685144833909844
0.9152420295718794,2.8308596034530216
-3.189309530753668,2.361888961994064
-0.9574164979417144,1.2624826952935064
-1.0812943053011774,-1.5766531426706678
-1.0610747123263629,-3.228438276568996
-0.694031440703803,2.4624175789280103
1.10422097962183,-2.9513430289103972
-2.992307473331633,2.4452925727986154
3.4261121211603816,-3.065795408730101
1.1199595900414536,-2.387434137520144
3.184356792907318,2.7851543291251266
1.2554033824175037,2.942023775021704
1.0432778224364263,2.4178010239950396
-2.676934430484557,-2.9562569453380045
-2.9398093979752407,2.709896134465358
1.3676421790993984,0.8469805030165722
2.3207313341235896,-1.8865862555113246
-2.1404704839567312,1.267056755210605
2.7230448517227144,-2.6681782317901193
-0.992116362396316,0.9165014429200988
3.8521449654834607,-2.5305104485086494
0.8024637476182271,-3.1099286586311132
-3.0035152926223665,-3.0168360461329695
3.3326980338119334,-0.9380839265142389
-0.6754833173800511,-0.37748194599772855
-0.7697152906857857,-0.7937611808003536
2.4852082906641852,-3.354587743516424
-2.9980303898344354,2.3715627637578787
-0.1654909824669456,-2.407743995901196
2.819467582079781,-0.6507741954478251
0.5921601615760811,-3.39340854390266
-2.112617356441639,2.876542659922252
-3.1495846872214055,-3.0704335577345656
0.6519935774469289,3.0066754748537363
0.7348565528067755,1.194789804226378
-0.819974096024082,1.2800526621258228
0.3808617509121699,-3.1891101962252453
0.8469116470608892,0.8670426496256752
2.5299624983172575,-0.5512386742659888
2.948994968362137,-1.3797064701981263
1.3894576588543277,-0.3444274272853229
2.5596369140191397,0.6140818478995991
2.4563048376871843,2.4423749218874278
1.2250025788925412,-2.7108200105941838
1.3298303033481413,-3.234786533980085
2.321221077153695,2.41834355742153
1.0127822999891782,-1.0901704756209842
-2.9520424741677944,-0.162362578173596
1.6186218500595955,0.6810099569204056
2.6509098669358226,1.141999519188488
3.0601776383935606,2.4881200309539855
-3.1103032782483155,2.4419077328670036
2.660634715600709,2.634755582646451
0.8946386029212507,2.27217669317665
3.158048968380194,3.1741808046585493
2.634693741640696,-1.4763457982333652
-0.6723951519153218,-0.8546847513730116
1.0227551844051048,-1.8641829993916998
-2.4851532954932867,1.2763578866995124
-2.6254795458105513,0.612642999802032
0.8783005454552383,2.626025674721377
2.1809075645362035,0.3249280127962803
1.1308013987744927,1.3263649578405574
-1.2309644888518412,-2.6038902949465577
-0.6534949858125887,2.5445780077862783
0.8977569094218699,3.221576508941374
1.224369680626952,-0.9460234364444082
-1.0870038546456047,-0.7150439301681296
-1.1745138652613667,1.3569417009942355
-3.2458447627316445,2.331349958352885
-2.3905577917056364,0.8118491547825306
3.222603005282265,-3.340001893060459
-3.0216631318403575,0.8421879231432879
1.4395527132416328,-2.937213361539204
-1.1964409990826903,1.0042718142471065
-1.5068663941361349,3.5082230756807538
-0.335525096037855,-2.832005863586236
1.50791149968095,-2.6243090961620443
1.8550536687493269,2.401417677154172
2.376720842929599,2.7596665141881735
-1.0830743871942623,0.8702165601978478
0.7398045291422631,1.0473917375144108
2.885736478852389,1.3574218586180256
2.604291819755539,-1.0800466557303756
-2.9203684455091476,2.7111394891360074
0.8771508065849867,1.391535918513324
-2.979801816519583,2.5529805473244434
2.509584758729251,3.0454511245831646
-3.8177365788413655,2.614018209382358
-1.4711026053060312,2.8543681881454557
-2.7463547122269834,-2.27677038597976
-2.6019446411631377,1.2295946938749724
-2.8421874890478245,1.4346510651507465
2.471260672441635,-0.9152902368242626
-0.7522491089436462,1.8558107148720329
1.1759285571749216,0.7381363238339063
2.5721610451743087,2.122332942718504
-2.2077150404991546,1.5595183464956968
2.5034866633596096,-3.2020915196259385
-2.9466549026981044,-2.0969053163773395
0.5555446107939706,2.3890807784494514
-1.4499179987237067,3.725788816902743
-1.2514564543088111,2.430199619759327
-2.8990784155410734,1.4578232315928203
1.2646162961550258,-2.928480887800536
2.758317384300504,-2.993688686967132
3.0363362986857596,-1.3316163917982833
-2.902755780076926,0.8196113363585321
-3.078267150736394,-2.009040499042048
2.7874306257956403,-1.2102822763426602
-1.0992042014508296,-2.707638669992032
0.38557878922553696,2.434158231333695
-2.390334168871056,-2.5802093210150194
0.9258242543482209,0.07982829936312692
3.7156681613996394,-1.0096616774725315
-1.1211260412075308,-0.5563418476184792
-0.6339653757865458,-0.8869617939103779
1.967553805482214,-1.4408072671306766
-2.8201088155450686,1.3760984556498048
3.053616564153247,-2.859605391494454
0.5741279372946321,0.5373242431995336
-1.2374627649336913,1.037331179501491
3.015204498006731,-1.250702781303235
-1.128266973589403,0.5669800282460423
-2.7943731781490997,-2.6337951704646065
0.9440989739929907,2.6112631232275474
3.0610169435731582,-2.408495487255722
2.641543943577395,1.2219713783294
-0.969000426559969,-1.2948867200465872
0.7430370361545012,-0.9470340339182504
-2.8281391895906194,3.09695039645487
1.1333696499931263,-2.635752152712052
2.489124951886353,1.0480233729269908
4.013753342258414,-1.2447250279734954
2.6296106260824543,1.9296522909435674
0.47109910842108194,2.9300230478511304
-2.875981985709848,2.76549663059537
1.404395594442781,2.8186120399781562
-3.1089519676006474,-1.352207543504891
-2.8620153566217263,-2.6544256577038765
-0.7237943305971359,-2.359663013067445
0.7230611456557023,0.9828991128146883
-0.5919783648016107,0.9691984487849176
-0.6857215546036293,1.026529452441332
-1.3886789727088993,2.456508893713157
-1.2947963226098236,2.667716382828941
-1.3347517299650558,2.521157552612291
-3.6476510745458426,2.5787222991504777
0.8649289547638741,2.742960758769514
3.128796962858225,1.2458744245457287
-2.950772447549847,2.2328764289024168
-0.3406451842361867,-2.6978161750166896
2.9622299302438644,-3.3537752286656066
-0.6450519466701383,-1.2483537701984138
1.2093052399487465,-2.939275145888509
-1.2940044927090324,-2.8383490129346147
-1.082800432978225,0.6620907609717345
2.6914592623218514,3.098942508779455
-2.3459732147425285,2.776677708951811
-2.7768275532171263,-0.6127086425104596
2.6657805365685245,-0.6611143386240728
-0.5757513609805117,-1.47348173861563
-2.517354100224798,-2.6507728037323113
-2.715635645055255,-2.594981231111388
2.7698761815315787,2.238583632484756
-1.0692780533231492,-2.2656274540987758
-2.971490163070996,0.42120527419624076
-2.4988381925715872,2.098077976510401
-1.15811671124212,-2.8143689271896486
1.6057658467924547,2.858748850807641
0.695175148713072,2.485061503411634
-0.7079945811402029,3.06604430079875
-1.6809667580553247,1.1350357121192145
-2.730513704040069,-0.47156625292830884
0.17140031132418038,1.431041925236076
-1.0353474262305058,-2.894819240007359
-0.9326254643817447,-1.2377056210724846
-0.9289003915155242,2.6085108735432203
-0.8002697170573171,1.073075325147537
2.563067675883944,-0.4505801452591519
-2.7036811913677465,-3.001457161243844
-2.662042316070863,1.4934756630204737
2.513323130725442,1.0762745425762643
0.6773382113811629,-3.114165063588538
-3.2227553276896295,1.0515209143083333
0.9023913939427903,-1.1309277751097857
1.0336274332315059,-3.1337090769727927
0.9905845582219545,0.6874021431115276
-0.7039300901845089,3.1234021227588835
-0.8163727098229598,-2.4087996275415007
0.8772158625835371,-2.749557393507511
-2.068503656308537,1.0286430611162962
1.315964224957043,3.101703270108928
0.6689893185616248,-2.7038732049799954
-2.629708838394097,-0.877369563861867
3.2668762571690433,-0.7834359037444287
3.5925196656280045,-3.640284100568872
0.31682507594374704,-1.0275224935930645
-0.614307072372837,-0.8874377069134968
0.634214731664962,1.406392008373601
-2.278329281446792,-1.1893048132097772
-1.012459903372379,-0.7046623658115809
-2.6939097809979704,0.563959773268532
-0.8833829404468839,-2.561100479949578
2.5940134141246314,-1.1420211902343533
-0.641318829843643,-0.4386722290008381
-1.2894632898495957,-0.9312899078635176
-3.050142578623617,1.3407388863379333
-2.643213738674675,-1.3650931598122138
2.839464711092062,2.6614613137085272
-0.7271845001854651,-2.7699900811506994
1.2138606328311026,-1.4248066944303845
0.3463956887368477,3.182016163150781
1.2790634773152316,1.0033936134730574
2.8174483045440466,-3.32351554360465
-2.1024827368451438,-2.4311794806033746
0.8653857682042985,0.9655987989797492
3.3949793486694833,-3.084299563384827
2.2591138518887606,2.553433599677223
3.1814141513422696,-2.856975871414108
3.2400367751492154,-2.428429590458182
-1.5860442891236524,-2.4669667089237204
2.700094182222413,-3.2675385659226257
-2.50501566389523,-2.5510459969720305
-2.684533705881534,-0.9078036844075084
0.16994619025345278,1.3891957966781694
-0.9357471375111669,-3.0746778483831423
-2.362203661054992,-1.0392810240642476
2.32860251482691,0.5137173834119247
0.40452835417282607,-3.622945573978351
-2.150768696642836,1.482076914142802
2.537908696919921,-3.3209876391109696
-2.618042601904709,-2.33975684813636
0.7967171995379998,-2.7415868759863757
-0.983182466444137,-0.923703501388995
-1.0471428733462147,0.9464079649425128
0.8269115696621948,-1.8706801566277538
-0.7288516956104185,3.21744044352681
2.7900691080809032,-0.853674720647269
2.7458167020843227,-0.9636679294203182
-2.51022029135133,-3.2826664112696657
3.4358745783809344,-2.9121462565323384
-2.9360282534791273,3.428874823295967
1.1156321076757998,-3.057840285703927
-1.1373744985283198,-1.0320500409581663
-2.202920010056911,1.4475292610391242
-0.8621988857411801,0.7654504622289434
-2.169974077893579,-0.2638825974580226
2.969561204202095,0.8942191670567997
3.017424738789788,-0.5347885036654412
-2.600262896053146,1.0375922958279942
-2.8051046372266706,-0.8798456318187418
2.849928852841466,-1.1034481789345865
1.3311027453089463,-0.8241776582157936
-1.3762990502351455,0.9826928046452381
1.0111822563322346,0.4730133816815459
3.2424964266000873,-2.576792005685623
-2.646783417219327,-0.8226288033157524
2.6580712725035807,1.2127652011155665
-3.3132535367668368,-0.9464657408186624
3.1425185172844685,1.8423035561525267
-3.158289787479154,0.9776538980826598
-2.2889908403027794,-1.2971495804058732
-1.2737810386882937,2.558322585690226
-1.5736446236955606,0.9027034396421533
-2.7441130081713863,-2.5130092147409457
-1.3899960103653697,0.8776508066735835
-2.4226313083398607,-2.458107751246893
-3.226014809192272,2.6320189528188367
-0.7591378272085522,-0.34273941838819666
3.1129395496369954,2.157439610236709
-2.4422803917438087,2.581017028763982
-2.8392426339555694,-0.8706934561099406
1.2079620436202374,1.023991945818324
3.161506413703586,-0.8416171967719139
0.4036400944254623,-1.5189781179481954
-3.117117333225819,1.0347944231567574
-3.10054689109406,-1.2305761797572925
-1.500373050339224,-0.5869083775418269
-2.8237769495954232,0.7710510262890073
3.070618404103345,-2.543160176492205
0.7297608282050412,-0.9345430713607555
2.6380519130641886,-0.7580027000750649
2.2546735980668253,2.7026088752501978
-0.4283606820620528,-0.6463780301713479
-2.980353401054197,-2.8170255390808907
2.4503396647378537,-3.1291249687422966
2.5936382150612975,-1.4053120094457618
-2.5906672711989747,-0.12891088981923177
3.2180063601357904,-1.181854147273684
1.248664560272118,2.3102836230324315
-1.155069272590307,-2.419139252011847
-3.310205744430571,-2.8381481686007604
0.4235511604854062,-2.9141481851707
0.3511911300724823,1.6244049247587022
-1.042074338891598,3.373043483233679
2.9554824934040513,-2.871240974456679
-2.6738779110240043,2.1621939939877888
-0.7935753714752272,-2.1925422396444008
2.11276666230158,-1.2541062056924432
-2.902317678562645,-1.1548431124280136
-1.0324410335470315,3.3339724488663434
1.0216386567537823,-0.9970792223910863
2.0568910950235844,-3.5247123787236903
0.9769308955808639,3.0724532583655693
-2.8304864231355795,-0.37864420021872597
0.9453871255379929,2.4035350755083162
-1.010271025300828,2.8411360059880386
2.1036756294952084,2.371028438308298
0.7607122351300865,0.8561431740168834
2.0485940467809685,1.207008512222831
0.7895082953613093,-1.3665658846935342
-2.6430303215787307,3.311816824042276
1.3591453597999397,-2.4527537950989653
-2.6173384571489073,-1.1318272995163583
2.690698810490779,3.4764664445051987
-2.8170676450541143,-2.2958374307834943
-1.4270392934898248,2.796778423759752
-0.7687515362331488,-0.6283830848889366
1.434370928408388,-0.7767122752156416
0.4774349675170791,2.815458254158168
-0.6021473865512135,-2.572495494305333
3.179676420710844,1.3576010717339109
-2.5389017196567956,-0.46830220723283755
-2.743773484989999,-3.3363024511791655
-0.41153906065737644,-2.509303689735335
2.9459273638173533,-1.0344381906346451
-2.5089883320957282,-0.3215122351372501
-2.0168659535874407,-2.760489723122688
-2.6802450473726576,1.3676842334053734
-2.4058479904406274,-3.4092343790861874
0.577666134884002,3.4070146171490334
-3.069119053137244,2.818853911915839
-1.0153907617316786,2.413462790996091
2.9295655240634724,2.533979380099186
-0.8153078667999298,1.4896185590137414
-0.9105328246489068,-2.7298749434662706
-2.2273116362016983,-3.2593092611859826
-2.5359856426091447,1.0529648880080393
-2.4356963750075526,2.5265473824362092
1.4723586753459068,-3.028917823968559
-0.6975346207254128,-2.0441638385616727
2.1257352157791654,2.6621032499995585
-2.62878626549602,1.4274444277387182
-0.60389823112046,0.21041419384039337
-3.4516874985243278,2.563461832122911
0.9702841290999253,1.1790582580236957
2.967579458630431,-3.2008584659246684
-2.9739834895366015,1.172017085169033
2.4585084358941165,2.5928414018455754
-0.5210574774376981,-1.0599167290961093
0.9092752332268512,0.9860596928757759
2.8623554936358246,2.2492800560493484
-0.729115257442668,-0.9155253071939359
-3.081538258760092,1.495331550050961
-0.7762231300811863,1.393437354728803
1.8494238191855439,1.8495609895358647
-1.2821635181724282,2.652155885117623
-0.9813084465942458,2.938768256725986
0.8307391089759557,1.1274892737514344
1.1218946267439136,0.8031024918612861
0.6634516921324768,2.626724128460078
-2.074796663362348,-0.9940698022226987
3.040508228172494,1.1253866296114474
-2.5346077254770676,-2.785207734122148
2.5513051249990983,0.7297960796541164
-2.8753593177222774,-0.7793687962191703
-0.7873961354884259,-0.6836887133010613
0.9247478549586242,-2.8769026693405553
0.6545646802156335,2.6962971513622227
2.9031133589688807,-2.489535441731432
0.9356277949092223,-1.5906520708360126
-0.9743422235641549,3.279420715370018
-1.4786447448389533,0.5827425272697101
1.1862257414000936,-0.5074430474113739
2.7747362611967827,0.4824072990324891
-2.7065730419898912,3.3234415193493922
-2.4749218595383202,-0.45314117289934563
-2.940409968771942,-0.4354760070028945
0.9048558425152315,1.20328708416776
-2.443198551684405,-2.2665733515620485
-0.77383362842974,3.000794850355203
2.480577425798927,1.218647489864267
2.6380328061972884,0.862520463063172
1.8835808596818822,-1.2014862710410108
-3.131020746852861,-0.8417809683825032
1.3723169698324973,-2.875479108450762
0.9723917689917854,0.9118006143747773
-0.4916500209002701,-2.4314403993606635
-3.4666205683170728,0.5428407044995185
-2.028235963833727,-2.1878105191714194
3.2297457566960635,-0.299961802361953
-2.774497768213827,3.636598134648073
2.923040268317528,-1.0208424590961407
-1.2072358614766467,-0.38390317733067636
-2.6217361028644035,0.6876964415839283
0.5887960780433077,2.593930151828639
1.3914147949234148,1.0268975646862275
3.0806445738163215,2.111032451991115
0.833208660284772,1.916816407684893
0.9452372068207586,0.9704313370195545
-0.9351224388448247,2.493087158720031
1.4115047002971,-2.9815727562500327
-3.1401934930984963,1.1049351396464269
-0.5955048026291326,-2.3253923149098044
-1.3277007863010035,1.0190972891651549
1.3657350047996346,2.850245198272589
-1.2295208274608773,1.2048009717065116
3.3392671886174257,-0.9705256885481257
1.0648710426574486,2.5058436744328256
-2.5366511738300406,2.9802455279118463
2.678956503092135,2.8489793242183747
-1.1023442140011155,2.6432947555220787
0.8332591685884029,2.0506479888101956
2.998212914375038,2.411778183126063
1.5808945771647034,-1.5776680175688724
3.2264029866120247,-1.0519275363581615
-2.5465140332762455,1.208751928389478
1.051080004924269,-1.4100455822508258
2.8519346151506118,-2.833644399002776
1.2027503725232946,2.429967002424319
3.3749674963535075,2.62037777346576
-1.3435331783253042,-0.4708442719922258
-2.8144592631621888,3.0809606191393684
3.2019018166857958,-2.5244626470838045
-2.8010017316758273,-1.209676772308736
-2.665653503282485,1.0862746998791655
3.0539005078577404,-0.9317777478291599
-0.706585860585784,-2.705292607129045
-1.1941622755536638,-2.936941195477676
-2.984337402038658,2.7019658541703246
-1.2640037458136093,2.7183885793370637
-3.018735386827621,2.715901888731532
-0.36117166158953584,1.1760626120956896
-2.4567576949449106,1.2179440400192
-2.8084800817804276,-2.6902539929543274
-1.203556961059274,-3.5297087306301327
3.0140284834915847,-2.3336469538483104
-0.7296937833114068,-1.1060291168594285
-0.5175249653531023,3.148491155090059
2.8167378492198467,-1.1477833946113523
0.14762052624123728,0.9659903744257788
-2.906929617755643,2.2172048522635834
2.848595034296975,-0.4984492845303989
1.108445705345625,3.145386892496035
-2.7551138177329486,-0.4417908871324872
-1.1993916226376715,-3.0524046545310233
1.3942578519344744,-0.7940965219079194
3.052167115409111,-3.2186404212289723
-2.7334548328833095,2.6296315045258427
-1.1033483850089845,0.7696184349021364
3.051019232863524,0.8053455598235325
0.884462957572248,1.8922624043735243
-0.7213339492421126,-3.4402097605073267
0.69079729535979,2.51261269196739
-1.104937901163426,-2.3239862409632486
1.0105791841661296,-1.03647766720276
-0.638391732822002,-2.9580434753371643
3.250263090710245,1.5314112838709926
0.6237399612825794,1.1590194910732985
-3.253417872982882,-3.2387388871171017
0.6652913860749274,-3.121651941054104
-2.8535465990532844,-2.636750079968895
0.5594576388342029,-0.8488205628119527
1.0097105711541385,0.7955677988171894
0.5068624165255942,-0.9599080893395074
-3.3171867901075363,-1.0115692327571881
1.468632353788952,-1.1798523016968414
0.6259694147800814,3.0355826226064306
0.43218143090640737,3.1742689265483164
-1.1731250129484576,2.969605451258286
-1.1144468350569614,1.2476527441357252
-0.9077850145388624,-1.0005850490079615
2.0339575574949706,2.4440029147264144
0.6158335625396298,0.8561236246029211
-2.615473629609395,-2.910623150304345
1.7458505932671873,3.3183109156070283
3.2561108718671314,-2.576124014130435
-2.0665606849390814,-2.499729261387618
0.33246897009818777,-0.5786417398224905
-2.428182350078346,-2.7409480774399975
-2.705100292614986,-0.5891710341711105
-3.1595589844491383,-2.6296620910542052
1.1653353561329192,-3.10476356731012
0.2960265660331469,1.4476461449032512
-1.788349441010581,-2.7467264437712857
2.408873455430711,0.4539748049643622
-3.0287065001448146,1.5436416419120358
-0.41016832599635517,3.2128450539524893
2.48763503662114,-2.787153891597333
-0.7946838074538142,-3.114623758727885
-1.285246037968476,2.8622692025959955
-1.1106143038594904,2.787431703479201
-3.1436886599584377,3.383617158947076
-2.87271186247159,-1.0778566170051338
-3.2815384907219314,1.2429456196785678
1.0488673378306925,-1.0574156714903884
2.7639080411999304,-2.681164428242249
-2.307948375690135,-2.2908663465873227
-3.027508905531309,2.599508623732848
2.8749460940523286,-3.3771754142111154
0.10062694040894302,-1.1892726241490297
-2.82766899009154,1.386274451595961
-0.9971128345476087,2.84321528065684
-1.0603366347434744,-2.4539964861075627
0.5313283018613209,-2.5498584178323482
-1.3904114646344539,2.5637728395408526
-1.4429374978554106,-2.7256480716168374
3.0199951944377896,-1.4268281596989514
2.597307728757696,2.8687081307180686
1.0468548914380211,-1.2754906457213897
-3.202901571303359,0.9382567656050428
-3.0704977622994196,1.4453895986178988
2.708076795378045,-2.7696492126248073
0.8954965836133671,-3.209071258782809
0.7363487353927956,0.4893988485674027
-1.635644020288505,1.0123858114158635
3.6347927810654124,0.8993301791708528
-3.7758009416049414,1.378090139612197
-1.9965010758995922,-2.490375759343288
-3.1828314650931553,0.4147202415549724
-1.2673483430741375,2.8643574932043823
3.1935646436952636,-0.7476752683919605
0.7985806154567031,2.74705103496038
1.1515687563784953,2.6712545623651405
2.94132610519463,2.8437579608173933
-1.1928270149867148,0.8689202130017806
0.7773491711268712,0.9472363520102823
0.975580887631109,2.6179158520142476
-2.633186134793117,-3.073577649450757
-0.9407401834136149,-2.555680186813658
1.2941200922200509,-1.1539876881178235
-1.3058556856058512,3.1642694474067783
-2.8388710163249966,-0.4910225755426943
-1.4490130987467373,2.5718894123702456
2.707982739762425,-0.3776730448231473
1.152684671858675,-1.1358121332398987
-0.3312965843562056,-0.49432634974527284
0.6721389181789849,-1.3950233698212429
2.320871504875812,2.589460660129864
1.217765528583638,0.7561382189430188
-3.4858660565071227,3.24540670962982
-2.8830523165118005,2.826460228968305
-0.2889603015633105,2.625342635781956
-3.1150370036587285,-0.7766742795959268
0.9105308920937117,-2.920377168768659
-1.0757344253581782,2.5716290017853067
-2.5774506332532816,2.9158670934620785
-1.234424840832793,-0.9601440575969191
2.940370643646102,0.8751395150373023
3.3074639229299683,-2.5486541820434097
0.678835070108204,2.469253910054899
2.49602064232278,3.2899363253864142
-3.04568786873846,2.9346965384219286
-2.6810327516744614,0.9230278326078941
-0.047803291577358874,0.806591528692961
-1.041733714059383,1.7221364283138783
2.977217905970103,-1.0854739216239326
0.2468498124403497,-0.5835870598947762
-1.0992368148185756,-3.064496590337143
1.2670360290683484,1.0641693044593297
0.8615377767676946,-0.6955432090868038
-2.6186797848804524,1.4221619763045938
-0.6752856231749668,0.7621147209114639
2.6961765135616163,0.7001427655861661
-3.063795314918527,2.632244474737196
-3.004278996361686,2.613937480908019
2.876799787512619,1.3179283108132573
1.076541126065618,-3.191885307661483
0.9173481337795758,3.2114762664869776
-2.354237090886554,-2.414360912337132
2.4320203482594183,0.9079740605442363
-1.325610606094899,1.277269373163622
2.4236322321902803,-3.056761726622286
-3.037093645150511,1.8037374972629339
2.832309829537195,-3.136082679258781
0.9400575801703407,1.4437915041976028
0.8608495461641639,-0.9626617251387223
1.045910904669523,-0.7791414379797077
2.4636379710305203,3.305453662321596
2.6146873229931593,3.2273601244469767
1.0818697256485288,1.5686526123555884
2.972056183143297,-2.8699789914509064
-0.8135578886566991,0.4391814638250901
2.207145118810251,1.2848234094476796
-1.2131111085439819,-3.1083233067364566
-2.668938431236097,3.341125642439069
-1.317935399228473,-0.9747015926165621
0.7416946771849982,-0.9806009832668915
-0.8354256732638161,-1.3776644122050612
-2.217657555643337,1.6827685848514524
2.5855278910167128,0.7436994335216631
-0.6267893377362433,3.0314973393076854
-0.9006196187816231,-0.769601278980426
-2.372491879187841,-3.0975528548430113
-2.7737454775213526,1.8363359717688543
-2.6069604583476482,0.7828311202016551
2.6371528810454046,1.41828302272971
2.732056639404187,2.854563018405165
1.1200798222456183,-2.9913252571705016
0.7709885046272472,2.0137568328718496
-0.7409774197473393,2.817843198482489
0.797148726858916,-1.001258646852292
-3.2943484209155227,3.0861076417952455
1.6089461977119348,-2.489972113751433
2.491268382365237,2.4411612321221217
-0.6961504921680759,-0.6560324501638627
-3.3532568768502746,2.5051619346037763
-1.895206929649619,2.875500651805142
3.1485895640542094,-3.163559535116974
-0.9173569285271206,-0.9280425447716465
0.5605004084407303,2.2742475495278205
-3.264260558448729,1.048080098818389
2.555733453993196,0.21435645244635862
2.4203233873131773,1.2736163394232807
-1.8868269997810183,1.5804699625130834
0.8274483166781232,-3.3397039122748895
0.7933106276643794,2.9508375948407255
0.991976549640525,0.847260249903162
-0.866607686535145,1.1114863910611936
1.2969763781707597,-2.744646904548483
2.746875485091678,2.0733304255843135
-1.2706367913505148,3.396762373298329
-0.35623925792879946,0.8489757177604857
1.1470882631414723,1.0812815437965575
1.1912026583171524,-3.5579835762902814
2.784569678355531,3.175696794462145
2.9362839611487126,0.980560149296817
-1.9908957495948616,-1.4518096346096712
-0.3963199103375563,0.8869794538381122
-1.2107904222476784,2.909640878315504
-0.7683141532565627,2.49889931708823
0.7470804493235664,0.4334430084472747
-2.803408270651193,0.03910771421630446
-0.5928425987288738,-3.1488448962829265
-1.1656782846662836,-0.024757100729896616
-1.2875205386902238,-3.0228337013877904
-1.184025523381113,2.955504144551516
2.5514495079707165,-0.18639472788901168
-2.8414936100233366,3.4205658690547853
-1.3205009784020625,-2.5917689003758055
-2.8036718530855143,-2.080677383871795
-2.580853663353989,-0.7268936504202484
0.831183573235783,3.0569152735438294
-2.86477598857731,0.43738273058830496
3.2727333961972795,-3.3406086093908884
-3.4983970788395924,2.598436992041629
1.1086345597429252,2.4941206038056905
-1.284102669735456,1.53732343495205
3.4376096331399055,-1.7221055631855016
0.8050572206855177,-3.1034877773419014
0.9032603221870534,-1.0313017550477321
0.6455877734074958,2.743526941276149
1.0926788654443786,-0.12313502637524629
2.910023696332335,2.4562393889822256
-3.193854691107802,1.3467574378242944
0.9259394669432455,0.04962951335272741
-0.05185738624657129,-0.8243548374632031
2.696008650795667,-3.106362939358974
3.3012577644833963,-0.9050826743977495
-2.244459040739612,-2.4086601205590723
-2.527823522371397,2.7862525390912225
-3.00903540345669,3.068382701821618
0.6146434289605555,-3.015208671357229
1.1509008379737529,-0.8811651799136455
-3.0854243350418034,-2.422120666037356
-0.550716994021323,0.33232108688291934
3.2388239468938878,-2.442337999329051
-1.3362052546467544,-3.328283801702559
-2.659061575676274,2.645601696190956
2.7972104165141816,2.438001842611029
-3.033032227289992,1.6145492723190606
-2.6800401492806807,2.575679585494578
-1.01397815017256,2.9674653197873915
3.492251567084148,0.35937929394291573
2.991741469092673,-0.8760512107759079
2.7845427921252996,2.8716677293573993
2.871813929776949,2.4425378937754627
1.3253298947004262,-2.8477980896433492
-2.9386387855230245,-2.417492143724906
0.61400162993047,0.9102639313178266
-0.6825755540843526,-2.723326690567991
-0.44000069218161686,0.6408481819184734
3.0763217869720973,-1.061179421393321
3.0784327220616294,2.5922335078129923
3.123245178434151,-0.6947180826126345
2.6938704982297725,-1.1056100978904773
3.1206722374762257,-2.2376849878535556
-0.6868185661203252,-1.401208733312738
1.0705947883422118,1.550527324249501
-2.579305372184486,2.264198453172849
3.26432181185997,2.880220395364701
2.7734616371602883,2.4051046245242778
2.9521254073421033,-2.2893693050143233
-0.7347333998768981,-3.0279420070714123
1.070027339356636,2.997853288560191
-0.9870770721503846,0.8653044312697464
0.4963590773158666,2.878256858447018
3.4073524190736864,-2.84348095978865
2.9325071262226987,2.3354277740039016
-0.37688911294645866,-2.5203884250996755
1.3302504024718111,-1.3839072424635275
2.682521535947205,-0.9512787416580478
0.9060220165522138,0.8968289014841061
0.9683062296652916,-2.714506307343371
-2.7739188115061113,1.1939341518580784
-2.8420784466218145,-2.67410996401375
0.7934575300866974,-1.9682249796401616
2.882168860174965,-2.485284318092494
0.8673680031882662,-2.632685761917842
-2.588622731223809,3.000775697520655
-1.16579612957998,2.745177116056541
-2.615094018123665,-2.452097505828608
-0.7149672457807761,2.5390423862705624
1.153722940020749,1.2502389365787476
-1.3060999508608213,-2.5330689915285425
-2.4949108371558815,0.808639410043369
-0.8283058165246583,-3.1162420765431866
-0.8191496690079478,2.6674941654331414
0.5328825981905554,3.4439862780393202
-2.9438761284397708,2.759105964765344
-2.9010818684279713,-2.1860097587070704
-2.413630194181264,-3.3458359816033996
2.3523191686814084,1.442950172209874
0.938132325063128,-0.7093305698620604
1.0617960869481387,2.765360250875834
-0.9084558811889439,3.1472991501399554
-2.4943217082636315,-0.7323318332609559
1.189319261684788,-0.5353598309286621
0.8378129890718321,-0.3220833934883662
1.4151602547098558,-3.407839613184365
2.3361413122846098,0.9174077683609645
-1.8312332455817475,-2.662292323806773
-2.736858094187743,3.4088974718822516
-1.0528003824924155,-0.5659891384852287
1.5100214006849895,2.3733085075020024
-1.830910250182442,3.067160875279454
-0.6695204288521334,-0.7388599556311563
-0.9044644253096155,-3.5173381985038983
-0.6358568465469845,0.5320875193851957
-1.2871882885675627,1.2886165724258887
-0.9550592301522126,2.8833359497819897
-1.2626025783175892,-2.363092805715943
-2.377351430757718,-2.6494371658279428
-2.8508354119018744,-0.6461069678019647
-2.7720142415567235,1.1379138131078659
-3.5572197155709047,3.10312091885713
2.7514614129164285,-2.751371093391954
-1.3961621692860986,-2.699225810704271
-0.061332781204101405,-2.9406278057093393
2.6800480479588433,0.6013506639293489
2.494506628864185,0.8372400624009655
-3.1001641454807003,2.7919135104480315
2.451236138069812,1.054070746829652
2.964690755804349,-3.2475182709058177
2.547651287876934,-2.4452586974091477
-1.2181744456036818,2.9946220670510586
0.8013392635482419,3.036922935320315
-3.442097133710875,1.3250033267823278
-0.7365709233649079,-2.4535606773298952
-1.7788573548865174,-3.0424911334674536
2.596920790859414,0.4175324207344857
-1.9560864362834558,-0.3395194679202525
3.3357446862252926,-1.1885623865811785
-3.249709403711432,-1.3126324963831097
-1.534651198014332,-2.4309277539684966
-3.090791677711925,-0.63051066683041
2.523889853218041,2.764795453698499
-3.654983139505257,2.9504568374362448
-1.1906184073878323,3.2605669509203397
2.837834470114606,-1.1030442555455928
-1.32122347476147,2.73192855638935
-1.2483139808047126,-0.9086143491874623
-0.8199449922789876,1.3974431921910115
3.3705412091031755,-2.951993148948433
-1.3330779281777754,0.8240144821189448
2.9514875083975887,-2.9371416402646937
2.3254085405162916,2.9018344221677994
1.314538142908729,-2.892380572101849
0.420812200792109,2.8989826967984413
2.8984891505781745,-2.7888549399660554
-0.9635569373621222,-1.4700839817027045
3.1209971335148428,-0.28678270384722915
-0.8513389980745107,2.3600876898352054
-2.0894834441568166,2.541502213606528
2.9830337857424163,-0.8803254993796928
-0.1134018658192989,2.9950584417683688
1.12273695307487,0.3920737713288047
-1.7011564547122102,-0.12842925651546688
-2.1483844785740294,0.9079040317749358
-1.6240766553310457,1.2198224511931326
-0.705284464547546,0.8224218498803942
2.133715675340207,2.8574625236948785
-2.877985840339203,1.3395944434615217
0.15014972702489482,2.469837367205775
2.5753733437880246,0.9911530011176657
1.3404456530833126,-3.101247891146358
-2.82478074665211,1.503484681902126
-0.8197623176260198,-0.9452905637683585
0.3615555005271014,3.0945829429757543
0.8312841718250579,-1.126782740927877
-2.9680001960740663,-2.54435691757948
1.0425282351146665,-1.1603513729165966
1.039528880397647,-0.42534022602334937
3.308656719995779,-3.2133680056079936
2.5161435979805566,0.4495415417652935
-0.6541199858489296,-2.118233400526319
2.561379476188723,-2.3125629368991785
-2.3541473512964313,2.756826099096765
-0.4722176629671974,-2.687511160125871
0.9285493563463847,1.2311535702014247
1.5633693390102903,-2.0722339323158265
2.553436665724046,3.0163933972603982
3.1849062570311206,-0.6332573022610681
2.7121469366439896,-2.84587551072005
1.354444042177613,2.379183258056555
-2.8342027540527694,-2.089695893481468
2.4421285417301832,-2.9999020793092335
-2.6129786025921984,0.6750555594355617
3.139025987910638,1.2326460933280847
-1.1965540544910034,1.067706494754722
-1.1697124114551676,2.4541392518854677
1.4202192430528806,2.716552337735203
-2.8711726675885747,-3.042021486005036
-0.7964641195445662,0.38587115777074893
-3.040715897108386,2.2450395621385977
-1.1091005313295283,1.1915538153083218
-0.8725658836826881,0.7473735385315751
-0.5098856001815476,-2.784622674392788
1.0123803406888405,2.287373590551246
1.437223058159998,-0.6428006382589867
0.642735255093038,0.19602216184874985
-2.6091402442964995,3.211100752997389
-2.765108522945845,2.939494687723387
-0.7173043001729795,1.200747259209643
0.636060251438345,-0.9848840944782239
-0.9021545440634615,-0.889523323868706
3.1154438008596066,-3.2555736895995726
-3.230006084272736,3.0320948117748694
1.4167180131596804,2.431424605611473
-0.981471055984173,3.0842936911178596
-1.0610390489376211,-0.27843185292366834
-2.722535871199716,-2.570976930296263
-2.7035519689540264,-2.868479923454571
0.3952672743329189,3.1271221414828716
2.7359659045138085,0.8118635205976441
3.493139640072038,0.5365146328117446
0.9963914638519517,3.2606069206120827
-2.7114835329549054,1.3151474863861206
-1.2564925665690114,0.838993326493414
-1.4804501581109595,-2.828772995768293
-0.9192169410082109,-1.120179883722359
1.983968977053183,1.8351168831198552
0.5474510727281001,0.9852202912512968
-2.777100012565092,-0.08935665787816277
0.9509091001726493,2.6443344892739318
0.7094324859642879,1.9273165477115397
-2.567877898879465,2.715887718659091
-1.01083487614692,-2.2935135044154435
-0.9720660320635356,-1.6341389767137522
-3.039671116477186,3.018867282040499
1.5420678404096921,-2.3307929407151047
-1.5117816347913438,-1.1416162111428083
-2.706781485628168,2.5723841041232522
-1.3801116277285308,-2.66344975213564
2.7995242259076014,-3.2330116268704416
3.086641082704704,2.619574411301888
-3.2028810556988128,2.9416498190265563
1.2071800954729426,3.363428193990953
-1.3192286816086478,-3.172388851479847
-2.0603337820318552,-3.2530561694494957
-0.4244865141756077,2.934221195003614
2.7964178560911885,1.294642544324384
0.20448774229415487,1.3017506405257275
-2.934713147155666,-0.6687304632694349
-2.0138708565980834,-0.9579277864391667
-2.6619018576594886,-2.6606129993408953
2.6762417348628986,0.34054040696489907
2.333066580440454,3.2211302988163957
2.6638490566596,-3.0955799990983337
-1.4825946814401185,-0.5333537012040593
-2.400232654353976,0.8995501148293147
-0.9170897896045409,-2.2748872613417856
-0.810885315187378,1.4378536540662301
2.502165890585552,-1.386344775984482
-2.3864488639367294,-3.354806679389745
-2.693156288075011,-0.12467635081955333
2.458777009289591,2.4069987980487553
1.1699333588919385,-1.4583200969346177
-2.9449792612355856,-2.5518830517305537
3.4320458726457956,-3.0603322249919254
2.6435336237893616,0.46238366889847693
-0.7709875158411662,3.3220383823368227
2.7462125155733106,2.020451023161754
2.8349763812064546,1.15979772185332
2.587785250623454,0.658248957723147
-2.794248896950793,-2.675233516775278
0.6611524541672162,2.299356727573294
-0.5641844887076958,-2.073019050694223
-0.7846273171117667,-1.2059740624762363
3.327050411689906,-1.1337822137942168
2.1757638052415147,2.1387354708166177
3.040386831360639,1.0320387441105985
0.9216721398687184,2.1826017110546254
0.3584296179614582,2.6432335387118333
-1.9269335159755325,2.5282941095796887
1.2947307901985117,-2.615176512746473
-3.0590020455012104,-0.8806624258582579
0.5574745047855506,0.8474022501671906
0.7937410851414866,0.1973007310033376
2.615731034974483,-1.2560155199298824
-1.1772183447981788,-1.0359290369314673
-1.3039248918005308,0.5002537809988705
-2.250066003223543,-2.42076363878849
3.2582042902558177,0.6250014745764932
2.9839253532081846,2.499817678056444
-1.27778619967392,3.0650748677433897
-1.3598403667077934,1.1904519477852102
2.9121946117170014,-1.1086821485803302
1.055209337194639,0.7267856348040896
-2.5242867257681643,2.684090438369777
-1.1992475753104916,2.3442149601368847
0.6672850354630272,3.2349943501951475
-3.704711709747943,2.6880872838874805
-0.9477955862951392,-0.31964804473692787
-2.7926318300354094,1.4670391840666586
0.6310983890073584,-0.5673602855498249
-1.6385753200513677,0.6172353034597323
-2.813823968713213,-0.6827695874094205
0.8722384767658792,0.6968730581952501
-2.613078201249675,-0.5992150477927509
2.796264436989435,0.08966126752507105
1.182934895606148,-2.7538241928343554
1.53017088205614,-1.014942972833125
0.7867011352773774,1.7026190591813635
-2.655665573376446,-3.0013380457711802
-0.7175420149470596,3.064818031294164
3.0894359725031753,1.25236843502071
2.812843602339034,2.2094873329157108
-3.17350056307667,1.5429014889336312
-2.843641667169498,-0.3635609507931556
-1.127779555700542,-2.415402225015658
2.973674531093264,2.200927752312007
-0.9292189098638874,-0.8749181957088241
-3.130726769797185,-1.2930082288806433
-1.507688420258459,-2.541849620878324
-2.451053347829555,-0.5273693130417214
1.4968567603569807,-1.0079392278052377
3.2845841312452206,1.1231476111360317
-3.3541247447882023,1.1826156313759617
2.8810160234781335,-1.4247910843680245
3.4417425875043697,-3.173383214461803
0.9626746333686103,2.4575319869866465
2.5137240244863914,-2.7306940491154794
-3.4978961473919385,-0.6788386461670955
-0.9006966753798604,-2.9780306052123775
-3.66895720458429,2.836784299117559
-1.6188563126116988,-2.9181235353513477
2.2956466445446195,-0.8538284603185218
-2.544113114113646,-2.175553341264164
-2.1981066928353568,-2.989682024640792
3.4497066334219144,1.2264294423842517
2.8977114188269337,-2.6115659906344755
2.5897856033752618,2.3069444801031294
3.07790918890205,2.6504947896187354
2.5714910693318975,0.9884164444999207
2.379661021817905,1.0307760301785043
-1.4312653013342367,2.461243866744246
0.5454573100506311,2.7840174897540093
-2.8588696870379353,-0.8576259383976023
0.938337812317028,-2.522807603034499
-2.854083046308521,-3.030635839625457
-1.4660936494131211,2.5386582307037258
-2.49844788377285,-2.727219121095458
2.678019102034796,1.6821733606164702
-0.10216235119174151,-2.821646732037086
0.6172659625175562,-1.0676699478563798
1.0964735618668473,-0.4515535184625977
2.7719318834413076,-1.6544903995405456
-0.6852133835049629,1.1488913458075547
2.500016555642565,3.2312460757626833
1.0049947788095688,1.800870821613196
-0.9981321083157763,-0.8823197251371837
2.8629509341509594,1.5301949767542682
3.0837514640596324,-1.6338858069355215
2.4805561762947215,2.9931508941644167
-2.2582104091990938,2.409706602204375
-0.8582748384815025,2.708645706973236
-1.0083923430303672,-3.0506745650089644
2.6071451079261982,1.9126442205194651
0.5083085626203027,0.6734024075976497
-2.591222046288663,1.0164194767057315
2.489460292009036,1.5471372397092509
-2.4665123536658466,-0.9727193611017761
1.375683386604482,-0.3843848085361053
-2.7997350428435377,0.45913012614283605
-0.12998581534742337,-0.773636294713899
2.601071987721839,1.9832791553675029
-1.0077889857297395,-0.9632237338610157
-2.973722321190571,-0.7136330600655236
-2.819248455173374,-2.3812132277228932
-0.43487685782287483,2.8624224940247944
-2.4574530058714936,-0.5023758892976259
-2.1915299315920462,1.126026539676931
0.23795823332453847,-3.093746965021878
-2.9616500020882772,3.046472732751473
-2.786025299478932,-2.8832488594526313
1.092591587902922,-3.1286122103267795
3.2773378080926494,-0.7053033527927276
0.702796406599524,2.0937318689438533
-0.6889073069207831,2.890168019877589
3.2803496891503428,-0.5488621192184463
2.7003499949704763,-1.0080690593527337
0.8747623132473544,-0.6502464078117297
0.645470878392126,-3.358286328267816
-2.836076724587736,-1.0045885269343922
2.975442559878662,1.0585721961731163
-1.1541797475138291,2.6120881455744738
-1.6973182664778372,-0.5931762226469974
-2.956486032113856,1.6204091713140674
0.9751611976887988,-2.898987527846656
-3.15531520252105,2.956884858949719
-0.4281442121587533,1.3597656430371674
0.33451200904488065,3.171761101937626
0.6852126829517924,-3.087054412275042
1.0004286378898335,2.3701358502383956
-2.719169110793862,-2.464832492004759
-2.9727848987941927,0.8679826675093015
2.4380758193072274,-0.9417887073628995
1.4149843982380605,-2.856395622355786
2.8481353258021933,-0.6806330100094822
2.9738933034433312,0.5548218769962375
-3.0763268945354145,-0.26671845975921804
2.949586011919887,2.834479905892358
2.4557456088968412,2.405703347437202
-0.7369453012205576,-3.0381692830531937
0.6231194052804426,2.677226157655828
-1.6042501913854275,2.969135747126637
0.8973031078301535,0.40360846372491227
1.145090709997281,-2.63450217481993
-0.6498036727329984,2.7509732864186702
0.29702641219713677,1.3428026881085704
-1.0389529723084117,-3.3699823070389177
-0.701415480277715,-0.8799827150234971
3.2717218282662146,-2.8086162269052886
3.418064294007772,0.9056520633939018
3.296009795917701,-2.9557112632443383
2.8433203959312117,2.2560159027750486
-1.351558830392602,-0.6113799383497792
-2.9865083109614865,-2.6906593428864447
-0.8405458739830237,0.7386312432479654
1.2630640134607996,-2.749069344963563
-2.8127607406842174,1.0464760140774008
-2.944989795445834,0.8855066605704011
-3.090452109773294,-2.0534328666090347
2.9510612659602256,2.10660916195043
0.8132883443057675,2.4881256531819576
-2.112211519453332,-0.6809398598245744
2.1282058754923647,-1.195541488878774
-1.3546419898051858,-2.6898053563424935
1.1739449877541681,0.5016229370468422
-1.300358869010783,-3.0467458528338422
-0.6305428418295583,-0.47223024379242484
-2.9375954793765486,3.1162446817210223
-1.0656614327491745,3.30584080357915
-3.3041516952375476,-2.432794383348616
0.7085646173298737,1.7336539742965995
1.119585535581069,-0.5687466526453615
3.3327632121864785,-1.2016119054635264
1.0505196925554432,2.6561927318784537
-3.0247116893487527,1.2473151705562249
1.146934878061295,0.5918424320102695
0.9910359685284094,2.943216385596184
-3.697291688578213,1.0725103273429235
-3.3127301586886375,3.0470619268665025
-1.1063810461934187,2.810814355561634
-1.3373534680703498,2.3831284457180173
-2.767099494520107,2.6239012542778313
-3.2099429650616336,2.653715502008523
-0.5882130023030645,-3.0143531903031344
3.13022310936294,1.0801066322790704
-2.9145123490959954,-2.483658567450345
2.9772228269578296,-1.535374236516055
0.561944033465977,2.9354988686808934
0.49352755166409085,-0.2787048002096489
-0.7316997186812003,-0.3884350985384972
1.1881106586384005,-1.0471337294013783
-3.1372982688100683,2.991984440211063
2.5016080439649797,-3.345430784222613
-0.853982870561531,3.0821034797556246
2.926057748005277,-0.4371566212301359
-3.0360625456224635,-2.4475496098886294
-3.1253652432827868,1.5904970471303195
-1.1825212125999993,2.2439469029983576
-3.4286756247934718,2.7403194008601637
3.39307634388881,-1.2500397296561891
0.978865705435898,-2.117728516792538
1.1561374763962642,1.2422294661375206
0.7676483337398531,-2.8266785734084543
-2.9126843162329807,0.8417457165258265
-2.7826652264741467,-3.0522950270648948
-2.895191676704093,2.215418585174306
-1.210327952555683,-3.028137859705503
-3.1572653484767903,-3.751438559475553
-3.482577117396635,2.3273937518776644
-1.2749037969434776,-3.0484848360248833
-0.5215148900894663,-3.3723640936017323
-1.3013660493264683,2.8066494467114276
-3.0727372592545814,0.6522049517904808
2.662250132574827,-2.3781111618336213
2.2830840704645934,0.9900247464136377
-0.8281121068866415,1.1061103436494102
2.6897445455290714,-1.0221051140169992
0.6514277792476858,2.8094376788868933
3.0016619213834277,0.6909919904510755
2.5104818659667325,3.028535900303845
1.3278512386038643,-0.9119496124994966
0.9229520478762454,-1.3350412414117132
0.6086157646193263,-1.6213724283851603
1.3621173473362833,2.522116460551826
1.698215740208533,0.9936079463467771
0.7224042030911462,3.0957833202118357
-0.9452224823857911,-0.9635647289757832
-2.5228348481796816,2.993530582953334
2.6094111867324288,2.3321141271481154
2.9325297442468075,-3.3519910783396294
2.557743270330778,-1.1402168572014062
1.2300985670337903,0.7974928850360248
1.52553293400707,-2.246278282518301
3.1510264394027474,-2.2341530207865525
-2.9086023588333094,2.8453259881355204
1.4567191010358744,-2.623845323056312
2.5409233940988183,2.4854941098581134
0.8519682123847392,-2.987990160805584
-2.680059284354783,-1.0957124893515
1.1131152693339557,-0.9444948917279166
-3.3469107884422047,2.7282358369951916
1.298337689311322,0.7843933561112577
3.514940848691451,-3.7868570128577246
2.888018959007473,1.560982663551859
-2.704987983173745,-2.730911348783837
1.1036234770443019,0.8451534067020003
2.2263415977447782,-2.6370320689561155
-2.976104705208837,2.6943023833609607
-2.682771633057693,1.4694877868862917
2.754659184562384,-1.0943049632394164
2.5552543964836545,0.640962277313424
2.498555323910672,0.9239941863813859
-1.1644689762923057,1.0773001170935332
-3.28294604749309,2.7401294983401017
2.94797485571462,-2.556517192114776
2.040466778514313,-3.7368247493672175
-1.0349125816418883,2.8976279488899275
2.8365466443484992,1.004053163261585
0.790460433675393,-3.1301166606157507
-1.8084060031901097,-2.8681743955138415
-2.847837943603323,-0.9064678643069892
-0.6556737786597338,-2.766368023117919
-0.5950047706667682,0.6646235451364392
-1.1899508115907065,2.609183625918452
0.8169126407839827,0.709533717212609
-2.6827536237034924,2.7020638811925064
-2.977222411632304,2.535741326638867
1.2647488211639852,-0.8804392497632476
-0.7476123232133985,-2.85893376844676
2.824365124756185,-2.7221872269374905
-1.3737956933867497,-2.8925175333236486
1.4753185855687534,-0.7976251657429629
1.4855855770492725,-1.179755304609735
2.9967955036974905,0.6551167606669274
1.7703660668330599,-3.055411021575915
2.634603477748388,2.391057569892042
-3.6124841710410514,2.9850975220409435
-2.5933575965209954,-2.622775399637144
-2.9757142945799373,0.9898073167953559
1.1392044593749653,1.3190760080892754
-2.618726014073826,0.4367685339792316
-2.5789559927500956,-0.3216976980229786
2.280947543210927,2.5467937589834224
3.100120345895134,1.5196761715837679
2.58431540102324,2.5600429472106367
1.6071327842076228,-2.4988941889457195
2.9449464120045845,-3.7715582367137626
3.1611855192338405,2.3283235747895628
0.7405719672322544,2.6023947138973584
0.7440483476464291,2.4972583269834314
-2.10078689720943,-2.7705676442669995
-3.194109521386585,3.4176673064680005
2.9432541818778364,1.140316118119014
-1.5373889380267278,3.23566767211925
-2.8692317425954315,-1.8416689085118416
1.021032319012807,-3.564600332243355
-1.4406340234268447,0.9655812403577642
-1.1152530897593536,-3.360690103213468
0.8639653620971313,0.7789273766769231
-1.5771667869704147,2.9546971973172864
3.7319522396968203,-1.0208852315144488
-0.9672629288171993,-0.7719857846404009
1.2455818543864858,3.5128360203455293
0.47673581483645117,-2.770774097581724
-2.5682075121726693,-2.5885435621816044
-0.9668989931203719,-0.6140759738345547
-2.9779224814963285,0.9017423820908378
-1.983917166236275,-0.48117968870597566
2.624849698953953,-3.0987415239944833
1.6161211819102743,-0.5084776877016279
-1.9447504174463903,-0.9635684359404023
-0.7981938053648631,-1.223535815931139
2.9399938585989043,-1.1408997441782966
-2.8893714918581845,3.1050812938200836
3.019829439736101,2.2702795005720358
1.4465261351530339,-0.9728952401783484
-1.3553548770889259,-3.084244068755224
-3.2394818807545565,-3.0811678537497023
1.183846747384752,-0.918764501638074
0.7188277672101482,-2.543101436813698
-1.2605804893569188,-2.9126807618119224
3.512309880991543,1.4492538672366286
-1.4854858140178095,2.7947706612731205
2.7345842930407893,2.4848596238690446
2.53156792427433,1.2029702058686693
-2.2432646372305673,-0.5407868463926992
-1.2091539678314258,-2.7780415420588755
-2.626105300560782,-0.517749170630314
-2.921986832963527,2.5032636473323087
-0.9225381265138215,-2.389716810650773
-0.6159456251209906,-3.1477517347086574
-0.8082882383937772,-2.841739387775493
3.050726540299887,-1.3910789864782156
1.221032832775683,-0.9734834402968006
3.1612383106682436,-1.2540910512218404
0.4104115992955135,2.3847761310959283
-1.0468852654355965,1.2446413383257446
1.2924697802245333,-2.816237360910132
-1.2989315902120706,-3.3376360558780656
2.453835074843445,2.4015235013766376
-2.67872571020024,2.8802095746299754
1.1672662229195176,2.284101987699832
-3.2354151779943394,-2.3571561418201035
-2.486815405443011,-1.3456738329064957
3.2587303899289646,3.0058920090393912
-2.450382605789041,-2.989642897283018
-2.8390466787607593,-3.0834972528559965
3.1591726357457453,0.32475484370234375
-1.3251006912524066,-3.3856056921033866
-2.403475151425155,-0.8256709671243716
3.1700261737879845,2.537785209085482
-2.926563028018927,1.050690732430507
2.4178576316561444,2.3935979259250537
3.1700991224983617,2.182987003948892
1.1180487801247276,0.8960234391814583
-2.936375539498997,-0.9375285633350329
3.7700476408772183,-0.10688440356651259
2.8158219825847803,1.1447446303264497
-1.3131388035665894,1.489631056282432
-0.8625286548068567,-0.8987268902403324
2.771698879534145,-3.3014166204604005
1.6284280816274301,3.0119970365719415
1.1967074167260012,-0.4426235373897024
1.193742448177165,2.934804599805369
-3.0992392009159806,-0.5608952233366856
-2.8404434226324105,-2.921060840859007
-2.8510846083023047,3.082743240140465
0.774160832672697,2.6523815448358157
-2.9344583553625756,-2.821692746661194
-0.9385570798805377,-2.9576792183795133
-0.9598578632845547,-1.1052743334682629
0.7182589189980336,-0.5912660211418581
0.33799819134896314,-3.30078247855975
3.62914369002576,-0.8846268724318505
-3.0804910246520874,-2.5901495299272783
0.32574113505509983,2.5389868406216802
-1.9197332944271888,0.11532522255585069
0.5199880399750242,-3.0449793897614423
-2.714629562564461,-1.2466702710039088
3.0707356629131617,-3.3811440407932394
2.487269015784328,-2.6227731677857276
-2.2519695615633224,2.615074852510232
-0.8912889802180789,-2.3531019421286277
0.5936044613622982,-3.301087078992179
-3.015827258690101,-2.664148347553484
-2.0249915340883784,-0.9853231089316483
1.2003454367818367,-2.661850445567133
-2.318966079415383,-3.811248656753991
0.02986271610265596,1.4155428152736544
-2.7577710507466158,-1.1142892102440034
-2.7465874871477856,1.4652723346663699
-2.7820424351646253,-2.5079105537668953
0.6413458614543128,0.6984239223269028
1.088706863303844,-1.155423925130813
-1.483465605602608,2.6573407432777496
-0.9646541780563356,1.2499131507517418
-1.253189314337331,0.6790963245720499
1.7140215782805717,0.4274086033591342
-0.8550886793720109,-3.0397096145310663
-0.7592119631842433,1.382085494338755
2.4808603101039233,2.562279693531316
-0.784153799779838,-2.4501434588865605
-2.0957276011578543,-3.1786586075050955
2.932581304292106,-2.9293915005755387
1.1478380243854067,-2.4736502298880287
-1.1502347985819465,2.9565369146201994
-1.663158381521044,-0.9630102958793686
0.7637814830779209,0.8619904286428471
-0.8228314409819191,-0.8148484407678639
-0.8215636717461218,-3.2702995000075763
-1.1631561570579623,0.692752478083666
0.7401778440374159,-1.562798891404392
0.8730471106373646,2.0489741314644023
-1.1829673157491953,1.91313850596882
1.3132776058874434,-0.07533969433443204
0.30459403643495286,2.7202404931535664
-2.8067495709295835,2.0340123521621805
-1.2957853636801722,-3.5147165581154245
2.97505528225407,-3.204380096093976
-2.503529777032654,-2.663399379684332
3.2230069611367296,2.0090456568423414
3.078540036223298,-1.0009739589133362
2.4544881148318205,-1.2194795648744385
-3.607226165140554,-0.19699053233289943
0.47324494968781305,2.782940688603394
0.6964685601076284,0.8294738276361097
-2.6308842148836047,-2.0373255336300025
-2.5605541073559395,-0.465770287253058
-2.903379277781142,-2.5109976552923876
-2.413316385248006,0.9502929537700324
2.8896905240564843,1.0462453429612897
3.115161773891606,2.263315990636042
2.9136721479433647,-0.6353777718528157
-0.759532337754805,-2.890325823073947
-1.234653763770508,1.0630509182604941
0.9658861068528597,-1.2602448020777588
1.2891557625541035,0.8404244861871659
-3.5669243377396507,3.3879887180526107
3.544436661317912,-3.509318004889579
-1.3725785153533463,2.7205688618559676
-2.5257485669765636,0.7180237798144484
-1.1870814122511564,1.999657620629329
-2.6842959841042298,-1.398742496784915
-1.4196892325013115,-0.84705368537324
1.063853387021864,-0.8327904522744813
3.249873544302153,-3.308043359788104
1.4839449535994467,-2.9010243888229534
3.240872396289529,-2.912916945164356
1.8489330618880297,-2.9576013671189094
-1.1325365871927664,2.8624708497200086
-0.8968658180868357,2.679419948569844
-1.2633175863807278,-0.6102051653360802
0.41261551510704864,0.9018834056322199
0.9451804523491071,2.979253691542375
1.0463844904757744,-3.0260987022404384
3.305590880509407,-2.4315127735314492
0.8826049268262358,2.319059128458716
0.8625360505121882,2.4209429840776324
-2.785367748796017,0.9650975544930248
-0.9265687902398113,3.262048493385802
-1.321977339272363,-2.890595683754437
0.7913376792083106,-2.7694275036361877
0.9325829200509536,-0.9251738708795598
-3.302852676479528,0.26507249607042266
3.026501459852288,3.0011703615095287
0.6445851740863525,-2.850653793792582
-0.6049528506596931,3.1262593813981736
1.0330611168948094,-0.23622884155380927
-1.350028764659386,-3.3890240913412946
-2.700754382296015,0.552021000968599
-0.43306314513533545,2.6994085900523697
2.994974959864192,0.8360829736237604
1.0023667109598646,-0.5076600489174562
1.0558078677170701,-0.7886916386560723
0.6951481743804626,-2.72497785836444
-0.9864784917386061,-2.9903885800904333
0.8947002966058744,-0.9648042710243939
0.6472230591378885,2.594254467783646
-1.5187897444000378,-3.1632198195631793
3.464351249593279,2.7431127380177136
0.5678802180976202,-0.9236817144309291
0.6500390179503865,2.4526624489420503
-2.292787542084335,-0.18295924350447312
-0.77894157898615,1.2655372796765776
-1.053343943373001,2.6085256168487265
-1.0141991707024907,-3.1413284251727847
-1.1585775429794658,-0.8942726464624838
2.7379080146675374,-3.9860239109997013
1.0545520701182198,2.606921963965604
1.122072161370003,1.551348188107576
2.8902565858669873,3.12331203595139
-3.0971429397075085,3.0892643202596335
1.080136429095158,2.564381433727533
-2.831454233819253,3.0349230807818226
0.7084593583206509,-1.1228519487312407
0.7022563986428138,2.8718364054638785
0.6955260081504212,1.038203177018213
-1.1173908090156301,2.342728283255342
2.5274758097828625,-2.420844747469066
-0.9835978921892833,-0.14735934897100797
0.9759127384544484,-2.2873815669185347
2.936251645644153,-0.3056895923471685
0.9428570807090573,-2.831976216738384
2.461810670609988,3.047464512864804
2.1879966685907974,-0.6597500873295145
1.2356821488516916,-3.3111145082485534
-3.0831335055309808,3.184353882313251
-0.6431536036022081,0.9366600526928364
-2.649529727652383,-1.9553521396634161
-3.155180737141404,3.2378961383031615
1.2653522393525882,-1.0507644141337917
1.1867211637746298,-2.8737964136870544
2.4253916211431172,-2.556638200392321
-0.7310196254137896,-1.3133098129603789
-3.340375143194675,-1.0435206178573628
-0.40301971059312514,-2.451877892209371
1.4813972782772005,-2.406441777236489
2.893150872321313,-2.8176600875495526
2.8916289867950073,-1.1398747659681558
-0.5568096214979437,0.8771749382547888
2.5614425519327333,2.863941829861414
-2.157450494621405,-0.8540220595713104
3.250644811418977,-1.138982771963352
-0.8446345873540062,-0.9051228619576207
-3.289464525585178,2.955123536557227
-1.0822370028408277,1.4269073548917677
1.179101928196388,-3.2171979626968112
2.5786285166873744,-1.3164860229907338
-2.9289991313433785,2.8163075007372163
0.9576389573832469,2.594438737328448
2.904031839279558,-0.9647473814380063
-2.4455189105382673,-0.5287002617772907
0.944845887501112,-2.869593130729375
0.2710287367074914,2.6647503503621515
2.8484524491792453,-1.4755354295458931
-0.744701862253174,2.533142593795313
0.952473992024403,0.889675658249705
0.6834599292532906,1.1176817374020425
-1.4210503566864086,-0.4052148176632549
-2.3478358884107955,-0.415610321375945
0.4391970958542554,1.2893150417910557
3.262305070133279,-2.8775748485187647
2.349432839896573,-1.3396852038957883
1.4374940109318206,0.7980399078365314
-0.6303177514048912,-1.4284151938954446
-2.959612893496921,-0.9306103535868492
-2.4077607367295792,-0.32704118445209696
1.2376170230136092,-3.227893017982168
0.6712026075936183,-1.6462219694386158
2.8049083935671426,-0.7892679124176447
-2.4683892950939943,0.9403090738756794
-2.5412525494095797,1.063637197928047
0.7610778627856983,0.8775422327230046
2.620404335263421,0.8515967294387756
0.6955031650579863,0.4191265340488848
-1.2740209563489036,1.1457231252056939
1.5341787549015355,-0.7241968574756642
2.325177995038105,2.103576124570426
-2.8888386365165952,-2.092130840622482
-2.720947682812795,-3.4617474463339373
-2.888575733386237,-0.8192934874652772
2.9074085075023226,-3.3138772406718764
-3.4400984242421244,2.8868631421411695
-0.8098703966951333,-2.4422865279972967
1.7282282653633123,-2.747810370466408
2.2279338937672506,2.532805858803497
0.5206036341831685,2.6771019785332104
-3.4732738643035046,1.486341021522165
-0.8228261605167266,1.014742647721553
2.805296634633524,3.1322940950596676
-3.0613825039916955,0.6347165458454319
-2.5162622367221967,-2.1367243387769554
-1.7823176269666492,-2.7698726363610446
2.9376433349416655,1.2584054975886143
-3.2270039378246698,-2.990257889761412
-0.7018684222144331,0.5049613597733429
0.6028911066281513,-2.3613837176745167
-0.39390882434407626,-3.0249406915872843
0.6872417653145138,3.099655081039965
-1.3538395660309974,-0.7589819628875933
3.2264650363553296,-0.894730305115908
-1.1093827301352939,-1.0092881842704582
1.2127087323345003,0.9517799121886955
-2.638778719196843,-0.5263348583928846
-0.9716854329675763,-1.689791509338647
1.4361696365839782,0.7829838497034727
3.0869035407509595,-2.802621934432221
2.7623947548306185,0.9139510016707111
1.1199142540841465,-3.247651929906775
3.1390295906173646,-2.876307506289282
1.0942708642852532,-2.592106756168409
1.4231951227030442,1.062236643118238
-2.9129136603779715,2.7414072592222074
3.0418452761394463,0.7158786323300763
0.7831573713181148,3.1639166494340145
3.0016812980578282,-3.4921780500309834
-1.0731060903739778,-2.478213326344362
-3.1759120395463483,2.915792759021256
1.5308087717733772,-2.80959997841863
0.41318143264958884,2.035738913635007
-2.9535125412145713,-2.0357494787464177
0.6328777291046869,-3.0556554092703427
2.1668697134765584,-2.7821110290962885
-1.3365803081780658,-0.8238890462466789
-3.1062837355611745,0.7424689082466214
-2.549766432017097,-0.3893745812031694
2.451964570248233,0.5197157202454472
-0.9701787243015361,-2.4096024688505913
-1.8275192324202438,0.7827243921481902
-2.292503663275617,2.811904849323628
2.6406315227852004,-1.535457307685056
-0.6665696734335012,0.7719043746870916
2.8727864592261096,-1.4117682772189886
2.9469994820729055,-0.9525032661772938
-1.295787129647026,-0.8296885955783211
-3.234769188735901,-3.1096346054253448
0.7448228777145331,-1.1181837272301371
-1.0154490771936646,-1.5152385567066196
2.8313330053612145,-1.500788089925741
-2.7872969765631326,-0.4701275298270989
2.7077914040717377,-2.826865980224714
1.153830411188626,-0.9024494028698251
-2.6106254066246346,-3.2461253001529946
-1.0151216422504181,-3.3300211904113586
2.4723784019043937,3.048335198059488
-1.1242223655572197,2.5894043164205462
0.7826482876744109,0.780783418163521
-1.3225226166571398,2.6258108369421183
3.4062696837377437,-0.737453801152505
-2.6339740581004807,-3.182875636926959
3.3026535880712244,3.106046316087797
1.009810306081308,-0.9914716080270578
1.369569649524733,2.468238636744093
-0.4273840848503231,1.0384992949975418
-0.5164059892112836,0.74231123993932
0.5914401390088896,0.9338777253779265
2.6659064252465856,1.0848180317437421
3.0225823456954433,3.0699660880347586
1.2405355287979802,1.640436718296796
-1.9017904581333316,-3.4739587069084004
-1.4113310614889196,0.6813901204788225
-0.7373131319901823,1.0428387282702016
-0.7494898503650712,-2.941844175146609
0.7628250680244566,-3.189115488127715
-1.241483497893889,-3.7072739876528527
0.5710632424065608,2.9912602089607474
0.49225565401891874,-1.0465170925411829
-2.4525297290902004,3.302614702663091
-1.8310549348285454,-2.902576266812168
-2.4782871615294755,0.7853330108758824
2.813562352610258,-2.755442854882615
1.2629697938073803,-3.246999440421756
3.3638059898303516,-3.1475272200315416
-2.9968942779791843,2.4091973485839975
-2.5889748793093066,-0.5312393498619767
0.47473669750857356,0.9833755843911497
-1.1159009070996915,1.0827237463000003
2.977932143558048,-0.8176439014933153
1.0467842521607955,0.785228936867407
-3.3980650308269333,3.0801838431315405
-2.868660863750329,-0.6700124158601604
-2.597626062552418,2.1482406554144595
3.0985544417018533,-3.016265291593854
-3.164734987022579,2.042318271781797
1.20396069246639,-0.07679139513771141
-2.2493019390832827,-2.7083548480814823
2.302826947946665,3.031840484010271
1.1284936836912016,-2.956504788183926
2.5974418334743143,0.8089887883207703
2.2852375095828394,-0.7285029327384837
3.0282624388214066,2.5806773622296673
0.7494601403113539,-0.7996827880137141
0.9575991574084619,-1.4350867409465502
1.1584532680895847,1.4052261066475484
-2.8813319576981633,-1.5659158572410101
0.6238711250232394,-2.5169877233007267
3.2526895744967947,-3.3790405695756816
-0.787032982382535,0.18351998695617758
-0.6646676998869353,-2.5306330155418784
-0.5297471746728425,-2.366122950370082
3.0781543378246408,-3.077818679556392
-1.248811208866681,-0.7318330436210843
2.881274646290472,-2.803383560790854
-1.381483850391819,1.2926403952518277
-0.9467527274431722,2.3144642801383966
2.6633356740721235,-3.184312881625772
1.0360375505391228,-2.976558832178185
1.270306285523139,0.909817236319721
-0.8045096617333085,-0.9304785261775268
-3.0181993651318475,1.3336935615303271
2.6426985429480725,0.6818062809224271
-0.3474608017457742,-0.9397204092393397
-1.2653140377874679,-0.6007383502616589
-1.241074572572953,-1.2205485027406628
2.8711934734762226,3.079175526320152
-1.1994339285780562,2.4053179008606986
2.991971654963737,0.5785656250765517
-2.8396633372087092,-2.4549852230701914
-0.9236768318268294,-0.7438573005882385
-2.8600513471668694,-2.182459298485778
-1.063555217183079,-2.8502201857101688
1.145811261770569,-2.5937542896119132
3.4867051340446698,-3.40087452999377
0.9389980460020283,0.6953845955463128
0.8552361913048335,3.10238222181866
0.4736377805267621,0.6491197109767087
-2.7063109287817526,-1.1611800979230031
2.7522236906615287,2.9599801177865293
3.5352899711136465,-3.3322885233410875
-2.7732045181619016,1.6635370359705957
-3.2332773690984857,2.5925235306202428
-0.36252125092971926,3.317593842387632
-2.93943215179312,-0.4647118261180002
3.9619799954329746,-2.683168539522676
3.3991686848198284,-1.5009239997407013
-1.0297680510180003,-3.2185510607717775
-1.2868975995528622,0.719305103358183
1.0567704348289053,1.0516262835377814
3.465120528945122,-1.1146803646493204
-0.9941878637936078,-0.8112274535179916
-3.3673689746163866,-0.5549602406504726
3.134200073973307,-1.2927068222383755
-3.1818478121779616,2.402410605230079
0.7879697404873415,0.7328345158835452
3.0518198786892747,-2.97322605823992
1.04354732329406,-3.1244081596859257
-1.2904129652075838,3.0616549231269694
1.4328465195722908,-0.8799902597718682
2.8640031938476453,1.0384706751019417
2.9707810929911678,1.124114825786533
0.8338095133093345,-1.258196172840634
-1.8181575673269073,0.9701047701878991
-3.0748241239591856,0.8370440693759125
-0.8482812845983615,2.058576489176181
3.061287091551137,-2.721467476807285
-1.6969487177343578,-1.0120146744314755
0.8952321238355816,1.1293771502648362
1.2597557871905156,-0.9174221307359682
3.2739891009818045,0.9790603452514194
3.2063316175425065,0.941408322343593
-0.8448002047813513,2.7530633674216087
0.5273302216773789,0.5769735819676058
-2.337237766195554,-0.20767296870081425
-3.079033894734851,-2.2722069146610244
-2.6767354414059086,-2.411996610201141
-1.074760468950849,-1.2134667614034045
-1.537783850222658,3.167411540437412
0.9388339949857036,-0.9252823759510864
0.810742074196816,2.6245028587844987
1.2728358122134775,0.4940021953012995
-0.5523175811206874,-2.777747575382797
-2.832574141877217,2.4297997456881792
1.0956577282336524,-0.8860302179987115
-0.8251793011375438,-3.1855319782518
2.488742840881423,3.038378061312286
-0.8727982688452326,-0.8444682496386837
-2.963392995523006,-0.768572646638331
2.992571806143603,-1.1238195222863863
3.1345436880369846,1.024877442570683
3.612113777448552,1.2397863729585918
2.4728555250304054,-1.0670152656029286
-0.6818093592250157,1.5231972222956998
2.7930923723818917,-2.790542232711869
-0.5762248303809332,-1.2618132313568875
-1.0732658302214477,-2.4178572241358673
-2.826544869160683,0.654331743786957
2.9197811701698906,3.0365151120664
-0.6337391006508869,-2.8721783893468853
0.598376040723293,1.1146351905276881
-2.445224663417603,-2.466706194018177
0.9959050930661258,-3.1419499150836354
-1.1974020924224105,-3.0451944731354263
3.036244275365585,-1.4458696661203907
-3.3882513432578723,1.0153532115675408
-2.265516045507844,-2.6723990879303936
-2.6903186495485274,1.132592962788313
0.0024219779959405107,-3.055794404800981
3.012130325838731,-1.0514705309410792
-2.574357556165117,1.1666309516940931
1.4414663460344312,-1.168883168551971
-1.452644234078218,-1.000782321111472
1.3118447154410018,0.8873726900339631
-1.3642481441505827,0.9450685176729079
1.0400996525014994,-2.908065663164784
0.3797875448619357,0.8992186743363477
-2.574211564185337,-2.902574664610016
1.1056921329253564,0.5753165596777213
2.295430285093601,1.4447277143117523
-1.019785894262728,-2.930885214025789
1.0830084716410728,3.0891981114969873
-1.4378874058273425,-0.8635432798628252
-2.2620920125438904,-0.9558782525373655
2.310368362828166,0.980841005919346
-0.4181907423762542,-0.28450403025093396
2.703803305610928,-3.12742372458372
-1.7808536788839693,-0.9436923819990123
2.7946148893299947,0.5106828444449644
-1.293832946082335,-0.9252254191267042
-1.1900491589793163,1.199288219214597
0.416163139837584,-2.9895582855120653
2.832610960646854,2.5488432656785727
0.8794701287403851,-2.988674493149399
0.5689620953698945,-1.4445154079480562
-1.2044297832854107,1.2952389178764003
-0.19219576118121542,-2.822537154525066
2.1595529869166463,-2.8953066163937504
-2.6404740327405674,3.0062555709886305
1.0558703640243132,0.6184642250838845
-1.0343118593248408,2.9983595713191504
0.5382877330002288,-1.123141188731723
-1.3580404899195153,0.9018508062205848
0.887291628226422,2.4234948673069243
-3.0091404133033404,0.73658347993179
2.315028224869627,-3.2488324686752477
-1.0859786785879562,-0.4130090855784524
-1.2855684469296478,-1.0029449613646022
-3.0586970392983344,3.089780499892685
0.15454025564571292,2.435271363424313
-2.4468698650141802,3.116072588210525
0.9652001460415431,-0.9377280289946459
-2.4211730504328766,-2.397851607925981
-1.0563732115797564,2.588235108839151
-2.6398333200742674,3.313322186328638
0.7736869907736558,1.1311848775958457
0.9662428018291138,-0.9733266405271835
0.24277842782091114,2.6967854312191832
0.5586696805851066,2.4655593157305797
0.9324711672035786,-2.357290483047212
-1.4343062296789448,3.0421571039946484
0.4415264607883963,2.5090273111655415
0.46845140425619536,2.636712352067317
-3.274269093381765,-2.3443770333893994
0.012660243837316967,-2.807608917412167
1.1537635204234946,-1.6209988977103997
-2.8440474148307997,-0.158175135366376
0.8224635453425537,1.2912117440629085
-2.289005704878751,-2.7856184597770066
-0.325049941553871,-3.2407257640806164
-0.7575469671017653,1.913709187019261
-2.8237483726625996,0.27854674831950516
1.1508072679956243,2.670250377854616
-1.1503388775634498,-0.6912294462903734
1.4818003899576648,-0.6192003882871975
-0.9712314400330335,0.7376617177272158
2.7371231013902784,3.010187088628264
-2.71002912294064,-1.0020612464359895
-1.6544742207974206,1.148534462372262
-1.3689176219274928,0.32548308946460425
1.16613175284769,0.9987871033376212
-2.9566159840172244,1.0169172514612956
3.102954306927243,-1.0393317040789791
0.8168931256913687,0.7041368217383815
3.4475410904392305,-0.7761365582539069
3.4021198057448476,1.3562405250314735
1.310753716140664,-2.8578489098150146
0.5561809087662327,-2.891300909063872
-0.8962625741962504,1.2154668967106528
3.279125111057233,-2.3976057644948847
1.6210820001379378,-0.6863336985901612
1.2322940796680923,-1.015021462357222
-3.2356464553684288,2.8597275440076704
3.141431893978055,-0.49888444213364846
1.135892461062448,2.539085529698984
1.4222613522124365,0.8822802325786105
-2.8693322454490535,1.006472367868504
3.0438877516420804,2.9549721602859056
1.1757627322571855,2.209851827167147
-2.760836133013268,0.0010420771412609027
-1.3255169060426928,2.314511407401084
-2.889010985429792,-2.24636155502394
-2.7396977164028806,-2.4440207472099877
1.5760248473166896,-2.348617822950899
3.180133157727616,2.5126533383460328
2.368381574579079,-2.6666588573478287
3.5962800025423625,2.127308077776641
-2.4022329445438917,0.5409218477772224
0.8338180052993851,-0.9055341138605483
-2.34018457714582,2.3779195798095807
2.8647754545931896,-3.166852220796334
1.1216146111762366,-0.8332425025924117
-2.496785652514359,-2.7859564895865336
-2.4732024661068523,-0.49257833197626955
-0.6396194043908673,0.5825499886095461
1.0102977870171006,3.4985944310133172
1.2822006735237097,1.0067173894372385
-2.2488757971989903,2.442212499956837
-2.6777657352080393,1.1621615592279766
-1.141880234489719,0.6437033343773346
1.0897574995175399,-3.001491049605577
0.9857655746621287,-3.27841400488955
-2.3679029640980924,-0.9480007201674894
-2.958220088231898,-1.2053863119678079
2.8076063194972405,-1.3206056489412399
0.7668983272710309,-0.8218832329424769
1.1564161947695628,2.8606016243580856
-3.1050547142848357,-2.9444586707525495
-2.551730467151044,-1.0842172761555628
1.2203492849335558,1.0487587218716143
-2.317919891098695,-1.63755383048131
-0.9744007818828683,2.477018203807045
1.246770276639256,2.6701127355522245
-1.5979752110525454,2.7851506544213347
-3.089730234265483,2.841463450775976
-0.8092057343600829,-3.3487487731669727
-0.6964348600555659,0.9548181617976903
-0.6173185025625069,-2.754606533606866
0.8295251706626455,-3.0334505972570924
1.0167208347356502,-3.0177813896043615
0.6094931906889165,0.3848415793051592
0.7787963154913798,-3.079220438421529
-1.1489977184090217,0.5660107210328157
2.955926892025705,-2.0863831739450855
2.74483826254151,-1.4003149909135528
-0.5953365573801911,1.2490379131331084
2.3923598696885042,2.3202473196530495
-1.0700643248475736,2.5892271673637968
-2.1557338885759414,-3.146679879998199
-2.709613763775081,-2.8946670044275096
-3.0476577397229825,2.6948925353443727
0.1550032335928182,0.7051095275322816
-2.7591195078643547,-2.976954110146125
-2.6285096932402685,-2.7765669576318377
2.7413167984958986,-1.2739420088765643
3.19136088327989,-3.092713411714024
-2.6545753544534385,2.8560399729834245
2.5419645117187186,-3.2065835865106393
-2.816621804930646,1.440496710618444
-2.629214744403182,2.0121678789924338
-2.936494331138091,-2.297195810429525
-2.740873508207217,2.842417406525627
-2.6194263487490246,3.034338949000832
0.9800394520326146,-2.6172886948670286
0.5833034722715388,-3.0172273596905415
-1.366865195794636,3.4120230563455913
-3.076299281846226,-0.750847381208952
-2.564590190780593,0.9199150134378848
2.692576869136132,-0.8303436665945019
-1.2532909676957764,-1.0233314842653785
1.2321883522158759,-0.6743922938504965
0.3053933297870855,0.42599911669577667
-2.435251746731084,-0.5419117605526046
1.1732238430876691,-2.882048056282243
2.874981219811328,-2.7178599442354696
-2.888145911946851,-0.9453810744133144
0.588137468956987,-2.9280179406376474
2.3685100980747458,1.6194406923616906
0.5259144348337706,1.080199033101127
-0.8059592813428232,-3.029718627584764
0.4857502121879316,-2.987168977988974
-2.5822335386243354,-2.527359339766426
3.5989763011724074,-1.1029853217054637
2.56481027841753,2.3351283137747982
0.0490900304998772,2.020832108378222
2.946891988885259,-3.096182596410812
2.6412868200220023,2.255189170239731
-1.5930083085071283,2.604883305732161
3.040184174264501,2.4704491397342427
1.2015419649696093,0.8928807254692814
0.7245797656645742,0.4800986813933673
0.9532494741939355,2.706940884850207
-0.7381823926037174,2.4875976216991904
0.8725481222560776,1.3375962206783056
3.033055254977516,-3.5040839699186344
-2.8472131428798497,3.0254880671773043
-0.7501999735779307,2.5804075243280495
2.761862913705684,2.502097003091698
-3.399041049861386,1.5143317586633274
3.6017334823591445,-2.4976167715143798
-0.8052397444233674,1.0879186222189163
1.1223985182142187,-1.210309622920009
0.9237442095318238,1.20645588165319
-2.6269391935907254,0.8412534601799315
-3.0763146801984886,2.619598016211414
1.2259485384775908,-3.0282858998001236
-1.0706019425189475,2.523949209640906
0.941243241856859,1.0283344228296667
-2.8899316893583644,-0.7119205862909036
-1.0478108165314624,1.2691260735800969
2.778590555485408,1.4354900542960953
1.4054562584222086,0.6197359913484636
-3.357794840261889,2.006564994777895
-0.9306920240123912,-0.5186760810958624
3.323040454441222,0.8581971519134632
1.4598472614312095,-0.726185259979836
-2.473825073486766,-0.6187128468292882
-2.6587153594609556,-2.4995679378390343
-0.8764115623301213,-1.0695669841527713
-0.5113837587661378,-1.7777970909504663
0.6183149083510872,2.2954307505291576
2.511655455835804,-0.49114723242367675
-2.329947776316822,-0.9773806714802633
3.184146933409085,-2.4963296131524513
-2.0677180479887363,-2.019101092076998
-0.783917742494059,-0.8654479851809275
3.9601482295097963,1.0784372185690934
2.9421762224755614,-2.676811860700357
3.452757180672914,-0.8496681347588103
2.708787002884669,1.35550113451332
1.4722319715071805,3.0508554649425688
-3.354835509569684,0.8262420771699968
-0.36129903814210085,2.291754332384967
-1.6962431821278376,2.5517810830542342
-1.1827905636760931,2.6785424436369074
1.4727900138229848,-2.1864396407990276
-2.8972731448222633,2.4769403132070407
-2.780284502474641,-2.627992139389894
2.676300036088332,-1.0160602322495305
3.2623373815660197,3.38997425716863
-1.125198438295525,0.8897534638614751
1.1448142532772592,-3.0793004725722994
0.7834393449355961,-2.6017010261509754
-1.2944458106707777,2.7648619783913717
0.8776852053981884,0.8511890268463593
-2.277597555221743,1.5885372785917857
-1.3599074193721843,-0.5472984322019879
-2.7832098104163205,2.4197215476381255
-2.2905038916533944,-0.35505394398402323
-2.8148600195701796,-0.9323987391646812
2.933749169750348,2.247858643568704
0.43557223800851846,-2.790155919971684
-2.699637822695715,2.7189831033524094
2.9013648826780574,2.5047485588062197
-1.172604578837552,1.5083933805992744
3.495179815818527,-1.4989371996124814
2.8395546147707527,3.2355729479015625
0.860926765953055,0.9876686940291312
2.656195003117821,-1.0132367289070128
0.804389762616471,0.7423884444206073
-2.912604612509615,2.630223974022858
2.6033580103162173,2.845278965524194
1.1849248615610075,-3.0438986072009104
2.5617075980152086,-1.1812218488076196
-2.9512136930010944,1.4664311781231496
-2.4218783500316263,-3.1734579511146275
-2.9769520750842746,2.4613347032415422
-0.803787827482318,3.0806630300603732
0.8003937735675082,-1.0053867155389244
0.6312292617755865,-1.396981756535192
-3.0031507124652506,-2.940974219907066
0.012456805908952222,-3.0661411747020297
1.9571796943277864,-2.925829266800677
-1.3364840649591585,3.058114403226632
-2.323010189433675,2.728078514054456
-1.1489817865503489,2.2017218021862908
-1.9167396852421317,-2.5108594584735657
2.0851214861203125,-3.387872806875108
-2.7435686190286344,0.3326340855250632
1.088513528106857,2.9523044958550253
1.2414156650268349,-2.6870727796643403
-2.8863284806580958,-1.4987113367301297
-0.47905838949075197,-0.49093388667477256
2.5653000700497897,2.879407288402995
2.861191599533037,2.7205677382881777
2.550701881748843,0.7058096348655428
0.43503173633508224,-2.9750371435657077
-3.0016736335740557,-0.7119253471704408
-2.5075049325470156,0.8671372322927113
0.7023303832103566,-0.8481404647819367
0.6993312495811759,2.885010222761487
0.5164285699937703,2.5200919842394502
-1.1974281516455798,3.1185816082689772
0.6706887272645837,2.3084322679745624
2.881838927843463,-0.7146489918996625
3.2277077077070717,-1.3596006640663787
3.1221945198581973,-2.6337432279728152
1.105825954319414,0.5553937333484991
-1.195476979454297,1.3838707710944902
2.744652383065775,-1.1320452755252661
0.45837932615344706,3.3403458723144386
-3.010198429121062,-1.121863686284709
2.6168878814140193,0.6835797479940107
-2.810523831062048,-2.3117825118342856
2.7596914675937,-3.2303959020937163
2.9011529655626176,1.9625698449203945
2.930487663132455,-0.31427988781221294
-0.8585395058601911,-0.35942023074464213
-0.47803406771441487,-2.7735994664985184
0.8842116543581319,-1.209893068989857
-3.146863225049407,2.1957988241469084
-2.45178995542573,-2.691311140513724
-0.8142167197326345,-1.0252053846637612
-3.0853523177654107,3.364055504438651
-3.300058828093019,1.037370917678764
-2.9076318049362953,-0.5119436367796825
0.7521795409776892,-0.9389640768096512
-2.975449203437478,1.4777103557392142
-1.4787793138086824,-2.6756800692325986
1.2703610536552248,-3.040979566998851
0.8361387625673036,0.4502253230456657
-2.762014378220892,1.8464681949774842
-0.9171908105244473,-2.938324771567432
2.292956333336245,2.454363096662414
0.22345574869477836,1.122975913908208
-0.6196672948679532,-1.0691140886827266
0.45601515775391244,-0.703842433570786
-3.053373315771762,-2.454253871203003
2.6250020239903216,3.140307804889417
-0.28308008961209563,-1.0954849293212727
2.9066862926439865,-3.5187364205866825
-2.2467304190393955,-2.660355038013481
-1.1782151306204967,-0.713381403224425
-1.263521602081222,1.446812110626979
2.793977011908943,0.632048713600513
-3.11420472634827,2.787698627506901
1.2844013683004427,-1.0230049330476818
2.990453048212489,1.2262146833331384
3.084832226947963,-2.7322281617040125
1.4553890656910542,0.5791637666150398
1.2383159220084716,1.1442016909692438
-0.9897522267481424,-2.5627456126721206
-2.5693877146077937,0.8975882247821778
2.681499104672607,-3.3413723425478477
0.8736833654484163,-0.8860233868206642
3.0046256240964717,1.302054016298179
-2.565294892921586,-1.4043306336212102
-3.300639990099627,1.2486900987635317
-2.5863839178368604,-2.728886211644577
3.504769093798949,-1.2265485626540067
-0.7026080696901859,-0.8950527322766756
2.8117021901591777,2.299475823559622
2.3780693499779484,2.4422078888352057
3.297153202388699,-3.636898423445911
0.9181466357723215,-1.1607537251591251
3.0310768659804883,-2.8078425111970833
1.2260681909862954,2.2493654885717422
-1.4994044299401341,1.152410997129886
-1.3867163744695565,1.3729591227566016
1.1456368251695783,1.0701478850474277
0.9258663765179844,-2.614375700775969
-2.6423845561411645,-2.7571653114130226
2.071567402030692,-1.431016472366805
1.389578356867855,-1.046663271934768
-1.3903884812587486,-1.4311733746671644
1.0771507292541416,-1.0292297282259735
-3.082533570920844,3.3682734155184932
-1.0531994267884202,-0.11152949538595147
-2.828213569627938,-0.7647256566383597
3.4218252410654633,-3.198138440687473
-1.1453043736083657,-0.9583950170692357
0.6181056001709634,2.697962591113344
-2.563519760666598,2.884968754839016
-2.222444892740347,-2.4846740789476565
0.6568427038712502,-1.3689100816506283
3.1623086047278695,-2.9948703069830835
-1.2357204986261823,0.6722802564945144
-0.5178630743489393,-0.8223581963590493
3.2340915744134304,-2.7138813712891454
2.6467124987702633,-2.806261516909742
2.8455263377611577,-0.6172206884024917
0.9569426326359187,1.4408369655559154
-1.267520107486044,1.2764219126614191
-1.2041513585838284,0.5256417353248702
-1.3937527279484407,-2.851331113002368
-2.5212206014713794,1.8601277472269768
0.3764931740455458,3.4324201571725412
-2.9305534143144896,-1.3213168616151258
3.002758231385224,2.4510533637403458
-3.2348102632999316,1.0654166845071036
-2.1199184107329163,-0.766932779108808
2.951989929559314,0.9965710076841126
-0.7416860162904947,-3.0930579605697064
-1.0827412158219083,-1.4045001104798271
3.1976504978124045,-2.7296962354103558
-0.9075139491764781,1.0083089750192944
3.350785924778722,-0.6749975409442677
2.416571241961555,0.9820040704560813
3.127102270980313,-0.621059453573298
-1.5798780049901149,-2.9609179992605643
-3.290643853946037,2.723723608538185
-3.0204536498978527,1.176265714236106
3.2172009935576837,-2.9089192517945524
3.290380593027171,-3.4441204892998143
-1.4670873249333236,3.3038914275558233
2.850540040188125,1.3575155200231337
2.876878187038833,-0.8768248262663244
-3.005283320141119,-2.715802071220792
-0.3550171326058354,0.48069327206719203
0.4483795032283084,-2.777749417723396
-3.0486879053632663,-1.063546904751375
-1.1007429685927985,1.5031479840479174
-2.5151692713770113,-1.082165381165519
1.983108256806793,-3.2168341963702933
-2.795211356145638,2.188261241794429
3.040655730923326,1.2966607363457225
2.816287972727379,3.2525533150291746
1.142370474527572,-0.6511398775729298
2.486394314903347,-1.6572320125734286
-0.8676873691289346,-2.5693386671893466
3.3507135922010134,-1.0748695052717232
-1.1575298152950806,1.1605334057610126
0.791187971487092,3.201037727867525
-1.6418485231524818,-2.973709653295773
1.3080117343726627,1.3908537949905315
2.7695894409736748,-2.627239268524941
1.3155815290043504,-1.5205317557089664
-1.2057715127940043,0.8129497813796371
-1.1567069221469302,-1.2908616314551618
-0.7940162139541471,-0.14897769692461124
2.4621089997661336,-3.6555921863761607
-0.9191278066282332,-1.1520353316901122
1.420216303829547,-1.7236368993075313
0.6175303295450866,-1.6140975467484777
-3.0407225998212013,-0.8082875073812505
-2.062358507572147,-2.6795917972022587
2.8665701129505736,-0.8137608951094188
0.5993022835221935,-0.9265953304111737
2.974163771604226,-0.9266484134585485
-0.8046679692250742,1.1171742150308852
-2.4351543682515446,0.8904825310860431
2.270701503317992,0.6219820691856993
2.929526603003808,2.7237995336954746
1.2847182449045051,-3.0853894990745094
-3.261951170844014,2.725844283471637
-2.3753847540860136,-0.8239656984609474
-2.4114100932671243,1.1126237745533523
0.5629571464719261,2.79298927852935
1.1424808326776024,2.102505686259467
2.372738207082286,2.72543437670261
0.5624508803195899,0.5700083577463951
-1.1566650960867502,-2.843571401187405
-2.4296689528063697,-2.879100506387942
-0.7721263132445053,-0.9888026750622404
2.2463798448127,3.3421562194703074
-2.980553531825999,-0.190528849772289
-1.1369495313527656,0.850666309727045
2.990799240715358,2.5116105308428582
-1.800204490414408,2.667238192302447
1.136201468800224,-2.697017342209395
-1.457668820708485,2.858131479508127
3.536358550533906,-1.2841557440396782
1.4577969258081886,-0.8374628312380308
-3.2107350560118726,1.3198622211045143
2.335002833979608,3.0546965921811933
-1.0151696488823816,-2.268727928527012
-2.2732231214616303,-1.9130936066886863
-0.755244417600176,-2.021438076144622
1.5011841272341118,3.201207171772957
2.4565103163029347,-0.5865267104274805
1.1140323846110263,0.8764772293014669
-3.9875920138800813,1.2027792532554504
-1.690968500455484,-2.688570979038138
-1.6095537763190442,-2.3535851314013194
-3.5596970365770244,2.5852236763993743
-2.666908331940693,-0.8884203995872754
-2.7565455791098055,-1.3893592575450657
-0.5579712251288876,2.394417321060612
-0.7885866891501074,1.7032219351388904
-2.4793773648474335,-1.808872326706895
0.972543809096602,0.4909326232619601
0.4739017905175287,2.7236723823186084
-0.930476994127456,0.7603638176385301
-1.4251557240237427,1.022567605171283
-0.7279373490437615,-0.7461220019161947
-0.9936531263052011,2.584157239046558
0.7217289215246421,2.2447410456499197
-2.8417311745100076,-0.6402290075655004
-0.7606956942988232,-2.678355031122648
0.7878018231519346,2.527559276452969
-2.574296751806725,-0.4667025980270054
-1.8969160095651008,-2.1946532067255853
-1.5161590966570695,2.5898469037584158
3.1544702682624437,-0.8609168807810094
3.2905725420885665,-1.3353351609228985
-2.5468074546602604,3.0123799947342174
0.7813582097241147,0.9980978244350447
1.4268050944313813,-2.727867739255879
-0.017548170481129503,0.4890731867192512
-0.7720663174924542,-0.2804927586806179
-2.905050789945166,2.6274178593405075
1.079180044696569,-0.2540976887797628
-1.1394772783461746,1.0547890112100735
3.3558747208899953,2.4639614852574523
-2.6245023065570794,1.2189178028988559
0.5651033386030752,-2.711680464827853
2.850154794392177,-3.006677130444871
3.003725849806744,-3.1074091906809893
0.8148276707741261,0.5618754148227796
2.765923991327197,-0.7382334284456114
1.2003130139819145,-2.488039127532313
-3.0581983245560074,3.0620919675897684
2.5930244970252523,1.88669214152199
2.576073100422978,-3.0370059747408624
-0.7399289132177321,2.936441824841228
0.8661908037719098,-2.799310927754454
-1.236677181404241,2.3929110329257672
2.2988712606332955,0.681980649136708
-2.611217577897058,-2.872732378184311
3.4357461489297867,0.796295657251539
-0.8982495540595058,2.9155156068111556
1.2117590792253905,2.6779625290734446
2.784140429695616,-2.6388963680333495
0.9329982909820936,-2.7746879785900833
-0.8802604311900515,2.369195039603978
-2.733246972311505,2.4163366958939387
3.075555983059604,-2.693134073014721
2.8356347765364456,-1.304083383214666
-0.8223063617500798,1.6420217287930667
-2.1448482946181624,-2.5919313290650177
-0.8839818307948759,1.1277723215877302
-2.2308775804025074,-2.7331075529802837
2.4997777701719714,-3.65331234584665
2.7452922147141408,3.2248194732018987
-0.8818641047460196,-2.395347806730797
1.267273522692386,0.7000381163247126
-2.7681299713971854,3.021167282443373
2.7853614259952444,-3.123667309395547
-2.924237202919664,2.99018025025075
-0.3965723150634174,-1.3425289132221139
2.845326957094767,-2.8904924074611023
3.341890239724519,-3.1958552316759357
0.3381761406793233,-0.4304864150936146
-0.7380001551033791,2.7801231469542165
2.7926643457586193,-3.0269356123093383
-2.9455577107103474,-2.758146278093154
-1.8930527720803394,1.1554366085873253
-1.182531851205984,-2.105752830717547
-2.1431228416325685,2.475273095750207
-0.39744255711262916,-3.1027993043109023
2.554848314403014,1.8955638958437906
-3.076893845034212,-2.3724005784250015
0.8104395159785031,-3.31199456004538
0.9924002602214994,2.6935143776864363
-2.3904558271143443,-0.2787318475321486
-2.4519296088453775,-0.9648824690132971
0.43418302346861515,1.8626663767835443
-2.8665087223428087,3.460901427979444
3.387199267358228,-0.9998946280269692
2.8925359373562727,-1.2808760413135976
-2.4994843187653233,-0.5655787126690456
1.1284806904599038,0.13156870407614052
-1.1258351836640448,-0.9579403263735076
-1.3823237238321076,0.8361932190804682
2.8538361750196075,-3.4267979182394206
2.7749121707510502,2.469347833103517
-1.9510679109823843,1.2601426767838992
2.565432953377572,0.9484025048895155
1.4826722538134853,-1.3592571320190479
0.9496308701269885,1.0658377735983628
0.6040338862331062,2.951418073255022
-2.6877061910760505,-0.8132933301085934
3.2267567291686463,-1.1320919558278693
0.9214538100413775,-3.238924182452881
-3.030213689839951,2.710338368986678
-3.0683477486199897,1.138271988320764
-2.236518108198386,-0.25071638562554965
0.9980674683330045,2.600414639983665
-3.460644833237546,0.7348015960317997
-0.4535156443399647,-1.0830763287647098
1.6512463971543445,1.9913098609851974
-2.7765042951468777,2.641621866731605
2.773339276871073,1.2527065535248068
-3.1181676872304984,2.8286920048248065
-2.3299747862753737,2.7994263564184316
-1.4996946124507478,-1.1002670070512046
-0.9787798689169287,-0.7651284003191655
-1.4844663791869535,1.028425493830744
-2.2482252774406057,-1.147642271663411
2.7870343209132233,-0.8381915427401011
-1.066519426430371,1.0640047556020784
2.2418348206928287,-2.7494410617327776
-2.6511923795141352,-3.2382867064699856
-2.8253281734954654,1.323509814801028
-3.147348075525167,1.2281840791959353
-1.7459214948754498,1.0368361644908803
3.633336089013712,-3.508504431011675
-1.6942163759967253,2.5347929724350413
-3.018972513155066,2.69234279816409
-1.606872882922891,1.0805889432651756
-2.257975450170267,-2.704609907794641
0.9554565410643124,3.057644882653502
-3.2884130381690047,1.3226097683778426
-2.9861298400130236,0.9387597972065816
1.122369151701682,0.5318792751925409
-0.6689110311329901,-2.0446444197460405
-1.2657934211130473,1.4954121022414186
-1.4375965977735383,3.4056339273546263
-3.12225044242671,-2.326848053098549
-2.8744489749673425,1.4628064831302248
3.2493385149333225,-0.9350304055757567
2.535881462408979,-3.345877574415011
0.8736274918388279,2.5866462089452757
-1.4338397151401614,-2.0583035094212496
2.929268463129697,0.2547933849831582
0.6134064869932885,2.851073958132776
3.425573925819914,0.22075008482318412
0.35351236593427465,2.90209576839083
2.972180990206582,2.9241039152346193
1.1461166041176556,1.5762329123684877
2.6338440985094715,-1.0609066632623259
-1.757589650949371,-2.8187349310061722
2.9406376008013004,2.50930249371388
0.6982401313703417,-0.7821262036873609
-0.8981295569466935,2.824214276212898
-1.4978368865133056,-0.5589002688510305
-0.888903464253308,-2.63495460988135
1.359363222636829,1.4389322617574651
-0.7243521897778431,-0.8567559666413084
2.6891059408344993,-1.777088020253907
2.4242007441802333,0.7841201085699225
-2.6206611968707363,3.3174416952066665
-0.8556708622661934,-2.2058101867122617
0.38168556973753914,0.8101453831072892
-1.0695140533688734,-3.0239748164395204
-0.9564496423395396,0.6430344992480594
-3.271944327176929,2.0553709310878725
-2.905550595135278,0.7374953126330664
-1.2054475556858977,2.91910319328145
1.183971928310093,-2.493628484338512
0.6363519519258037,3.4851847938086475
-2.619740758163238,-2.917378268791905
-0.8917100127451568,-1.5856595238401805
0.8446803405836498,-1.026305389002222
-2.629262710814568,-1.1070047457269891
0.8380978486882052,-0.22428948232888973
-3.0539375960577275,2.3586743142280415
-1.0334733468055082,-0.29549316122612423
0.7201832549850994,3.082435094668585
-1.0773643167421922,1.1646748981403359
-2.501914629355677,0.9741991888260051
-2.082171944574278,-0.5375217076265519
-0.9223059967277563,2.680116914853221
2.549576164329958,0.971731941944723
2.923004572748963,1.438580287057397
-2.8660344027653437,-0.7497447702262807
2.7956159252528465,-0.31261298481911454
3.0450740747630216,-3.2493586415702533
2.9441601406484468,-2.7339782728459823
-1.4792631482124534,2.723366124662446
-2.0721910687198237,-0.6992652867872634
-0.9211202425556491,-3.1121574239698493
1.4072091083950033,2.0480882289301845
-3.3488465224359985,-0.7566732143984771
-0.9440454599745476,2.284931196249648
-1.0190098357178963,2.957787327260923
3.5747547060972855,-2.8107991837430113
-1.532960028555687,0.9076504529594863
-2.379010961233898,1.2472526468177847
2.7304243068368534,2.2162620633827514
-0.9482721979919616,1.6390070336175666
-3.005055739057783,2.2947641146874944
2.1128089286810106,-0.7052403838288215
-3.0736601575353393,3.3826112535674255
-3.0754723060271867,-0.5000729503964769
-2.1013144948847184,0.7037091154768625
2.5225815814720263,1.2210558285263553
1.0484290643815357,2.1723432722776046
0.42743014618289876,1.3178764204766193
-0.3688677882110402,-0.7611058791868703
-1.3693471607560348,1.0852958686101888
-3.0457427533717305,2.210543749812056
2.675425831240561,2.892745580716288
-2.685174763632669,0.8320693413381005
-0.9896731771658419,-2.941569110676476
2.8159485560190105,0.8492697544246944
2.3786692646693917,-0.528079171548814
-2.5858679369126487,1.0361505980727443
1.0179703158100832,-0.37633140380592506
2.9774434417876896,-2.726932104500541
3.1233708256646904,1.7490746567012991
1.2824733734531473,-3.4653352281793794
-2.810066836971891,-0.5922035843170326
0.3111900104898187,2.3924148904556546
1.3021213331477683,-0.6350726680167481
3.1468594399317937,-2.715937127845827
-0.9640273950685287,-2.3125727937793465
-2.792016396145255,-2.937223489528698
-2.291406595970439,1.0513863747303551
-0.7460279918905823,-3.2257541083902868
-1.1276939794100507,-3.3015282292073156
2.6640586892500018,-0.8119417348543717
0.39256323527344716,1.3283957931540304
0.8412108074794484,-1.3252455878763438
2.6730120990049118,2.7281793294766383
-2.676129505381748,2.8858470115513613
2.521504424170495,2.5269389818756105
-2.5449548247596248,-1.022996766246024
-0.8749713506911011,-2.729619783736223
2.3643453972689406,0.5869430704990204
-1.4079306697078333,1.4269908888834253
-0.9322880499419806,-3.570421653687208
-0.6944452696829221,-2.7287201589371692
-1.0761512872273928,-2.7380868363771516
3.3416936786825837,-3.0211840752376506
3.016318920648921,0.752016448087428
2.8089397222200594,-3.352504933434227
1.2282283653759163,-1.7453266861828458
2.052549781318456,-2.280578941590408
2.6966298975894754,0.12916176898813586
-2.8149988434083353,3.4955465630056666
-0.7781800650986013,-3.4005655232005125
3.01623985758898,1.1927620441635525
-3.134956795483836,0.9244964040809464
2.97747299927352,2.498075393388226
0.5434897967507903,0.5050927975135722
-2.4836991460526536,0.9510481322194707
2.453561177871475,0.0774855003139483
-3.3599530721362676,1.2793950660537057
3.163368103419266,-2.873050687850836
-2.4207529820432736,-2.499459892696686
-0.9331175623167922,0.8117622946212761
2.8973404518169397,-1.6922463363889517
0.6112083952394068,-2.8042301028543353
0.8311934303465749,-1.3789156506006246
2.8690642949405087,2.4362131276684553
-3.5642985193368575,-2.4822128922950846
0.708670620829337,2.1726543683992365
-2.719706034027963,-0.7816172551466621
-1.8650224839336,-2.7205085466836665
2.6857989005980274,0.35125010481793023
-0.8713144158346283,0.8050779312870097
-0.8617955280477134,2.587601376231997
-3.283218987878653,3.0054416790745226
-2.6856388516994247,-2.176409765807572
2.586090246422311,2.1914218467025295
-1.5616607967917318,2.49826452894718
2.4016763968488157,3.0332823380296263
2.89131792884766,2.1618309777313605
-0.2255711198074851,2.659683053298666
2.572868455186426,2.126006536887528
-2.7979043306789477,1.5706731755087255
-1.6570793640088826,1.0595042317185988
-3.1741279407765046,0.7810396282830848
-2.805829775476899,2.1752840188928304
-1.4711014313434314,1.042435384604227
-1.6910868756423239,-2.6636127934882903
-2.9791495878553302,-1.0786595810306387
-0.5102922146406506,1.148592506518503
0.7151135753800779,0.9885328423676819
-3.1900583667399496,-2.191455162208192
1.55805836347889,2.9550368755341476
2.837252004610572,2.826398686244531
-1.5812006216936885,2.53762871471222
0.5300716970001136,-0.8671233779994837
-3.3174546941877763,0.6308998708627026
1.2872729825713614,-3.1584323764415516
0.07655770824708992,2.7276926383605464
-2.641441939885847,-0.3399966009741637
2.363230808452905,2.5842273627082375
-2.666806878463073,1.387795057788409
-1.7741738821368893,-2.7088522092932763
0.7791439388058221,-0.47869215583950225
-2.8859209882270127,0.5134557851730925
1.4204547588543763,-2.1880669783861237
0.22295617637594367,2.650995636457618
3.1819530910788427,-2.029061409474949
-2.905897210555273,-2.5154952070845855
-2.443718741844519,-1.078902551608084
2.9119882007151148,-0.5739863023713009
-1.1532757098240383,-1.2635554507680031
2.6670490443369808,3.0903393520423483
-1.077291422347211,0.9313688251763393
-0.351267143955475,-0.8562266626656055
2.459566470837108,2.7626547506343284
-2.80308656494094,2.907107494348606
-0.9557024326225451,-0.22921796567435115
-2.4291932377859817,-2.569560633181212
-2.633264114920397,-1.3032319831398733
-2.898868875720732,0.7663922476263537
-2.665082298146251,1.2414799583133656
0.27063359287439254,3.1932322007191765
-0.9683623108688632,0.48393014494575953
1.185579781223312,2.9986921891642795
-3.057814187709682,-0.8947451581800888
-2.961064202500531,-0.7643920477626235
-2.9175019123326194,2.5876016219817433
-2.7836355648726294,-0.5346698433739144
-1.628441851716425,-2.542029606576818
-2.7617832218372547,-0.6201248220488939
1.1636776262637682,-3.005654343665003
3.199177469222387,2.532945718547639
-2.889288926527682,-0.672254387099849
2.7667377866521146,0.7585762535262423
-0.9862484276330854,3.3876151103423755
-0.7280498658135663,1.0449001163555633
2.3560225076898615,-1.101453463898769
0.2089454238701477,2.677255520398208
1.3547218075764225,0.7477477475336327
2.192791084272962,-0.9365045638808287
-2.9516832051736643,-0.22878483671091293
-0.4482559614895122,0.5633851806007634
2.7786348371635365,3.0454899616571365
0.6632446654823699,-0.4509890685818029
-2.907228994152801,0.7666123461096325
-2.8925305539145345,3.026077177712753
-2.3454659341959156,-2.8288122079586566
-0.9128689216404661,2.87977735754569
-2.544620679822076,0.703160612134903
2.789973364323376,3.165524360456246
-2.8007323853295065,-0.9521066060515827
-1.1223468816794357,3.0020168545598507
-1.010723536129555,3.213644316140263
-1.0714135173226071,2.728284372286379
0.9214300719710236,-2.3115435360431764
1.1591053041090604,-2.8273382344650764
0.8082330227939587,-1.15875100285002
-1.4732922195289122,1.372565767686014
0.7641832955148485,3.191769404601791
-1.6456333724624697,-0.9689054112449854
1.08355446014269,-2.694743921605995
-0.7303282036600951,1.8752078142726936
3.028319056960933,-2.9393112970621704
1.1738158672418748,0.8751339649892742
0.4746100534862023,-0.9241416140159538
-1.6207986731476924,1.60050680321009
0.8014009121471117,1.354925950348111
-2.9013787220766143,1.3179095667906735
0.6864583974436536,-3.2392953880297606
-1.7318937298255372,0.7133565956367647
-0.7257079767883428,2.0233271576234246
2.9926824180016434,-0.9510374508286856
-1.0747923151813994,0.7159227054292508
-2.6175882908542385,-1.2174769613628171
1.2475639082553474,3.500957120395477
3.3140945424658574,-1.2246585183226892
-0.3107905744794281,-1.2271196055736975
1.0701346436777401,-0.8034585560365186
3.252338142444569,-0.5096353091823985
0.15549530576227197,0.8710849377808436
0.6594610339448626,-0.9379671221737168
1.3212003098306118,-3.414350589482343
2.611463694159536,3.3474906971919505
0.7585810255083643,2.5239814337672186
-2.8156599651114584,2.4424522320929736
0.8531373220032801,-2.627511006184503
3.5204301478877578,-3.2486942186598324
-0.7002489389552808,1.5313691147451225
-1.1657283613436322,3.000600126185656
1.1494962406675786,-2.7396493944871465
-2.6444029506595923,-0.8995141108119064
3.1656483589063424,-1.1132987532975425
-0.6322136740703417,0.8728544421337691
-2.7215559175663153,1.8115243071970026
3.085435464415898,-1.5454191034864715
0.909585287619035,-2.9567128640794733
0.9032152849565246,-2.891017358124855
1.1960366316410938,0.8898406344327381
1.309344205119218,-2.513094366124985
2.791495929578368,-0.7819621133851998
3.239499675972375,-1.8398301966014186
0.8074065969398313,2.8109489128260514
1.0858282260872028,-1.6470762444059308
-2.9627760262833265,1.470680931372039
-1.333172658763303,-0.40879271021351077
-0.8194048530249504,-2.25421463411311
-3.052801019385043,-2.7431890629241864
-1.4144042956109257,2.9022062290487547
3.1498236038093284,0.6539906399211256
2.9883102283654988,2.5054588700444786
-2.506111263968148,-2.912758643761164
0.7677140201899091,2.389920371916689
-2.5810671560503717,-0.5215699423532179
2.9686303237188807,2.266655718293172
2.9839195665402984,-2.7386559508842
-1.2941565996025877,-2.846668540599727
3.615352452346583,1.0729396138399332
2.7353724918698332,-1.157318556482378
3.566773225960311,-0.5477388620310584
1.2112251246913515,0.8728528724154554
3.1703368210390317,0.9004459674638176
1.0179519561664505,-2.453807813330779
-1.0777786063797588,-2.88193592438255
-1.015681349061556,-2.5775759741038398
2.2043966266151416,-3.295177908339982
3.2639514253336217,-1.2055690850441048
-3.0124918869156,2.7180594152757225
1.222396253855552,-1.0654162087875156
1.166218896606205,1.1343777873932734
-1.2761027715548683,2.67435622874733
3.260561113434622,1.1712554613023334
0.9246791131520586,-2.7241429226270037
-2.358659884805585,-2.5197085880407006
0.3156459052068549,-3.5615679213479803
-2.2570266090748725,2.6858730898548875
-0.7127238640745363,-2.7307552201296192
-2.4872015822134688,2.492902439308619
-0.7886931918840194,2.4351439940384108
0.6125553308464966,2.7073769900239504
-1.1901097304926445,2.9791871393990514
-0.9702363947624439,-1.1160575450527048
0.5278541859017654,0.6216945280634337
-0.8876710986387917,2.762046954523391
-2.296367109872361,-2.6326928146510715
0.37733810066806833,2.660076310272397
1.6788618890955795,-2.436989487582271
1.1755540748722344,-2.9364074358067707
3.5019335453543623,-2.2150242544631573
3.0267418159566173,-1.021995722661447
-0.8681321771156483,-0.9567556209537446
-3.002222944868013,0.5072424711231899
2.772389753557227,3.1959885306919937
-1.5079047419462561,-0.7684760169144942
-1.0375246293215197,-3.0049094980670894
-1.1133080272765172,3.31748535689023
-3.052783707564656,1.4900950698128512
-2.6598558372920698,2.379450818866559
3.124616171906175,-1.1674944640910416
3.183668016996267,2.1347134574952693
0.8775659005918924,3.387522795969237
2.9959747857159216,2.3856076122505896
0.6190051407119461,2.7401584725673604
-1.0953847058783799,0.990206316197344
1.4173281398925193,2.6690056064686463
-0.9119758579288588,1.4579687744156502
0.5958407658242277,-0.6905794669830821
1.1471097549369096,-0.7009534748861549
2.771929242613005,-3.4493671910192147
0.8764512907827295,1.1972306319391515
-0.7788596802867656,1.1349413268879731
-0.8762944638981442,1.048980136409129
-3.213569560655348,1.8187753576192676
-3.1985382612134323,0.1375158281498994
1.304715387210362,-1.1812525561803242
2.9072708600109833,-2.5711353844580525
-1.1504241952079601,0.8122451262234747
2.6113705549622566,3.34558976553333
-1.256496225145982,-0.5345507218024436
1.1485869180394728,-3.387170186534361
1.063295361288966,3.279552405789033
-2.436629150432834,-0.8769587273453914
0.3629519892046657,-0.9016012313229539
-0.7536887719452134,-0.6530675980071672
-0.50127304009072,-1.0724051162270825
-2.9063536242254124,-0.7070279530561663
1.1836248895299655,-2.35505671759183
-2.980492090550118,2.881512074638477
-0.7113969200947112,-0.08351568451437609
-1.2987592485323602,-0.6492397208806944
3.1234785110877303,-3.140802112957988
2.222727860879807,2.815726132969317
-2.761718766958721,-0.7400393733239173
-0.7494639099305703,2.8484290819489395
-3.03364783850103,3.4304542310548185
0.5432932727802107,0.999888978735431
-2.3663621245972433,-0.19212504083091353
1.0457961396424398,1.2095937788274633
0.6547691548009573,-0.2853125001172979
-2.24633554517943,-2.8135674332943976
-3.1588129232863733,-2.4835208203826746
1.4032856108348388,-3.3675980044465574
2.5728460474330035,-0.6301546860056637
-0.8997189551791159,0.5960453240537449
2.3275897188584493,3.695857532533932
-0.9420090542689806,-2.9317483631353776
-1.266889512605632,0.6731889645279235
0.8251799342073997,2.860879248216592
2.2484800315382523,3.212786077079071
0.9539184947845996,-0.7498209513703631
-2.0514614049266773,2.8542533678116135
-0.777613388482544,2.2287064864309816
-0.9140875403626489,0.9679429238773489
1.1538497634878822,-2.7496511685661225
0.7609161923998159,-1.7706450597047638
-1.1050012282269301,2.909208591372767
-1.5434864913719695,0.5862522216717456
3.370624193496423,-3.1779104742599342
-3.121402942364167,1.126905460066614
3.450625430614044,-3.007771918908484
-1.3142970483195364,2.5761830674257635
-0.6785066539072262,1.7988514137107046
1.1892378433215935,-1.0780504141982523
2.81947818110065,-3.1380856924987603
0.8597175331041585,-1.33893732750671
-1.0941068208064728,1.1892704435810477
-2.712755133744272,-0.2853760871423157
-1.2032535785586833,-0.44864479911654925
3.1328218014806657,-0.9060209438823
2.472878022285508,-0.5568034317260755
-2.5216392362544786,-0.7649539569459787
2.9521624658305265,0.5437263462467071
3.040204226045392,0.9116745858349762
-2.7556548589753227,-0.8437527428076218
-3.2271120101331836,2.7430768080850587
1.2925965445459202,-3.2015260065029993
0.43557273562570875,0.98221628798517
-2.7579874378361144,-0.58881251894649
2.8107404844203545,0.8514758255380463
-2.315766837025222,-2.0590654518196336
-2.664505498516966,-2.2344466268368577
1.3280178424038926,-1.174237837418008
2.9152009870179016,-1.559427336374331
-2.9584755959484483,-2.252124102272346
2.94536933678858,-1.4609642808135397
3.1320106954691975,-2.7591368983383058
-0.19264090001225123,-1.056588340814262
0.5879172155410196,3.009190949456901
3.2905605877332627,-2.5464518961158715
0.9005028876461411,2.0122360395191885
-3.3981291208530737,2.9502866765269893
2.9456064197876595,-2.9060378042466306
-1.0318659513843629,-2.913143450990759
-0.798101929038338,-2.2715776042219273
1.2026922248977845,2.1416407041796246
2.3973673933649002,-0.939818439018727
3.398322604454414,-1.2698432485667563
2.990774815658908,-2.5715403880658703
1.5423846928470835,-2.4228217980225257
-3.581646303100749,1.344844248492433
0.46148726524249006,0.4997808507474517
-1.5892660471340405,2.833150231120204
-2.518324154821172,-3.222904225626811
1.0786145956080004,-3.0506471536399573
1.3351617194801682,-1.20184237642249
-1.561673063960376,2.421408947697542
2.9712399798233124,-2.7364945897506407
3.617341350578226,-1.5779996117211
3.266290376498319,-3.029659025811862
-1.0049502264448718,2.3269084820865364
-3.0456402813231667,3.1957744955112104
2.85114039468099,0.5224992194032211
1.0256296475392366,-2.6540044900752893
3.2266280943105996,-0.8993943300246618
-1.1828989620982686,-2.2836386384123846
-2.775720620523089,-3.4105574971841546
-1.227922278539928,-2.6601491002844577
0.9314466161364187,-3.413880466983031
0.932165316702327,-3.2616909078420733
2.9154921822524247,2.8469200803718793
3.2332171863256636,1.171918162964307
2.722975138485396,2.604258356788429
3.2868798451988934,1.3502973830572362
-2.3884384108497443,-0.48280982306001274
-1.153878115434459,-2.7959693209303134
-1.4265206744413756,-2.849811468350557
-0.38332852751935237,-2.806019921006193
-2.0620192527410577,1.0428341369058067
2.8513147947357504,-1.1559347050013988
0.48251963345761073,3.063590745030826
-0.44070834215570104,-2.6707107069876277
-1.3951893305752705,-2.604072595537819
-1.1571861345077612,-2.418125580838593
-2.5671057754180207,-3.2285792438631895
-1.068884621294721,0.9048850127006806
-2.5647458591351353,-1.2338111173956023
1.2784171405228046,-1.0343032154746186
2.7465631585104133,-0.8732654055855323
3.0332870256072826,-3.3922590037719984
-1.0197039465569435,-0.5005888134005954
-2.77363694303502,-2.7174630915310805
-1.5553095170961682,-1.2070288006559384
-2.69117592277682,0.4383982508900678
-2.3103098478083495,1.3708974587824467
-2.3423884581056296,-0.5007790161370411
2.7039220509293473,3.1047649042017196
-2.666473993149029,3.2636090749978517
3.0130229795148282,-3.1394246489448956
-1.2361828750933044,2.2717791719729794
-1.091525278863272,-0.9158112593513394
-2.6200786665542846,-2.8149796360712194
1.6705906965378794,3.3148260926647457
-0.5888469511119447,-0.28921335476897947
-3.0785187835606287,-2.6145251285814672
-1.3839607108662106,0.9685613797530568
-0.07049286117139417,2.5413033941217154
1.1698530387117414,3.0918948735872167
2.946797976179869,-2.881054997509052
-3.4478489943999073,1.383017231682716
1.1727193052744131,-1.5030050853232004
0.34738910395797795,2.47059531314144
2.2757970507110965,0.6583563956884712
2.514658415401877,2.4847495495757195
2.2534330459953007,-0.9380943264614745
-1.201818886939096,0.6965988397052679
1.9435468889848198,3.4706805329348236
3.371711726142139,-2.7743718885344237
2.48973399105214,3.1102649892413443
-0.5801385011431096,-2.3475286753593148
0.4766078758363543,2.056522728115302
-1.640623613921832,2.4025030173004143
2.3298778602860386,2.0764552833992416
-3.0456390009462155,2.8916940998816383
-0.9483364707207061,-1.1059822097148724
2.7833343927813186,-0.7402177322609208
2.7413229842694755,-3.4068209253359623
-0.3983259382990759,1.1323833928089226
-3.3097611128484847,2.8222995136010742
0.3009568467866877,-0.8939822716649066
-2.836526396144898,2.76330533984913
-0.9255455660018467,3.070769151535977
1.7824522443503807,-0.9340844576916866
-1.4067405705958986,1.4431440452238633
-2.9589674274749984,1.7301415337193338
2.4405511260746047,0.8450368324511668
-2.954976808723153,1.4222761654317921
-1.2218548124678388,1.5585448549881795
0.4229434222188526,-0.8285558679040611
-0.9170418910996895,-2.097984172609409
-1.3095259399097572,-3.0001563324320935
3.4302672267723873,-1.0491167900173575
2.525349173627364,-1.6107779869679324
-3.5925459604941836,1.6107883896940618
1.1923213836740294,1.3188707019345671
1.0531276951682493,-0.2548216195020875
-3.3754885425614596,1.2135555013363795
1.5013537478823356,2.626879263176653
-1.5893716644441858,-0.4636051353733612
-0.7711316729588202,-1.0592342453537673
1.0931883701219827,2.758270486096665
-2.426915004226237,-0.5932945067476467
-2.667034498288376,-0.8052135406720048
-0.32074155960083633,-0.9823309366334131
1.0073575294667902,-0.7216973447304333
0.42116959050941294,-2.4023131755457507
-2.9081582141756477,2.9794138292437204
-0.6557073978634211,-2.4792110704456407
-0.7953024148661313,2.444345068085003
-2.8581128194749317,-0.05334299408339739
-3.5685950898734036,2.9108518191393506
-1.408710927458286,1.6430635769853776
0.42458058414425937,1.2625256503592652
-1.2146333535726568,-2.435803441559739
3.1305544114345647,0.9505153532528418
3.149770645679951,-2.7158357394036416
0.9615038410946468,1.2405570229408724
-3.1269962101234454,1.5052767650656482
-2.923801733406141,0.5689144905194058
2.7594881357292143,-0.49857265039847304
0.8247090422540955,-0.7293878730735724
2.2630281582167915,0.9598057962520647
-2.6933354701963714,-2.665298044051425
3.0122192108874644,-3.4185421386527888
-0.6654219507560418,-0.6340515203775986
-2.6775316214925375,2.052415965635758
-0.8465274627294331,1.545347342405979
-0.5703810093496255,-2.71365797867541
2.8672680966180093,0.49845723225569577
2.7906719326487464,-1.0530652990773088
-1.1919640331164063,-1.9539262878735875
-2.4988192453844293,-0.8440314685314054
3.492270596508386,-3.064717559746163
-1.5906093327858248,2.840131819827054
2.5925053684518127,1.1098314742020903
-2.6659346059741442,-0.5401317707007025
0.7654936321548923,1.1261503369120542
2.7287512701324683,2.6217581260803304
2.8137164740764,-0.8405401277689314
2.6531882166346987,2.3677039179227584
2.559042212869223,1.595947510172543
1.0814947841961229,2.8054568287073165
-0.310533939693324,-2.703280418270916
-1.385862161252342,0.7664437885435759
-0.8465011307069696,1.4659112455254677
-1.5020974395716635,0.8228821535955282
-0.07465302784715686,-2.5641178724215834
3.5254827391175776,-3.2023279575000645
-1.0333687309013968,-0.8678761843491551
3.1202808641599176,-3.105843000179792
-2.51117855729497,-2.8779685943625912
0.722096126814235,-1.140144440994981
-2.6945002961799807,-0.5977326916487102
3.214274189629416,-3.299411467486873
-3.239801858734794,2.991128751788136
0.5750653686453862,-1.1441488637540331
-2.6763195253363734,3.1817390632479055
-0.7755397793853985,0.36291190679960794
-0.9820611739149323,2.4504580360024293
0.36428742360235844,2.708526260778086
-1.0904582839374588,0.7854187840196304
0.8780665781719054,1.2013635209904299
1.115881450439421,2.4951163915681733
1.0923926825883445,2.6864702434039898
-2.711417478571453,-2.6514805044948813
2.6786254037484487,-2.9858293328072167
-0.5232664767184558,-2.886535505228129
2.4285452799349594,0.7241736908815194
-3.2771985767622556,2.5999978753134103
2.9965882214826465,-0.972475241215983
-1.995138299390643,-0.6719745535369418
0.9552875042901414,2.4361562128300953
1.5173338692377458,3.0963364200471957
0.7461174168498461,-1.2125119114465326
-2.4181492782557417,-0.5069039263690003
1.8334023048614374,-0.9757660656996842
-0.8345159506352807,-1.5803153218426733
-2.727343140042948,2.7312752337703645
-0.5352111773480122,2.9416473251737907
-2.969088859153097,-2.0234864238368684
1.180078647429934,0.5329501443326068
0.7722669466803083,-1.0190207834426972
-0.2978637896863,2.728646945462282
-0.864600965513933,0.8187078434741676
-2.5809871895659193,2.1809559454652243
-0.9947020011136843,-1.1871605577165731
1.0143055023946213,-2.395681343353135
-2.7978766646176236,-0.5541440275016153
-1.0262133331367105,2.7140669725082596
-1.3694403558532056,-2.909780645662491
-0.7223473584648813,0.9314144227539216
-0.6328698052896152,1.4527002458625347
0.9103792376946984,0.9127673592886336
2.4943871824917725,-0.9696038641970128
2.5849850437756032,-0.5705772021204856
-1.0633399207709964,2.4505154960501256
-3.2252288059693797,0.8119438633012659
2.761446983937829,2.717265911067354
0.9675144810090446,1.1862318161495757
-0.7370423393963327,-2.694959694492917
0.8310097193378941,-2.6118680040932216
-2.808505667724126,-0.6273278470219631
1.0670222797241857,0.6703150844110617
-1.3674400531682682,0.783066580988081
-2.4946781614477356,-3.3327645327091715
-1.258695992982357,0.6374872217568082
2.4474434225388233,1.2969514117268395
-2.759620593115332,-0.6214263879409101
-0.4646019619561591,1.697356577990371
0.6411798848186183,0.3233034168973192
0.8500609611772452,3.3582534321526256
1.0231604000040322,-2.7367763347791043
-2.17595572300601,-0.5986087608328013
3.033310876457872,-0.49008773832090935
2.0708651354116143,2.7163961535287324
-3.06292168161379,-0.4829910034366174
-1.2306615147755566,-2.7299862178869563
-3.095889551859141,2.790196048366873
-0.5140257113803706,2.0774052229267226
-1.6924039254855567,2.645753432008288
3.33032759941447,-3.154300446079014
1.96704880214051,-1.010209049251169
-0.7178582989610373,-0.9124814977946079
2.658408398319234,1.0641601573456838
0.9736472161663416,-0.7690603479292328
2.956095127190081,-3.7997166262708437
-3.1841888763464943,1.2812568755440652
-1.4532073073681009,-2.3086304843816445
0.8567461866109901,-3.0272606189930906
2.811085209711908,2.3433570302025037
-1.5327663185381672,1.1457980310283562
1.2031507307717688,1.0231078497429793
-0.5217058714011161,-0.8830070095176749
-2.8386127974240836,3.3313125287032004
3.040525795168519,0.7239909983797553
2.800297473509645,0.8756841411975534
0.678589523680935,-0.7626050332128697
0.715074263028183,1.412091445626172
-2.6544795566897905,0.8156974498221259
-0.8033259857067264,-0.49879763205435407
-2.7432768559669336,-3.522083123263332
-0.36203180549343505,-2.5907124793340084
-2.6614220518364906,1.1005069186018677
-2.7962769533714646,1.9160893624235067
0.9368763768397573,-2.933555176395443
-1.4025971396221089,1.5430723506760426
3.2674208391854154,-2.576420911334423
2.533533775923236,0.7812351984407764
2.6142094000173417,-1.0585599118346536
-2.975368383124777,-1.084405412552546
-2.549875329414192,-2.79431844385005
0.9422575606854763,-2.928737784949963
-2.689263157338672,-0.41831719643825843
0.5700564866466743,0.33472257549012574
0.17265064802020127,1.5336447529854758
0.9226376904037731,0.7892608939780879
3.0818138405848043,2.534863726739323
-2.852621228961818,-1.015218986728945
-2.4490210818534996,-0.8622228379465819
0.47764917129454537,0.6775863839841316
3.2876633168247444,-0.8910444003615021
2.307787695957377,2.2061900843162143
2.946495643145853,-2.7796782439485024
-3.3250515768535,2.3957486421721037
0.7755745373387161,-2.777662867781258
2.6179012726090107,0.5491420121360554
1.3292819481286051,1.0835849660384984
0.7178014809552475,1.3034448307255664
3.0799493166547514,-2.9930170278013466
-1.5204510466977201,2.9366178985423224
3.266567421688575,-0.4374340196027095
0.7245731093592943,-0.5656754001389498
-2.2909692525311915,1.351772474436978
-1.4350636226658002,-2.0016625406643347
1.291665731370034,-2.377822741953122
-3.1307578548328436,2.3650496042654434
-1.1224136048393272,0.3475388484831975
-1.1889649505926159,-0.9377892349140691
-0.1673865913790922,-0.756596952494902
0.6222874090436289,-0.8508437798895586
1.305897059599456,2.487550755150107
3.277175750829433,0.7063003352051093
-0.8305525985758766,3.4011944349995398
1.0687033236334096,2.8049118111354234
-2.537154520102362,2.359381703977634
-3.0054202962767067,2.8774546142578563
-0.6918319449760041,3.2062311502992054
0.6645684289959412,-0.6193761141772649
-0.6840263497947412,0.9963620115103254
2.5736375903783633,-3.002744618316688
3.203290136173712,-1.3399439066422258
1.3357495175281764,-0.4096276283819458
1.0066754630076034,2.733804375718279
3.2867345170092674,-1.116516446087715
0.9243771141972753,0.8440237395251331
-3.0870879229136303,2.7008417851105055
0.537943625301906,-2.988471580375303
-0.4070156292623495,2.8705226953635647
3.0438663010184825,-0.7358814266401706
2.626199067984811,-2.886746742765339
3.098629769245682,1.3771333010832245
1.2972872969462566,-1.29288599555352
-0.4793403381424084,1.1014617759558791
-1.9188715956710634,-0.5544952525844341
2.0218553113422657,2.844916834857228
-2.696620507803614,-2.703566164994281
3.000644526022669,1.898512571273557
-0.4475914298447305,1.1220962028437997
1.0299491639549734,-2.6931337572974203
-0.8155933167409084,-2.164943549649064
2.4187622260454864,0.844458035706157
-1.04193840078684,0.6471163622198364
-0.3923119781895041,0.895055370789053
0.8525687678144643,-2.891119718091787
-2.695377337158991,0.6701470760313961
-2.2615295232787855,-2.291955370499791
0.5061435353024037,-0.851484796913688
2.96783058126462,1.6337195611214115
3.1098894994216657,0.7736684883705142
-1.2195944849048774,2.7990027482625153
-2.7084568071657373,3.1513142346559264
-2.007429687546784,3.889787744712395
0.4422639627445841,-2.642518423544761
-0.5202140633045147,-0.34480589200470685
0.22004613564358397,2.8486548377202117
2.858832746760072,-0.6507049811083678
-1.8541391195865005,0.3926055197072615
2.76825583150228,2.630233773805556
1.2784672598655946,3.7108965448488274
-3.4291390820062433,0.6218659898443221
-0.6490263722664253,-2.708354503250084
-3.1932002313198673,0.5360565880939474
2.2736048185696967,2.8169076047912847
0.45802601271390464,3.5293504087734204
-1.116018284378626,-0.4861046551957138
2.607764432602634,-1.1692635965833165
-0.8210564792556281,2.668831076538973
-2.3457971078505917,2.9622926405106096
-0.8474508416973822,-2.8287584328173585
-3.2277698514939677,3.2236090672470454
-1.4827271147291419,1.5812753941100457
-1.5708469904735964,2.5981073394306997
3.1990353680281483,0.7183768358948772
0.8582677708043346,0.8942419667328179
-2.679088622935278,3.516964787344994
-0.9056184451775484,-1.080006333532323
-2.5581722303785366,0.6121366154802995
-2.2310497035364247,-2.4285179858086154
3.1609375350443316,-1.8668282260551343
-1.4139205687835945,3.0049470864673644
-0.9550451237312308,-0.6052372122741101
-2.9564543109564405,-3.111313646574817
2.93577869089554,-2.1248288012608647
-1.3235811552220014,-0.8226629509837031
2.8043746118615402,-0.9232990627833175
-2.9375082102932395,-3.0450365013708347
-1.961716167769081,1.583901529430408
2.1881123209711957,3.39091210907323
-1.0606686513387182,-0.3722319787911049
2.5144649793705702,1.0037520748651667
-1.6853313616506427,0.7479995259441362
-2.833548751412836,0.7964473378494095
-1.1646828647756555,1.02336149258367
2.8079297259301352,-3.1295082141359662
2.3659496545371455,2.3403942250776493
1.0532777540045868,1.327530515887417
-3.064927360299597,1.7140288209616978
-2.8719611996955683,-0.21379819342796186
-2.190952987719676,-2.8093346429088073
-1.6526851114074708,2.88149278580229
-3.004716737465293,-2.1725046832357244
-1.125572723795923,3.0621543029522202
3.497685295019206,1.0651247173795886
0.8711714672439912,-2.5701959572477007
-2.6751742174078985,-0.41767908185170294
-1.5535918622794687,2.945298611304817
1.271357092534517,-2.4984089970515306
0.7809961005764988,-0.7881807710295815
-2.6033637491948047,-1.3803183921678785
-0.8480918546863778,-3.144973902566719
0.9974829387302352,-0.6776386822037636
-1.5223271922917496,-0.8303464084087585
3.2325870845987272,-2.639014920291612
2.2822057952587436,-2.6604221452240333
-2.4848902327985676,2.531688213176053
-0.8807487797491227,-2.685829025952709
1.1410915105687536,-0.8107172287632103
0.5543721796231096,-1.1016004990453268
-0.7544797579443735,-0.7388875041508831
2.909733895622041,-3.604332210555245
2.5471460857287305,-1.3155212981564095
-1.2779968672124329,2.2773003827066023
3.086468339084752,-3.3501728394757455
-0.7739013119192161,1.0017388776990241
-3.266622240569546,2.464563062846619
2.818397498891221,0.7914878039872769
-1.155376414117927,-2.520752463383862
-0.8171322018747048,-3.253670455706777
0.6660353150820525,-3.0294278675383968
1.7139889992857475,3.0550895746067037
2.871003891600933,2.517878978133452
-2.4068401164034228,2.2001382633795132
2.625606793728409,2.53285408334394
-3.4562668977222244,2.6536622742548843
2.5698038004616555,0.7381844778189693
1.1623212514758519,0.4652113749779905
0.7969784888707369,-0.9033341097201341
-2.4118498027654303,0.9992108674849705
-2.7976061775590866,1.1498701539018137
-0.804195171446798,2.283764343221086
1.1581288226479265,-1.3491163824384835
-0.8159359885068301,0.5128386814646735
-0.8496453519912935,0.9568857432013819
-2.6222586574747377,2.322114178007188
-2.477846200820565,1.1620171196246172
0.9828792428612493,2.3535402113467097
-2.869766381070836,-1.806365143624173
2.774035444354185,-1.2046020108432598
-3.3863819514092675,1.292152233602679
-0.769081731780511,2.431700130275944
0.9567459712488249,-2.310816032200282
-3.25619063988089,2.1936695915798157
-0.9000422266269394,1.4522498111956152
-3.103814991035741,2.5846566156358506
-0.86539521522306,-0.1728778736427569
-0.9805956490449649,-3.164899873258001
-0.7724447659504635,1.427435865821317
3.4809697595850784,-1.3336316127858527
-1.0245917832349518,2.309222304051802
-0.984786485544321,0.5610451580250788
-1.0351998675871272,3.152021113288823
2.9547799778483332,-3.1687419888762545
0.9785590115030588,-2.7553262846860695
2.9498225115846672,1.2944177926569653
-3.5998895948312537,-2.365579158059434
-3.1893249312252947,-1.0948214667415972
-1.4390014390688344,0.80425215102616
3.021820263592551,1.4273070403213233
3.0655602137174607,-2.6896658476709434
2.8591692887279794,0.5897816032945594
3.1668301273849404,-1.0873260969905707
2.6329171692398115,2.479701282914462
-1.0970528007551121,-0.48112471547660396
2.5143666204894597,0.8677388086443247
1.1557293773446107,-2.9374007447508843
2.2522750223426042,-3.2567037343685556
1.4400465797220747,-0.6385494634938944
1.026347322812292,-3.2794516168827554
-1.2068801074624143,-0.5183219935898705
-3.012744998609268,-1.2102121706346802
-2.908092238146569,1.6110951816374834
1.2489432615710223,-2.857573275022636
0.7951357105649928,2.498977719912649
3.1701042181585835,-2.5857555484784496
-1.2923280634827876,1.4420136480094756
0.052386699530598324,-0.43567577139768604
1.0718490212423593,-2.8041040172951646
-1.4009125966884595,-0.8387427721545109
-0.844420456972568,3.3365098295770466
-0.7810383464412494,-2.613817524208145
-1.200395183181144,0.32364849091077785
-2.658623318224221,3.2586010674850483
-3.0050318521293384,0.8736777991755458
-0.39186012102905904,0.9324247375569426
0.3343329526353359,2.498297885686955
-2.725132017327606,2.905308146134502
2.7166954017160734,-0.23139391447123675
-2.6917447504551046,-2.9951612336453746
-2.3131462836071086,3.444094424045005
2.1015101899511532,-0.9280054064293356
2.773821069617618,-0.9699733595781189
0.7447110081683338,3.139586891559909
2.5647725995428425,2.9104271799105677
3.0248258706319873,2.534992548954359
-2.58817084951357,-0.8601945439403045
3.4326043450536647,2.230540248456865
0.8163745592846084,1.5838171576416806
-2.7131065699901793,-2.9761006998520236
-2.9096479388433716,0.8938781114977205
-0.3592465888353726,2.4705866342912173
-2.2665783045590646,-2.1614461790692467
-1.203698996736719,2.0545687408939215
-3.126853552353565,3.547313344075102
-1.4341744257144202,-0.5617301212412391
-1.3268959456680463,0.8665200107285551
-0.774477255113857,-2.9642740077115395
3.244813942723273,-3.003853950880178
2.629229080641317,-1.5002254377946929
-2.314332965690706,-0.6545650758382601
0.9735178986115729,-1.1692523446573722
-0.8959965772356107,-2.106883994723934
2.905693863871542,1.4489036443291465
2.675283578086585,2.8105359036470565
1.0519561575992589,-3.6146633538028565
-2.5569955679558327,1.4368668766125838
1.6055730155024903,-3.584539338082737
3.0632381409705567,-1.2748529423365382
1.1203112924714935,1.5121669528907764
0.5795859864013788,3.141851618791918
2.967451908006439,1.831466016583616
-2.9997355662598144,3.049178426056575
-0.6427449413840075,-0.9247493431897297
2.9786713820485677,-3.406069201006105
-0.9976549588865818,0.8988652659170142
3.0275430960268803,-3.2001249357541517
-2.803869162374492,-2.503158494273961
-0.5476964332511536,-2.600859575276803
-1.1085729283018635,2.986965351328701
3.253740646760839,-0.6514092960511265
-3.0318045404036615,-1.1898988750433386
1.4565916670361363,-0.29467703328610645
2.7824870832520867,2.248370972207673
-1.0181283222325748,-2.7657151374456657
3.686799538136436,-3.603054758946871
-1.2110380570640384,-0.8204956407877115
-3.3678390189366487,2.84092459651842
0.7107509489185021,1.0875666986070962
-2.633408424570951,2.543576760827941
-0.9084479505865042,-2.447003421582706
1.018729208704819,-1.1997142170029187
-0.8263094439313163,-0.22163208099110862
1.7080729183502963,-3.7271711415458815
2.5072882898185282,2.839863779810753
-3.4388213206675116,2.567509787259026
-0.6173057794036776,1.4652521592300676
2.612057214402319,0.1192032914794114
0.4514271425424133,2.9526456670924355
-3.2732457263297627,-0.7284231620518741
0.07616141955511481,-1.1829412210732357
-0.8661887768207085,1.5185163089492495
-0.5802669241892114,-0.9629798021290936
-0.8349313278558373,-0.43674738343776137
-1.0511849961187376,0.8679808022360513
-0.9842911242035286,-3.3679351014571814
-2.8258352176514894,-2.5492532080028645
2.8194431805540474,-1.4362948148944161
-0.5500348896321191,-2.8727521892253174
-0.47501980581366166,0.7518671686615045
1.2391695111916547,-2.3224313605919193
-2.5018612398452507,-1.6359557336339048
-1.1101002863516358,-2.7562490381069025
-1.2420507971907413,0.7696214829861991
3.4822160539258933,0.8369169375821934
-0.9154882086871386,0.44540162226507324
3.322970517241069,-1.4774228006298136
1.0138836788543506,-2.8737004612093955
2.942705893480809,1.327032548733937
-2.6432593686230033,-2.437269732087969
-3.832106384428639,-2.620407348848607
-2.7534442522016978,-0.7541329133263371
-3.224125207930806,-1.0246828580048988
-0.9127019162547049,-1.771494352707567
1.4255960696328933,-2.6241294077930437
2.4046831218120235,-2.299066659682095
-3.1445290819918217,3.128633420841743
-1.4863346982837167,-2.5895389373791176
-1.0087887308814902,-2.7914781863327027
-1.1902912770383829,-1.0944195720434247
1.0373451412963994,-1.3763371982102166
-3.0554834837437004,-1.3289821863865239
-3.28076653958454,0.9526315452312447
1.2780704167680677,-0.9353180734464221
-1.215873053379552,-2.357758446757195
-2.941291819915183,-2.649956608761764
-2.249531391493912,1.1091972857063674
2.5308028848042525,0.8963311303418481
-1.1066627562157427,0.6607293222251667
1.0082657131047212,2.9066338748877096
1.2677031473654168,-2.65378127044982
-0.9741596073281451,-0.7149594101693099
-2.862028882282741,-0.946122697753737
-0.9535083775421765,-3.046899212935962
-1.6691389759162065,0.9585835142829445
-1.2687730025478388,1.1060315035628394
-0.8691981020399117,-3.1429486301080294
0.7613179211535518,-2.909813586687831
-2.617709589921635,-2.856884278176758
-3.084876059215867,-1.3860844375377817
1.3875331457571305,-1.1957588066307627
2.0035490061469843,-2.889224329176377
-2.1454838755735737,-2.676333952034305
-1.0158078467585503,-1.3553018640361727
-0.7659535063396609,-0.4866294983278126
0.7276788654167576,3.0538836643061833
-0.4347347198990799,-0.3705666437787943
2.6342154204444124,2.282001078623504
-2.808063340151086,2.1304167689380917
2.5565063620958894,0.7066006649245975
-2.6660668618445436,1.2364525832864464
-0.8636121889671989,-1.6854283688762768
-1.3363865279617684,-3.0155234202491275
-1.1116893879999938,-0.9696717425602961
-1.6124873729204166,-0.5537463723226353
-0.665331101201128,-3.4146131713559122
-2.605404093666371,2.9035813233195378
-0.8069328443792523,-0.9484927070589296
2.9318720625041657,0.3272023375051068
3.103885447844969,-2.6299498788558795
0.7125859179384311,-0.8796093515079682
-1.3085265801138466,1.329073802797714
2.65186842508772,-3.298546233598762
2.7867190730656053,0.8533213853905469
-0.10853576148760455,-0.7359465734661683
-2.77887209601169,2.9425941027810945
-1.2044854356001802,-1.919735144937695
2.2127254059033485,-3.8193481430150222
-2.810545047155284,2.6665368416010384
1.353413161868817,1.0154021599162548
-0.30361327716492414,-3.3512255473659187
-2.8471444500898846,-1.1199459761732926
2.899077855949878,-2.9896947816164103
1.157195004070698,-3.385883836777936
1.4384878845981703,0.6239822575488218
1.0036720775472585,-3.770381158049947
-1.6064179897581388,3.3793191101141518
-0.910886311435927,-0.6517737200312295
2.7388992012464857,-1.0667999318506332
-0.8161073862035174,0.46207558894833806
3.127922183155659,3.4910016338005163
-0.8999222643764667,-3.304341320073047
-0.5234733275826702,0.7802474505241573
-0.35730156442036093,-2.572313536223824
1.037337368122092,-3.1215791348385897
-0.8110421097955419,-2.465231656635115
1.0608808434435926,1.0870928547587864
-3.127025316324118,-1.2475048551003314
-0.5337356129786842,-1.5647023106362898
-2.5666439163847286,2.9912529971928747
0.8298620187759345,2.5821762824282253
1.5141154691286007,0.9674428567313839
-2.955847997832455,-0.6578504945053493
-0.5248156634894148,2.638270746818793
2.403135192202918,0.5025121444253248
1.671473507257743,-3.3742987023460955
2.0988282265979916,2.4635557251396984
-2.6183976244509686,3.0233490178641103
3.0122284326430857,-3.043376690379928
-0.35552223944953504,0.7234721217470373
1.0390384643495645,2.713422193660065
0.9182209047832124,-2.8788219592851734
-3.0664087428503013,2.4312487182509055
-2.217269102367682,-2.0094363136668973
-2.8280123584061436,-3.0508997245902982
-1.4298348738967166,2.8292535045977814
3.269432483938949,1.348097391516715
2.71724677266186,3.0905395379891183
-3.586951579199081,3.1466362766319205
-0.9592628387436551,3.4903013700506254
-1.1577579708397396,0.8403645468062031
-2.669264214452039,-0.7833952262661719
-2.2299231145868945,0.8943453244486604
2.5981719679903623,-0.9018871572878158
0.5485116649676812,-3.2079697128177207
2.428021732991226,0.655689902549706
-2.829493991577979,-0.7298841797036375
3.351783682577894,-2.105020665256531
-0.40316549513227135,2.7279948741623237
3.135956645758054,2.376295314179013
2.500694644817562,-3.707331560784638
1.501068231204957,-2.841257778797869
-0.9619135824521743,-2.5987503499237885
-1.0520004763819732,2.7067812958769117
2.41405912998656,2.5368905628812457
-3.495995310673811,2.7518887857971914
-0.8152914191916271,-2.5662455803365227
-2.455677884171168,1.321159015309634
-2.6592678318839647,1.3104635626010066
-0.6430432050663869,-0.49192494149465193
0.4591029715176453,0.8279724401601948
2.6192763326828157,-0.7292847725347171
2.9717132872942273,2.6551893229316157
0.4706759209943395,0.7016851136167317
-2.7585606340200046,3.1066791009127654
2.9740996413040905,0.9956428408237431
2.550734649140131,-1.1786138741418557
-1.1935283869178404,-2.3874588752787473
2.1813387385266343,2.3615045252746305
-1.0764769145773014,-0.5852331236545635
-0.5563097933717335,-0.8275198994648536
2.9750869955569743,3.151815462405646
-1.228473604733201,0.9225055777876933
2.7406937524742583,-0.8968509782400157
-1.0029940224421299,2.6048864124174225
-2.225319976177535,0.11440463925352466
-2.5404870923705847,2.568110179760295
-2.455501997391233,1.2574323553728826
0.4642224271900101,1.3796280360639028
0.6392660295534127,2.621932309584876
3.344101996417111,-0.9154083340019434
-2.8739284123264977,2.7116538870013405
2.8278484209785244,0.827920907514403
-2.9895356536662314,-0.5966542051596491
1.0422059712777512,-2.9367936406294834
-2.117387305318122,-2.9406105010652075
1.8407646317393225,-0.7328575548545243
2.9133692605083263,-2.8556896520459163
1.1025149180701073,1.1890834498617786
0.7835054342718499,0.8525774909085929
3.506406154644753,-0.6176179934601792
-0.9003995509399642,0.8334903813342333
0.6544942693210651,-1.7611028335309025
-2.6674949339034013,-1.0632744740086053
-0.4119947085449509,-1.3250159530730738
-3.170212580075365,2.9132421255248464
2.3320403542340395,2.7131521853744833
2.9083268594301415,2.200569801544273
-0.7198768777632968,2.069944187895615
-2.8504937120683156,-3.224451996960119
2.752269419233026,-3.4642650763248395
0.2656873821805574,2.929341350838809
-0.9526658308230566,-2.5733954969703836
-1.0164501776808934,1.1928166866023018
-0.7599958161980809,0.9858587070206539
2.9475114219217162,-2.6610349723034816
-3.0353740016563813,-2.7065001228869012
-0.1526248198214997,-3.2227248151141743
2.078583787269933,-1.1704266915321884
-2.88841726677614,3.002431780239492
-2.8977450775168903,-0.7478669761977804
2.715743548465407,0.6013347456168773
-2.3882485522357655,-0.5290236381554612
3.2039078547106095,0.7270866864701642
2.736874966293922,-2.9723469909854896
-2.717412633937303,-3.155213897409642
0.7947439611155401,-3.0979697911047532
3.330746175383449,-2.889776152537666
2.9097834853005278,-3.421526533294796
3.374305272213847,1.2568689186961992
1.893875661781285,3.234509881423904
-2.878312618382836,-2.1078797343642175
-0.8446268709630935,1.0746553750186851
-0.6996461245468147,-0.8311186279590143
-2.7751941451124025,-2.743059595306618
0.905093226858084,2.595235620460023
0.6822340297255355,2.0493445456595314
-1.0640361676406331,-0.5103629600407474
-2.2700298693545955,1.0765231497253809
1.1298440175100797,0.8546722749933222
0.6754876996757972,-0.9759221241019087
0.7267000670860303,3.040662185691307
0.8153341194920192,0.21956972464121258
2.2636059945120146,2.25571957242076
2.988702517538262,0.8916095138036128
-1.364042781012162,1.2474065581032823
2.6033958129257937,2.6581230460121303
-1.163485401957683,0.42960689263307583
-0.6775783468695321,3.2381635871724086
0.7568105898425512,0.9241689909229011
2.9368122431297876,-1.0862416613212886
2.8209304342796435,0.6735916251453451
0.9967755203425688,2.5281740419327408
-0.6244642729453548,-2.855629927791265
-1.2088836331168755,0.8791334020155218
-1.0215610860992264,1.8058356887450133
2.8275547176759868,0.4546696007456045
-2.934275429293051,2.8661189449140028
-2.179696410786625,-0.5234561247099223
2.1435810413908314,2.050418535338638
-2.587630244073674,2.7354405680448344
0.45507908268542396,0.43289220464795547
-1.2998320601298976,0.9855585171315708
0.9338536640039503,0.2980932698000231
0.9471673100369847,0.7782647196750322
2.7016102980012846,2.5025582373556694
-0.773674520832435,3.107671513115406
2.689159450607058,-2.698372038732575
-1.4783875853181905,2.9897981120301167
-0.6369667444613893,-0.9433698370432081
1.4953430765180291,-0.9831998688110493
0.9941210051608775,1.357873679688587
-0.4814674921468689,-0.8730911215586089
-3.921200532910182,3.202376415649149
0.7500226716581131,0.9153601898233354
-1.323154871704661,-0.49691116521512046
-0.4854733725748042,-3.402367436790456
-1.5115608052753853,2.962689186117176
-0.5082275540815324,-2.7741424430593074
2.6403978444396854,0.9915462303094086
3.180596129871738,-2.8514500288793507
3.2491277188155916,-3.0311596447042635
-2.8970423195747723,1.2103540833690103
-0.7040279697421047,-0.8692994977613867
3.225243312623738,-3.1136420188063636
2.9511714398499387,1.0981945642322315
2.442932272998879,2.6162324033777264
2.429823968363639,-0.8546931824773994
-2.945853598357305,-0.1983627727443875
1.3224476887464036,-2.566279556401207
3.013410933744522,1.4975439017699421
-0.649975108322905,-2.77581258370316
2.8618317499799946,-0.9009222633092643
-1.7477806583392097,1.075405721617327
0.509392954237183,0.9370054672375375
3.0094893743105757,0.9026350926271859
-2.85498780802663,2.398958288486592
-0.913077446022316,3.0273900177378392
-2.3351769261620405,-0.8250597039817682
3.040335947597979,-3.0608568823398223
0.8724198211105811,-2.928785016718328
-2.9727494342792347,-2.3303957914539946
1.7156446136874393,2.8179882377893026
-0.8531539336498603,1.5384791189664997
-3.006841255206757,-1.2088149581087788
-2.3723320713196276,-1.8639084936800787
-2.519246777639627,3.0772252666796773
-1.255665640719028,-2.0425057501619794
-3.0167142350706726,-0.5447864114717444
-0.3975641905172545,-0.7706765918504993
-1.4348332522154628,2.7869190557034043
-1.8425169417692653,0.9037358909374426
-1.1697259629526533,-0.45174932696906445
-2.6758719922554515,3.2508516071014015
2.687667951624122,-0.5198248873046254
-0.9692814201936213,1.1715399201893602
-1.4585494068738705,-2.5805159390453185
-1.6716453275646859,-2.9126462694827366
1.1594720480367304,0.6500932101886678
-1.1008229369936184,-2.858989635293065
3.7007011399049707,-1.3537175138395308
-1.000190952024064,-0.6297251892736949
0.7151848612721646,2.2326302651602274
-1.4958410808488698,2.522829572908787
1.465835427863563,1.2837358675413244
2.708438924081632,-0.56534255441352
-2.4485280696310014,2.2053945155161045
-3.4235230242233854,2.9287463876689173
0.9592713422353776,-1.0492693082502884
0.7159529275562748,-0.4625080175053231
1.3907992250211536,-2.702632222475275
2.4260482587908783,-0.7806004792194708
-0.2822201685445101,-2.7216529346599327
-1.086967723231858,0.6919461742975493
-0.38406644599763573,-1.0811746131059485
2.791068600334381,0.9972103867927696
-3.333161707961463,-2.6434224199883274
-0.7654197585301401,2.8023925655319792
-1.2597094548499712,2.4700764706814677
2.5977364489550836,-1.3657639221542592
0.25139345665728363,2.459449375734686
0.9327955924926257,2.6764610471552537
-2.534438437452927,-0.6624142821537484
1.1547306108171635,-2.8098767487703262
0.8970049091871672,-3.327768020103173
2.8237998692068564,-1.8267938407859359
0.6929320150542819,-0.38265974718078827
-1.1911085834032087,0.8321609900647651
0.860733483059085,1.5338674105387307
1.4666737898170323,1.066571987610802
-2.8845350407241788,2.820528233095889
-2.152081257400143,-2.5522617141433677
0.5891319505082478,0.8953764347715537
-2.9915889251636556,1.4311907405724937
-0.6178837845142291,2.456581927767586
2.8592556676572944,-2.7783397820294735
-0.19309053947786164,-1.9672011119647428
-1.3242880525232554,2.9894570859740264
-0.8185630924099438,-3.1057886931652945
2.1177994425525344,0.7912640985540899
-2.585858214929571,-2.965911607436423
1.285109234146722,-1.3684248031592718
-0.6881469350772669,0.8441866977715776
2.6336563205940595,1.2316528747690558
0.6013102616521274,-2.600277195445991
-2.3026051205825837,-1.2486415388018781
1.1033584534310947,2.8860753518303888
-1.0652211933838822,2.759749711831679
0.9991036264727766,2.4322450552358132
-0.8095745694324177,-2.5964625647803183
-2.4959392785729104,-1.1258982845632624
-1.0092270180313785,-2.702572880213697
2.8422469462088187,-3.1801960424607523
2.782854555925016,1.7047820630372454
2.827451031995583,-3.4571735351132427
-2.672774579243186,-1.1829013438570797
-2.422391819889837,-0.7275610796059307
0.454851336348873,0.7224415311506439
-1.2298873078644772,-0.3189143154741398
0.7918476423187824,1.034236349022638
-3.2418797273265336,3.116800835331363
-2.5417545013090415,0.8773719334725945
-1.2640659401745733,-0.19716594086259848
3.136479130105184,-0.9300398742985975
-2.703282820792823,3.7193663617326496
-0.6897364800479714,2.592602280328594
-2.694509314120388,-2.3189623431613327
-1.4401973976867022,-3.2127872695080053
2.5654747252265713,-0.8229329309742139
-3.2640591138055934,2.981577762551433
1.4438531230387486,1.7027919236635445
2.8900052970600565,0.26059977407782287
1.0595101767178332,0.35592980382149225
-3.1692695723920266,-3.151363931200373
1.0632345134489345,3.3384238921769347
3.0466697061225285,-3.475159549732275
1.4159580618157315,0.5966221536318319
-2.8840941619675573,-0.8959156503125166
-1.189054155643587,2.4731000966751684
-0.91204784422864,3.1013391812452564
-2.434088202125593,-2.4926479428232047
-2.7395246387398093,-2.617379381381216
-1.0926810857334992,2.004449694757098
0.5548171749079155,1.760245586780611
2.6828820905561432,0.9327505352401637
-3.3453634345713295,2.716362626984257
-1.4734296525646886,1.3528320311126354
1.090846037865375,0.6769593986928092
-0.8410443922373679,-3.1966526214758195
2.3717181843536124,2.3763142217110587
-0.6768850706518373,-0.8128734022450641
2.5264496900720665,2.185246351028011
0.01047893744753993,2.8544421483776965
1.1879214746776952,-3.029463724451099
-1.284273808358292,1.1178036588896691
-2.563236333055085,1.052123281413491
0.2102837452471825,3.108497318637258
-3.4081114329852316,1.0347770188851446
-0.47215276788161487,0.8364521309460401
2.4535977648848495,-2.660634324414645
-2.9749226970642764,3.1909329772848123
-3.7150804070754413,3.02655827002146
1.1041208874574908,-2.8595201743658363
-0.8506687235649665,3.020235531070937
3.433146231513556,-2.9933407138194545
0.36452927823787096,2.4426453089351843
2.901284512177165,1.7733510838412019
2.7465650656719425,2.335388360821859
3.472577482300018,0.6514755351745397
-1.3788951409175836,-2.724533109249799
0.9022316859026083,1.5756687946693437
-2.84570212042757,1.5059385709219681
1.1497347074407922,2.8802314932672295
-1.0874516082355965,-2.972393071732359
-3.0000008728456957,1.2485312959044903
-0.9233540992213882,-2.5427722269227866
1.2355106018338484,1.3863155001078271
1.0778206819361464,-1.2195220610859057
0.8989038277388086,-3.223764077478137
-0.33300789281104565,-0.92736547522763
-0.28619651113172573,-2.6637606332850643
3.3288590612764475,-0.8493242038021753
-0.32643989904183845,-2.5891252631492385
-2.9830127704538136,-0.583312416292213
-2.791767343349799,1.2272688386801816
-1.120634081080631,1.4569038481033505
-2.4001462826902915,3.0393480911898685
0.38189973817390466,2.405367698761032
-3.4136074495440654,-1.8895360319070635
1.443025190883006,-0.8490985337149536
1.5477978347675774,-2.887571037590881
3.0099002771777164,0.4219786054087299
-2.703844973201814,-0.03238594884023712
3.1031790654093774,2.580667004768545
-1.3086003626729825,-0.5565688814124354
2.6104656265204973,0.4696972184024826
-0.5429995216687299,-2.403558702834819
-3.3460374342567643,2.1307780835823755
-0.8884107680184823,1.175056532880225
2.709730025372929,0.3891148991309243
-1.1002635425795595,1.3201341367819168
2.396283269705563,2.1115158097065123
2.712434698478521,2.151662540377186
1.2095346024078673,-0.4717812308805391
-0.24736025211439888,-2.7858967962540406
2.239582241488208,-0.5658774708374176
-2.9656060183522426,-0.5503262841503557
-0.915370422325855,-3.366065509666525
0.8666058810373646,-2.989098091673504
2.688698096192675,-1.310843409525376
2.89728479939272,1.1442941284067834
-0.4682731428778988,-0.681605096855707
-0.7495283155102399,-0.9548222557108599
-0.849219037516746,2.4534819814494524
-1.1378089661270194,2.935288653196287
-2.3185748702618403,-2.28791043658524
0.1707717625706303,2.4742407312179298
-3.0836461142920917,-0.400107901966944
1.0335569877495918,-2.350342827073181
-1.022399121090777,-0.9152220524457133
1.0339496524098843,-0.7510465812943001
3.328261255539349,1.840011609207323
-2.4112510816658372,2.8288313616964653
-2.882045140649035,2.7894465620018134
-1.2653201865386792,-2.5211283652972125
-0.4562175432137945,-2.873637450387676
0.9755296156400017,3.2783341366756855
-3.2329186329055424,-1.9727759902159512
-1.151439670220156,0.26921078926351644
2.9428768492491755,-1.112451479921523
0.907626459018887,1.309612894053686
3.374180860774379,-0.6253379730370134
-1.2652177752139349,-2.537616917343606
1.1624949619059843,2.2662488757250534
-3.393761242672873,0.05984883952363476
-2.677470847597311,0.892044592885525
0.14103420529230581,1.2123691845486233
-2.290041067976846,2.893138453414367
0.950427672908319,-0.26992801336127487
-2.3728294089832525,0.8172205301005377
-3.1128531644737105,1.192024700729499
-2.796030848120997,-2.890693264991118
-0.42541093442795275,-0.5513224794361881
0.6045248426205413,0.7682066973698377
-3.8258998331765732,3.074010530556155
-1.043694975112701,-1.0033044801946462
1.4072593461296672,-2.6598101738845537
-0.9394190297353344,2.3440683881540076
0.87227505199593,0.6989758462516492
-1.303702818515062,-0.7175910407832687
0.9497799249292711,2.9166979361725778
-0.8600245848963014,3.0828180453367047
2.562927282743441,0.7660832157156238
-1.3286923026529145,1.340731230101559
2.4370842534453625,2.768190142543337
3.109729113866491,0.9569643722986246
2.835217786270901,-1.5248576240948184
1.5480868872697089,-0.4655242040285173
-2.8942852688461844,-1.4249455772383948
3.0362228749122155,2.8894076406213896
-2.333572515556415,1.2072756840181806
-2.349933948098675,1.7013677205872706
1.9719572552390014,-2.9974567915002326
-3.2011345781855707,1.6036935850509895
-3.0491627651544078,-0.7147705712234438
-0.7667006197022442,-1.102461203407508
2.412333456792145,2.914652067096983
-1.2030333094969279,-1.3195229306181517
-2.7178997791395036,-0.7317046848832531
2.5018480108793666,-2.8164490779877567
-3.1295929232243496,-0.26341966428544494
-1.173120846666643,-1.2103110859942825
-1.1649531956214538,-2.527884089501575
-2.33708981091179,-2.782571781550627
0.1623506974478,0.9745875797350078
-1.1842818970821847,0.7423836953852336
-3.1264250311048207,1.4418834883664442
-2.7955774776472526,2.4934094838495007
-1.295890969128956,2.972879193248402
-3.139048158487679,-2.682405739806962
0.9498925878129859,-3.072905496208884
0.41175972634865343,2.8093830115002403
-1.1501365359130744,1.6221981106540337
2.53301593359132,1.1234264508625715
1.9257443307883328,-0.8364096861147433
2.798986675758147,2.93481787825484
1.2492446187850497,-2.0474880096230126
-1.3783771601438584,-0.926217635388668
-2.4691616283964124,-2.755315045577277
-0.43506913577812534,-2.9433455508954727
-2.4972496772305957,2.5237619544265244
-2.475930491338116,2.5771687401600554
1.090933090611261,-2.1591403595841414
-0.8882437689893343,1.0642918371707126
-1.1083652380432374,-0.5125119486942225
2.7104287889865892,-3.9284863220503032
1.007450983533017,-1.4227708609509413
-2.5626853321771383,-1.0821572514064515
3.0338157158901193,0.34133491280767214
-1.4984582072751338,1.163520966157388
3.1658761540463436,-0.8832452002411402
0.6993302115196974,-2.855052279741862
-1.1405836889369176,-2.672359603754271
0.9289538773917656,2.5689329130214826
-1.3205755342518888,1.0353967564946582
-1.0791713257256859,0.7722601392560525
-2.3695217689747152,-2.4942708566776375
-2.9715589093757098,0.7757342174237157
3.3440479133481804,-2.537759800707527
2.1958999422578906,1.1072667911660825
1.2929382010840698,0.6536892593825588
0.9846475558356337,-1.3407087104126443
1.000633336403961,-1.0308669208199779
3.0653641268010183,0.5583468865831885
1.359799042411225,1.2705209159808835
-2.968918550094895,-2.999511759220762
0.937950952349588,-2.449060169904929
-0.4023605227393015,-2.514524699852667
1.0410137779491748,-2.5023174012113913
-1.244158831394454,-0.6381728387740027
0.6073748786491278,-0.9325091004242961
-2.6274629842006783,-2.4956013319028503
2.7710927721512193,2.2602342009062397
3.781877365593531,1.0794983682299153
2.8273082464066532,-1.2751242385943755
0.9683003576807159,-0.6758609044267821
1.060389001893344,-1.0174698256119181
-2.6730307872652674,-3.1045557249122506
3.1725794789363824,-1.9190542851392698
3.8824858565614067,-0.613487441392455
-1.105847269527826,0.7197083802359721
-2.869412994392668,-2.4298202950687458
0.8695269525856112,-3.4144832855429392
-0.8580251189549607,-1.2501151474046701
-1.1494336339544455,-2.7782713625427347
-1.0362526038565267,2.6960634686056295
3.210417925276756,-0.7083198644541193
3.4125776452847365,0.5139493811766896
3.68900359307461,-2.6463506879912093
0.5037626301426015,3.125126621967196
-2.747246293498173,1.1630272795581431
3.0348603907967795,0.29138566452126285
-2.762440540086782,-0.5447801917726768
-3.015426506541576,2.982040995633494
0.027520302939562154,2.3794654391794
2.82010570877232,-0.7196617162351278
-1.0630235939608492,2.8820738717779464
-0.523443825187097,1.145272783409058
2.8801447778834417,2.9310197845966255
-2.610094236041742,0.6986815765360275
-2.334465291967374,-3.066761240223568
2.9339438124246806,0.4006173020340731
-1.0720936260317806,1.1638830197261871
-2.6898313193301697,-0.816616306146281
-2.534321317174331,2.6895102675767966
1.010150723519477,-2.6733590252404245
-0.8461476111251689,1.0908455278426377
0.9646987577863534,-2.7539027437939527
0.7504302639037154,-3.0235674580732743
3.002540957062707,-0.7010235250959509
-0.7530922131381281,-1.0372858744189977
2.787670785474349,-0.7710796310354667
0.043016739523997385,-3.2784886702180467
0.7654631202396974,-3.199398504888811
0.7901361655417973,-2.7212066752844097
0.6807010517538958,3.0201736824425582
3.4501365282377763,-2.64688354504756
2.1322906260993633,2.3134486288526754
-0.8131582467066726,-0.6869901748895691
2.6647320770851053,-3.6535726225135545
2.262946108312057,-1.126811554161814
-2.758486162691667,0.7134881888573895
2.913677920662444,-0.22921229544732394
-2.9653668869862213,-2.6568025769576495
-1.7566969004301753,3.163599122235732
-1.289941550268242,-2.5019607742106222
-2.3943554575681962,3.045705833817118
-0.8360026217819053,0.7868493173880357
0.538723338695716,-2.557893253190074
-0.5668281421445873,-3.3907126943031365
-1.6441453306601699,-1.3070617393843718
-0.7954418050768681,-0.9868951248899724
3.0295312474890532,2.77807862047522
-2.763973380610484,-1.3062775420101975
-2.0285018606153593,1.4863665169153832
0.5223380813936279,-0.9658178317306935
-0.8632829874452967,-1.3516190979386293
2.5319086835036466,-2.558152816864106
-1.2470229591029949,-3.5650995893653925
-2.854867795620495,-0.8530000334108478
0.8621070365750635,1.2643059575032192
-1.1999090282569267,2.8442305612213374
-2.2045063283962243,-0.39716181384871097
2.558665328270334,2.4082028083666343
2.818393692413636,-0.09748134240940805
-2.7118800556745266,0.9527722541037098
3.043577800905595,1.100620025631673
-1.1029045129611583,0.9651481283054626
-2.691893224478562,-0.609623056209851
3.2039704826803024,-2.9744449987567494
2.459102658336836,0.8976410026334887
-2.530182972005072,2.7432886439900286
-0.33509332014385845,0.6412154937860142
2.947578688635516,-0.7952060538082213
-3.0123289209969175,-1.3987567446788218
-1.091488219425909,2.9364530588894273
-2.677630403013329,-3.1907717095647237
1.3411813180342103,-2.8325691727969473
0.6544676381528407,-1.4482456484934134
-0.8728713887069313,-3.1806865268220053
-2.761024402795189,-0.907022019190823
1.3787785183454966,1.3866449237381913
1.1176572479453233,2.8856772077278765
-2.985942373184037,1.3820993556391548
1.0448877999917077,0.6757142167918487
2.8719507090876117,-2.3732509578372345
-2.814914843694893,-1.0028392925629341
0.6256068227517286,-1.2060820218317223
1.2328947095073612,1.2964803872008972
-3.013104212285785,2.650910437760886
-0.9030859634826239,2.78158698800359
0.7640774662327129,0.6586173712943052
2.806987700508249,-1.58127450409128
-1.2141886474468258,-0.9517358937149974
3.0289098834264876,-3.102226309189848
0.7364306281073465,-3.2161781591643988
-2.592611160462947,1.2984062642539216
-2.6812736596008153,1.1795296941606765
2.820985946757993,1.1493886849054828
-1.064360556619049,2.509406689577128
-1.4440188572849109,1.0054703666687805
3.3446820107376665,-2.715133388235212
-1.2985988417986591,2.010395254957679
3.191962013333498,-0.8317280853478667
1.0003063268873604,-1.1368980568347167
-2.666113335602281,-2.4611875299631287
2.9824574574580214,-1.258389971416043
0.5994540864809462,2.7015606333736475
-2.890964897233708,-0.7207544792873845
-3.5632478694948957,3.112761175095185
3.5815251828853256,0.5792658451715387
0.10230366938781874,-1.1110502953155152
-1.1002881311505062,2.2561581514244136
-3.324642554914929,3.349068068126552
-2.5703026425659785,2.8905082248659175
2.3974491939206493,2.528614580432287
0.9739254689137695,-1.0185387519940767
2.780435791531335,-0.6635308667608328
2.4135705950797544,0.5824367896634882
2.965263982300953,0.466711629057269
0.9995304285818432,2.3047831182068714
-2.7720925971478265,-2.341045837102273
-3.37401868739873,2.7065444687485245
-1.0412639398344157,1.1814194122146022
-1.0865145596584138,1.0931550684311608
0.9657845040460143,2.6171942656461877
1.194215488320339,2.7461401752984975
-0.8925215392849407,-2.224761497765744
3.185470644270482,0.06692603115418966
3.444993833354882,1.3576037601206143
2.823787689055435,0.7552565861877075
-0.8528134525606312,-2.3704145222116715
2.2332059111259697,-1.4554922474087215
2.5773069665214323,-0.6497042909570883
0.9775574292508556,-2.781295408527304
-3.083141430711378,1.4386536202277553
-2.6234752611640566,0.7284302455513938
0.688503635438492,-0.7528238590974912
2.7824311415393863,0.7393727567059257
-0.4444563020844379,-2.6031094651975346
1.0463268012464129,-0.680967857913379
0.8899174015664446,2.954147138568558
2.569635540704934,1.082706450994341
0.8804228682684179,-1.164515904682091
-0.9878745919288328,-1.0634808843695458
2.809048781236658,-0.47194481891767387
1.186794379006891,0.658745920044588
2.939312726635598,-0.5079515465026562
0.9867043972961482,-2.6495239762850336
2.282065904738888,2.5815446941135582
-2.3147162260630836,-3.050693697802014
-2.1555058444593476,0.9938516339788618
3.199772458205202,-2.6505111096293046
-1.6551351957215448,0.39889636410736945
-2.5670069839872567,3.310735672072876
-2.4928208471992246,-2.463243788630639
-0.6946884720346646,-1.5469972737660542
1.1672284422074335,-1.2029004108931936
3.217844602552217,0.8191611323960032
1.4273508897766742,2.292312462087062
-1.2606827888268823,2.7317011598300325
1.4258985806398712,1.0310559519362008
3.342777463083038,2.4787926537356633
2.881552091225896,2.365698509028151
1.012797192206221,2.013681754713908
-1.1624138177201215,3.3661468541816646
-2.5477586261176417,-2.6719261323705736
3.1874504528042893,-1.374181876462035
2.4377144913202313,1.000827825458558
1.3740702614549956,3.1059891925718315
2.711667810839014,-2.9529889647782723
3.100742150756991,2.4891363552931263
0.5694840060689009,-0.9815521359067122
-0.6545706349777857,0.994217323749138
-3.02621693749663,-2.5291620100030183
-0.1325736878491893,2.558812883409163
3.881901984515407,-2.8390721813047204
-0.9290668208364863,-1.4325347998366427
0.86828860784789,1.133945880574961
2.584653048278764,1.0915707733330269
2.062144124250246,1.1996313367084843
3.233352619826621,0.5865587093199108
-3.1254698724282104,-0.8320731468450621
-0.6927361050275523,2.0956060392837297
-3.053150526030192,-1.4222392489773639
-0.16719419070040803,2.677375837319078
1.7350156237574172,-1.2201181555201746
-0.8844521795763917,2.7698004682202795
2.7837549927589356,-2.3373634778418446
-0.44066895000193557,2.2648198544874316
2.6971923294149422,2.78938109035035
1.0001142260340399,1.2089645575147656
-1.3502488855780626,2.6356296953539116
-2.5181899088004274,1.0742641898841927
0.19418655728174267,0.6235553004766865
-2.9604899903808977,-0.8193703037672616
3.2562437606554258,-2.6238268226036072
-0.8681462190804574,-3.372652768021047
3.652450486509593,-2.5383672256047554
1.3278053091664734,-1.975103991851986
-2.5582978780349324,-1.2086804969848972
-0.6672489137872276,-0.6206781717563921
-2.4557164536132268,-2.269408889201907
1.1198339778261657,2.4551976089993692
0.5346635413967906,0.9523371792671717
2.8574823924952124,-3.0882278510460144
0.7369495204499972,-2.868381619577939
-0.16054896131907018,-2.798015442635982
2.4510199818342935,2.458028011180618
2.3629383976227216,3.0798626099970763
2.663551992936864,-0.8667709672124272
1.4438808438970656,0.899502576068215
2.7730083454518364,-3.183281264848001
-2.989901695155707,2.428320300199784
2.756043121551189,2.104607981176914
1.212300956276941,-2.9531395694552978
-1.098742176359941,-3.008811821744432
1.729610342700512,-3.175539390342562
-1.2744279768647324,2.8352891971700234
-2.901253509962588,-2.2726370537148264
-2.315484562270091,1.3038345333484853
0.6168479612154384,-0.5283994551024932
0.7593523916260732,2.079216095131314
2.407250336170913,-2.7243806239447657
-2.219838233952019,1.762088424143668
-1.1119801139499812,2.4819987762948132
-0.9320343269830401,-0.7773687667207776
0.048522840118235704,3.2803137304355676
0.7860127872715565,2.533349612542467
2.4498189596047464,2.5436790315935456
-2.686742649970122,0.9515185629702909
-0.9701203031085165,0.7699145846894708
0.9597007223151723,0.36898914867768196
-1.4180396848919972,2.960481848875459
1.1912529825703255,-2.4849720432236455
-1.053666355289912,-2.9386852580483813
-1.0996281471099296,-3.0391029886597556
-0.7626155599523191,-2.881094989084058
-0.37993279997543167,-1.0476492385475866
3.6320487250409865,-3.6932034443549355
-0.8639637666669019,-0.17387845853179382
0.8923488557274338,-2.814869323870246
-0.8050354528599891,-0.4941935234429918
2.580266090402788,0.5711389466442351
0.9676442002806414,0.6850572764728328
-1.260028956839558,-3.2564489850309726
-3.050693693772032,-2.746941558831174
1.0716467093455093,-2.2234726543103687
1.5698028372228732,0.7226474808176419
-2.5822123994573705,1.131379382336156
1.647472760098271,-2.735728917994436
2.5887350522881043,0.8649950801768898
0.6120541411019261,-2.9173283000191814
2.473187306072268,1.076282449998036
-2.796099874832819,2.452151553807199
3.500639046512501,0.516577390206653
-2.6886517189498402,-2.6316410664740255
-0.9818530865537389,1.2499607491988372
3.5981911479120723,-2.6736629889383345
-3.19340439799248,0.5281481336227573
2.69436698699354,3.0152407648157395
0.5768032571315831,-0.6628228614443263
-2.6490943706653827,-0.7352990738726045
2.97805662596206,-2.7999748024500035
3.0381871190123384,-0.6004446061312356
0.32295174147184297,2.0981416103977715
-2.52292787028929,2.878693922598609
0.8607445036815173,2.8848156847809676
-2.7833573742091953,-2.107490101171057
2.6906016041014227,0.8928352770388901
-0.07089653444464498,2.475781493319784
2.6970850218838085,1.2592515855222914
-2.654471108165329,-1.1662125284490763
-2.4953464319489536,-1.2673239392930538
2.829741517083149,-0.015171715721650596
-3.06769609644847,1.0482021898326945
0.6713097909074502,2.341427432165113
2.2429843369218645,0.9476557040459007
-2.4635308373296687,3.474611421009422
-2.7995258277990533,0.9923565617534281
-2.9470000352927257,-2.2420106190870035
1.0960867116813047,2.791570551233716
0.38150629871039027,2.9079336184610267
-0.9498717814024166,3.1371661122454704
3.297924468863778,1.1060724200445313
2.6714689034018724,-1.080442904139086
-1.9515197040120793,-0.7981238010462653
2.724317857474716,-3.0645710998191635
-1.2982027589525045,2.535569051631804
2.7197209004744605,2.1739172653112626
-1.0354894299734088,-3.5852564662237736
2.991257158232888,-0.31194010039171305
3.042168320353331,2.935091186802508
-2.8456170565174284,3.338790264132712
-2.536073424847789,-2.5626528321701185
0.4242535877460731,-1.3393017646295517
-2.409933820311473,-0.17151366810317345
-2.1167934758739535,-2.7520572781795565
0.7849965547783087,2.391537853954845
-2.479407447491534,-0.06138968101796365
3.0748594850361015,-2.4750579218701585
-0.5984045664051512,2.43195402690664
-0.9963257836146803,2.856775874412252
-1.118610083607624,2.626995422149049
3.140246079402042,2.863763941528919
-0.9564201385970891,-2.905229387147207
0.13065764507788236,1.2106587079191384
0.39622714669678916,0.7474933359437183
-2.4925663828462215,1.437290228159474
3.246561448574433,-0.6993825885027457
2.4890295965659677,1.3467752409895364
3.409424548291515,1.5756525506626982
2.6694274854055617,0.8192018230140479
3.536384859644022,2.0078056813321945
0.8061395212066352,-3.1909316079089605
-0.8601454914668066,0.5861164592360221
2.999293928937534,-2.437829583563221
-0.6534877685583526,-2.7475995032639746
-3.08487385586416,1.4017435265643379
-1.1392689332789465,1.0058008875017033
1.1488504134229955,-0.06185187398456536
-2.9504087696465384,2.8581833635480725
-0.06618591649845414,0.8926996880869345
-2.814447358342543,2.5462628236547693
0.8916464699534017,-0.19488237243831893
-1.01090023515728,-1.3197251802974785
1.1419808096771278,1.4052877102526227
-1.2059309578362565,0.9642519768376581
-2.476124041005015,-0.3062451255356248
-0.6605580015519861,-3.0749592406379653
-1.1124667683847178,1.3349772072970332
2.6718847239141423,-2.9780999748760406
-0.8043872771832429,-0.8160709709588964
3.3287189004369044,3.093158500077052
0.5921805733764967,1.0047095400440336
-2.6573078811258144,-2.4901867439944656
-2.8906276096501755,-3.309247516575836
0.924665608745421,-0.9334132202475474
1.235719397363298,-0.5383053328263675
-0.5551680007921209,-3.5020799651311236
2.1911052591171405,2.6508755211551023
3.0678460427157854,2.699159295279347
0.7387121486027889,1.9266581586960558
0.6251480999315402,-2.921393250182127
-0.3175581479815356,-3.1596081392482587
0.8329368049701907,-3.4419488575031405
-2.512565929771722,-2.1145659243845327
-0.37248719573938455,-3.1858338942633573
-0.971859645729979,0.8478861076266974
0.6857860435930667,-3.3671654634816623
2.9876215872844956,0.8046905452875138
-2.9041450600740477,-0.9559418224727954
-2.846742142207445,-0.3555151839360969
1.2856609603971505,2.9645111114896703
0.9364102565812412,2.7384428059153927
-2.365574236707464,-0.26106161559589625
-2.8530874613402184,-0.9853004806244442
1.0035835253503698,2.5898138945114075
2.6461193619797516,1.0140073453998353
0.8185867471765343,1.0576062968412296
1.1450155021063044,1.9558908284883232
0.5334173921346843,2.512760564249386
-3.163679071480087,-0.7376257761593736
-0.6140700551401298,1.1732042132448564
-2.2524422835705766,-2.888335152175082
2.8414985675238635,-3.5686393584057527
-1.1730898235187754,-2.8340127124895393
2.313371431092349,2.760231993187333
0.8079181520732349,-0.9981498201171775
2.952397371987544,-3.308055628517027
-3.358775769952239,2.9695700796613202
-1.0873597085834505,3.1317405490397174
2.758154263354521,1.269838532085521
1.1036680446024993,-2.3811261862084683
-1.642644190770813,3.110475204220678
-1.0712880329557772,2.5615013182527084
-1.5249623807793473,0.9558462103683972
-0.6497145820566171,-2.452096226143228
-2.683507855349976,1.4112778299732525
3.0271567265421613,-0.5649056697700515
-2.575264495435839,-2.6058769291174797
1.3950077454334788,0.8955119800980249
-0.92909697282178,-0.9612302958347527
-1.0423711692672066,-1.527161659057939
0.6578204629452843,2.4921566088851783
-1.1344794354917411,0.9163860923726188
1.5221821104950102,-0.9835300352307307
0.9406989946925843,1.3159601706385602
1.2158554846929661,-3.1263725402374027
3.0171768663521057,-1.820263290699942
-2.87516794437521,2.8076618363867127
-1.2082296049223331,-1.0552517183168035
-3.8297394621748038,-0.2418821967432962
-1.3175694860449219,2.788392322180776
0.6864347994734759,-0.4159017622404656
-3.4168645387535737,-0.6580529540194522
-1.1804820838677286,0.8685850731228779
-0.8515441414215321,-1.21371466986271
-1.0795228384393198,-0.6696584299385807
3.318098365743391,-3.3616328163495894
3.1150254734211287,-2.3315989958771652
-2.760185121037508,0.9226982079012603
-1.5219093944584834,3.0843242633508616
-3.5523579716422344,-1.0603120474098404
-1.0783031081204968,-3.0134835006416156
-0.7967274079290084,2.7103709920482686
-0.702710073254177,2.746331621219949
1.0595689326237323,0.6469105198008198
-0.7358077338209733,0.7891859819136904
3.363281056556858,-1.4714845092042133
3.1489523492801936,0.9802135716425416
1.2418276040452874,-0.6837216916585913
-2.5031421338983004,0.6533010756031532
-2.3051427403358313,-0.7822254235516388
-3.097787689856575,2.893174269675201
-0.8233367154672288,-2.0869677543217255
2.9698906346161587,-3.414829377574493
-1.6380902674881723,-0.6434971453090629
2.558758000618605,-1.0517485082684082
2.5606881516305466,-0.4975425841163183
2.9603057898204135,-2.718823665074943
2.623514796708095,0.9585699421666891
-2.480432740897554,2.918715558164194
-3.1030773950253168,-2.318911527750573
0.31856771297924796,-0.4096889557783838
-3.170693280427246,1.5807742312739885
2.946261049440359,-1.1346214362733962
-3.457164020369879,-2.745585823791271
1.1430150465500746,2.6605432034487704
2.5136481190172777,-0.8838139791162838
0.9345334333135461,0.37080937022789434
2.9285473942271807,3.0343716351278607
1.1706663923869092,0.7097514313846411
0.8225690270285031,1.4082301858543889
1.1935310803799235,0.8211829473502786
0.290699645339463,-2.9670716076351242
1.1495067039889728,2.457391099932525
0.9492066516526291,1.6753235277790601
-2.9601128351362433,0.7196527648386647
-2.8030781991067295,2.828867521517139
0.8065840178768847,3.2197280380948676
-1.1588001013910056,-0.8549454608807063
-2.5554726214787955,-2.9452953475206365
-1.921356785215803,-0.35675387327387337
0.6461947377150913,0.7317882296035975
-0.9640543006735031,0.8619101245439502
-1.508598449989384,-1.0633660731573344
-2.15161331652053,-0.3506307675392372
1.3056012407223159,-2.4496849108476906
0.8525323037804132,0.6329873147010151
-3.037681270697057,3.402476696339001
-2.1878020478815223,-1.1698071847232332
2.548333560791363,-1.431446143678736
-0.9982706748575825,1.2295826253679938
0.9193584565349026,-2.254205640242075
-2.4921025968700743,0.045595461079020114
3.518855357554627,-0.8189977734031005
2.509902493139696,-0.8590569322676318
-1.33628818977931,2.7700821766141566
2.3167266707328786,2.5517367518439142
1.168150264374637,-2.323278284984446
1.064280533111801,2.8970199187283625
3.344736411576657,-1.2171443854628907
0.9066911464400425,1.1450345562680881
-0.7696404157454249,-2.6845890529771728
1.0354555641040355,-2.9897415714069187
-2.622328727452619,-0.6250162360160954
-2.4220247610621986,-2.92653446092294
3.1625280718132687,0.9379270386231905
2.842205129190005,-2.079015666116263
1.3785455323791889,-2.9882291809112913
1.3453213154025419,-2.9826797339652296
-2.4513838798343257,-0.5717178662322374
-0.6983339551227778,-2.5666965077262818
0.6572652587041399,-3.011711572748174
-2.649786566032239,-2.710758135740712
-1.1399260152776263,2.692948222890882
0.7415614400488554,-1.1479138552935446
-2.314486623825277,2.8627394609973464
2.8136679276446874,-2.9972438932753733
-1.1584018511998162,-1.4393173909425456
-0.5745734284775886,-0.6639076809248228
2.736066366129292,2.412488395567021
1.1861665025462536,-0.48314382638876285
1.0668649938901007,2.933914890124599
-0.4663786194601746,-2.3101599705258717
0.7100879184871538,-1.6306420645727926
2.5493303478023024,-3.0660825351942496
-2.047978204540837,-2.6501835338174473
2.4179074299197665,2.1822646887690373
-1.293933579240676,-0.7847274453336555
2.888894126859716,-3.09235849948525
2.0822156429452003,1.1291412525858926
0.6108056049813679,-2.5580584647116265
-0.5455970237139149,0.49042793131817475
2.526545785558604,2.541403475016659
-2.905656168743945,-0.7257784649393909
0.5721980188946658,0.9155963113558842
2.692721351772862,0.32371468487122296
-1.5380555494713548,1.48294612714827
-2.2918929802683907,-2.2503160611279474
-3.4218764482079247,-3.1499220381971402
-2.773697428599856,0.6105832508938717
3.1212004044759767,2.6248564636467395
2.418045300968162,-2.9664071060759682
-0.6957459710687732,-0.3176612681740407
2.250044575484057,2.712677445793498
-0.5701279792843732,-2.3466743000898034
0.5813431816395379,2.517615272855282
3.330571218770281,-0.7073397454655435
-0.881494630522673,-1.1490158634007317
1.0634876694006177,-0.9418436201198322
2.691785013701906,2.8730925540473735
1.6917714922609262,-1.1057187543072795
-3.2435918664699304,-0.7525711845215916
3.072252067504949,-0.2923016786173652
1.5439924720629563,-3.2638475610260698
-2.856014620153078,-2.7364122650577554
-1.7843566141637208,0.8395228925085597
3.692357477841599,-2.865565249042479
0.739790883051988,-1.1058075358759376
-2.2092373468380444,-0.6480508596907404
3.735166834964845,-1.582454095933357
0.8605183247838246,2.3912147589637094
-1.2105069609792776,2.6015613394191566
-1.1395379512643604,-2.320559812936548
-0.9152382395887154,-2.595960434152693
0.7624136474470935,2.592369205394942
-0.8717011224420541,-2.8023068434711282
-2.9482496859191163,0.5891224452201665
-3.5527934764119853,1.3182183613129632
-1.0154971127090566,2.347514762315474
3.593818430986601,1.0878269849518605
2.864980070705915,0.2675043980064699
-2.882887921221771,-0.8261236116623215
1.6148241496216642,0.9932851772456454
2.978361036911001,1.0477511901594716
2.640826162431805,0.5738805427019633
0.6426763709703261,1.2223980084979111
-3.176276640862159,-2.735657749822327
0.6485814952784342,2.6299217974967637
-0.5801353145403165,2.723962906315503
-2.703535681261499,1.2199656747148577
-2.4227947544908965,2.500499308831369
0.7741734014370508,0.8071388934429738
-0.85866337698373,2.3385760705640593
2.7344716652760788,1.1789491036372723
-3.491821595970434,2.725811757458214
3.8258652989471575,-2.3881374408641363
1.4459513662685366,0.9307642834850487
2.312536494578796,1.1132384339523838
-0.7675646124707467,-2.7350190501885603
-2.657061272981772,-1.2725493111696957
0.8694771504392542,1.0051722295471321
-1.3400785451570656,-2.8233867013870184
-1.6869660732528373,-0.8775846723358453
-1.0817283011619159,-0.5557129046759166
0.2229272888918016,-3.1043492292349706
-1.0329282786990723,-1.145892914527015
1.1802163753042518,2.866338876147422
3.3786477683814686,-1.0622562966265023
0.8198762358634025,0.7127979944646011
1.0285325141165644,-2.706213150185679
1.695187008556009,2.9566482005000787
1.1880179302627984,2.4959788074645433
1.065058118872283,-1.0569736833237642
2.6176865499873374,-3.001879970634508
-3.667990586503646,-1.1811032159664228
1.303587413890113,2.516009817927277
3.342582132937186,-2.4269880503174153
-0.8844318781212175,0.5416785282365607
0.7041845139165861,-2.7969427273966296
-2.39688167050527,3.2684689827615316
0.9075709444741421,-0.8447771348492623
-2.92534366044195,1.0947707231734156
2.466082651675999,3.125294679770463
-3.0851936582794655,3.5323460693587934
-0.8721762711827498,-1.9224909290703247
-2.8225623328216707,-1.2189857825928092
2.8768072139747343,-0.9807132277390369
2.614740469688841,1.2191804234540151
-1.3120780188834669,3.1278871420463354
-2.4199900995602595,3.2751365025837713
0.9339782234880594,-2.302098552998161
-2.631253540372733,-2.9271386196854317
-2.8725030190398715,2.7488942373293233
0.9416727613236309,1.4806621981497623
2.397306580938818,-2.9219016735985446
-1.0513841303466638,-0.8863232503509553
1.0500858608504338,-0.5066983324176909
-0.8240234380881827,0.6814819839953653
-3.263469591892982,2.8825288268890032
0.691180529836347,-3.7920169302479816
-1.3496086024888065,3.473608146850973
-3.2708049413090565,-2.728690708871339
0.44780212156127197,3.0078611768855446
-2.613884760360085,0.14434249854760176
1.0829881645963086,-0.9445908787371056
2.7683107382282097,1.1826756382805366
1.1851020968198636,-1.5497086221035221
-2.469692638416371,1.4672564988729633
-2.789423409207331,1.2769621535268438
-2.7590619672381065,1.0772227288210177
-0.7024873113623015,-3.1357677011577056
-1.1265619042161972,-2.674745819719858
-0.9379534172179645,-3.219838923403219
-2.6533728432724497,-2.7187062947353744
-2.7014682482712633,1.5704125204794837
2.7020464955131995,-1.0348671030849463
-2.5305604428375434,-2.95397057055701
-0.8022787378953732,3.0448113369672214
2.544315648792645,-2.293196145015308
1.1081844940038768,0.9930661028477542
0.7803794302112436,-2.186219252095011
-2.7057167968591207,3.188090128028175
2.9368364149561974,-1.146152090869633
-2.8722646506895764,2.5835877543146015
2.533414601336698,0.8802926573224392
2.438521090142244,0.5545531913145669
-3.2816789536794366,0.8957819356209894
3.2815321491282403,-3.2610342145500613
-1.2534365332230775,1.4884880925873245
2.350756439224576,-0.8219403154813282
3.088168250763638,-2.530912287328194
3.0367216547564206,0.13070315184790807
-1.2559909549252135,0.7651774021856068
-1.293023757570294,0.39160950553148455
0.5534149849666027,2.8650712117651
-1.5842787485135748,1.358000988202632
0.8117687813863604,2.6402134418616905
2.723080456505668,2.6286990258104654
-2.63289697885466,0.9855523002677011
-0.7080745976839613,-2.8163033510977797
2.420996951192243,2.5402885944715465
-3.1114230545233292,-1.072936896536274
2.4736436937493047,2.058969527271208
-0.9630706633343481,3.0271036758920165
0.9636474478878707,-0.5859602680837479
1.0640932680105624,-0.8707999845997092
3.0656951786650923,-1.5513872771685915
0.6808903659610871,3.188564587037275
0.8044556702923472,-2.6322472477261853
3.7355256077790866,-1.094529321614603
2.85990020697573,2.2363185223545363
0.5109902920655781,1.0074059198581578
1.3292268822418234,-3.1045653612104123
1.3908963648817987,-2.6344205128002858
3.239752479633501,0.6566729299163955
0.44269317609946207,1.0488958891632651
0.9475114417175953,0.7457081351225695
2.7854023583332643,-3.2087097787145082
-2.595438472700257,-0.5335192321783648
2.789397118164107,-3.133390484774947
1.3566549655276663,2.6126830390043216
2.7645866484599164,0.8931432293410589
-1.0610555413198597,2.5312705018080517
-2.863368480127415,2.509697177577857
-1.281867374216395,2.6258379681986828
-2.7825588886337242,-2.212410493681545
-3.244867150810649,2.509369359021855
-2.2805417039618585,2.428672220747185
2.869468468168406,2.2916890088288966
2.8085830773710323,3.058405280083743
1.5689033388668274,1.177035396263128
3.1491608047360504,-0.37332404742698744
0.9082950770046782,-3.2407132032443915
-2.8738620305955904,-0.18355122519758113
1.1287237533807037,0.6389259282176767
1.023069650806219,-0.46066640793198915
-2.5592146962415905,-0.5587456308056499
0.34060654207419994,1.054200018621745
-0.9067098531898827,2.019907410312295
-0.7021049555051174,-0.40917931171188493
-0.7846334572015193,-0.5082337636679207
1.1307968778622592,3.3250754613698144
-0.8810710963755661,2.838437570805603
-1.266886413249079,2.868854510082586
-0.28263329878440147,0.6954862939633827
-1.2920569715257637,-0.0005165116373858973
0.8106372369477781,-1.3247213598932286
0.7658255785803478,1.3438761673711954
-0.9335910448653972,0.9507513529894005
2.9948446395831234,2.440465006719625
-1.4201636167106737,-2.5433697027106
-2.6991170719108863,-1.3745537185138232
-1.048171895258092,2.821115626868737
-3.081619714185618,-2.3071571981180754
0.9104528204839984,-0.7310844356877989
3.1269754735373727,1.109748773254996
-1.1177948911500206,2.5191697543007683
-0.7300512075432412,-0.7785197066239181
-1.4327737135038359,0.7894642095560883
-0.9035665399285601,0.6361704437185429
-2.731159787682954,1.1180065538040351
-2.8298796714056778,0.05126723840477569
-1.5521358687859441,1.2298252219243608
3.283658174026245,-0.5591539537178469
-0.8805922395165239,0.6813454437984456
1.3942324953562406,-2.8910480725976533
2.9139832020953835,-2.9397665074098436
1.423404997786511,-0.986105254162958
-0.884217561336947,-1.2549583026650644
-3.2270970576884555,3.0868273408393425
0.7746980082593846,1.4210158337164123
2.275478787982338,2.5198828406511278
-1.0322843400662172,2.644301976941877
2.5171212058397954,0.8052339627331526
2.7263597369788592,0.19328136270806556
0.8006955441120848,3.212617552967746
2.442499875112478,-3.4267593788465645
-2.8705135328542926,-0.5546014191558647
1.1627308532627534,-3.2305127677091092
0.7255537208024138,1.2492721879686843
-1.343846506855793,1.234223996480037
0.6952483760320862,2.6570702385072344
0.5539064191870767,2.246145046725267
0.8551661468638865,1.2755168453970376
-3.0370333242673433,3.062079334640612
-0.7804143735869061,1.0199821308663137
-1.1350447393419905,1.1040533027132957
-2.69509506341327,-1.1298607635157756
2.975491889584508,-2.9069185990218176
0.75988454033298,-0.5953874634778341
0.6355451396775094,2.6290525827221
2.7911036222410126,-0.877023778865074
2.644228960037111,-1.0885566310720494
-1.1594993896680088,1.0037756181826865
1.2480825303240024,2.778862936003182
0.853740951737693,3.279437183156907
-1.305088231410621,1.0766513870149559
0.6261506684752525,2.3652985095766756
-1.3785293406492187,2.6379402386698008
1.188083445850686,-0.6589558210705166
-2.5258464713627076,1.5087629106715794
1.1044999980504107,3.0328461365194803
2.7602139223459266,2.4417609291908224
2.9541395237581507,1.3645610690566452
3.0117990188784174,0.9045431316149947
-1.0598445187711043,-3.010653159601072
2.661767481567655,0.4778001071713454
-3.1598030671470276,4.013126452894999
-0.6771135800176565,-1.4177072269813735
-0.8654473483531663,-0.679159932008899
-2.2868942047839935,-2.6045744606142502
-1.3196141103977714,1.906204829403398
-2.3617829100170558,-2.100576423001989
-0.9295996387773984,2.454668004840413
-0.5509229593225272,-2.9789871363121954
-2.4298939724689896,1.0084619217896327
-0.6679018020207135,2.6063415690999747
2.4915420431413113,3.024854258008301
-0.786947055863882,-2.4127927869053964
-2.3737499128862716,-0.5141300753218043
2.294216234122977,2.252108441972769
-3.1416592263293084,2.974254531653653
3.041793086468476,-0.3236364887015812
-1.1405014770154527,0.841663879767202
2.8121842399934067,3.2225188871271464
-1.1832111306957742,1.1283187426404984
1.2776496636928723,-2.40099857346292
0.8908730086086496,-3.182990652273223
-3.125648720609513,2.7208016737012173
-2.691762385516634,-2.219409385477145
1.3106830529945024,-0.839309097798153
-3.018976447444185,1.0031388372121683
-0.8678462813109252,0.8848860914810194
-1.160802690689094,-2.1867561642011792
-0.6911693794496051,-1.5719918203319792
2.868777549449635,-0.3568037775058392
2.9935032063302724,0.807504759807186
0.9292533822279042,0.5214901418079052
0.4464261118280668,2.245965916708709
-3.271153668741982,2.8334038088170246
3.0835336191519978,-2.636357769442616
1.2700615393741437,-3.079482102708217
1.6772870257932517,2.597774757723546
-2.836865362496962,2.8876277139930844
-2.6936547590614515,0.8672048260762991
1.2519980841309486,0.9802058988648523
3.0731742069747545,0.6022603105466324
3.126300932560806,0.8291098589350677
2.727604746467997,-2.8179931806685388
2.496558072416968,0.7064206807258646
-2.5363288106545245,-2.228695227573924
-1.2373307175743125,2.3126072472019037
-2.1490952726841637,1.2530063998217895
-0.9587086649197709,-2.9141275175510755
3.6391996633714796,-2.5389339575498013
1.2341155288033492,-2.844224356821439
-2.7853901259021616,-2.4105308193552024
-0.9310473283945044,-3.056878603781314
2.5556537399849915,0.9330826448798568
-1.2241571820084345,-0.7775189952915321
-3.2488823261095297,-1.097983996673616
-0.8169147714879245,3.2106418324537325
-0.9259482842789399,-2.182460093551602
-2.733269441211933,-2.932984469292804
-1.3429203436257269,2.309010998668394
-2.204006970504127,-2.7941751362261447
1.4820957043339644,-1.3395120641695601
1.270489080249248,0.9624069902508454
-1.3378383238602014,-2.8888595291456625
0.5221569596427394,-3.092106661047449
-3.1180984818477513,3.1918450453577596
0.9659455886742183,-2.6418601485890867
-2.703526330682982,-3.182895790567257
1.0547794058803361,-2.5215749189615764
-1.1789099257819335,-2.8272034579973
-2.9084369381643547,-2.7346424663758677
-0.9990954386236891,-1.5627783847840229
-0.7378370900080212,2.8441171785603405
-0.7266384311485562,-2.487148451611242
0.7455179713840936,2.588876512897097
1.744427708018706,-0.6608961066942346
0.5299729950233065,-2.9158529630562486
-2.840339941631078,2.8105267899344852
-2.5931422543000116,-0.44652280859266497
-0.561806452879381,-3.183677840571116
-2.8236180265141146,-0.7854235058344196
-2.802640936618527,2.5636227612060627
3.1697019904208097,-2.4809640475920394
1.0696646448591796,-1.0305480428218554
0.9202825255669175,-2.763328919162693
2.2707083581812184,2.3578005771829873
-0.8778781777059854,1.0529103645839628
3.016409134762793,3.03454770721214
0.9671404641150049,0.8000981243317938
-3.34841905403949,0.767353358516441
-1.2259614290701735,-2.1764291593265206
-3.7015575928280295,2.1462166426686906
1.0232841592798303,2.9503630655353428
-1.3227812715592058,-2.935965958835443
-1.4815373085986063,-3.3702558527425697
-3.5583407112622356,2.7740206774294296
-0.26462846050178285,-0.9352739358197355
-2.463481531346645,1.463418444280092
-2.4258183134762112,-0.2087560172175854
0.6110156968574145,-3.218653127493412
-0.5686655956803874,-2.486763272543488
3.0383622952595313,2.5615015485632258
-1.5101143433651256,-2.5738536966731123
-1.3508075097266388,2.349645701022534
-2.4670043971928335,-0.8638511549280643
1.0560373725436685,2.282192185426127
1.672144433254212,1.2454687548735903
-2.9583090130061414,-3.084262373179102
2.5847859817447163,1.1039103439837925
-1.815118091190658,-1.040458319427326
-2.383834388132148,0.7841113357365597
-2.0858475837574963,2.7268594366620262
-2.778064789316439,2.4391559565988596
0.932713892144478,-1.0370679096781845
-1.0482806750381746,2.985051040006412
-3.0994831982096844,-0.7238299989020266
3.9771725125503345,-2.959702330454862
-0.2637182685337411,3.460657093038683
0.988418742264463,0.9375951434079508
2.464231760811536,2.493569157920605
3.222520308170412,0.35737005426523744
0.3994871174963065,-0.6187078884741973
-2.163535422766567,-0.31771945072770685
2.718328252441372,2.9906886085860704
-0.7812288992534849,-2.752477024961805
1.2402578241336706,-2.8172478879233434
2.5529742352431666,-2.8123441628865233
2.898000404526444,2.8515581204049982
1.261281171627969,1.1696206985605635
-2.75746669387251,1.6463880148246184
-2.782556157444799,1.822308891865887
-1.6068451129635717,2.7094144069368338
-0.9075992636362905,-1.1140559547143338
-0.8068081335758008,-2.5701441642851046
0.8902509947652816,1.0993455199928028
1.0622400641547662,-3.201230216591853
1.0671688426115749,-2.467761084302753
2.8527766607979697,-3.437045966700566
-1.7576045993519671,3.106751445313192
1.1878363379290193,0.996631102422239
-3.0526369561371776,1.3259620643253485
-2.5923849895833775,1.0887970012777024
-0.8924695999288724,0.8563363174105078
-2.8779604181435365,-2.642313285748054
2.935187410240287,-2.364913524638365
-0.76433327511961,-2.78457285911724
-1.6293816932022278,1.3971113529646144
-0.5876575677166929,-2.6042328537511774
0.5520288785524743,-3.0944322719478246
-3.633111948694847,2.8747000428621705
3.0169776797844476,-1.3008133412457699
-3.1515892711010665,-2.388116341399634
-0.9504925120828039,-0.8167200784536524
1.2730396863318247,-3.5316422358814687
3.284675728184192,0.8456705194889481
-1.18919718039318,1.0090358248626765
-3.036345229786762,0.9718797431115062
-2.7454069521539415,-3.1787700678147215
1.3037751939050544,-1.0227201722763126
-1.841791982914234,2.91634858885711
-1.0158553731770956,-0.7692428406463023
-3.2158783089341725,1.096896669059775
-2.7754220391723616,3.0823481496424256
-0.9846073052921825,0.4090924022239393
1.1973510954719662,0.9789134077015331
2.0458522950711893,0.9398645488003347
-2.544335762492029,3.297449734953153
3.2133909389611612,-2.9913253665858512
-3.211331330413959,0.9961320830324546
3.107097417531449,-1.146031490756459
0.5569082911351558,2.489841587014564
-3.4987184521057593,2.3851553770504714
1.2294753199736936,-1.0560511368367773
0.5369934910261978,1.1883588376923684
3.464156670560373,-3.1209389617315346
3.2682326654979184,1.0678928686571822
1.626981446065268,-2.4038550634300995
0.6069539559206246,0.0895256695308808
1.1208607321185384,2.590231510079404
-1.331759021153707,3.507388121200727
-2.33090573798371,1.1580364887221493
-3.250345573935263,-0.86050941965383
0.941806020420143,0.7915410727773624
-0.537962890379776,3.3093882686402587
-1.028837703718464,2.582345670399864
2.8507157397834737,1.11138047141148
-2.5655904983540614,0.42488088938695656
2.5324432642828034,-1.1511492100355667
1.4807356728891095,-0.2872258136077352
-3.0506640799056246,0.7886951436513833
-2.70053100613791,-0.6711481499552248
-2.7702324531436147,-2.665088375409882
-2.8005533254395494,-1.8651307844563711
0.5581860815503743,-2.7107473552225567
1.2142157475284414,1.0844799538475238
-2.9482746835258573,-0.5969385530977469
2.9552130268116867,-1.4915497554918946
-0.811216663412081,1.3345785683270088
1.1922205048261083,2.9922451916423998
-3.542392748374554,-1.795666467960747
-1.0305647496435506,-1.6404668684195582
-3.0546715378643507,3.5310912224912463
-2.674712986007854,1.5550550903239877
-1.1907032960014714,3.365367401959137
3.1178280065169104,-3.1582401363902277
-2.6307339960886678,-0.5793952442939271
-0.6027675897223352,-2.5856745148537708
2.483014007980696,-2.556212299214535
-3.402228143597192,3.0805539721481368
1.2540463583708934,-2.5142188242450523
-1.3020367247456954,-1.3106379812856395
-0.8815542927038253,1.2659343500627873
-1.2513439143923253,2.8850171175089963
3.3312435730382868,-0.43828399055672806
2.3695030377879434,-3.2125703028240964
2.6251702403197674,-3.0060387315163166
-2.9452509735159977,0.8785479781057787
-2.299069008044395,-0.594914874952418
-1.5008711448589298,-2.945739418764427
-0.8400805855482275,0.553944609326428
1.6057640792135226,0.5940360736446486
2.9634156119944306,2.461086372943075
-1.058821986952777,3.180989533911067
-2.772603741955869,2.5325705514328862
1.121931267534322,0.8272360614535432
1.077332752891675,0.5328218907723281
-0.10545340505199628,-2.6916576855813674
-2.781633296054604,2.0487906698784126
-3.188869968178136,2.4234028175121196
0.7715672157652356,-1.0666538374165697
-0.9074123838664019,-2.3541964786688307
1.01263684181294,-1.5530644763363
-3.7586311295610306,-0.710811588949303
-2.7064324192353197,-2.8354586651017253
-0.3571546702743338,-0.8422514335496832
-0.9934369068977276,-3.453438357325303
3.1166422239639586,-2.7632595870827013
2.829145598081735,1.410110233160462
-0.9618329435616874,-2.211434042741443
-3.123323174533428,-1.9850502125432803
-2.608345066842488,-1.0054552268359676
3.0178369151914737,1.1311039586770084
2.8151960432417265,2.564894607198925
-0.7625215488483181,-0.46134664435253186
2.243441038561715,0.19928539488482575
2.70343140768142,2.579750224023177
0.7083935575644711,1.3440852790928521
2.9015848998925455,-1.5705492527117486
2.52082596090931,-2.480648545193144
-2.940744683801173,-2.5744110324693663
-2.694553091166003,2.6982323339705294
-0.860071679196519,1.4222465916686937
1.2869054138348188,-3.380622904664351
-1.012091181924921,-1.2845677512556501
0.9533927275312578,0.6480641059960798
2.524961115732433,0.6757762345718313
-1.4371402509622042,2.7302401427812426
-0.4724266849478961,1.8620982286582555
1.212265515011527,0.24328310288810695
-1.3565551543130652,3.082995371013882
-2.922156111044286,-0.8753243057028758
1.5100739621213475,-3.1694488083429544
3.273154110278315,2.6376938135929895
-2.2233667885966177,-2.744510297540174
-0.6132758071364842,0.7957660351413353
1.0018226373323638,-0.8253521443047049
2.660895432939309,0.5016822308045251
2.7853302250881162,3.17564050455286
0.9239975738955004,2.7849212823669305
-1.7426206583544197,-0.8503047042567504
-0.7472396302741328,-2.5934216170671043
-2.3759538082111744,-0.9264057304396325
-3.002703122864292,3.0549249254581343
0.45802380104605755,-0.6823955423633604
2.554199453706657,0.6299032805615115
-1.3624135849749226,-3.4657359868138697
1.5650095043009833,-1.4765337116415718
-0.21594519783611343,-3.06735889874978
-0.911693602034693,-0.7472353222911425
-2.572807481025658,-2.5986080613423077
1.617334830986464,-3.276956221412313
-1.8638344928124178,-0.7424401984290914
0.7279853559192537,-1.044998811406426
2.8015584902327686,2.968067659492046
-2.449742582201466,-2.7489603391302286
-2.2875998797948496,-3.702444910205522
-2.727944603211241,1.1577660143062907
3.297672003038347,0.8888802260560423
-2.4386563984934235,-2.720046844431815
-2.555304587215723,1.3402206050623173
-0.2455245462352843,2.6978587232850995
-0.9171363021746028,2.29631651492353
-1.5671666943723264,1.1331086422931633
1.4854487808014853,-2.727982478631434
2.5257089643921944,1.0215859103807001
-3.0055108464427516,0.9137703247478439
-1.0023636967570089,-0.7902921598140675
-1.0354390535543487,-3.2770046631748464
1.297276078571102,-2.82763685747874
2.8035346390924407,-3.1028873259843275
1.0964617568455106,-0.9155167355309375
-0.9125584258925703,-1.371557792908844
-3.1689465835272057,1.1337019718410624
0.8619031506003817,-1.1020378792178545
-2.6343625616885467,1.6001756270840592
0.06381852314583254,2.528118422179704
2.503136624654521,-3.054372005277051
-2.823473696077347,-1.0722167604095503
0.512383058007746,2.575037759048381
1.1630164321229142,-1.2584551199706338
-0.48322260978197235,0.7688893244870647
-3.050633264592488,3.077974949624666
-2.7691212162872785,1.1176741725730364
-1.2515112871522114,1.3894779319230655
-2.7663183144541397,1.0034746770914222
2.912503229243575,-3.2152018539717484
-2.4276198981305916,2.6451485400450347
-2.6143539028191127,-0.41503210754609693
-0.8358307804868457,1.282609156013186
-2.882595481035866,3.2524076763684566
0.6143374591725037,-3.289374183231839
-3.6634215409632116,1.5679753441786053
2.8765076225137003,-0.9629532215029688
1.088629300809634,-3.252282666251086
-0.4989708588667475,-0.826396404376696
2.827121302107703,-2.6338533882900292
3.051535298407372,-1.0635627540501347
-1.141288026297365,-2.16040032484407
2.967954906155204,-1.2165713182557423
0.3325292694875366,0.5643082304966741
-1.6276687122701552,-2.908142584072805
-1.5294037806676428,-0.5219454442091415
2.6728316110762096,-1.1162791989555432
-1.6789081006917637,3.0694062107281206
-0.04808619769304757,-2.9522305504392867
3.2584117909138803,-2.827169325293202
-3.0889806888160596,0.48185086841162483
-2.4587687809949115,-0.8020093206642779
3.1420041200299376,1.350710671701476
-2.9100583405281752,-2.76135335254194
1.5732615350510828,-2.836582020544355
2.7549366223000855,1.147984890791185
-0.9917430239403512,1.0255816907602924
-2.640667656951409,-1.1156128286597746
3.1045553822046337,-3.0267087801411856
-3.3114593596812423,-0.8791052625048837
2.7432981167528268,-2.4883915326051067
1.033701878158123,-0.8484312029004355
-1.4785888195428047,2.380970146880069
0.8454243126629182,-3.1907673353004697
3.01442285403137,-0.6430446091472658
0.7849043493653503,-2.632553425603326
1.3102227658707493,0.7697641775280437
0.8765891423503279,-0.5101088721877512
3.4757694653380287,-1.2264966252924856
-3.4728406658970505,-3.068032307466583
-2.170152421186187,-0.8678272808407643
2.742658018333569,-2.1960153751305382
2.809156877914168,0.3498033706433848
-1.243703140661343,2.9313576105282215
3.002789618889121,0.9954714878710155
-2.5100473691084875,3.2791296041572746
-0.7085257712824706,-1.407830743634962
3.2538661334680037,-2.829128278791456
3.0023983580403293,-0.8391223411220722
-3.0217673742547873,2.469113479029813
-2.552361948942583,1.5003670253321555
1.3942621889349014,-0.8663847978380865
2.9644939385238933,2.8669602241543948
0.7395966203104855,-2.8066470151106255
-0.8195563717610754,1.0606942510784232
3.710139364086312,-0.6464259436733957
1.021761145833885,0.16908713813489004
1.2699602360878468,-0.8426874584578607
0.9218662780599934,0.5260265994568457
2.9075355791941924,-0.9959999527684372
2.997886682387074,2.1951876830948156
0.5856691263297523,0.8031823713030891
-1.050579204018533,2.6912086287111645
-3.2052422570497208,-2.069251185926953
-2.4821012363748722,-1.5175175571886266
0.7984090621354778,-3.0434908798373375
-0.8103780997047083,0.5361158526984093
2.541093601319602,-1.3852947660423374
3.6322265196804873,0.5792926168450454
2.6197462635219098,-1.5899708590435004
-0.457655984848613,-0.8896385989930586
-2.72583462385956,-2.5992951100426667
1.5227761901702175,-1.2777021336530068
0.6911170627118012,1.2484323615413326
-0.6229127265912932,0.8015628366810402
2.7444691032114075,2.6741448963802914
1.1582375029459664,0.825205244807265
-0.9897736295976912,-2.9819417794228813
3.212376662868662,-3.0151385110377076
-0.6985809757770162,1.0307863189449333
2.7298150036625026,-1.3511502878661144
2.2322159672716535,-2.872298105953178
-2.502598211082084,-2.472871909133544
-0.9545921319709455,-3.7223340290581097
-1.0243650980015302,-0.47409369384755984
1.1835132310083187,-0.6079061454650823
-1.5200400089651522,1.2541091419480848
0.8742709440801038,1.1172905598538876
2.957970841879295,-2.684339914452947
0.5881074985327017,1.408704437580778
2.7257640440110333,-1.3238422105159917
-3.1661247045628866,2.819788715285609
0.8436489809503843,-3.6196538470084145
-0.556897763654775,-1.3353450081316462
-2.660686663661036,1.687162742163983
0.7459108087913022,1.5850178299054332
3.0699643325238366,-3.607835147063677
-1.2917954292273592,-1.2522807766631912
2.7978772387730904,-2.6691262474489537
-0.450855093209301,0.6209999405210553
-3.4036842158532816,3.1874784861090926
-2.4975844084593306,-0.5282907248447604
-2.5369204563368055,0.5669593183756099
0.8859518352616649,-0.7155257675998442
-3.4257400971078766,3.0187606952539845
2.399261171407433,1.8580727968981665
0.9173682847559805,2.4527045396288525
-3.1249167265032196,3.2495595309951395
-2.9353393229166915,0.7925903238950902
1.3198477440880196,-2.3935094898444476
-1.0299851667561832,0.9460373233984323
0.7866799594148145,1.318511562494699
-1.0871936322075872,0.6236390868624693
1.186179507409115,-0.6133180813313179
3.538292152140887,-2.8048882711255954
2.5726332561015046,2.515224737647481
0.5673463085106416,1.1545276970260139
3.354848891903838,-2.9367097223934087
0.376691933035978,1.4962619365813676
-2.7389486251504755,-3.1855289219498952
2.9009928388384414,2.341360502409713
-2.8028262980736733,-1.1560947303918325
3.619400769604168,0.7947928644380078
2.1080729721970486,2.4409144824723548
3.003582014258011,-3.322809288120548
-0.5771433032921067,-1.4595863106093097
2.351296117410689,-3.0890175102630617
-0.6074610191549719,-2.2713308097013414
-2.5695273553356626,-0.42934438169846983
2.8740313054583795,2.614154101993242
-0.8329018913248822,2.5976464208084544
3.457420486324956,2.51551441121362
0.7617732510212749,-0.30534530121644515
-2.8295469705891088,1.0945046922759385
0.8265508059897304,-2.673629135696996
-1.1101106533514853,0.914899682411817
0.6416824388971737,-1.9767251824347036
-1.1317997909400361,1.2591074826026059
-1.434589650557541,-2.513353851988996
-0.9130682382449322,1.0275537357690347
-0.7975122017188591,-2.7531280523333317
1.0778896759141128,-1.1433769172400488
1.0186714589415322,-2.9425775675281356
-0.6066034972260116,3.0094546742961548
-3.204500609577243,0.7821559143175021
-2.5835406594226242,1.7795486429318998
3.061755582589331,-1.3679078781466552
3.2950630360389743,-2.94731423266507
-3.464099236413004,-0.7614759154263477
-2.8401185806856843,-2.373790548612044
-3.0037823902955183,2.560254166674811
0.28784729100311035,0.8006083782966922
-0.9519489587485828,2.7041170969956583
0.26306153611708993,-0.4105967178460475
-1.6460135813943222,1.2854654207162537
-0.11539962677788498,1.3552082496100826
2.829451160666861,-0.442869237084155
-2.2085533500105425,-2.77239162849259
0.5687993478406006,0.3010791950029671
-3.1916638055719257,2.7516376971868297
0.46381510628841566,0.9128499406762847
3.0988457187286413,1.337627631897014
3.1024114415952297,-0.9965259782757255
-3.2340090916258837,-2.655662601269847
-0.944033708134971,-2.2375110053649747
3.8487395351867435,-0.501697735559993
-0.8204062069324981,-2.760582614039731
1.9093452233333894,-1.244695205378578
-1.4905565500850577,3.1106618908732284
-0.5520741534200382,-1.2988078468817832
2.788540604055335,1.3620105477313103
-2.4690461498326064,2.5510421440427944
2.869581331429858,1.2935142383108555
-2.6923426727476674,0.8839135152972097
2.984206400110154,2.0332429850546068
3.107581230576476,3.1556348559122243
-1.4091381463398653,-3.036630510151222
-1.534153707704198,3.0425667167647235
-0.41533005396371536,-2.9617876826793434
0.7087714344760083,-1.1289198311992947
-1.0961564912967123,-1.1202433898796083
2.8387404528128064,-0.4029262168275188
-3.0247493524616313,0.5582367659015957
2.820554567570753,-2.3752928383235483
2.562229071840841,2.7105393501110386
-1.3124217816040307,2.8931126931047184
-3.088938457197034,-3.0826054574914976
2.6996798643502027,-3.4216173475417797
-2.5981707285005315,0.4016158389237546
2.9103016146707303,2.3203961180352577
-0.9360758329271278,-0.5098114683472236
0.4368081750395527,-1.2482455572161175
-1.7382061069050916,0.8524689164449112
1.41293454824413,-0.16857762262598094
-2.9805863477341576,1.4383972983758633
-1.3976615881231267,-0.5688986940342591
-2.7529007379548633,-2.961867858897859
2.7547923961384817,2.488426564506252
-0.5703050228722868,1.0095322374273692
0.9382838534832153,-3.2253016413209767
3.368920779116582,-0.48189130071833514
-3.4254911016922387,2.616994305612098
-0.8107316985872541,3.2618268152409815
0.4032000706818555,-1.2024401738445543
-2.4442968186943306,1.1300855095537048
-1.131729032303776,-2.6798484904211093
2.735867388042609,-1.322084987040614
1.2371766409492768,2.293775190167454
1.2591579409276827,1.5725376974360061
-2.3699395637508376,-2.5694452572780713
0.9215223472571502,0.8177485060225287
-2.5428544637978066,3.244474254172457
2.8364612155389057,0.9262501515993781
0.7590783468119696,0.9293615731577493
-0.9174571040414728,-0.8818799987364379
2.5234771682166492,0.2842813617798062
-0.5046490134504568,-3.02659239851389
0.4017102858082867,-2.9341452862687896
1.1955507601211193,-2.8561900209809266
3.423243387873167,-2.784289530222186
-2.892351501615115,-2.5681611232126733
-0.048493448198062096,2.5943450671378514
2.3890711047063866,0.9489530597024038
-2.4331943064542942,-2.735759840549871
-1.0932828906537628,-1.5724737888752518
-0.8687971971698546,-0.5095027575704355
3.1881541548936094,0.7674561676885431
-1.1023123317599808,3.0839748015192794
3.0368432210649923,0.5208087782574112
0.432544902642718,1.509188836935647
-0.5854210247643085,-3.0468475871680765
0.7755626052946446,0.8550162536765434
-2.1230414123218857,-3.4471683900802605
-1.0326122560590856,2.5511333652452577
2.511929628426761,-1.3209774108746584
-2.8143961102765327,1.4207621161318706
1.3971376622785459,-0.6874415286121052
0.6027595382296198,-1.5966638401750939
-0.7462678690720503,0.6804774117002501
-2.6476235737822336,-2.673642224573141
2.8669625120879627,-0.7895987540613375
3.3880045026812287,-3.5736286266202666
-1.85697265633048,2.8054080746593115
-2.4243356513351233,-2.969103765132599
1.5798265732491568,-2.9993725364024955
-3.220315015961337,3.3665032228550955
1.1530253954580403,-0.6865929802790336
3.4209896175728063,0.1019422724246047
3.29183001962128,-2.6356614798501594
-0.2576333330271734,-3.5375684008856103
-2.2160910324034546,0.9051121617167006
-2.9274970215958898,1.4616362344973064
2.7840134899966094,2.2029467348692955
0.35563181678332073,2.650425803836449
-0.679821827587788,-2.333743900875734
-0.7726132924043659,-1.2553701182482855
3.301000420174527,2.61553730221611
-1.0480794545138603,-2.4693150528815435
2.7728222864388687,-3.1629249556734584
1.2155105506353807,0.8280002164243154
3.0613590330773275,-1.963718877490625
3.669240185896305,0.9104986958111251
2.944686681656686,0.9817139554774362
2.77265539670303,0.38214817472476664
0.38870452976254605,0.9813104836420585
-2.821002964481824,2.7368129492709463
0.10602177014548067,0.7600781520226645
1.4647000310683156,-2.693068182018266
-0.6581328209362413,0.31520444604405967
-1.0429945687419455,-0.8157330468573128
0.9206509613695977,2.4962460859884787
2.7668778137801406,2.816994699900525
-2.7099289470670573,2.9337189976336564
3.021921305667639,2.6453782412758233
2.1160963803627593,2.616814133083995
-2.1050162922163707,-0.915852960785167
-0.9673639308737269,-0.7874354885314288
1.0819881076501743,-1.2030580677120841
-2.695521785741477,1.127703794046858
0.9954289566342083,-1.4333670333890243
-0.648422484244129,-2.450354299834228
-1.003811166696307,-2.901593533876178
0.7107090340290021,0.8584982534857705
-2.6675530356416406,0.5460503278313904
3.1196168125935695,-0.3270108441559481
-0.7744554746198884,-1.3808180479080654
-0.5452428623887189,-0.9853900835255374
1.0066579303267347,2.8163284657508267
-2.812149282441562,1.6002401038950316
1.0756211788753163,0.9542665277707738
0.8424249020311674,1.3706859819793646
-1.502017598009952,2.099192921773276
3.3931574788609664,-2.4497324149967494
3.2143402255713163,0.9243857190774334
-2.9787774936570903,2.636800756698825
-0.7065491315019242,2.9302807008964455
0.5382779876963184,0.9765061651201025
-1.113361333069667,-0.7803834806036792
-2.7498620907797404,-2.54425866655347
-1.4168600976424153,-2.6020547311327342
-2.8488080134387066,-2.7678597261306037
-0.6427763429550595,1.3319832055368435
-2.8482524046537643,-3.010594550370062
0.4209705991088097,1.07350219136229
3.1905196581257758,-1.339553946810957
-3.407810518299685,2.900621160943316
-0.9504557481347679,-0.5156487205653297
-2.9860971918384047,-0.8298577390207585
-2.909416000909669,-2.4162420218096505
-1.3536239315635843,1.10275137856597
-0.7986953079792821,-0.45056036385537973
0.8368826480942518,-2.9947446003575813
1.129664112267993,-0.9415484363624846
2.3788966369868665,-0.9387700759081943
-2.81032339589505,-1.09019640522341
-1.1446611454403675,-0.5269349098768595
2.9817655117872803,-2.929900377620131
0.40533324415675126,-1.513917502814183
-3.4406961325122607,-0.8389224649459595
-2.7956830926776557,1.4322961114642125
-2.7648854904280866,-2.7684306528311766
3.778955389170733,-0.9541819797280762
2.6485231836014327,-2.232176024970512
2.7126919496330255,-3.118875734373089
-2.8905820031469887,1.3067128291751993
2.5080091374595894,2.5115504103185717
2.6456137186323634,2.1006456049627116
-0.339404090275182,1.5006218881072086
-1.2888765106224416,-3.005896576442963
-1.0271039478977357,-1.162773831409468
-1.010314198128352,1.9231117611068675
0.7999238056370158,2.98441969494112
-0.3750354850213296,-0.9457820960841542
1.9010412035372446,-2.429947521068741
0.5432030672743995,-3.2849504338531643
1.062711085256429,1.5381880761224604
-2.852467557997877,-2.732962772870846
-0.533795408695427,-2.5326825412843648
-0.9548760876370049,-1.3665153724082488
1.1351409966453467,-0.8206307135936471
-1.0302246375336708,-2.638109387697413
1.1679920117563274,2.2304003806798227
2.3906052030280485,1.0351813079946064
1.4443583624102072,-3.070364495878093
2.762762054757413,-1.2661084255463941
-1.1113554998496138,0.14907155924393345
-0.18874320705127237,3.1986774790389125
2.822645748876454,-2.953496936848325
-2.832575910973431,1.3291516370606997
1.087389860154126,-1.1276715930292893
-2.3483010166994496,2.621326435143945
-3.1373726975705507,0.9014325799123929
1.027129752673846,-3.0512455129099405
-2.171524922448089,-3.3867821092902486
2.3562593269971197,1.0456295150926098
1.354128884797931,-3.088442287653636
-0.8281140397174249,0.8866477157468048
-2.1839811706855548,-1.1940983047063654
0.8896596957554244,-0.5120588888979165
-2.4562383079756507,-0.9487566167084149
1.1664688909673284,-2.753631279593015
2.5909047591974566,1.0287117779056218
-0.9465773269025116,2.9273168767696824
2.944415969433824,3.2493894115455917
0.39482816647557106,-1.7543985558312145
2.6791549367691916,2.328301115889594
2.8054461518037876,0.6567536364218641
3.639043467980771,-0.9080213834945152
0.4677366589658524,-0.6653097995873231
3.53000769532794,-3.280687450626584
3.0477906480351087,2.4820895305182322
-1.3169210311729775,2.828170803230971
-0.9895742535353161,-0.8542620912063345
-0.871616964174723,0.8193863249046653
0.3714600872086159,2.936703968222388
-0.5145250420049026,-2.47241365284125
2.574866067469392,3.187331967543228
-2.464698454712683,-2.4422318808624266
-0.8528247447764329,0.6464659875749462
-0.41780941399645183,-2.0748368753266253
3.0172404933120784,-3.622405500131411
-1.1940098842445799,0.9729606138575599
-2.7812187928330054,-2.204605503158169
-0.9368566710395942,2.4752214241053814
-0.8760024978438888,2.8326245242235575
-2.333736305670414,0.8248478942546418
-2.521474349114222,1.1258588039574113
2.9291398819872803,-3.7510701452487925
0.7268312389778406,2.265429260266069
0.8196347234730829,-3.032353737058151
2.123149987577934,2.0541664825744483
-1.3186860359953259,1.66916194529339
-3.4165568299172215,2.3234480356922007
2.9857682538372683,2.524839622581293
1.210228196962632,-3.194578773010503
-3.292007209575101,-0.7562168293907567
-2.2752558128392137,2.458221555903064
3.5214009330380422,-2.830431881478301
1.9889206704074303,-2.9732077055803723
1.047294712065274,-1.1983648826484408
0.9879026614813549,-3.318489130815064
-0.9805729933988869,1.2497439267791464
-3.0464446633571662,-0.6923304990423272
-2.6680351537622005,1.2391825774090008
-1.1751891959369163,1.2462534934211722
-2.6678406732343296,-0.8063760795903352
0.9573946762860576,3.0183530314246996
2.621781121971794,0.6581984734742934
2.7314216472978106,1.0852961905932685
-2.527179261193046,-1.0989119523628226
-2.8686991630002843,-0.05622469695261334
-2.8662703584055778,2.4919592672124153
3.5752906024298587,-0.7074851635086856
2.339482510036009,2.454429363300961
1.6952307504275492,-3.2328464224503164
0.948961981947127,-3.0839945421546036
1.203405394289359,-0.932086975774421
-1.228538346198134,-2.7677039118339444
-0.976235014976933,1.5709432476883103
0.8768259500226715,-1.173227948910546
0.2997130845003708,3.0227943764610012
-1.4933522919318083,-1.065636897065906
-2.3354173003548757,-0.7451565795336288
-2.434349336458055,-2.2013503441230107
1.3642691200300625,-2.7567765085603715
-1.4325820419877335,-1.0864426797526405
1.1451744711535847,2.0532052821918425
-1.3602286591380333,0.9289908645718219
1.1035128246297305,0.6465407088518771
2.05071911371807,3.335628771822387
3.2454527169239498,-0.4277266482683992
0.43900934583943624,0.7991303377937247
1.2186469234117343,-1.2604791387309136
2.6641638900793074,0.7787956952779531
3.170225366974239,0.9679198681477513
0.8358446236157099,2.287161919418308
-1.3528596472282062,0.9025379666423874
-0.7188718724837473,-2.682877007211432
2.727159539465448,3.0155027554496665
1.4658483985264887,-0.7219538799131149
0.8093317313194586,-2.3427446860289023
-2.422417031192369,0.7649117159388742
2.7966293199867365,2.215328121489283
1.3825297687499793,-0.8881236593877928
2.671563676234119,-1.7535697236236398
1.320725436121057,-1.9772684627143466
2.9166226743714203,0.39223207987894626
-2.8792549348163994,1.886447961198416
1.516993079415194,1.3462689834956116
1.0887073123796105,3.020550952501127
1.779513096528839,-3.5077657895827543
2.934539322811232,3.127169321910914
1.2372378746712471,-2.617732015424691
-3.1553654122538304,-1.0404689258535658
-2.2534447602393897,-0.9179965608311798
4.095902562317331,-1.140096978140997
-0.5510293163586224,-2.743564710434031
-1.2524016595849388,-1.2740724685602152
-2.77346607775426,3.0560560253055953
3.028164389777558,-0.5473139775312149
-2.430232386471534,2.581619166895359
2.7479434165499286,2.834978053876641
-3.3080521990467484,1.2054290584249971
-1.9082046817939409,-3.007035256111131
-2.7702620054117237,2.758684818513971
-0.43908258861256727,-1.981679286476988
2.8858162491615946,-3.1996631245042697
-1.0222969555349994,-0.8230963093044983
2.6147423821706637,0.5113284659069085
-1.177305067885146,1.6216328301591985
1.6866186161580023,2.8076517860420473
-2.802157528214049,3.2825850237018224
-1.1040099980876619,2.655733778831535
1.2201104938741305,-2.7796175205639213
-2.4272890544979986,-3.1015044067882536
0.7769682082439195,1.317833474622658
2.417368144216659,-0.11164868695992572
-2.854877309302435,-3.1387908617073133
3.169335989931401,-0.9464334222085197
-1.0829849354994017,-2.862228268832923
-2.545613231608698,-0.950202317376705
-2.5498890809626578,3.3505225116537996
-2.629433069692668,-0.5281970863343391
-0.9175638502007164,1.0975681500159762
0.6522694111620188,0.00976262551717357
2.2540111216504624,-1.1156854798445344
2.7324470037446122,1.104712495479847
0.44377496523540927,2.384448973767614
2.698048039296939,3.3122492085603406
3.3014082121057724,-3.0618470643477784
2.7464576967285628,-1.3418981218546344
0.8654750546316965,-0.8171017418436416
-3.0202467841376315,-1.196723471782795
0.7592750970129687,-0.746006669923164
-1.0937394225381138,-3.6960681784477427
-2.4881891468164925,3.7296821267286595
2.620381638917974,-1.2178613323358343
-2.810155151992902,1.5448870047487144
0.5685257671279366,1.9922137685114987
-2.7030877597659733,1.1531401676407342
-2.8104434444091173,-3.0492436360896
-2.9276006887208275,2.7101552705687246
1.4946538578397233,-3.447460626622353
-2.910810772378512,0.5181966710491069
-0.5377753198763634,-0.604543968133741
2.908114969971509,-1.333898869692422
-1.4483320474291705,2.5984161662600633
-0.7791190942474597,3.0571968156211238
-0.6946870853396342,-2.6395551056221667
2.305199188106817,-4.169924073537234
-0.2553989014321608,-0.5490103906040598
2.6381215186066203,-1.6433413852155698
-2.5785250582863766,-3.034134073952649
2.242308900583345,0.030562645001542214
-3.123566841345425,-2.942881448703707
-0.805968748278274,-1.0028889000114007
0.39849926777748607,2.526673943066695
2.9490143296384246,0.5640838410314005
-3.3600093421509043,1.314046953403243
-0.8790803199781795,-1.3880368494096866
0.7770229830789719,2.835072091994926
-2.522369716124247,-0.8904024132758689
1.1849816457186266,-0.6577697576697219
3.2741187485427594,0.9841428395918822
-1.29000133113911,2.569225795459751
-2.7222616968115516,1.2599560599529505
-0.5133272852899042,-2.2901716563263363
-1.392377214307258,3.179879785784483
0.28919892984317563,2.5607222485241037
2.49012515494727,1.232032572547185
2.922353621077341,-2.6225128223538987
3.371844784791849,-3.2077395282893346
-0.459882205169149,0.5558426758666818
2.88411477661614,2.0136960045552077
3.0783015163953795,-3.04778095744969
0.7215379051504434,-1.2946733978369638
0.4808617696114716,2.6055323412791895
-1.2365002237688345,-0.7961215888758213
3.542504539103382,-0.7320084120441376
-1.3680671201623398,3.0673409541631265
-2.6746086477806474,1.138639113452575
1.0266894831926732,0.6115843662538407
-3.040713143932559,3.544176367650968
-1.1063435958361045,2.621017434033467
3.270793650564621,2.2277333816775564
0.6451378604291246,0.6292016192906337
-1.257238108009658,1.659964660012455
3.0385701178208566,0.9055648805646269
-3.4658869785773065,-0.5827622319730474
1.487923929498846,0.7210399514577042
1.0955307223669168,-2.620503012069751
-3.130157823628521,2.868102238331649
2.6568639171013086,0.751633063838746
-0.8448836569869295,-2.4206615511617096
-2.802571447573034,2.5968581476515586
1.359013089875983,-0.8365889807885903
0.9758528376998612,1.0445444599524263
0.5200976718314503,2.507640621172759
2.846009686245108,2.8837123047428834
1.367468538014239,-3.4082100812553393
0.4998668798317166,1.2446466508650185
-1.0805509001009281,2.9409391737277772
-0.8599350049593395,-0.672125173838766
1.3716097572916315,-2.154723394309724
-0.9650857064822802,-2.591978193647164
-2.9612581763735055,-2.866796910524187
2.875961712186072,0.5751090290923836
2.861926761383039,3.0894350503154224
-1.1301470305955608,1.440351942284315
1.2455708419766933,1.7060589181774117
1.2660935406156424,-2.815535325805278
3.257081415209086,0.7964507906732371
-1.5309642641799965,0.8233350919682232
-2.599100717348106,-0.4976431344594339
3.184100599469949,0.3511248292724383
-2.7982159668727324,-1.9818561524526497
1.0028578272249715,-1.3558954695054046
3.545254059410813,0.7572108437296845
-0.8876222199254526,-1.1180207231732167
2.6451323732434564,-2.7354537847656073
3.004186263109785,0.8916238049442892
1.0955739093391952,-3.1212031650991223
3.5298133263100615,-1.1430805666825077
-2.7446083520904465,0.035541351717316295
0.7226445900931259,0.6639364023512395
-2.6468246983293455,-0.086934591317109
3.180891751747543,2.485482621729471
3.1452254055013795,3.207721663380736
-2.99569188819236,2.7593772395153295
-0.945773919570934,-0.9076024662651558
-1.5478119085398931,2.7078693909431757
0.9641857919029346,1.4264193425293823
-1.1623933667117305,-2.886765551809469
-1.0576104838238154,-0.971668008922834
0.9008080449294869,-0.41846614316202707
-2.553152779317177,-0.8560243700775276
0.821860143680721,2.8101504112324776
-2.767290909585214,1.3882401024077256
1.2817601436343773,-1.5151558198249424
-3.1600105854388505,3.0573897697503916
2.9343326932620815,-0.568572550803999
0.20054225826691074,-0.2956418837263123
-0.6541710090409273,1.1349810829678344
2.676940672307366,-3.1422104127931623
2.9968946525192552,-0.8628918949357695
-2.4685360010133963,3.0345012299854193
-1.472549896929098,2.6576621424968314
0.9927594761985866,-2.656874049564924
2.9139621755259273,2.7096315673346925
1.6868718973095684,-2.910074890889663
2.5960039642591264,1.2086597925348406
-2.766904065318406,2.161938619877797
3.2476243774955615,1.1406435873090912
0.6337976955143059,-2.7570758916743134
2.908205017317952,2.8228344608885783
2.4558110159979147,-1.7746705770943887
0.7153802194393649,-2.5899680148141404
-3.077625167856794,0.7236002553832656
-0.9424429378847089,0.3360193200624018
-3.2262467096144953,-0.8733658164024523
-0.4456202486042208,-0.6620277330233317
-0.6647406254791131,1.2361250950133549
-1.8510367795456677,-3.086339856220544
2.437171982819144,3.3458238983958917
-2.668294427473685,0.7020198444960695
1.0023893891847995,-1.4285802708381694
-1.3336245260239612,2.4526491874008935
2.318001042519161,2.580711231683422
2.781520545103078,-2.8623973054958243
-0.4546135160356417,-2.8841803588331487
0.8868424344704097,-2.561902633615043
-2.7763849975661783,2.8787103876183835
-3.0082830579224917,2.7587808985733426
-2.9386987288257322,2.42100687044444
0.12914948959683353,0.9716705891160656
-0.5450491506201444,-1.2524531996539996
-0.9333768384118399,1.2211369342977172
-0.6028846961687496,-3.7144729915961445
0.6361761336981699,1.5009586032312072
0.7761270538220494,-0.5101564204909055
2.237108583305825,0.7366764776377485
-2.567812973523029,3.3597153094439256
0.4231774535416857,-0.6673836972781112
3.0101926623819226,0.7384398877626402
-1.4145047372767066,3.3724176133202994
-1.1246233595747523,1.440197382500908
-1.0387128832486718,2.97096514546304
3.0857532403990935,2.239187112332591
0.8300172498442168,-2.772437122293125
-2.2344733583280907,-2.2289877067780015
-3.087859653860852,-0.9675130175642103
-2.561745622170473,3.010453233750152
-0.9074576305381148,-0.6483939032463568
-1.8936301329206322,-2.554572268212841
3.6071090292818426,-3.0938004833232675
-1.2234797656770249,-2.522934621593891
-2.5578556759270104,-1.0483118755937675
-1.4964866519528106,3.0129645594968797
2.620956320550883,-2.7877760578072697
2.704934939938838,0.5404098522668015
1.0475351715489012,-1.0476433013568929
-2.863640097894423,1.175666088523551
-2.421815952096761,0.8032173059329781
0.4724787781155684,3.008011711431039
-3.7105767299999592,3.1790885819785366
2.8175807318753705,-0.33457216696333525
0.43392900213941055,-2.7534770291169255
0.9374829715559473,2.8130292080972428
-1.0085021862678152,0.6768704256982454
-2.8478993129366623,2.917721890080992
-2.8213502247755664,-1.0530412116568901
1.0132647095679703,1.256779390315558
-0.6909446399582334,-2.949279927991845
0.6833751383692903,-1.0909858948633089
1.5827680146314698,-3.5313239194816695
0.39803564322188284,3.1307511377302326
-1.2703757448613864,0.9880545546683777
3.4038381619353753,0.8074752973037794
1.041350453838136,-3.076621994091435
-0.3626994023064999,-2.4414232783628895
-3.2247898862114894,0.9192904353325609
-1.4160033852471872,2.9001670860487136
-0.9649520344429098,-2.840622756557849
-1.4763562109562116,-2.294335063709368
3.1525164558201073,-0.9213697767359718
2.8770273531901505,3.13476788749852
0.4757395930968427,3.028099035818766
3.202155301970315,-1.0226339088021617
0.002370268642531337,2.854956812587008
-0.8755611119206193,-1.0707758330828905
0.3321042778263461,2.397617223915562
2.7418806536157665,-2.8729058474723232
0.8983060238085584,-0.9125853347021279
-1.0184862881930246,1.2312617365897645
3.1460688652133304,-1.1439667039433554
-2.821838005903277,-0.5484727883621152
-0.8174091972606213,0.6054880865265152
-1.233378870151605,-2.3226901040978043
0.13140144740479304,-2.8768935127764834
1.227503974150781,-1.2130481764415224
-1.2781372591070799,2.796043496231861
0.9158686052330746,-2.730781450436722
3.110208693209108,-1.686452992160406
2.7895180575941065,-1.077115683946329
-2.67458942622857,0.9190231846795507
-2.9026718014356585,-2.587440615984295
-3.0165332852254854,2.9575327460068377
-1.0155278824352447,1.0981028073301093
3.103486262314803,0.19886383159617016
0.46885921091472044,-0.4299493360629143
-2.4314265383747236,-0.8005124646433921
0.9554619735707741,-0.7053712245494034
-0.8339541573684642,0.7717059032780612
-3.2422058638208067,-2.088951707737482
3.0234631246320114,-3.184553108292053
-0.9394263170598255,-0.24786919980056066
-3.1158382061903445,-1.760454703369186
2.987041594249567,2.638894298759925
-3.019653354166281,2.6114859086029925
0.872377065920266,2.383353189892738
1.3513898726411615,-2.88595899505647
0.9201126239138722,1.5967316509661342
3.3625566580151682,0.4927887344255793
2.677838056785994,-1.379717291346111
-0.9896733049852363,-2.720389384838285
-2.5677832610734357,-0.980183428963137
-2.4662386017305433,1.0249350541707716
-2.8904676843786246,2.764321197414286
3.522656881973501,1.405504475124123
2.505336097655297,-0.7567529818122762
-2.2673537603435348,-0.341340405233396
-0.7576583425746127,-3.112915015659167
-1.1943296046516898,3.1312006468655547
1.0327576261747509,2.526459941059757
-1.1430815166706123,2.2061053835295947
1.401013568638279,0.9471253980555154
-1.0278789540774511,0.49901510336641985
-0.9246804643152697,-1.0396820977694745
-2.461845276394783,-1.1349193167347864
0.7772834598604871,-1.0758069085791522
-0.8767817916053819,0.9616185968013603
-1.164640273990365,-0.5434573461945136
-1.1688825641767007,-1.3988555828173375
0.7538434247891708,1.4985738006935119
-0.6875246839037275,-1.3683660909762774
-2.9419676068512914,-2.77165154430758
1.0546796958569695,-0.9304433622854198
3.029243935066327,2.9645100448472492
0.812790599764862,0.3443938974389302
-3.165591948776549,0.7942695870461726
-3.003265947622625,-1.3387118642274924
0.840786632983055,2.9717678038482735
2.6521978695733948,-0.7777658111524215
2.263766757845816,0.5427789191927243
0.5813419859325507,2.618403472089086
2.4518808978646356,2.9830645223561087
0.7355115606413608,-3.0143262758392124
-1.245768144608363,2.40949430757099
0.6765909528848268,-1.0401915699082063
3.1713728756007775,2.743832977393864
3.0059081585988108,1.4001184244044635
0.5074562947867234,0.7984722120230611
3.416199158777676,1.0762340303986109
2.3733367763823536,2.5658724143477785
-2.703530972339077,-2.214789829834127
2.805648095732635,-3.688229015853048
-2.4936317252791165,1.577393366487346
-1.1014869464602395,2.643349696638517
1.312737175019943,-0.27994486915787564
2.930944409030152,1.9054505640721102
-2.7301104014556135,1.3624928631375925
-0.603019949380704,-1.0436829661650204
3.0262333539559445,1.3269265898105886
2.3133758425135835,-1.3986258946774646
-0.870283197215898,1.179204311499561
-2.58783292885047,1.1427543232509063
-0.9553471245036292,3.052634941852912
3.3859207653981755,0.5512316301432653
0.7464737919775551,3.3744936222223867
0.8253098953475554,0.7565549393392255
-3.145523386388477,-0.2290734641569903
-2.8577438837764886,0.8473186575554178
-2.529240886229445,2.2439010721074943
3.131712522124236,2.3649151611126302
0.8749308976321365,2.4686933917668616
0.9231853386401565,0.7274661008972072
1.4760276577295681,-2.6348679328324605
1.0302471418291914,-1.0525486375355873
-3.130086360755694,1.0610316066759127
1.1234188533344824,1.039325532705666
-1.3407627616844415,0.8107635011376604
1.159363305189746,-0.9467614234631366
-2.9049932389360875,2.7163234637837568
2.84308220943188,2.895052529210875
1.1781535967655206,-1.9940279817493665
-0.2578255972562006,-1.1793302223915045
2.460499084267225,2.391440027457072
-0.9140917559751539,-2.5309138336406396
-2.3846899915426643,2.728416324003086
-2.846308845483169,1.4653212593745069
-2.7888697580691377,0.9362404168870923
-0.9876124500550195,-2.7041643871038805
-0.5157971660172709,2.554652715138114
-1.6822511953501191,3.441112534638784
-0.34570264639639503,2.3138346693592755
3.1542371781202614,-0.6383594252757581
-3.2845982502066766,-0.8347127882313442
-0.5416326390819122,-2.577798424016873
1.0759799558275296,-1.2959047453122576
0.674244227156435,0.9241691036201664
-1.79123965618401,2.8120536996219307
-0.6282123518473058,-2.400521965358713
0.9047993309095433,-0.5959546165988953
-3.2570555687646814,2.951632485470435
0.45912616415974095,0.5720535461908252
-1.8215682017415387,1.3522660409758491
-1.0650285946665246,-0.6366629130932038
3.0492706932856612,-2.819135335928441
-3.207181556250602,1.3723428746064397
-2.859029814744301,-2.928140406432202
-3.141609551917392,0.8332377437310711
-1.0682602964884884,1.0834503911567266
-1.6695564887275731,-0.701222945695044
0.796314544210904,1.5218517417668145
-2.9515392289896116,0.4774190034905652
-2.35031582075639,-0.38523461859366115
2.8944660749063944,-1.249571260457849
1.0011914604439753,3.6288696572513652
-0.7807665339530837,-2.5462134812807253
-3.1220004288361998,1.9056028946371562
2.7667919635832114,-1.1947934619596132
-3.3080102058574097,0.9457572260015088
-0.7876935158718819,2.759651622067035
-2.974609353776834,1.324760254840673
-0.6136123014333518,-0.5747868612017092
2.6081334744707156,-0.7467031918549947
-3.4038409766138824,2.687060552705192
0.9650984021627698,-0.9847789788085333
2.8030890562688695,2.079871763085484
-1.5605283402551888,2.595227645089875
-2.875158704406339,0.9525049108187912
-3.3571950341417236,1.5130129765992744
-1.206441965317148,-0.332396775883057
-1.0500586580039115,-0.3506113954087143
3.05433624952875,-1.0369349333097004
-1.0421231768866337,-2.6507531489416967
3.006549393661162,-2.8674190057015387
1.2827075238395613,-2.9819340334333795
2.1480748654575144,-2.4834941595187847
2.8646088886273637,-0.9008965505392325
-1.3197381109012203,-2.5313781462126346
3.4137579980792663,-2.6108882213870737
1.2334470998355902,0.7920925948893607
-1.1304817254034099,2.604826896194519
1.2654609527134932,-2.6866705624969254
0.2059957548199125,0.45491948992667386
1.0482419904744922,0.5580165446701326
3.032055321398812,1.0964272015793366
3.3129754407493452,-1.0341129120126753
-1.315109097301394,2.6784866248808767
-0.750848316721968,-2.331635193550147
-3.107005608312819,0.9482976428486602
-2.560348035884072,0.9849174030366373
0.9743240860937903,-0.8741660009470551
1.220032414559274,0.6415130046489697
3.231036422182435,-2.998674519757434
-3.130700378738162,-2.8609223583817474
-2.247056734008682,-1.2602369950428796
-2.8477979992414286,-1.2513094958742523
-0.8879166600835523,1.5224696308938344
3.034441716722727,-1.1381525405826864
2.978696060643398,-0.7808976439623604
-2.439795322965923,0.5902901100420453
-0.633115431575706,-0.49669051950124143
2.6064843408743923,-1.4641344507136473
-2.4292370102224785,-0.6745024424703694
-2.387520906825865,2.5629669406725726
2.5537611014942843,1.4267780523502938
0.245817070037432,0.6170297711788612
1.0362136718574066,1.3773609696997409
3.1579190315769883,-1.4309120404097009
1.1502285844518279,2.8263443063589944
0.8651409753833831,0.6723138293403558
2.889254004791318,0.7636380999388624
2.925850150303401,1.3233433064842153
-0.7652909427191773,0.6752186998205115
2.754965107550644,2.683612793553612
-2.86510332241615,1.6504748228679327
-2.7076935609089245,-2.9532788898618967
-0.41454814670341106,-1.4775188947242497
3.5334422826351157,-1.115644915725878
-1.210397601960933,2.557114975388185
-2.148342566119797,3.7824288849390473
-2.617626764366178,-2.5330042918303346
2.800554264183567,0.6359357776363869
0.7810581910301185,3.041464951205162
-3.2496871831140974,3.173727749125612
-2.38056199773347,1.4291383456745355
-1.2215923829757884,1.1183319125440312
-2.467186295002363,-2.75617969950409
-3.1198207460989136,2.73538969837202
-2.425365962038923,2.8862416185769444
2.7469803390102743,-2.6151862999249733
-0.824842385787735,-3.022075417255674
-2.7060587678265486,1.364232477075857
2.6236787847996226,-1.0405758895539494
-2.7033065808793224,1.5589111570317338
1.1617861481437146,3.1385967016460574
0.21609048288726337,2.7971870588135532
-2.6959533842658137,2.4997630196916214
-3.3085160844514845,3.448617217524833
-2.2670586313427896,3.1291919157222927
2.1727992620434353,-3.4150849260390825
-3.4386525460583477,-1.403305205979187
0.6837298856808155,-2.680000040148966
3.0549343283448347,-2.9057139163024712
2.743836938495904,2.8475158817307955
1.2546075422387788,1.2413083750828628
2.373244782782136,2.5970540071643815
-2.7781659964452667,1.388453890559528
0.9593402114927391,-0.34058917833389984
0.5676407677701355,2.7984794453608846
0.05204854208774986,-0.8103572787822728
-3.0932401795981534,2.929864741838605
1.389956957985189,-2.7568321210166284
-2.875921065433104,1.0111432070474424
0.5999216112422323,3.4156427264100615
2.2759495498340123,3.0140786256585623
1.5447858873738842,-2.713566042356687
-0.10273605566767079,2.3310702690783422
-0.6651397736645481,-0.7620449975007174
1.0029528284561642,-3.3686260276246287
-2.3829177666547663,0.13994459197928918
0.4819718854144478,3.5142041664734007
-1.1517101192485633,1.5500716728034691
-1.8338806319381744,2.786067717553492
3.5132094917345293,-3.260014255221248
0.6855457200779395,3.235655421919243
0.9290272891909871,-2.4729662368078813
1.859552188699876,2.318837830229681
2.839541201080631,1.5724782080592958
2.544670250562192,2.88128671982357
-2.5665756854828423,1.0661864642088466
0.6553959385449966,2.336442337085289
2.5288729624236104,2.7070015858671352
2.727827451175273,-0.37398139957931076
-1.0281215397065924,-2.696167322742685
1.0948311562124842,-2.8828005442061015
-1.0274497021536564,2.4817765696600853
-1.4514508414111043,1.0909240088735894
-2.230767231166992,1.1879662306714942
-0.395624620412152,-2.070286813423345
-2.3459349604882282,1.165856599368686
-3.0754427664017845,-0.23816269001624946
0.1809169666950093,-2.5861241091194054
-1.1853638370032396,-0.4733631356795659
1.0849249894028548,2.775617020626634
-1.0590407007725493,-2.554133980466096
-2.6496244738452295,-2.84965634513494
-2.684922759496501,-1.6138418889496515
2.275583112284521,1.7908263690791295
-2.4232367706865805,-1.4675615759888656
-1.2180730017060961,-2.866489246136084
-0.7538786835033735,-2.5269178856561574
2.8054147673596415,-0.8788585165393293
3.532014175607419,1.6593253530021232
3.3390753140921205,-1.1915870288096693
-1.6945581198990403,2.4835573677317053
-2.636294427566323,-0.28780954493952965
-0.9446248537667007,1.159839038761158
-1.2596904151466777,-0.19140319774704592
-3.071927847743768,-2.3060639616050893
3.113851744547192,-1.0695239455811063
2.733082375918486,2.132563750953176
-2.5388892803161394,-1.3074265786826262
3.504193437225178,2.2608868845325465
-3.2298250277081797,-1.8525496955567518
-2.9301655238206523,-2.075108207101966
-2.8078425524293316,-0.3699278927901719
1.3417353054359535,0.5444103607091197
-1.103365624589706,-0.6375599729529825
-2.6472332585128573,-0.9682637173770251
1.2952764427163133,-1.0347732079655463
-2.702180731521093,-1.0938159031265697
-3.2895351506403956,-2.9304594068115764
-3.101299926739944,-2.4380002129548655
1.2419735317282636,-3.050611414196902
2.5798066289130084,2.4492658696389538
0.8117016319002618,1.6205635735175208
1.349141424315392,2.9160012110205447
-3.132277208821852,-0.40097506907895647
-2.282088123959755,0.5071622065718152
-1.2907453947613878,-1.0169977900677627
-1.0098209811432808,-0.7974372593480498
0.8026142638473854,0.9294349704265713
-1.07112687840927,-1.5179188365972498
2.784846907068712,-3.2013647282533353
2.637217041947558,0.8885286914921621
-2.070636620033007,0.379582726194236
2.47315637931535,0.9661001066400214
2.498614832215558,-0.9706348784138892
-2.838048323377833,-2.9589070708827054
2.740862937312106,-2.0603598848696874
-3.2205644941819345,-2.60468834351056
3.427760321898462,0.6415485374159713
0.2058483708193361,-0.8456940761456934
0.9543608401240153,-0.26423918376022737
-1.6045357345373732,2.7235860887081906
-0.63913499586361,0.4392787439520699
-1.2271569553859047,2.6372065765949926
3.1499142088399883,-3.091675234665417
2.88729561047459,2.4405221515372433
-0.5079497087638243,-1.206329350191551
2.687133785763528,-2.8954635688246824
-2.735558445042553,-0.663701716087857
3.4357675273729003,-3.194925851663412
-2.4611483541634507,-2.6234639200742116
-2.73185082291548,-2.5006365168996303
-3.043906953348991,2.843463924682037
-1.0657008415433264,2.8687704573122748
-3.0012215264951205,1.2457554306824674
-2.693865652071272,-1.234198763577393
-0.9850780502729307,-1.649879349025846
-1.2472177464058154,-0.9722005476625464
-0.32167149946540585,2.8960884708847985
2.967187217545327,-0.8663595235654297
-0.4179604411215246,0.7828836159008922
2.7540687990687895,1.030724942015878
-2.697183542238001,-3.323723618476667
-0.2949519771168399,2.6887473625209046
-1.178220146232746,-0.8312250387975075
-0.6646304684266411,2.9299644355253296
-3.1094027731970337,0.5600270205779375
-2.3158721819585604,-2.786706257212662
-2.886052625918399,3.240390122326728
-0.5099962016287809,1.3566810414802335
2.9873159082776803,-3.381116247987301
-0.9751708592950776,-2.410002087550676
2.472989353805265,0.7503429638433519
-2.9415209729657334,-2.8707348830797446
3.141127368658984,-2.934280023778605
2.047395078099966,2.1168188954743816
3.751193432986344,2.828521099879723
-0.8501129932338767,-2.8502938760320577
1.3520312023579808,-0.7524379599550246
0.9205031358255681,-1.5111492297889277
0.9720610194349367,0.5467063422097562
-0.7843150399239068,0.7373950476776074
-2.2633807768851537,1.5800503012467575
-2.762738420385515,3.1585575751177863
0.9400511805466469,-1.2958514358012267
3.1926517708734923,1.4659557019196605
-0.966964800157329,-2.151988808302753
-0.868139558999957,-3.076127022759401
-0.70104086167872,1.0629419863135865
-0.8690157334686,3.011217966147864
-0.8194345462173924,2.327433656714588
0.9311121427885135,2.847996425876666
0.613651996910044,2.2270114950674196
-1.1172267135132272,-2.030252413063709
2.437601057746142,0.5970231886834192
-1.1794056746238113,-0.6882865447565663
3.443216205325251,-2.7982534987389704
0.5860667374433143,0.4159082983532847
-0.7894788996543892,2.8618812420501376
1.220505003649459,-0.5155427590208778
-2.8729759544815576,-0.2537026225893679
-0.7157499725184848,-0.6855650735416803
-0.9128712224485135,-3.098262408316632
-2.8938483143451847,-0.8088812934476981
2.1875200525059277,2.610802474284214
3.3118959515330495,-2.2061109564195522
3.375609394041272,-1.3971632160480174
-3.1293428371515266,2.617085806463587
-2.4995745795461843,-2.345500228645855
0.8352164733760326,-0.11964423528698619
-3.2151087694781375,3.1606689218465314
1.1086650086972505,-2.7544940433600362
-3.041964588957524,1.5027362464205856
-2.363410855308702,-1.0839074025874749
2.8798940477731234,-2.4736848335831727
-0.9197850421552035,-3.047789489673133
-1.5151231262424572,0.7059347993914299
-1.1768076631448188,3.229455392449961
3.7339885171645477,-0.9003436621491403
-1.1582414157041303,-0.8724195182747738
-2.1238003649077855,2.814303467777663
1.651692974831051,-3.1971015862234533
2.734204288083618,-3.429533312488199
-3.002573801997529,2.9698155806099544
-3.1720160314030115,2.878307429847594
3.429862349366565,0.5649435322555089
1.086282504897358,2.9320754028710905
-3.1972091640767437,-2.214421325182172
-0.7167480480859945,2.41537165424735
-2.814807700542993,2.43857089476909
3.3674104135422356,-3.0592549027661486
1.1095661904722742,0.4350429014862045
3.3103196423309456,0.8190956070411661
0.9856454032499202,2.681634986256863
-0.2997809242741135,-1.8831887278510946
-2.591412750792864,2.5024918861671526
1.4969972286145,-1.1328811010904916
-1.324789314993405,-0.998898449809807
-1.111723390002405,1.4639627449687562
2.1280787726750994,3.035153905098247
3.244347053775847,-0.7366135087781053
1.0131056504666247,0.993253024346735
3.6023632484408448,-2.7439882490549667
-2.591185660002823,0.9458467829516471
-2.7586650650350424,2.5899735800422197
-1.343178553186074,-3.2163406291137453
-2.6896328683184336,-0.09471034799434361
-1.4120162516008288,1.0534766819112098
3.181408805026723,-0.9594192751493823
2.934044388304387,0.9286394130978698
2.4869407918122057,-2.5214626867136443
2.832959328677996,1.373122293638353
-0.552261286250038,1.1985776952617984
-1.0974824944951753,-2.8136717576643573
-1.0763408420708798,-1.1898314269516044
-0.904787248655897,1.1458278000456779
0.6157173020997916,-3.3077007751596845
-0.8542691986568226,-0.8482184319632414
3.0185490890223803,0.9744495363856451
-0.6967955842576857,-3.1217158697004335
-0.9321840640256398,1.092158458534984
1.2005766217269036,1.1676392985653916
2.9683076581437526,-2.902806521758192
-3.1220961959649665,2.696264580824922
-1.2082077733962848,-0.9464722770191307
0.9265007701387749,-0.897469219844318
-1.3018825740176774,3.352608671039376
-0.9176122132907079,-2.5140213029843332
3.252218296781126,-1.3773653966362478
-0.6657416442679535,-0.9412383227669959
-2.806997052558976,-1.0601918173075222
2.4438757648170117,-0.3429805754591857
-2.6642075999872077,-3.3061527680397296
1.3598669954608888,1.1024460303455923
1.015738113967496,-2.85957971999452
2.885185408146169,0.6421546282664131
2.429716273174065,-2.511879090936244
-0.7147364783365807,0.6686102568439222
-2.9310581357357695,-0.7066687038892272
-2.6642387893950326,-2.6005412419539202
0.6501024531434911,2.9832635538149948
1.4647859073613556,3.258378374507451
-2.2003563311412435,-1.133416358171976
2.095854420224324,0.6732289059342192
-3.650399245105008,2.800338062768042
1.1692017266444734,2.1112218159151794
-1.2525124058951491,3.3822832707780104
-2.9907524197646476,0.5264252776530647
0.732419297872632,-0.9519554673072661
-2.5262651902039797,2.489326258738248
-2.600718432319282,-0.5445118093366843
0.9178478219065488,3.250714777150142
1.2638827767170333,-3.096572043070218
-0.9398296900483298,0.9939705741806055
-0.8011876933215031,-0.03211880959418841
0.9936000035662116,3.432413061354236
2.8453609623216964,-3.0544812367664886
-0.8543822633093571,-2.783222697723357
0.7258935978402069,2.9491478784776333
-0.8173844055876105,1.2520987421766085
2.955712308114838,-2.9647245228356245
-0.6784070470151656,-0.7523213216174983
3.0711999770903837,0.7114135531627467
-3.02670094529011,2.799074344590916
-0.791777452548738,1.7120712351385932
2.527639480551248,0.2529452469947968
3.009390832225566,-1.3847876517248134
3.2054483301734695,-3.016651614721746
1.129648805293085,2.7425286086292107
-0.709119325263919,-2.1771160809564014
0.46825373862498026,2.389722435307224
-0.785457176043148,2.8839092165124223
0.6537270103107317,-0.5950950990196582
1.0365530743698133,3.025584829314117
1.0082541248976065,3.0302435897969753
0.8019540898408049,2.7804066330034516
0.9245156562572039,-2.393221568440764
-0.5771203214323789,-1.0313093045713133
2.5728822752717506,3.083256512695043
2.0113752296861085,2.650266388801135
-2.7438465729041615,-0.4649874142290034
3.1295852088002465,-3.420909905275159
3.2055757441969193,0.9288371282536149
2.6538984756212165,1.172239167889492
2.0440561047072854,2.439865935850683
-2.352300699479987,-2.4548067645578158
0.28916961981878,0.603597979399507
-1.3946225574880038,2.97659698907458
2.487519412322352,2.3280223456865383
2.5924837358110153,2.935987320453965
0.9316581256613019,1.3473750667389344
2.867764737884162,-0.8230217454567708
0.8963758275442163,3.006165533742631
3.476240677332029,3.2488803080647424
2.019487503356397,2.2120699683090415
-2.619033721345097,-2.2180142111494514
-2.726991957127903,-2.3940887442885583
-0.79693673069993,0.7949348505598628
3.3296728660040493,0.8360623862806316
2.8629439935836607,3.0066911787614763
-2.378178839435708,-2.7916618354574476
-0.6735540666217021,-2.5696603979003694
-3.0248083918428414,1.3640748616910148
-2.96669687878263,1.3348510516914438
0.7889476151605196,-1.4374966208432478
3.1930817490514887,2.3297282246524302
-2.9319042499337726,-3.0403059802995087
-0.7814680873097416,-2.756294866605422
-2.3060626515844835,-1.9084056100181652
2.5992112505061002,-3.5296287399061317
0.8679612775716188,-0.6730372468343572
-1.0809155978470457,2.8575489583934286
-1.4489402793628314,2.8833829175039347
1.7173890435426113,-0.9002398921820854
-0.6396248989562053,-0.3271169837021898
-0.6922773615339934,-2.4018538604264177
-2.3958817768484097,-0.7052881316833807
3.025083824652391,2.201446663052728
-1.1279937119273555,2.47360072794267
-1.0470757616524267,-0.33589361694091563
1.135667177979986,0.7211390950986646
2.4812759887999416,-2.141843846519295
3.0362615582210677,2.2690605384423614
0.43159811279026,0.9409470488165989
-1.1029273145241671,2.7637518956579186
-1.3820774174493495,2.577906698101372
2.5516230916321194,2.8000145924524262
-3.0831556726365794,2.81428344168907
-1.1654339753320948,2.740966422461663
0.4968348945715272,0.5659284316947152
3.0284744010933378,-1.6569645937411337
-1.315934560211108,-0.2864413509674291
-0.8377680892982167,1.0615933205258392
-3.061790597028009,-2.3730991116890747
-2.3400769355942814,1.0794014302880584
2.7591935251869235,3.580209366319122
-2.9902994219271086,-0.902996825446957
-1.1511303762011482,2.7528613316413506
-0.9518994766071754,1.1725477253080896
-3.418572845788584,1.2263605876363655
-3.3205247250603334,-0.8596025875999985
-2.757506432183895,2.6689378611817314
-2.2851031459843343,0.5171285809469008
0.08434308085201113,0.778421450187013
-1.239690859547066,2.7458050512920322
2.596224677860307,-0.4416441936002152
3.00552320840507,3.0965387956327937
0.4494039209214203,-0.94377097211428
3.3024564479523355,3.224420736289395
2.788813372983729,-1.0959716281324017
1.0698881838222585,1.2882508773927945
0.8339704041040272,1.173472755839117
-1.0750352819603417,1.3023103864834602
-1.3798694857171652,-0.9446063868422547
-3.0324777143745285,-2.4557711653031022
1.0761509558350404,2.590813675807784
2.576787858100701,-2.323573744906429
1.0972799996798637,-1.5723813482374756
-2.732095222438893,1.2349573973333754
0.999742498972196,-0.8493599277557746
1.1218181706454247,-2.2109380733797277
-0.9208435972094019,-2.4417543999451614
0.6102337876794872,2.846103483506073
-1.1043711146571136,-1.8964476746006456
-3.0260258595149714,-1.3510236569528495
-3.312635724563587,2.731413676206074
0.8258853783540335,-2.9016835688269413
-1.3432974067389194,2.5845588620177247
-0.4914920357731874,-0.712980210010827
1.5262172809967633,1.3806927669767297
-2.754908151201172,-2.4111851344906463
0.9030805696210527,-1.102494875176432
2.6339221864922164,0.8927958216383121
3.0697898460384763,-3.2838422807263625
0.7119650016773382,-1.4851323854878071
-0.8962662047694991,-2.5932191716290136
0.8542475951327969,-0.9394476802175052
1.1766558733020145,0.9821663421820774
0.7060272965135125,0.6259336331812748
-0.7894503266577241,2.7518556425379237
2.4176352528558898,-3.2970428243757546
2.6102236611407252,-0.8831519232072333
-2.671357278258505,-2.5797590586641888
-0.5829656268158627,2.31695581382336
-1.5839317898993144,3.4523640689977406
1.282836439238601,-3.156164325667956
-2.814084386792757,-1.3788109740043903
-0.5440181219273866,0.7284886013149632
-1.2710301872109069,-0.7072465562159108
-0.6828321086866689,0.5514320959843426
3.2538358020468556,-1.2862121591443199
2.235946349617875,-0.8412584816411085
-3.0541330163328073,-0.7433765207955287
-2.681891164310707,-1.5657386099702812
-2.81365009778705,-2.420798060878156
-2.3977143009109425,0.9714904720986524
-1.411282180510786,-0.7100154034537393
-2.1824929698558364,-2.160032600203893
2.8087783950283414,-0.9235846978173967
-0.9378830904793516,-1.18759899908862
-2.328109774597543,2.1965154187833513
3.1529777171509914,2.93283077326225
0.6439419037273517,1.0998869474598016
2.176484820589514,-0.983459201281251
1.3061812721679205,-1.4559959847641746
-1.8900492965188795,-0.6481567146540811
-3.1386163628105606,2.6423727588792274
-0.919769124855417,-1.1011374635469025
-0.8337476566640857,2.5901079198072194
-2.7963412503567633,1.2720226841515074
-1.1887949412762397,-3.3877348662618596
-2.596577429501312,2.762397673601093
0.9831841599563762,2.591384419556081
0.7479107194037529,3.378665536105261
0.7670252561620171,-0.8294260921127214
1.2246330231273819,-3.0343297126234865
0.6762301934298367,1.2952853673757354
0.8784897778457466,0.7234432800479653
0.9029657536752633,2.4612489372620687
0.24965900238656039,1.0329517020408692
-3.66581793756333,-2.8431636672523197
3.3172079356276702,-1.9641132184138546
2.7218054976246893,3.4948465104264677
-2.5589137569163847,-0.838705484521629
-2.088653744684421,0.869887669963589
3.458492566927885,1.275402560327381
-1.4898951953223418,-2.905546911279118
-2.080414946958839,2.298995606546535
2.487813257750794,-0.40078903996060455
3.599286099558109,-2.6984098561082117
3.033999899748116,-3.255896417159578
-0.9094960821829597,0.7959277016809296
3.150677317740609,-2.4843001457957805
3.0361527250932867,2.1738160275833343
3.0112488305863585,-2.8139553167636806
-0.9304948303108287,-3.4619827318006893
-3.277197531071513,-0.6699207294211847
-1.270237863761472,0.8281314077187925
-1.896374525835151,-0.6940516946803784
-2.5410742202028165,-2.302994155846241
-1.8495419181609136,-2.0049122353202797
2.9915073561906955,-3.290030963689935
3.4555135368119516,-3.024489955503696
0.8026905725104639,-3.1890194903616376
-1.1394169577115107,1.3870529602893886
0.5273958041882338,-1.3145887177798354
-3.0358341788795995,2.420666801066702
-0.9081777562135813,2.4031351314303104
-2.835230471396005,-2.3446598199556674
2.466182089774989,-0.8667396515730945
1.0975719514809854,-2.579129254411057
2.57148199588618,0.5509094309673555
-0.760521850316319,-1.0291897516570663
-1.5275575193734805,-0.26699999843663774
-0.8258696223597874,1.1822862047831606
1.2306158932143683,0.6973061535562776
-2.3471414293103052,-0.4951114734501848
-0.9549801144149169,2.7854398396951314
3.408375148231276,-2.6533805140047186
0.6864025694637237,-1.190899466923507
-3.329713571421778,1.4286962582851552
3.1994594730520878,0.8117592927289763
-1.1602696624013737,1.1013133106865904
-2.8057213765723827,2.5604789971678015
-2.9288581894723533,0.9546233284023229
-2.476064988159714,1.0478958637522275
0.763112678372807,-2.7045013838495744
-1.190497811846165,-0.767603480250165
-1.2936408093226117,-1.2542764543028473
-1.0886741973551275,2.391680277003312
-2.78194727918097,2.8417579637894415
2.5608046701404006,1.4590757242077423
-0.8924881299909558,2.2324260497776387
2.8989230467358076,2.354632135676394
-0.2843066728095107,-2.4864286997188376
0.5182980860256374,-0.5940792102030297
2.785008144935516,1.0653863886651178
1.0809868094045467,-1.3128165998167254
2.463073484528798,-0.722859920377922
2.7223228023924624,3.4078870198410383
-0.7629645317609409,-2.9278695340725296
1.1693958813831844,2.484132467376384
1.1908185214610962,1.059821406965062
-2.376601760864283,-2.8404479338209887
-0.6385779163224768,-2.2523935355496567
-1.713548571332515,1.2768334514836666
-2.7104359364129027,3.2295346092334722
-0.6239678014865645,-1.7684253777648884
-3.083281672113376,3.0525653900303547
3.2121449646260776,-2.7358624889122445
-2.598287695081222,2.486141124089771
2.0021371512700328,-0.8814031165805861
3.2600197090587035,-2.546498233664703
-3.491142647126688,1.6843944650784073
-2.8015920820121973,0.8711960280442165
0.39594044055668737,2.3707749766843818
-1.0817465535281052,2.6298522291136197
-2.6591917968740777,-0.7203850639880087
2.513314457405365,2.6394737940033894
0.9057808507954885,-2.8326885315137234
3.025917106662343,0.44182679880683057
-0.5175890580350582,3.3091669968849446
-0.8372068995040639,1.3040003726472233
-3.2417133554267776,-2.1087477659655
-2.7772834901257406,2.962087745347326
-0.8445565926971695,-2.1607603393951047
-0.7031003546658277,-3.436561271406152
3.3809793999596445,-2.326243126083488
0.4036058013306177,-1.3568844463304315
-2.8991095317733904,3.1438547892169297
-0.9501223476920412,-0.7205136542566666
-1.4154223352259203,-0.566194043777986
-2.4576702671561645,2.804590674486047
-2.8064726766848844,-0.40079709314293693
-0.44502374697988245,-0.634030500504066
3.046608244902778,0.86916824343867
-2.1941901101291315,0.610809313741091
0.636951531527335,2.6448128295451387
-1.78601766047766,-0.8858834519471322
-2.4619879630231525,1.0865445543879035
0.7675125666928292,0.4530610321912621
-2.7289130288987784,3.2961868119988735
-1.4564754270882565,-0.8378617662675039
-3.0198811240299728,-0.4611246978573633
-2.6235905950620193,-1.021433493642471
-1.3313222732364296,2.475663205703049
0.4278771105997694,0.7536697113804768
-0.984079141179339,2.3824641833662943
2.6411435957865947,-0.47947186275024295
2.485996151113981,-1.1530402602665977
2.1790907772415506,-2.7297726513522056
1.1442073426883228,-2.588236748341229
-0.7077399874579787,1.3895142897499049
-0.5996251304223302,3.141778726998873
2.0308810884504225,3.2086295101158346
-1.2667420569983998,0.847686194301668
2.679895210008328,1.395423102205366
-2.476373392355524,-0.9976326215256188
-0.9230720279104054,-0.4392712253406991
-3.3312561900704782,2.782455350062721
-2.80880970447041,-0.7222161445334773
-0.9454012398085179,-2.526057382907986
-1.0381287580228205,0.2751122012711516
1.2710511332428793,-0.5394348533013242
2.8587839831936317,3.0885317409821176
1.138318604406252,-0.7568448355507207
0.3847022454770155,-1.1991459622427505
2.058827696992941,3.0286332007698094
3.3825229936209906,-1.129772090924974
1.393097633918477,0.01133498963806796
0.17641902582617408,0.9103193269179712
-2.9929503622952685,2.4350213743445766
3.3458244179029535,-0.9598775637915368
-1.8944935816355426,-2.289090946754507
-2.5849283875606277,1.4717793925058462
2.7570194616004002,-2.8275739925341536
-1.4309270185330856,2.3227442737544663
-3.079187038835228,2.8965152021440264
3.1435904590709227,-2.6526626612486734
-2.5300296787147802,-0.7254622262384784
2.8728452158404822,2.8979746806850795
1.3591677150168053,0.9123868373688455
-2.8466171943291667,1.8565831317803494
-2.419524742037938,-2.853977135808626
3.5445582466360293,-1.1376711925581213
1.350981551659775,-3.580698477035108
-3.184406529742418,-0.1850572921558574
-1.479690959130642,-2.388180660301837
3.054660079727672,2.8507190937104214
2.7974472109445845,-0.050147292652210046
-1.0760209660188658,1.3792738108091493
-2.731953622399918,-0.4731340077090144
0.47653418432865247,-1.9347067577991335
-2.2482403014480026,-0.44492937104654234
-1.0612104010081915,2.7615135968401296
-1.3877905816532727,3.0768512851350063
-3.149334009631843,-0.8170288752313767
-1.2584511461234649,-0.42964315768917366
-3.025168909753653,2.927918807992022
0.6186509274297116,-0.7001769768511711
1.3274774326741414,-1.0635511605506507
1.0269602940646876,-1.5750421945622468
-0.9418359296669945,2.6849495428699477
2.5864702535356203,-0.886169494915128
1.0666875653627572,0.6438844864565312
0.9748635705827984,-2.289597278565311
3.1463816226893973,-3.124726615110212
-1.1957863029839846,-0.41125107196885213
-0.5187514802614349,-0.92104865850243
-1.445397246520104,0.9881224809231267
-0.5806265616972127,-1.224725952190861
0.8563708435462871,-0.7264090621259248
-3.1923999715160654,-2.999283134549098
0.03693200982713824,3.6038448593724834
-1.0928503659438351,-2.8385239882919757
1.0910055925706184,2.304976170018509
-2.4986715451428125,-0.9470086765549461
0.983394811529163,-2.83405398339529
-2.7471142617346156,-0.9961074737009241
0.4526170325731845,1.0367785111794268
-0.5480502321292965,-2.6397187074052684
0.7933631639783815,-1.8229852974031597
-2.939331531505182,-2.315540579657541
-2.9913585487432024,2.6882581612153276
-1.4700565225503321,-0.6209096101465779
-1.4550844500101936,2.3605815497938147
-1.3759846904555522,2.3627051220855773
-1.2838910585998458,2.868695639969673
-0.4380612251867931,-2.615099747681186
2.372357980596096,-1.0890464256547236
-1.2107234907146804,1.0895979253393373
-3.1101378486430784,-0.7680987267132192
-2.470167915045318,2.8283052559462893
0.7613933225223335,0.9262688836700349
-2.7152759075750788,2.7720963605575295
-2.6934016620265284,-0.5266220471777245
-3.097356247733909,-2.9374155280807766
-0.9108187634221152,-2.3518328224489857
-2.6989036645717515,-3.1028730540987
2.5376991732361747,0.029156726542213095
-1.9248731925580254,-0.5659559997535232
-3.5353675049622932,0.4710874230321853
-3.2431436962222118,-1.3453885801110748
1.9004166961294133,-0.9718395547019667
3.3332383134811314,1.1894628896075123
2.84243358888564,-2.580202539196374
2.905321358833064,-2.7457332392284752
0.8358289457469901,-3.4230021824425347
0.7906217194758176,-1.213728390563704
-1.1912955315834304,2.5997510051742827
-2.877880401300472,-0.4106645028366036
-3.0824544419669326,-3.179632073570913
-0.7852091658104933,-1.3106402204676355
0.7365394383626699,-1.1801052421562812
-2.749231814704898,0.7257612996187051
-0.9277530060036601,2.69777975951082
-0.6117504475263713,2.4151424184520884
-2.6700262049812618,0.5079771644967939
0.7239655199272397,2.381517979703643
2.6840401573753936,0.6548594465955102
-2.889592714857971,2.797720990088043
-1.2079363987647458,-2.705554305229157
-0.5944187868343881,-0.717884866062775
-0.6577014441457432,-1.0487314348636574
-2.7958250399409903,1.3149457655968086
-2.385929592246286,1.2191575099375893
-0.9292043139370267,-1.453546386540592
-2.8504393541157693,3.2759323232164177
3.144845598337927,-0.37878461076450765
0.5136266814497993,0.6350809783269777
2.6451243794531356,1.3398834993791724
-2.811129906808369,-2.6815296904735413
2.1040793982411983,-3.029890688480316
3.037038254162055,1.067465557076981
3.13007270559685,2.8031725755749877
2.524683133339794,-1.350087002612196
2.136769888935323,-3.1794343965571232
-0.8838895453736549,2.8871494420481127
2.7969786393657627,-2.540419893000237
-1.1030193198273166,2.579486972907741
-1.0088333222411061,-2.7626338475182095
1.123989677847274,-1.4869919218429737
-3.4827930372849445,2.9160102361870264
-1.0620228079476333,1.461586106461712
-0.9370197941077161,-2.6378121586901724
0.9824347141449776,1.2916497999392016
1.0518161708078346,-0.81562470249729
0.7100445510982438,1.0527015723662465
-1.2334422435297752,3.6131408550859763
-0.8107794365570178,1.028773773308468
0.8473769654722245,0.4112132362845797
-1.160091855579719,3.005529777455507
-0.7501062649517005,2.778489146930914
-2.536054060534482,1.2879803975225912
3.1499461357632335,-0.9863512671183767
-0.3490684309009127,-3.181426229664508
-1.043343364588144,1.0974624830899207
2.8522694357487053,-0.2973247667005996
0.3447038256916871,2.4512328817586795
-0.3409741312128278,-2.478746612105878
1.2374036958356849,-3.623398561568671
-3.1674440960270243,3.305468618473454
1.001455121344025,-0.9045719725909791
2.2680347019390394,2.4327037261569875
0.38640017501096274,-1.4026413860670028
-2.53086163890076,-2.4568058815121923
3.504666204709964,-1.1323074757758564
1.048488002404124,1.7282791319002144
1.2789154036874395,-3.349675470394489
0.9694411261590206,-2.3241788554051253
-0.9283831416443599,0.8478756730297443
-2.9905982931571913,3.3336818724077983
-2.598484735274661,1.6969328363648861
1.0777239270514996,-3.4497014977859735
-0.7605393013641388,0.6935240670129114
-0.6776581669114268,-3.0613084534220665
1.1880505221075417,-3.167026351023771
3.3813507561315177,-3.709860974080539
0.7686662014381821,2.8003493785697042
0.9132552040109272,-2.619486496113298
-0.6632349501245213,-0.9055955699928416
-3.1820512014559146,3.3533545205938844
1.2056975699065726,1.0239431953887255
-3.3301955611495875,1.5928452336260681
0.8827821915880193,2.9791030868903308
3.3026586852983777,-2.8064736592723674
1.586363659266944,-0.8587088927882504
2.5420794943054568,-2.6330388060050454
-0.5443333423921509,0.8735247912081825
3.048975248198117,-3.068498937197147
-0.5848703969669817,-2.8798280340846176
-2.5802041087355976,-2.3154149190336217
-0.8784993593535442,1.1175929176666919
3.06006813519337,0.9087655342835301
0.8608200918977797,0.8369061190874162
-2.763058780897935,-0.9512688380683704
2.7037446107911487,-3.2471982752949216
1.0184849931464792,-1.0166259391060077
-3.0197706801766957,0.633136717454767
-3.2870577357428026,-0.581101576071433
3.9073367875247773,-2.813824804340096
2.6762005724852536,-3.0009816585604745
-1.5170574782480346,3.048717664562339
0.6689732605399317,-1.1606354664625564
-2.4718958290366575,2.9885450259595703
-3.2055973028058755,2.6503613047693246
-0.7819751682579296,-0.5339045977242155
3.1574834031544876,0.9343474957853227
-1.1387570933836275,1.269258527701589
-2.74850355867479,-2.8787708866692543
1.0645186084863891,0.7842106243888556
-1.0183328213866094,1.460735486344037
-1.0851519424938874,0.33052864348066485
-1.211237738102476,0.7211134162451234
1.18780579582842,-0.5110183376332912
1.279025469071341,-2.6641738704912483
4.0435500534560385,-2.9539644229619424
-2.8671071419848926,1.1298475437953295
3.5321545694582257,0.7532026416856749
2.682162645265063,-2.602902948414799
1.4220934162551302,-0.5877918186331099
-1.3193973895035287,-2.4657862699844246
-0.6420207083596862,-1.4458303880557157
-2.524071778796831,2.659576260547607
3.2617868980729083,-0.37137806667228873
3.0630424668015723,0.1837117461020603
-1.2914816205473834,0.920854176901019
-1.3100140489271541,-0.5288421376877988
-0.5660492305269261,-2.798912643201498
2.9330723282158364,-1.1934495025560943
2.810729051495184,2.1745135440228167
1.3928271776235892,-0.642904389230076
-1.104281378260893,-1.3242051441708975
-0.41391466063575677,-0.7361131154982405
-2.865488053748818,0.5493435509578556
3.278349533739867,2.9077509679699505
-2.9913310409554814,-0.7252169433401776
-2.4472591924857428,2.4831264665527697
2.796709229170661,0.523552368573411
2.960133566049645,-1.694561586541475
-0.3391203551526799,-2.8341522264159025
-2.3234212126165144,0.8939712467743697
3.0041427186034424,-2.3703979779019035
-3.3348099165115714,0.6690580777462309
4.300704207859248,-0.9557344422702979
2.988724145482336,2.438116899523441
-1.2144570743212186,1.0001439497178273
-2.9786237824718693,0.8905007428207122
-2.619857096177929,0.7802212113845196
-0.5379008513157504,2.525331486298807
-1.5145133650322393,0.686575235724828
1.2298519623970696,1.6552758270424672
2.2954694909579483,-1.4188017264201316
-0.568706346658352,0.9981725459374623
2.6496715425340245,-3.0595427688454877
-2.78461371811099,1.476753946614258
1.0974368674678705,2.5739148691522713
-1.8895626661626983,3.2145469473786323
-2.1127249247245103,-1.4015801017221008
2.405461125500602,-2.345505416583353
-1.0871439214169312,1.3649294729413761
-2.456576682270781,-2.575730149169559
-0.86349409745965,-2.736996640197347
2.71277174693596,-3.0752642447817498
-2.020601132632623,2.5172294257118164
1.132401488294522,0.9112388005451713
2.384488410055168,3.034422209723045
0.7341382033348984,0.6944968882471994
-1.1137417659814626,3.6342843072564683
-2.5364603810445843,-0.9031164945383579
-2.4939345483455075,-3.5061944421420925
-0.11125477293478056,0.5834717905230828
-2.5245662338930326,-0.47858127421188584
2.7295738157831217,-3.208049307682295
1.1100038884619938,1.6812967691676122
-2.419629328534741,-0.48173106121128834
-3.177595813304375,-0.8222957686165501
-2.475426986362251,2.8420453220196085
-2.667635902584234,1.21941805276074
-1.2635462030160352,-1.0817629790678855
-2.3557356882084477,-3.0522655725260432
-2.6582280916513414,3.522983657849863
2.696590573513925,-2.8339386256846844
0.39295712579685754,3.219981514720161
1.1035681632681278,-3.1469125751924807
-0.9582345772102815,1.207815097469667
-3.0444645426295365,-0.2625971737897276
1.5196805453267135,-3.1663244941162754
0.7837356356742672,1.9272341426684152
-0.23224276957208362,-3.3079938668924607
2.4963588081139045,1.4531177074801485
-1.030623560056451,1.7208509508951144
-0.7885979571783422,-0.8052585733980687
-2.8906633280663154,0.9455460060005652
-1.512988313355856,1.2783402022303976
-2.7438593884272255,-2.290454419508775
0.7004298181417952,2.6385338559621365
-2.750957024522995,1.0091528064316015
3.228902136344112,-3.559066525725875
2.8224905476628344,1.8840746519884677
0.8233532469428517,2.706241541985838
0.4445330032396175,-3.0707016112417396
-2.8405819429561823,3.346403013414075
0.8248580794610834,1.3239822233620813
3.132065458677939,0.8923961779737459
-0.8215228102620382,1.4839897558240567
0.34710635188276195,3.1624677662052907
0.5068212442351224,0.31805899310584435
1.9485412793379695,-0.723232483749288
0.4829444415956811,2.2341058568561856
-2.71422702694358,2.3564697137366832
2.6360436178806004,0.9800821050885196
1.1745747318681128,-3.399440251921612
0.9428419881139609,2.324646798214108
-0.9193707588827377,1.6393481865544997
2.7873743437845517,0.6996809781560728
-0.5950116591028112,-2.962367574046742
1.1852198857362222,-0.9070756924780613
0.45047336023296547,-2.21104916650589
0.8175741137604158,0.662360357998925
1.0755150272144811,3.481059844255368
-2.7350481076993525,-2.8085963339793305
-2.4111330810294707,3.0859315960104134
-3.16434892088224,-0.8081641320673595
-0.6385757759477751,2.9488211515854026
-2.2899658649049583,-0.7728003393038017
-1.116476962507149,-1.2283178451166077
-2.908093094594464,2.7272835019083
2.9499264937073977,1.3697184039343155
-2.5714789558409756,0.8742752985194234
-0.9660331143347831,2.315107581427548
1.5307775136134534,-3.6566995305886403
-0.36241602808604206,-0.4120297133986989
-3.0129277469268407,-0.38899521399736225
2.718587644086296,2.975419127866641
-3.3078797583617803,-0.6429962961418348
2.336801157503575,0.6060106885750228
-2.853503780504071,-2.6505730228180915
1.7831664867551724,0.6947966848845127
-0.9835404938629095,-0.3182769380588429
-2.7366397670590725,0.8928306985091905
0.06270982422966169,3.483855030075347
-1.0040223715573962,1.317922741553451
-2.4775551270769802,-3.130926987177288
1.2626083009088085,-0.6069644446055213
1.2769333890619925,-2.290763112997402
2.829897589892029,2.503475822447602
-3.054203915103253,0.7863412199468434
3.3282579574808957,2.0183536938223248
0.6640124146147048,1.0304829782578977
2.7342652816668704,2.8269406139332376
0.6874212953368124,0.8810810560103156
1.1615220998466325,-2.4766116325808682
-1.2811193256482032,0.035567085193003604
0.5899850724269218,2.5295733185181435
-1.327818650598575,-2.614325375951648
0.6869938489363029,-1.1614611861318986
-2.8339582681735984,-2.4532752549681223
-3.142733603068875,2.2804502122092756
-0.9065417394112691,-0.1940512351941116
-1.0530230368315177,1.140933877096232
-2.4505882385125854,3.290182292567508
3.58137625513336,2.5522548168309225
2.842891808256981,-2.607470036172062
2.290093560065953,0.6730789541216975
3.2161175273364093,2.573029980686836
-0.6610546028137907,0.9743884772540656
0.9313686764413508,-0.4223775474896841
3.0121365275460597,3.132953602643079
-3.1385175560165632,-0.6989505703784035
3.019309183743079,0.13831504220027538
2.6998655540757914,0.9959687303702333
3.4013605822829875,-2.8485557647218815
-0.6374164797405177,2.9140430296315887
-0.41592566798811836,-2.9661231104264068
0.29566424755188647,2.3431497386120843
-0.6138425056100624,-0.603247900117022
0.8433081283861236,-2.7410567384204034
-1.173970959630816,2.882397474106792
0.6517199076343135,2.3896566817112603
0.9602173804523972,-2.5582283718935286
-2.8376476805964863,0.7991565682273805
1.1688619276660233,2.8900566599036646
-1.814342635746777,2.5801509594941856
-0.45550914886395566,1.31972536704378
2.3746705455322283,0.5963910338608942
-0.961699057658095,1.135196559161979
-1.279964077880648,0.8141782429569162
0.7889155868741635,-1.1733886402964742
-2.755484592355331,-0.9191995159910322
1.1072968863668782,1.2377280698441553
2.910207089168082,2.468850302572836
-1.5812128830892571,2.583771113054011
-0.5830558686618745,-0.4760790190075824
1.0625297421232205,-2.822687036202476
-2.8270700505304216,0.9688805956132062
2.7479447263641794,-2.160174931296434
-0.18431837174259277,-1.3354853064097245
2.6809648060391584,1.2782788280275463
1.094823431976194,-2.7815779184398446
-0.7297392713712512,-1.0309695987962388
-2.3238376316324896,0.8743766182023607
0.4078318311299829,-2.816318613020986
-2.8755500227228015,1.8923924275785842
2.7260598939123803,3.1136346507620427
-2.2529113452845135,-2.632167893609383
-0.24643440654761267,-2.299132306479659
2.7655190497877307,-1.1303258739632964
0.7540057086177044,2.722054172953196
1.0668562928580643,2.7397922563703525
3.052257237014312,0.9874835887565604
-3.255010552392874,1.074440015843945
-2.5236084631400737,-1.2244433716438985
-2.8332907928483446,-2.3956866659043285
1.2754771044738114,-3.1493935177784804
-2.756929492808863,3.049929552489123
1.1631328814390833,-1.0190730760257711
2.639919307357409,2.6343005200970127
-1.0021620289341773,1.653751623572555
-0.33052282408696304,-2.7151868358658464
1.4059553918898189,-3.2278391898158048
-3.2301431543346406,2.7126744598833885
0.8060878967194377,1.8638593679811535
-2.251576919007618,-2.17053504165283
-2.631301662008535,-0.545877230229399
-2.4532543312983592,3.3385774987094576
-2.3998462146816975,1.3439536225159787
-1.4432657777494333,3.2515250922638823
-2.796175367435456,-0.14699359895627515
-2.7344858935389653,-1.0087692908637804
1.4797445335946269,2.90173908974187
0.68394815681549,1.4312918087801982
0.437195241430516,2.65123230162419
2.472397889918484,3.496861192076848
0.8655925880011084,-3.00066755610536
0.76555580267536,-0.7820361200302809
-3.1864403700699184,3.0835666559291623
0.6592250636502779,2.5688019789372896
-2.881494557684488,-0.0877322504327868
0.8471008364295061,-3.457425352446214
-2.7197906042856186,1.2430124436448051
2.560021720753668,-3.0745314859256134
2.7894889774539537,2.577815381617087
-1.611781650908294,3.0187205818505807
2.954416249962989,-0.7109930586064552
-1.6923649100083253,-0.7606645046665944
-0.32282670523529566,-2.6964141996457722
2.645960467353387,-0.9802372846502154
1.4850045209444096,1.3072486322420953
2.832664516893687,-1.0290765752541242
1.1034206225963856,-0.5071613456405846
2.8644731819724973,2.6992276709157625
-3.110711705601602,1.3098771823095576
-2.848106037090491,-0.6087732284031151
-2.5193059801219264,1.3853087144770828
1.2798946120904842,-3.183936223952846
0.4889793531803378,0.07157951964826142
-3.0649260833813194,-2.7388245630299752
-0.3660321417168377,-2.722047295032173
0.8709681883562245,-2.794071990245091
2.715931730135109,-2.151059471339571
-1.3205185532664074,-2.819693903509716
-2.6178470640850686,2.6664949895060723
3.178543845627164,-3.3485996577474677
-2.4548520047514835,2.8704712762361617
-0.8993565360647449,-2.5024316594243
-1.3386261855738204,-2.990912062055286
-0.941621890885885,-0.47897746214421827
1.0648406788233977,-2.8348884546731092
-3.467027102435979,2.5924249627386557
3.124084027683277,0.46957978046780013
1.3029440969032167,-0.8718921133163235
2.052340491257462,2.4624835071633004
3.0577529305151256,-2.6224938434096736
0.6134842857400451,1.0882189441298302
0.9951673005282383,-3.1908524491826995
-1.3318896126645952,0.6359602284371475
-0.8352748214601309,-0.9183498104690594
1.32265860332558,-3.0958186356957764
-3.0439493399957,1.2643827462651214
-2.1862778233924436,-1.0735527679868286
-1.505134466232002,2.1815671824593315
0.8285052079936653,2.751954978413701
3.3726621541113366,2.546241645394694
-1.571912709250377,2.8708444044984214
-2.4149359549955625,-3.025463016496223
-3.1634758423736105,-2.9252139120798075
3.6656916113790285,-1.3984114448145182
-1.0194969691700007,3.0769667308165554
-0.758853079934485,-2.166031588332456
3.0165320965900357,-2.948768057058283
2.702229311292957,2.685130680000324
2.942491900457553,-3.044147161348422
2.953006109163031,1.1862599708488337
0.7853860325431449,0.6287131740831088
-0.9378269680783713,-2.772274860218514
-1.253910241917512,-0.8897396167999723
-0.9831394126129339,-0.5512961068200126
-0.5077717914126558,-2.859844528119295
3.108291562971023,0.44478046585824477
-2.603493371664457,1.3488973538336875
1.0096098981880306,2.6650582812499533
-0.9250205001136914,-2.650986986601038
-1.356006174354133,-3.065601339657191
-1.1865084157315908,-1.3362396167156891
0.23322142411834923,0.9306465814511466
-2.4532037728899563,1.1781291951261672
-2.7104436276009345,-2.57391235739606
3.3523612889882197,-1.1634873297807835
3.293857161733608,-0.8371188310736544
2.693630603976414,2.083503470139721
2.791470273641993,-2.95503631222798
-0.8929073422418602,-1.5269052198310182
-0.44291423070674835,0.30043586762804214
2.9378060977217677,-2.565842284798716
-0.7037686521522745,-0.7857371367956769
2.6246629738439005,-3.333281833601815
1.3062111889905497,-3.1713094971462596
2.815721029509359,-3.2309822715103276
-0.963691275568536,1.4605247975003803
2.6507600234891915,-3.120431827985937
2.6591051111615984,2.672592295836323
0.07541406080860297,-3.683999135004613
2.0210123149126407,3.11417802063008
-3.109033567714176,-3.039450104452581
0.5911738974938519,2.154812220862539
-1.3347353858858901,0.9042361274772379
2.935106646079258,0.45477484226660597
-2.4304217546022615,3.0455281722572516
-2.80328505693253,2.675109082461576
-0.958982059523299,-3.091608870809286
-2.108002295239346,0.885704059112436
-1.020874319740629,-0.8184174084222795
-2.983254276962713,-2.9659464818512977
-2.0683958489305625,-3.0958676291428167
1.189616452700211,1.5716253892278953
-0.26718760733024516,-3.132463842356313
2.9827150713744714,1.0773013100177893
-3.6124572559742956,3.3116369961978327
-1.3792774165130164,0.7315918163378442
2.233480497924696,2.510061015519573
-0.9496639336109493,0.6804543145639252
2.996655859112069,1.0175260475814831
-1.0269407527705705,3.0171841258010286
2.6483903595644445,2.5677967256623564
1.243325765111292,1.019870972801279
2.859238570281338,-0.7705296400453637
-0.9980066688766325,-1.1084492376719077
-2.7902965121035006,1.4075158786395292
0.9338158078189999,3.1821584979396498
0.6078339520113419,1.2808690896692123
-2.6000329269553726,-3.5703209932587083
0.77969339038144,-1.153503820205074
-1.1234471895442164,3.075019213680087
-2.278250522584766,1.3624908035651448
-2.6295034372805173,0.7021277179664936
-0.3786789841233972,-3.03285020829743
2.3331870297704396,-1.047460403852144
0.5147424721341679,-3.037383212525228
2.7217334378251974,-2.521781503215616
2.615365052456913,-1.5974775299817487
1.0208039037829757,2.5851647224871805
0.6791150633397052,1.1661169694397544
-2.8647217556888913,1.8538334090329975
2.3727460864145935,-2.7278895919088404
0.303569846939701,-0.9932855112334488
0.7672543711730534,-0.7977006733882827
-1.31651456920917,-1.3398556131377315
-1.1738177527739697,1.2856567142081672
1.2723891427595386,-1.0665823376483545
2.646124211216852,0.9220541107323992
-2.8464464552733095,-2.575332467694435
-0.8449160013516238,-1.0724392561978258
3.071803086702721,-2.593753194263313
-1.3252906590645366,2.440604017917996
-2.5182480552501123,1.4314084948379358
2.519422040834024,0.6279345059584567
-2.6831975955488288,0.8934075623377518
2.3269350600202645,2.6478864138161233
-0.7394118719138282,-0.6484483518199988
1.0425333400848615,-0.8493169725731642
-0.6565344721973241,-1.9061937610133228
0.6075175726999864,0.1341684808139372
-2.69417149407986,3.641718696538676
0.883281962054241,-2.7347771492085107
2.7597341994187468,2.9003258118569915
3.3912847882102173,-2.790537028386685
-1.1435016668535634,-2.863488670483119
1.009142494957805,0.9622886712618006
0.6425339479765486,-1.045138870439659
2.9035384475267394,0.8749202803796586
2.46181532418739,-2.82297665834522
3.185094029136019,-3.2830256888817804
-0.9212616079703605,-0.5540741453140781
3.1027876702810775,1.3949043777598742
-3.057202175629686,1.0460126727318058
-0.3465534354573911,-2.7046767260901325
-3.009385848877581,-3.0655377659201926
-0.7388509272459823,0.5012719369339738
-0.5460610315979876,-2.7748523221953487
-2.42998443102083,0.8040280545699912
1.490342077745198,-2.718209852884358
2.957149312017932,-1.1169172735252766
1.429364763597983,-0.8776198438456397
-0.7862760624992429,1.102166843520252
-2.852955404222116,-1.6693956004553623
2.4874518089566005,0.8226109296625017
-1.276668849615614,1.138815434348371
-2.326251093516154,0.499804687903375
-2.866445634667568,-3.33433268211903
2.7233268470462546,-0.8185589535497818
2.209604664285323,-2.8327213675562213
-0.6629472652558361,-3.1062328432756567
-0.2002403840088281,2.471317883323592
1.2282978937283475,-2.330919135577854
-0.8973837620069395,2.660915700515489
-1.3762899704483909,0.2311504590634669
-1.5309324088024157,0.42316795609865093
2.940323719978433,-1.3675169501784932
2.6781306690263427,2.6484717100852158
3.0498345876056696,0.40740603018740806
3.087334605741138,-1.223450993684021
1.7430727621865931,-3.3766486441852206
2.740481602378439,-1.3421361270029621
-2.3761263258003806,-0.8635704598843115
2.270326534736556,0.2352216756187833
-2.682734819292994,1.4342499170878318
3.1325494845916757,1.4282915789424704
-1.0348846088217034,1.172165415233854
0.5224851386553976,-0.5661853102426857
-3.018421791948121,3.1380599161061977
-1.4333574111333576,-2.7141442581913453
2.7781161202817466,1.0764589780500122
-2.628908515149748,-2.0080101098759013
-2.0608989555385335,-2.514816495375834
3.0116056867791596,-0.5359851978451935
-2.5329003048577357,-2.997118282207589
-1.0643534215230541,-0.3932460008184383
0.932896636713638,2.5330632048578625
-0.8643527284736537,2.7851915036634667
-1.560692746628997,-1.7735798406699168
-1.0744493750399753,3.1742892940131613
-3.1166988811925043,-1.12626364062361
0.4812869438299833,-2.8531283323166585
-1.1060402466584467,-2.688752346722347
3.1531871758253716,2.6598488111296574
-3.4499694200215565,-0.9298718437198212
-2.4497961869464633,3.354691598989073
0.959282991965879,-1.2348377322137303
3.1644995413598926,-3.033760503619881
-0.8944016060938732,2.6884206841605183
0.5288570310998406,-1.2298273395128936
-3.7473611820272446,-2.84644872577636
-2.509131836379145,1.0842932940369805
0.6143918270353992,2.360723660394031
-2.8991618420602006,-0.9983932956210001
-2.262566325168198,2.980581870937234
-3.013012561616838,2.3971394276362283
-2.4758018280473424,2.474756193977856
2.711402915882084,-2.555093934566461
-1.4125826169050724,-2.8361031749190726
1.6169760743481691,-0.027598754825282283
2.982915225123139,0.6894067630351033
-0.9498637121361883,-3.2293135116480514
0.8105662321563948,0.8938008877770119
2.780524376905964,-2.0971890032952434
-2.5055680303140666,-3.401713191184671
2.290727011549892,0.5834239105936715
-2.767883695117483,-3.363203131309197
0.5959952777167132,1.0345357949277108
-2.464220446346949,-2.7062571516059957
-2.4519385332843293,2.695076873775973
-1.1759552243085836,-3.2345257727579977
2.4935822889412624,0.9628700202184157
-3.1070989569990846,1.1780306102951876
2.5004231877617675,-1.1612080665776428
2.6563631966076926,2.9074512954886575
-0.93523802327998,1.066652759139515
-1.5036547278314578,2.447913601986077
2.154869875172409,0.9417598265896212
2.875566187587513,-0.060060397516791986
1.1750237536245742,-1.2459978201117925
0.38040318019755887,-3.5993292220461512
-3.099050249237104,-1.0433974140409723
0.9452280526015558,1.5492682650772474
1.2146764618381132,-1.5670123805533198
0.24526552926320466,2.7252144220629813
-1.0802363861928914,-3.03439150085244
1.3093169684030674,-0.5588042698066985
2.921775397682047,2.480031080723215
0.5394504920604337,1.2865699025595734
2.6186494013593005,-1.3800405182127025
1.0757054886709347,2.837313376533429
0.634912917144401,-0.562179809543707
1.0648062034781385,-0.9363384756457354
-2.333198075748103,-1.044226893516072
0.7099105993901956,0.7687738244193095
3.6852944213848513,1.0460649903117913
0.3805646073518109,2.7191171986894718
-2.6168829060110474,-2.790332487214925
-2.923044812317561,-2.763895007853072
-0.700669629893547,2.707618297640791
2.9173238622776103,-3.7048946504668954
-2.54609206537693,-3.295177188313378
2.6814112736643305,2.3986542782501266
2.833467883635101,2.761986608003306
1.0721580041436707,1.0212428023657008
3.070138484650735,0.5460260278375729
-2.682651754515428,1.4715650548816641
0.8212177985408742,1.1272031691895148
2.7640872892311026,-2.746074607703237
1.3062589779928921,1.8747757549894313
-2.976289993127945,1.6007613811357353
3.300803475289284,-3.6261552603069345
2.467781208355377,-2.8585132486512683
0.5113881718785841,3.243834365246209
-2.6856736450261565,-0.4809603982100007
-0.8598076998859101,-1.4099897672629236
-3.1811457345039087,3.214961189728149
0.663782966064238,1.1260619997276373
3.0555218518407576,-0.860406859477624
0.8843156339843131,0.8214341325575547
-0.6964030995488925,-0.7495856683973142
-1.230912029232995,3.2433509938658633
0.955859337591416,-0.9183666236067014
-2.717935501946764,-0.7814477558319604
1.6721549949936922,0.8421162497247644
1.4886304125007581,-0.3118331521265561
0.8178982592595978,-1.230918656486989
-2.7053060610343125,1.4510149991268186
1.27244622275229,-3.401916507547361
-3.149168860152835,3.08895639887978
2.438944266363811,-0.808165249079545
0.7317916045939706,0.6933713732303105
-0.6327192316769034,3.239333813182397
-0.5811280117671749,-1.1639947881962762
-2.929799532250151,2.7548661513257526
-3.3796148265879333,0.7610374357407025
-0.6945300996760102,-0.5030006613634842
3.6596242290275365,-2.623711808200934
1.0665150318430783,2.562791018419968
1.3137348481601758,-2.4652116261296526
-0.9407109066348928,-1.3289650343938748
1.243409412660593,-2.652843535387803
3.7262977796979446,-3.39068361731837
3.069771382997001,-2.88323331638884
-1.1707194489987143,2.518036662143991
0.5578696481082236,2.782645153145758
2.713581195805275,2.7059918727133274
-2.8538270458768835,-2.171096331597144
-2.8307383511382134,1.0015605592150982
0.21995096072034134,1.3012792243082907
-2.189410189715744,-2.545696303274004
-2.4543285197179663,-2.401826341466385
2.9022774584103863,-3.3486546034156897
2.799117434658742,2.765292063582574
-3.2277748934329575,-0.7405968226194394
3.190559746570573,0.8377367357742707
3.0460495121991658,-2.843208217026963
2.679876025183742,2.7401451634189677
-1.1801937983071573,0.7932595581994302
1.2922978586223652,-1.0663275799376841
-0.9639930568548589,-2.180861024284149
-3.360061865135292,1.965206149701576
-0.9391899009464442,-0.48926300100308334
-2.8304966369527964,-0.8929836965560538
-0.13952671426047641,-2.2309197454375806
2.694799836299459,-1.662425220371714
-0.14367792954913483,1.2725405631876792
2.6252006175383715,-3.0784081178414184
-2.1260740350902263,-0.3634069119654931
3.128271288473498,-2.6130648612728584
-3.070402275885927,-0.882517493750128
1.1460726607834453,0.7776752378439231
-1.0407743883984264,1.0579511087280322
-3.4618655919157657,-0.7786322704092347
-2.6904171034454016,-0.23404080289166646
3.055810873431035,2.1684233073615684
-1.1623584593902947,-3.434906393302856
-0.9535234648310621,-2.7589864696055715
1.2206417830908247,-2.9125912450266713
-0.9890534545531754,-1.0019695552808292
-0.7843329415988033,-2.919039200335919
0.6044213753529554,2.271268833100076
-0.5197544495778944,1.176597664206641
2.7394385621550885,-2.9687841284749945
1.3863937938675772,1.1809798656814017
0.7824788794733153,2.265206226706769
0.32044293975566396,3.153756416112163
-0.632463880830977,-0.938520957451186
-2.1849525917368524,2.027080927694792
-0.9097156918844926,-0.5840780858823648
2.4551576391368437,0.9963403271469865
3.3823484784246953,1.2526279102565103
-3.2147879422634404,-1.2804765708073471
-1.108783807813529,1.3537423727686484
0.5714806154868239,2.6375198928409875
2.686350651264366,1.5484044075262422
0.8187238440601362,0.4184581581304601
3.011065792965302,1.7977786558373143
-2.703313679251925,-2.6619667117630836
1.4217102796326901,-0.7907919504448655
3.429416986723947,-0.7993625869250245
0.7732284660339167,0.6186470741549833
-1.4350288134504712,-1.1113475684185412
0.7135598630829872,3.2327144232271854
1.3543113827817763,1.301160255782371
-2.7038020891398795,1.2509882508565568
1.50433487384571,0.5381745225046677
-3.3826991061363496,-2.0751859517054223
-2.5356495985669403,-3.4398870686382215
2.665108690020832,2.8304554564416557
-0.5547217852904721,-1.3839291638822473
0.7960587637755413,2.213614434313776
-1.2514515169983882,2.750611127724441
-2.5651116301607346,-2.7375804573488556
0.745280575723346,0.7479836439016014
-0.9566086118741124,1.6382448633283804
-3.2600586804074414,2.5798172357242874
-1.0081077191499226,2.946654327801185
-0.7291388155947488,-2.4375271319627143
0.8414258019923407,2.620401241446918
3.0838189113014205,-3.4436723489247334
-3.2056031009159134,-1.0329193906910061
0.9989267567154152,1.0258267056632484
2.8508001694781084,-0.7813145095677148
0.9870399957609216,-3.075227243941088
-2.2675492660893823,-0.1607389707314996
-0.8867203702461969,1.2148965958328017
-2.94630832236501,3.0415576546883645
3.1402002375045237,-1.0692547686192346
-0.7679183381474916,1.5497365605836195
0.4551645585365609,0.47137100090034967
2.3495001755663156,0.9195989626949292
1.5735408690609698,2.5392271664812767
-0.950823580859014,1.21917390209957
2.7038843143192923,2.528029846401485
-3.325936276972412,2.826373076434351
-0.43725704581088876,1.3411436654829216
0.24388111998154172,2.461061641304946
-1.330770090744596,3.130657486469398
1.2271512188363138,0.5877123309347438
1.6004913362763948,-1.2538823724049961
0.4736920864704494,0.9030568380161373
-1.7265289857413038,-2.523768686767434
-3.2444530178531994,3.468555610751683
-0.7372840175183831,-0.21767635577223027
0.8025137132112691,2.103739449972793
-3.0035079620812373,1.2468583544288354
0.8503351520890247,-2.7737315305223924
-0.845959807649362,-2.2589340276804113
1.422684781453973,-2.864520282996568
-0.7354734723194956,-1.0508614626227064
-1.1860573004221306,-0.4325829391874056
3.2984478579847996,-2.5896046716005006
1.1909018015527075,0.5754853258227565
2.648893369098248,-2.1183546572488834
2.7715105816916736,-1.5993062765098214
2.127471107743619,2.7016816937834154
-3.0078193891031084,1.24899476325781
0.9516563083006649,3.1944233579318144
-1.0223251185346178,-1.2821895299460233
-2.615867158921902,1.2863192925475102
-1.3947159825082553,-1.072683874742628
-3.2893010537556364,2.812093171818277
-0.784246003438605,-2.1277731402584825
1.2857044279494214,-2.2443075896988685
-3.1427008412806403,2.8857062836864964
3.204300178277956,-0.7591541749736962
2.92836022596424,0.7644880010146805
2.8957422502053345,1.256728884526036
0.7626901855958295,1.421965521262144
-0.9058817774522113,1.5274361799442906
-1.4764834576375607,0.27756048814815476
-2.7221713951640516,-2.594645249917495
-2.835230059404829,-2.3533268933841085
-2.4247967079239463,-2.4066862765037995
2.7571209652894177,2.3582341234896553
0.9681555449514178,2.1740533159040325
-2.886579174660681,-3.1847972619294933
-2.4914627605384343,-2.310712377561712
-2.5475558894647667,2.389219516325865
2.507584832150866,0.7939151115542198
-2.6946781375081317,-0.41298907329480855
2.492950071957792,-0.7064977686304034
-0.46492489815409793,-1.3719926922411232
-0.7360622288325105,0.9361814097913678
-0.6408778278972752,-2.7552867710502964
-1.5858708265439239,-1.1099273749726117
-0.31158168113918305,3.0197630212910576
2.724688485286171,0.4105266593428388
-0.7355084833614041,3.0253527535613207
3.4720317906785625,-3.1409715820083917
-2.631812895076744,-0.3480472909196267
-0.777276489054174,0.788024066262803
-2.7678469754087156,2.1394066448704736
-2.5698698227202903,2.9024671390276646
0.8938224134670101,0.9342976305651608
2.8386007185002247,-2.8525809136906095
1.0534621304828893,2.3709389476018536
-0.8767592976413,-0.6166910238376997
-1.3789315717005501,2.651407275026815
-2.5987458780580885,-2.045344747597662
1.0420167693335984,0.026329206841264028
2.729217994811093,1.5065336780700447
-3.226484422505338,-3.083614096423356
0.9448273640810002,-2.86699541840973
1.0709627415351464,2.2441307962995776
-2.7707627956230843,-2.832657886781184
-1.0249011224971087,-2.5497573841240904
1.0668904809779256,0.6776291001449467
-2.6746583219931965,0.5967605251853244
-2.223910543958142,-1.1122392770156322
0.964674096922446,-2.330818509858641
-1.0399510302224242,-2.951797866806653
0.8793064205091677,-3.1459541878903297
0.323519626655665,-3.5216968145659266
-2.9872833765016407,0.527099123658161
-1.3101253410826819,-1.4835596870301413
1.4723578832144744,-0.20644615837871033
2.8270902498159196,-2.762967321375501
-3.124631003967324,1.118687802217172
0.8805950885243806,-3.0547277351938966
0.025627333768485323,2.8187312765659387
-2.3919171061088114,-1.0826544237663667
3.0184822918191307,-3.209322715274974
-1.1140848965057646,0.6266447786497095
2.7836519272140636,1.605713102022968
2.863563500467011,-0.4809274344044077
-2.4828109963570855,1.0385229514237744
0.1600575407496143,0.7157079184848151
-1.4020103906754935,1.1059479446564138
1.1216411230815482,-2.809620068490015
-0.8038498875055528,1.0062707687419288
-0.9901155442666992,-1.3465894646668157
2.5072476807790394,0.7286045785674137
-0.8558068095964215,-0.7684512916535112
1.1741511611916147,-3.551110626490185
0.9639553833968029,0.9882894637811741
2.4011530450863576,-1.5430618875286943
2.5524625586411993,-3.0358645877190154
-1.9439385694627869,2.282288146805224
-2.704984898428545,2.9352546011735616
2.8753853295678806,0.9003271242490539
-0.6918932156716605,-2.834667332082
-0.7496230966846338,2.7745873493626814
-0.32001734106811264,-0.622940778100422
-1.694435872599225,-1.0171294786010303
-0.53526619462251,-0.8677850584257288
-2.1707931989683105,2.2923440150338013
-0.7387784676881266,3.607686616133508
1.2715249642545934,0.7470273197368755
0.21568101172966567,-1.645969714337685
-0.9939736196599033,-3.1027696387781063
3.057440320108806,0.26404250012398667
-3.222776400350413,0.5468647794578895
3.075535314610008,1.7647976452405467
-1.3745147632210417,3.2371456369084606
-2.2227406348324905,-2.470028062143899
-1.245706356691858,2.9434015313707595
1.2454104542687991,2.287494841860393
2.357027416994665,2.648825928934559
-2.7526780367791512,-2.8270538106783425
0.8196653904754185,0.6567622119458502
3.1444291798014405,1.1431950414288796
-0.8774507686744517,-0.9202095657832923
-2.4290605698682612,-2.2025451825210727
-1.5681973054504859,2.909091077940016
-0.8477801244795192,-0.8460243212485025
0.9900284706895569,2.2357033367654653
0.8086313977474141,1.0986239480174584
-0.7661638266121036,-2.530943696375588
3.3764300003606382,-0.8780970293537267
2.484863293027813,2.5030421161388143
-0.5160816734161937,1.45061498259635
2.9397835397801018,1.1632714957402874
1.266785989957929,-0.821979485761382
0.5888508874462207,-2.3581305263355334
-1.1665560731531524,-2.6573836450789354
0.7309381428485857,2.7215472775334386
-0.9114392374568858,1.184635120434495
-2.889941002908418,1.1458265543123147
-0.36653750022816795,2.8460174125466615
2.514214240501306,2.5225121782870445
-1.1576827462069255,2.5231885252959394
3.1215580713267688,-2.933157881856715
2.583794554250306,-0.6025046277084654
0.850391905674469,-2.2448932528693746
-2.267930761614527,-2.7245275014620387
1.490612536097246,-0.9622965068403939
2.541756229839887,2.885953161386871
-1.2266077138535247,-0.2895597955098099
-2.3822310047478537,1.5698244213355168
-1.215218252538451,1.204767790650187
-0.6398899501341756,-0.6628035663869444
-2.5149032380092384,-2.381330135574906
0.3725568666545583,2.7222237818790465
2.7313947052714336,1.1921426952044853
-1.2954853075515078,-2.7769421343831646
-1.0880465193072055,1.2502133451583188
0.6784193513593623,2.371568915882504
3.309744186407056,2.738848826143806
-2.8495751816931585,-0.18078490845146103
3.3814730850867605,1.0294733177761912
-1.229024642710365,0.9016483352888756
0.7362273581647574,-1.484362851526728
1.294941488117162,0.4873880312420381
-0.9435039323749809,2.7922636108910166
-1.3982316108530328,2.4407761456050197
-2.2447335918532523,1.8457932864960607
-2.848032152177018,-0.003171969914592323
2.2552251214129777,2.7638748495359278
1.118394954706642,-2.5223771534061914
0.8931303516239066,-2.4214448327600757
-0.8441223596464026,-2.8783590637901866
-2.4236188754956185,-0.739612301648075
-0.5300282141799292,1.6711387025434072
-0.4972989923029383,3.023966553349606
0.8005375838494986,-0.4187734763294188
-0.6377500658817209,-2.8055809372060123
0.6986215963853268,0.04382739028332059
-1.2166275419675372,2.098476095014987
3.1620493938075453,3.061980809644337
1.2030598980026808,1.9449309189681239
-1.888573457075386,2.7401992342886348
-3.0261372246616163,2.7489338520467173
2.772807304346374,1.1607039346922563
0.2613975116161289,0.9734083666678734
-0.6299914395772123,2.72114909480952
3.229103447955214,-0.9353944988952344
-2.759236413677984,1.0299960956757253
-2.072834880102049,-0.6777115517807741
1.5820699561305902,-1.0617688217822014
0.798560930454873,3.265146293021036
-3.2083716511857525,-2.555376882224678
1.4013395388961136,-0.45210485083623625
2.369420718206922,2.9310969333143158
1.0194549304989842,-2.8804634020672264
1.9945145511589335,0.8434862808999096
-0.7364845707548069,-0.6256972757393126
2.5898311332305375,-3.381091189012124
3.064163247840059,-0.6438657460497685
2.581939688181147,2.4018687858553736
-0.8790907559171102,-2.498059860587613
-1.6011068921380345,0.660198522884673
-0.9913710633739757,-0.573696366537726
2.922900040671486,-0.7354660465750701
-0.9272051328990084,-2.7527507911223896
2.9834099152786844,0.6930309526833812
-0.867862718113621,-0.6250097425963518
3.1721854449956237,2.049392743601697
2.86149127456751,3.2774590033998767
-0.6760129385863847,0.8017476677688758
3.2846610575031305,-2.335521413861157
1.530525760375457,-3.5163583227244053
1.0426585168113294,3.2155625402771015
-2.8870520522003797,-0.8664127389056867
-2.758993905079181,2.823810181481589
-1.3594142227356192,-0.2508663815713004
0.8665739889966542,-2.6836193750684236
0.9242821571389944,3.106065032216822
2.7530514331543467,-1.2665195635898139
-2.7204790786073723,-3.1270687010476137
0.8668168971494262,-2.869736349025115
-2.344961642049374,-1.0447919669190138
-0.9371633041443072,-3.1181162961055047
-2.86849412675061,1.013343212389385
2.824473798477412,2.6587691212469666
0.8919667433891462,-3.234567297095608
-1.5004505172082774,-2.2989978249364698
0.8709748659309462,0.9164852093012871
-2.4575762339227087,0.9438947330067812
2.9732091181930427,2.4536319665199575
-1.177105132857863,2.853490707728474
-0.3528053069378665,2.6908290216680326
2.8096684564322367,-0.6534899005071659
-0.9841415345856609,-1.2878353052047966
1.0344291012412161,2.329648032970895
0.8132173129462725,2.835256555398881
-2.6994395845474517,0.21509074742206136
-2.9034243409075002,0.8892456373434087
0.88866446262002,2.7185419546579164
2.730518427875164,2.9121089351831695
2.893190822005787,-0.6864664458100843
-0.6262568641055819,2.358369662180832
-2.9987404088842955,2.7989371461340413
0.00628744370146797,2.587784777036039
-2.812443093194953,3.1548249193455535
1.3776870187227264,0.7382256279124624
2.5567344677702506,1.0773991437946302
-0.8296371170981987,-1.0455301781121238
-2.641718870171339,3.0173021023794324
-0.9224054851391738,3.057856315452468
-2.8877375476692992,1.222797361661601
0.030147730421457783,1.1018020576289609
-3.3774541557001303,2.515118053620237
3.2468532446906555,1.9769678498094936
-2.825982767471375,1.3161367710461191
2.68884045532196,-1.9927867633321503
-1.7349709581889765,1.1037750868310394
-2.6649825902797644,-1.1447521236105986
-0.8926798050019519,-2.711910709492169
-0.69204420852614,-1.3118178693738891
-0.98758935667958,-0.47539890838915855
-1.2358238964165913,1.2909439555422861
0.896153953169881,1.2243331720782435
-1.4250782511026192,2.825818413069095
0.14131801694613408,-3.520219289530753
-1.104547029056016,-0.9859076915517695
2.4715042716217246,1.2992815790756616
3.136094922651203,0.9078692699125265
2.2991925767354013,-2.6145122737721542
-3.0544451667501207,0.2609166344145185
-2.8434288778553136,3.022330472935848
-2.6067384557098436,-1.0877393995185343
2.921716775720514,-2.674952044409551
-1.6249626921626914,1.3571312928220032
0.3144346844095049,3.0976543334867164
-2.1102529766949867,2.6434942445643346
-2.3601835592129166,-0.420941231271541
0.28603753213333294,2.4650572961230015
-2.779539347228372,-0.4175881345611992
1.013375299340901,-3.00319565142566
-2.4258827969852828,0.9431937810030186
-2.8659932094121463,-2.8274502672962347
-3.248721011784773,0.8148026195423949
-1.3209431812460595,2.97527915988212
2.8211437663133454,-1.1623449331043365
-1.0931656391785853,-0.6783104956160665
-1.2542440103455978,1.9291854723193562
-1.5711087498323784,-3.439645059180615
-2.7748565334368007,-2.2923723225729944
1.177183635586112,-3.112543081932995
-2.4005945235513617,-2.1284245133054944
-1.24508012253499,-0.7242399897116254
1.9196653801463357,0.6185210693704972
-1.3144728896000655,2.2615558139823557
2.6291545732239534,-1.7402108252785895
-3.2797535564246476,-0.5398774170314856
2.9822377438938577,2.443793753264164
-2.5384536138172837,-0.2833566692411589
-2.9937297892391785,0.8112616611990969
-1.7700089679041586,0.7526234032391307
2.6715846841078936,2.4208079684777952
2.6406846693768204,-3.259413642810641
-3.131533616717287,0.5403497661958994
0.8278791042771309,-3.1500202860899473
3.475656481211576,0.5839630783084211
2.898352600691888,0.9125736030694925
-2.7960482702223044,1.5478036861716191
1.0400027271117998,-2.8617216077935566
-2.6922248156842667,-2.9069434612486753
3.0446373367645427,-1.7951500000569778
2.929895297605541,2.3660175540331987
-2.5930769380408645,3.1471260665996277
2.7570357097887337,-0.6848370800019571
-3.2907600344677017,0.8489357072609294
1.1165244984750153,0.9945510125943706
0.4728192014321807,2.5373285635101253
1.237763147933658,0.7266501557534932
-1.0990496595037504,-3.04944753139666
-2.463198282686241,-2.7716951678568136
-2.739988843702293,-3.0156493804062205
-0.9063670718834426,-0.6168272626489615
3.3876055290527844,0.958087554535697
-3.6879716344140028,2.552172240678832
2.786828341559608,0.25392300680189644
3.615902721145183,-0.08286783693625524
0.6453816181947692,-2.2827997401279134
2.5812094164127215,-1.24877970829351
0.5285191450381294,0.5081898110545383
1.2689931490502933,-0.6902190033136072
2.3701027861574846,2.7124612655580536
1.0905166446753676,3.1583571860983994
-3.3026267060844368,-2.5876985654293603
-2.7225485292348335,2.9761255801526594
3.7349350990119476,-2.304932972812502
3.050018176861836,1.103993375190597
-2.9366993820581064,0.9836898813674885
1.2254108174561542,0.963797478324141
0.660768379282252,-0.8217813580956926
1.3557200551905995,-2.355579396319849
2.9079395299611455,1.584256907214006
-2.487697388495495,-2.25924641793194
-1.1560600898123363,2.223160712556181
-1.0242715021463291,1.1573833988751412
-3.047085658601941,0.32163664649425167
1.0374510839864104,1.0415953544474847
0.7929764287912059,-1.0264877339260399
-2.9503986276717398,2.404293546651028
2.9277753527596797,1.637902799984424
1.0184434203589048,1.2797022648619985
-0.8100930953823225,-2.869525191384846
-2.1086929028619017,1.27680628941358
0.27889400681712434,1.4778471764590562
-2.8017514803793766,2.88119777810035
3.2565314941607446,2.4464877638501012
2.9521053284711423,-3.065568737693739
3.224190752489769,2.650472151224363
1.0139327476777575,1.0561065971573422
-1.1759720152817763,-3.0640251708819157
-2.521551737993944,-1.4829436049390246
3.12669511067956,-1.2730141549643592
3.1236118629399363,-2.621512596537961
2.482697126006204,-2.6734947511839375
-2.086547704995072,3.406103263939301
3.641572681323893,-3.450662081759628
-3.147349481791094,2.793436707636305
-1.1578517250927018,-2.1291548567264744
1.1833004994710088,2.959315528005088
-2.006910283321924,1.3453122031846456
1.381297266795785,2.6503794355738726
-0.5134281638786673,1.860961174932429
2.61581330691624,-2.5958221094604013
-1.1110093925873052,1.029113847484513
3.2998462137627382,2.656362908689387
2.657662642417559,-2.8131260125932456
-0.7895175100299026,-3.2703676990421346
2.473715247516835,-0.9898557481796457
0.6057900468116902,-0.5171378735300944
-1.886907452990858,-1.0238959243457946
1.5456361674898762,-2.7761171864289866
-2.983972216185731,-2.8696472453443786
2.9508959888552564,-0.7556177296641503
0.8652924102577962,-0.6848813259028458
-2.1922012822638814,1.3160595864661333
2.4319499915348346,3.1960219184908145
-1.3184523833769928,2.301804558275107
-2.8480011485982115,1.598041570821846
-0.9546100527597118,-3.593177328603682
-0.9876966770430265,3.426787757202688
2.740493205753913,-3.2746001354467924
2.228060448421826,3.461427146763062
1.8040205431580285,-1.2421362491310057
-0.7356809632383299,2.8668135018740126
-1.159660115536624,-1.0953639843941596
-0.17909187266542806,-3.6899645062979403
2.247455674962376,3.0262703942427756
3.242646810688077,-3.165435545188316
2.805933419410098,-2.881308135972205
2.629729417762122,1.0529929565969747
-1.0366940021535482,-2.3472324630303314
-0.34932238763381823,-2.614583261643047
2.5814586482357527,2.544263162966783
-1.195671587191687,0.7386997429269403
-2.497723513195616,0.9124507334109645
-3.468873373705215,3.728780912871636
-1.3427643627516535,-0.737629836917794
-0.5770608121531302,1.4426046228200278
0.546928551742915,-2.6885215225374446
-0.879327373589074,-0.835329039776111
3.079635973507967,-3.2844620685391903
-0.3592412010317953,-0.3729283456220092
-0.7663891272743223,0.4499498962166911
0.7733428457172217,2.4682672406014987
-0.9209058890184842,-2.65575929736973
-2.245330289629741,-3.008941528060378
-2.7834968074144006,-0.6597899825352123
-1.0387445046314816,1.0087355862916876
-1.0953765627543133,-0.48416040339018224
2.8982701899155234,0.18394153789107157
-0.9606978269802234,0.8936936883958588
-1.2336907346866726,2.5141299354158813
0.9181306760811324,-2.8250288720625596
3.369635659066945,0.4764954530326171
-0.7729132034028483,-0.24886185962260485
-2.940805975969426,0.670547488600386
-1.0158448866970522,-2.3334060992056918
-2.745901643065829,1.104383433274196
3.2670383993083805,-1.0228602522865358
0.25690921764373825,2.848091904949059
3.1128323250335783,-3.16149410177689
2.3653464058235283,-1.2849365277214908
-2.294990477587884,1.3330856060314469
-3.347434203622924,3.0295127504328296
2.659211854722313,-2.7340644716516973
2.7954077569352713,-3.5765549651756268
0.16555693305593913,2.3690761120746373
1.564148557384758,-3.3253241160181877
2.8611993656884223,2.4273148545169105
3.0919840387895094,-3.085389304287651
-2.5350245617200744,-2.701176253375648
-3.559532457781291,-0.391756181166908
1.183944469935255,1.0283107730036984
0.299848866383228,2.8475662565303828
2.3447859339408668,2.2097681398803126
2.933818515429754,-0.6821642744660587
3.557157387200223,0.7397785252803316
-1.4697435192600665,3.1359793773349165
-2.265274046156728,-0.8207508034562894
0.7776795802762025,-0.8869527750367384
-3.2013267063982878,2.7356353915181155
0.4309251472866883,0.482284062458651
-3.0133218933885932,1.5738198841380662
-2.4198801916653894,-2.2419041058161997
3.248115883807781,-0.5936649717556185
-1.0929153094029975,1.5242883348930383
-3.2924615290850223,2.567439685802394
0.7450074998938772,3.0122439366155493
1.097410195745381,0.5184346750227897
3.132257856781731,0.9701862268452713
-2.561153464525382,-2.6063184011456593
-3.765040624978549,-0.33576618747276027
-0.7417350078068431,-2.772784625547639
1.464604252109756,0.936375127668685
3.095908603761701,1.058675049813459
-1.0013776520212796,-1.2116502935064841
1.0995187075852386,-0.9330199571581663
0.2816158645570509,2.155651827474313
-2.627345921261853,2.4567903672720726
0.5853791161565387,3.472075775366023
-0.9353491870345001,-2.513379242257533
2.9259239970069704,-0.7462873882695722
1.556141106371356,-0.5168931503369223
3.3617759413864485,-0.477934555977038
3.0308974516799947,1.3229318511292896
1.6121493951765635,0.27021286646399506
-1.2338633469889262,2.7702558981095136
3.3899207555101167,0.5328037864826383
0.5629264052433948,2.6630550568751596
1.298873626594894,-0.5718680260144104
-0.6904481209319362,3.1882014455873877
-0.4722224234742016,-0.4989293177021079
1.1065605501975144,0.5857746822015039
0.8777711609805845,1.253614200585634
0.2666331186970494,-1.5036397959578616
-2.3217301274323594,-2.5085130578057857
-2.411051005399478,1.1373872560193359
1.2529036882507583,1.4153355241600056
2.9567431593080205,-2.580322790290784
0.7872134750004754,-0.45252980929212455
-0.4016479369487983,2.949236095941383
2.6296912851537066,-2.648961609715214
-2.4823057302415332,0.773620315557612
-3.024379066251208,-0.8028227318561579
-1.3707569327265272,2.6777539514747075
0.8651749349172404,0.6113398056744016
-1.0757022823280986,1.5510060488277315
-3.109813259699926,-1.0744688516978516
-1.1706713123370402,3.7528073577779453
-2.7701243058075873,0.9968781633627746
-1.1770626950314096,0.9930495877348284
-2.7548556653304455,-3.2598368143365746
2.4285368012774615,0.6861981838093556
-2.908718410373382,3.0385074506410263
1.1220093768024686,-3.3765683782316662
0.9090626622883334,3.1152839558580436
-1.5330636852638342,1.1214770372050562
0.5772631286767529,1.4495049928931805
-1.0863484765909608,-0.4428792210588781
0.7847621049162848,0.5528510975073312
-0.5133833498931443,-1.1027270073943893
1.302793585747757,-1.3293027840088938
0.8566645343361026,1.2234192596028213
-1.057943627416403,0.9602609435598577
2.1626372306537736,3.2300991479572514
1.3763955177419986,1.904140543902699
0.9126751214870118,-3.0640038509222607
-2.4938322689137897,-2.1327045236940894
0.9268216565005761,-0.7684156689788788
1.0681352902345813,3.151996637547734
-2.8917662347100825,2.843782725099197
-2.2615651479490735,-1.2084203833635392
1.8431173734372512,2.9711897536098744
-2.5595259504372887,-0.6193211260216632
-0.6763921558787941,-3.216317524411914
-3.11165641904469,1.57955736226287
2.909861449401012,-3.039957943929347
-2.7376572696943238,-0.7744151036050414
-2.1498406139822457,-0.8551359278672153
3.3081466046652683,-0.8926858224520396
0.4975743810419967,0.2576182367510268
2.7172476765562146,-3.020369447097197
3.0090025375456677,-3.223023197904182
-1.0945458448521874,-1.0652776608004355
2.7826518502187767,2.393388571561882
-1.399921373793705,0.82792881074709
-3.0409409509467773,1.5293748909830218
-0.43258224257291106,-0.982322954114198
-0.8578863868944364,3.1550797281772383
-2.9952016656239335,2.4675715954407025
1.097733596340937,1.0757057779887838
0.891828836876529,0.9099535417388718
0.6406244910741037,-1.132197350923809
-1.0564694479528183,-2.9161465567529286
2.4747031877032253,0.6043048447961163
2.6664529990621033,2.8370776599948146
2.687989945314949,-1.85883779442965
-2.0992275856408784,-2.875236053995235
1.318026627534546,-2.805930131948776
-1.00386016040761,2.707390828215698
0.8858544086612989,-0.3165306295700422
-1.74049099189338,0.7689503593594637
2.91469308467129,-1.008323120625557
3.097064574111802,1.8986434727871517
0.7507049563028487,2.7034515606220335
-1.3481671933834947,-2.2757642371355846
0.7566141087293141,2.6345168572162163
3.0134970509952397,-3.321655248194888
-2.72575809203515,1.287467316936029
-3.1033237972059644,1.269962976079407
-0.5990333660498132,-0.9653201348238447
0.7277210429566214,-0.8788398887531587
-0.5011791189786922,-2.9176032587630347
-1.4815870235157402,-2.65805538077934
-3.3135921951602985,2.8311824953128233
0.20442163781971406,2.7311891138900597
-0.6429692073782942,1.3357338249969013
2.523323758297473,-1.2774123940688633
3.0206592824335203,0.9383698060804251
-1.1138709055166538,2.415524338599854
-2.773846586186821,3.4731573614389917
0.9139701648876906,0.9418477781126935
3.015099950569083,-0.7362492215908215
2.4768072586826206,-2.8215629252355363
0.7974155289854361,0.8217757327861958
-0.5276476704783627,-2.1537608282052374
2.8842418124621245,-1.1140715743684964
-1.3553705212979017,2.7744533627273285
3.2694871791608633,-2.855480717013492
1.3012653136545922,-1.1055716665570743
0.658627738069022,2.846455725988503
-0.7252914855276356,-2.423217864430379
-3.362936421795746,1.2359892021843255
-0.7963766499508402,0.34468018930704664
3.0572062558719475,0.7804912455998286
-1.1414017782707189,-1.287893602389025
2.8435900143480883,-3.5357893158146054
1.0274190417762752,2.6043752063348196
1.6458887480247468,-2.8180245363072425
2.4882794753917596,1.9831420579493608
-2.947730943515718,1.1564167805670231
-0.979433050288798,-1.0428698894994788
-2.692833020569432,1.908862139014588
0.6566819775075271,-3.285332686895301
-0.9084070121226416,2.347703853300552
2.9838552923696864,2.2169375029253833
-1.1317421253925786,1.0926641940828667
0.9418410966831581,2.349862574052543
3.0638889770883138,0.9425522299781287
-2.372620818395209,-1.1818967487019267
-3.363350111104842,-1.2175375958080228
2.6379528856747663,3.171689683382024
-3.34196085804069,-0.4292734586255233
1.0149094957385467,-3.349384738428104
3.4364963824320096,-0.9231954845917739
1.7241760499407826,-2.468281404516552
2.7394808600604827,2.5965520361434824
0.6775664403163095,2.986936783645711
2.8629952374654977,-0.8115448596124931
2.4107158894223932,-0.8919787212198198
2.802446415195418,-1.2069180589420823
3.429109245592803,-2.935759122748977
2.60741836851496,-3.196411831597105
3.537019424382934,-0.865815255192395
1.0843550401413993,-1.5074857518195957
-1.2130450606534136,3.186559204808078
-3.3798237905485267,-2.6713886224074828
3.205112630558149,3.1110706745778787
-3.1613934508271915,-2.186487283225788
0.6167488972730946,0.2924365803141172
-3.2679013763547937,-0.5650224127059496
-0.8383601499215939,-2.983277632980472
-0.781273726618577,-2.325060367975133
-2.8383057991558682,-0.8268673502579148
0.766082688022269,2.471201405172501
2.798885112055373,2.6681367719976046
2.5121623493878147,-2.370609161644734
-0.7353869961605431,-2.828413024765063
1.1207208976534624,-1.0454370027344406
1.26422741574737,1.2021774610835854
3.373721414069507,-2.4318603894326936
-1.162797708889674,2.899063762926523
2.4204734593175976,-2.7067843373050398
-2.8661007065631194,-1.2118805765510712
2.9950826091013876,-0.9527692105346369
-2.768215960568622,-2.7654806737651514
1.1385780157825407,1.103947300590785
2.6625332609193704,1.4068849539944561
-2.4900140028506517,2.904323678642907
2.606182144147705,3.0180241181095355
2.4306084719584513,-2.470820128316626
1.3727383524214845,-1.9691195906533727
0.30386206410180105,3.1004342107463114
-2.9747195400312725,-3.317914232411607
-0.641510006563996,-0.8235264909037493
-1.4004199757324733,0.7140857504951191
-0.7246199136861523,-0.32172721541754434
3.067712329429155,-0.4525280875840252
2.780347436400366,-1.4422671503807751
-2.7787086996037083,0.8978131274042356
-0.40520259613595505,0.17206698869451018
2.5817261779805554,3.296565366590165
-0.7586929093291797,-2.5126210905828836
-0.9113505547581121,-0.7674548416192299
2.519751118011657,-2.874383280075719
2.6854285914125255,0.813580746276872
2.7818549148997755,3.0594073588743265
2.428759785337032,2.3703497402471965
-1.0109114757711497,2.7683857058610517
1.0252219725774723,-0.8920289428070682
2.6369717272764044,2.9828082079717406
-2.868714128956091,-0.278851909740075
2.8812106294760254,-3.003374114196831
3.0072399150442095,-1.0183676796804457
-0.6544959636074947,-2.8178472964367662
3.1639201460520274,-1.7926633777173515
2.9929268756202325,-3.3810976272659103
2.8252584222372663,2.6874409473078162
-0.9291455740810017,-2.284535810895501
-0.6808202147751847,-1.2295412742452492
2.9468739081266877,-0.9680367512619962
-2.907186116265517,-0.7773856341517488
-3.0381330923283585,-2.947889143048469
2.9454773180132046,0.7353201880407852
-2.8919059688072855,-0.9259811314801505
2.6527118345128486,1.372442041926913
-0.4997740014917336,-1.4007456722812681
-0.626203487229778,0.7443038135576788
0.7906109179265314,1.9948493218335899
0.9341779176954047,1.2766932996398161
0.740930955942592,-2.9084378511531623
-0.20192983471354237,0.6064640893541641
1.2379837611314484,-2.8502549213970685
3.1086700894542956,2.794009785540891
3.4390752067851067,-3.413814952387481
-1.042937106132936,2.9000018983642217
-1.2958234557860517,-0.7368539826550529
0.7263355901879857,-0.7510878478555941
-0.6543357130633483,2.96150715940992
-2.862879896134338,0.8396238752198951
0.6746779714174139,0.7952522113621364
0.9731127921412777,2.635045244467388
0.6966409473103106,3.1249678914449612
-2.8098162017844763,2.79972946830233
-1.9248074051977582,0.9326517593909839
2.9161627921426656,0.9544129359277927
-0.6417144619732719,0.6676076195418701
-2.9411915762621295,-0.31772129963044426
3.1642841143563833,1.1508347351104462
-0.5780530876397968,-0.755033607159655
-2.4210592679180256,1.327039399943724
0.8930181355952715,-2.7632081448710895
-0.7693320619870512,-2.629633181213322
-0.4659577134875059,-1.3425248121276774
2.8064533274018655,0.8293484968390151
1.155162520547214,-1.0316311451040812
-3.39108620852815,3.7389188410701064
2.3315408181661685,-2.0580721192208977
0.16868495306458917,-3.4152564568591774
-3.1437061547323024,-2.7161728085237073
-2.664467883640467,3.1842155380012778
-2.6619834676918006,1.3504692550819386
2.233690304651319,-0.5340957858477624
-1.504687932898773,1.1341961043169897
2.8778537640948447,2.3499937108375604
-2.228620252990479,-2.3676077487915004
2.480730627715773,0.6277789776276519
3.765922849838385,-2.9847123664634108
1.3768863153197621,-1.5708917045257633
0.23442385322748535,3.0812657333655378
0.5182177943222415,-0.6855504382286277
-2.311230370427999,-2.0029358606551377
-1.0222618393126597,-1.2291676346166127
2.5755163845874107,3.1151913300618665
3.1821625003792002,0.7529050342657949
-0.8060832567226593,0.8345755805810888
-3.420778519584256,-0.2384731507331124
1.0587755008928375,2.5630687338745948
0.9746141596689125,-1.9388921313672205
-2.4726266857110297,-1.2927865791438917
2.918044325214033,2.7393031921685203
1.5925694889531614,-0.6088089834308806
-2.9421338898822755,0.8853106847821096
0.7627560996856682,2.6880856657988876
2.866732112886407,1.494473359209179
-2.466556294139119,0.7529247313080626
3.172184334030544,2.2613929390905603
-1.4094138464480228,-2.8980876538041374
-0.746246427838541,1.564539972741424
0.6353725986536903,2.9612062262372825
3.094078996387542,0.6059632759459123
-2.6984598337255012,0.1938887447839367
2.287636898695114,-3.724164071482029
0.9526295224718325,-0.4697121434185538
-1.1181277488182746,-0.9132975576388238
-1.1378171520855804,-2.8583168418075537
-1.1233582334152983,-2.5424483190245613
-1.6943964180902775,-2.5704722731070775
-2.892035885190749,2.432736654005931
3.0814820295315397,1.323700523277649
0.4832025364255683,2.70736385464678
3.255993644539672,2.900093383874168
3.0066057022396144,-0.6269423333277092
2.771951038184984,2.3151659590250557
-3.069659442259446,3.3517863678898956
-1.4164617212705735,2.3544885273822715
-3.5445576146685247,1.088877635492192
-3.0236342444884143,-3.034983689611678
-0.8826780000641448,2.6169384685164383
3.3474340627675088,-2.7801913171082977
3.395419956742823,-0.8039127569489296
3.2355054952650395,1.2830535558833824
2.5897218365455887,-1.6654020443012751
-0.5932870778326641,-0.6340431164923094
-1.2654130075992323,-1.382372305498857
-2.989343558666492,1.0584633863653423
1.0586375682846256,0.6860968006547785
-2.7069034586529424,3.2050125224070567
-3.030355413724564,0.9478659894593966
1.0061081264270657,-2.6022817900085506
1.0069908404298247,2.498260785888088
-0.43579421087969256,-0.805799700971752
-2.9112635411386845,2.3202646062023606
3.308610184118017,2.2850803858411664
-1.2033110288610147,2.6208152846565014
0.45870569880782575,-2.897921840947756
-2.432688873610497,3.4778605325279486
-2.7799040787603384,0.5320547663509332
-2.3896647865983303,0.5194334199466122
-1.1564286702586681,2.6481014849712348
2.445827383828761,-0.3566720104733784
-1.361374609512608,0.5884156885696467
-2.8298905419452915,3.3503665293487073
3.0938730240934897,-3.051820821012337
-0.8441376724060445,0.557156578133882
1.3071703102488186,1.6036383285611826
-1.4850514757852942,-2.76409450347972
-2.4582437804315904,-2.836899250045371
-1.1120355801783677,-1.1628720295658643
-2.519920804322856,2.7640140299112765
-3.4339252650954273,2.605619158732254
2.3952577579138903,2.888061189093685
-1.5208165771981352,0.6695226281295026
-1.9712698244631646,-0.787411151720346
-2.310652055603719,-2.6114890472109145
-3.079743902029588,2.6110902295573504
1.1702199105137923,-0.0019355817864443276
2.7820283661168803,-3.2907118471714383
0.8653059715248655,2.940942349376174
1.988958912026073,3.1459265905855145
2.3983887037264,3.239239548638556
-1.4226783582362157,3.3236522050002555
1.2148408055505704,-2.6412595228318025
2.81021456232734,2.2264065827656823
2.5328828020071272,0.9995557990342755
2.4148602035362248,2.679290341041161
-1.5007344191174803,-2.8208942899876734
-0.6511351639152705,2.544298428562804
2.230191396943273,2.2711630484397722
1.428270423540623,3.0052617087536206
2.1988631312450266,-0.2655924427184571
-0.7832042713250881,0.9505168137980108
-1.9659880893701138,2.857300561208838
-2.4582801011000908,2.785898829373417
1.2783484427576193,0.6001459276943777
2.201156226627672,1.0081770027181338
-2.8887116105263613,-2.51190971271936
2.13542586579955,2.5935456176555958
2.696045130153755,-0.4604250148138645
2.596813862553168,3.052080072321105
2.532029966627156,2.298678597875676
0.9739700272353066,-0.4230030428112927
0.6809653509358321,0.8946534195351016
-2.1342673591620698,-0.6452250986000664
-2.241785593952404,-0.998190762172813
-1.2392886451655338,3.0493493485251206
3.1201556473747227,-3.489642098015454
2.6102128505277955,-1.0522033484716038
-0.24993053162444273,1.4856442051994498
0.739485868527625,3.2617331000551255
2.9329544093580466,2.650648034498332
2.6249912168490623,-0.8468919175699192
2.6689774822477172,0.8404298780933701
2.8025750844255626,0.37249568060969557
-1.1224527743906552,3.2146360354982177
-1.185421987480116,-1.208410020024003
-1.1359272716559872,-0.47788484994821334
-1.7170184822550318,2.672853623036574
-0.5091530882944196,3.390040420663638
-0.8232786636178969,-2.1546952422750625
-0.6913302970658901,0.954369919769694
-2.7707428811190824,-0.6142750761308923
-0.490945814581654,-0.9058281045445177
3.3596710726858996,-0.5141226084132873
0.4245411757671618,2.9245433170754827
-3.4897804255846787,3.2861839897584066
0.8201689857223589,3.4776321298301185
3.173419681075117,0.1914924639063412
0.840471049989589,1.2667671122767132
3.560910176743074,0.8740645735618884
2.9839360335545173,-0.6949680912230297
1.6507961287684554,-1.1112840428177084
2.5478885781658946,2.5874294868354277
-0.2034888306753778,-0.03244938310622105
2.760617659762135,-3.2954212016342375
-1.0766111833862335,-0.6577579277490692
1.0419028866811937,0.03248948970401554
-2.016780800542328,-2.440393159096073
-2.702419924763569,3.0731206694776634
-1.3413990456324156,0.39877837999364024
-1.1893234098642256,2.764410937164316
2.7006068273203883,2.1448471341919153
-0.798570548194066,-2.048881573509834
-0.4173730816890779,-0.9280410545688543
-3.1881491915683204,-0.4151792489922907
-0.5987538632075908,-2.9431493012967667
-2.951515903872911,-2.3393567084734586
1.1108026416150105,-1.3412563363474899
-2.80752989413032,1.482447552147051
-0.4648951830056866,1.0808571188435447
-3.113183370985975,1.170036837158652
-2.920423732472816,-2.6266379576685757
0.6519974509474201,-1.1874066475968406
-1.3342003322863463,-0.5061876220417237
2.3428422005330267,-3.2265119588353204
-2.430906783663181,1.0063625225273716
1.128276866836099,-1.0538073092756934
0.6864438320073906,0.8813563597831983
-2.7877010930188026,-1.190265888755301
-3.309349044047048,0.8168961308379737
1.1134096468127934,1.8585737190418408
2.6552405434464488,2.6366022762489654
-0.9701042644271377,2.533663794970341
-3.3244480449418123,-0.6902225844265235
-3.160029944119957,-0.3165989811011517
-0.25070229755707,0.8381057296468486
2.5384278471582986,2.3481617391849112
-0.6423350587252895,0.6272167285759237
-1.7545188634236017,-0.7094061632820278
-2.8956467954422793,-1.3104273623841922
3.2640820506447548,-0.6416162100978922
-1.7058735697346274,-2.202160658601007
1.5288691955142673,-2.9188064382653347
2.4889556033167435,2.961394418473839
2.9582110959525925,-2.5547019338399912
-2.4385348600204675,-3.4893991517641196
-2.7906106466787692,-2.8809949103835195
2.0087387365896836,0.715820943006006
0.9618440167478879,1.2177461993353818
2.796886611856125,0.8429523581827455
-2.9674075398546416,2.897686878901235
-0.4041568198804516,-2.3501309582475085
0.8345909723054971,-3.442360421518348
-0.7169723282248056,0.7153188662415466
3.0609242062621793,-3.033830786702271
-1.0239584826581678,-1.2972922580336619
-2.992052381433411,2.9117633379102466
1.4795091471026907,-0.5141293650488987
-1.1708996826221658,-1.4230876938472037
-2.6434008853741964,3.2185477091547328
3.0872339985857344,-1.0449063803572758
-1.727705393781858,2.5656896062738155
-2.5845107540881913,2.6446799248295454
-3.0697735407982325,-0.9591964341132121
-0.5996987886574404,0.615531693923573
0.6018154513367352,2.8407029491460998
-0.9124418543347199,-3.5094177947879537
-1.4738058884694294,-1.142868208208663
-2.2759263119337785,-3.0302650524047707
-2.797079276921045,2.8529556442906143
-2.3861281158854677,-2.37021748379932
0.7676565298438587,-3.59924994660378
2.805048824928679,3.2004271656902303
0.7734737113559105,1.2342222102171658
-0.42853005060483645,-2.828443375876558
1.2252468545912916,-1.2964509159917108
2.5305142880835323,0.7150692510509047
-3.1399056399504066,2.593938260081669
1.4902847716802736,2.952123902625583
0.8593211469748144,2.7824874973607634
-2.686774239703972,2.771823579813558
-2.6285641172234175,1.1386038251700539
-0.9754263130493226,1.4363055550503538
-0.8710852574292641,1.641118166801806
0.7489137700915305,2.744698082699704
0.7915905058987033,-3.0825025600152953
2.3727671205806713,0.2767188178348232
-0.8020187851330052,-0.7006121182429029
2.7108467643234175,2.905197096964062
-2.167500301483101,-1.8276306758583856
2.7478152554057624,0.2046611163855448
-2.6513827204987495,1.7761731403862386
-0.4981458906341544,-3.046327715059848
3.4256841123451403,2.826701978518567
0.9462100554792635,1.0897893671949344
2.861945688701838,0.6287163832059984
2.3768477446038436,-3.0095696869500426
-2.6041744809761984,1.381919764686028
0.8032974589730922,3.194456217435305
3.0703431180146845,-3.306853233325382
0.6557051613063611,-2.8807065936757463
-0.927029292660906,-3.0846901405803555
-0.8727796108235055,-1.2746103931019799
3.614757762109022,-0.40080040634396613
0.5967155831261121,-1.582689884700269
0.7187654940840236,2.41646055192123
-0.8304783809134892,-1.4701111262788864
-2.456117797657941,1.5667473881640965
-0.36589836164637213,-3.508391075008432
-2.6843357402635015,-0.2820439970934859
-1.0269267414607892,-3.2982654383115366
0.4952991161559602,3.0705486487586526
-0.5767714558120268,-2.9114381773286384
2.816979781409416,0.6508780316517574
3.3547873597658495,-3.4806745145205356
-3.0967132000172213,-0.6347564405355792
-2.816213603369196,2.5930571178053463
0.627637466226601,0.7719045771500902
-0.7790044798478303,1.5229489959254139
2.140050429696819,0.5849593913459512
3.006106093317937,-2.794746509067111
-0.7223615900421522,2.06484345024357
0.7899911555880351,2.982618589454847
0.5655502444852879,1.4962316869815848
2.5670460534331823,3.060644906121801
1.5600538013217797,-1.062162547720054
3.4252091482871814,0.5386668717961988
2.5819141964074,2.7482546364594325
1.4913865634837564,-2.795900189459531
-1.3407186605205963,2.6395242304922415
3.0533152202478133,0.704396958890728
-2.921291629591819,2.7233734864461447
1.2647041582048293,-0.3460474385656283
-0.9135366747881267,-0.8577112147369713
2.7434845063899664,-0.9478045333866779
-2.9895788238943117,-2.4124092236619123
3.4835958412040053,-2.790719169939473
1.0878903535883662,-0.9958043717066338
2.915074310326802,-1.2127959844398475
2.7168750500033165,-1.0799732316924857
-2.692053871130198,0.670455900511867
0.7527638689192828,1.439931775049024
3.0525482867362737,-0.8575815128655776
1.560813285454041,-1.1455472354740244
0.6896667736317098,1.3747563880659301
0.7843805124809553,1.1148039922751252
0.7200817081476995,3.2089854933567334
-0.8855322537890435,-2.582560968875076
2.9703140588306374,1.1225507655563536
1.3808608104220372,-2.595754716060268
-1.4320877652847512,0.7994582527953145
0.7346840906638021,-0.930535294424948
2.8594455118011135,0.3896402577770427
-3.294490852101736,-2.745147635242674
-1.1162472004148547,-0.3917400451983938
-2.728218765534564,1.4815156904602824
3.3803474376490588,2.031583236584201
2.808650088085749,2.6655054058136183
3.1688036879213435,-0.37955331180894214
1.2763888275465796,2.8610583488618913
-0.7876506724139145,-2.633432817586944
-1.413965865555568,2.055152893624514
-3.4044820364909274,3.020620181564407
-2.541691192047957,-2.758979945572199
-2.7343355203708226,2.838263160378964
-2.8841092808522455,1.1000210787452316
-0.9407934839296449,-0.4389327197270617
-3.1710524041494295,2.3679459798634825
-0.5757212277780934,3.1424441632565068
2.888967513658252,0.8728722795793193
1.4327781381540292,0.767900406936943
-2.7302189861199624,1.023395957689357
2.894219099352855,-2.4129391784134935
-3.306941599436964,3.183110427880304
3.226850308864166,2.8209517637199206
2.0712308038131475,2.689743129835013
1.2531720938105948,-2.719763939595427
0.13639179527414183,2.5607358000738447
0.746900559911898,-0.09596376317011515
2.6732917825462383,0.06182016413563634
0.5302624276282382,1.2002516038886701
3.1094943830918984,0.5251795444065227
2.761044378432971,-2.8954310784187274
-1.1535927189298982,1.0037375073782202
-1.2682952178062998,-2.2629507011550425
1.583201875161605,-2.786010432168687
-1.512775976377469,0.9567235547789922
-1.09104812777094,2.5787793987665184
-1.0736006537628175,-2.587513874509921
3.154918066625951,0.717804270315456
0.9843124314193554,1.8243074233344883
0.4454400974661415,-0.8400442625446853
-0.9863424012530708,2.6722081961832123
-3.271438633300987,1.2627170648881152
-3.44373635455239,1.416289095348418
-2.3969783441860093,-3.689856832735622
2.2340849675166847,0.6031506979296314
1.324269591588967,-0.6594852946649912
2.5934560119817887,2.776537949938731
-1.6713025016091136,-2.2069054157860077
-0.46774735198008155,0.24844386218599232
2.8620041307365587,-1.67242767534147
2.6949260566342117,1.062583128160268
-1.3550322868530342,2.851582288119207
2.9098002053455416,-0.9342678022823302
-1.4693453868466866,1.563351813795464
1.094330834876841,-3.5858744378471603
2.722826090331062,-3.0024330764004
-3.0806898205338022,-0.6647757716324773
-2.5956043309200227,-1.0811817107322113
-1.1285647688346718,2.4774551734534027
-2.0087086460766206,-2.9534829719977465
-2.5664779587987288,2.8985401513459443
3.3356800768827446,0.8891649139555455
0.6147166930356389,-3.4350248664339675
-1.1938826657936534,2.703976198447535
-0.6283316626233794,-1.2014972014511793
2.4410066559855577,-1.111772097910831
-2.5362325698370514,3.139904497299796
-2.946791012227219,0.78152172479215
-0.7919890119626986,1.5627944325642533
2.519690640678593,2.4631403188564804
2.6929446289273056,2.5163467603069667
2.458079789955969,2.653583334845289
-2.8198073937390546,1.0306991394708178
0.8588274950797206,-0.6129069656367249
-0.8312166853023402,3.3368387251380396
-1.3103959682132806,-0.9665676067695541
0.961685435178847,1.8981637082896234
-0.9043582560486451,2.9729492348272926
-2.339266017950823,2.6375982000364653
2.9330607284519754,1.0370989271968245
-2.894246706916248,0.5782387776852372
2.9894485195304386,3.2345608799463723
0.21518232655516106,-1.524360699056753
0.12238530998697092,1.4737286222758679
-0.9645336315648029,-1.5316861070238414
2.944382049243009,0.9419756863557839
3.0422632722559673,-0.7986172529978052
-1.0227653695048544,-2.656521080513271
0.6238696392286428,0.9503162403374158
-0.7713828540863056,-0.7657195341138476
1.3323309134866566,2.127249536526492
-1.3933751282404372,3.1347322301523626
-3.4157028141375267,1.51884246203966
-0.5685873197481184,1.2564735743405813
2.5378999893558407,2.48950421053245
-0.549462666006959,0.051670510369310925
-3.1136732831178104,0.6586673870715226
-2.2611394909090223,1.3767295761913645
2.8411663804610123,0.8183472064008978
0.5733918450737805,-0.44053597626827784
3.01364019195883,-3.019809012755237
-0.8133615214096892,-2.5415141657663884
-0.7704054689801965,1.0593710774385983
1.378788593320496,-2.6361788770655594
2.9558949103363727,-0.97226619278302
-3.0079454795659637,-0.4240609310159298
0.8629593772820114,-1.008148739358561
2.460366000629843,2.6260270702548607
3.5198968578551573,-1.2144691438983237
0.5831842433828119,-0.4663884010104381
-2.8497271006309366,-3.368515207146769
1.6386433858231257,-1.379332826495166
0.7746865093515901,-0.6793814684480242
-1.2308603013943227,2.5993154699510677
-2.254007771602618,-0.5793037214933907
2.710563740814647,2.867617135031458
3.578821153241553,-2.538789328410749
3.4604152993789152,-1.2133336866942541
-1.4941207686155953,2.5189685090954232
1.4199197511465176,1.1281117292034104
2.690748334885128,0.5304676944245664
-2.508670385133036,-2.137642786808572
-0.8609427335891638,-0.6051594619326959
3.280271996232705,0.5056952586287992
3.2905479378706683,-1.089293371131182
-2.6272593274637575,-0.625385802475803
1.2553917509484176,-3.01893345904822
0.5530809325343032,2.925442414628985
1.0288209075475028,1.7279033026028912
-0.6949157539658078,3.247252884167054
2.4241748936027143,-2.5180162562800517
-2.9203251132624133,2.3558528654107556
-1.3368737033947058,1.6290889956697756
-0.8285143233375618,-2.680182282130234
0.6044023218349837,-2.5263516537002597
0.65402759598966,0.6966450018673301
-2.198969991884152,-2.537458906706169
2.6029866767412875,-3.4174333043976075
3.1297273015700484,3.0284204264395727
1.0311158452561575,0.8816006809853036
-2.611053992523852,2.4276132126055416
2.592247244262974,2.4066584272782428
2.7866937693157485,-1.0607344988572178
-2.955650614464605,-0.9195435952892647
3.3878283860009355,-1.5148246778498249
-3.029100112725178,-0.6565079621256225
-0.8970373771876743,-2.55386952933055
3.163282643714861,-1.2877800023794903
1.3860728248213638,-0.8747006517334996
0.9031521458187833,-2.7724980139600732
0.7333484913550377,0.717729162076042
-0.8160308325991582,2.7686317144604655
-1.0672271720650925,0.668084599254008
-0.9340447459366102,-1.4674697418927465
-1.4897716028805574,-2.7510270408291326
-2.7282587269566916,-2.5937244890937587
3.2861359291118037,-2.9238390466417457
-3.313027517912833,3.2005000977252727
1.466765398330329,0.6813636383573994
1.2479971265701824,2.936945847269564
2.5011223035112646,-3.7281224489405047
1.2203607088093287,-2.788397762362062
-2.8371932047311135,-1.0770604116784173
-1.0072977359959332,-0.960918494253451
-2.8366846489047224,3.3739797604958723
-2.030516218120066,-2.571595550588414
0.4689215968459345,2.3889984684000454
1.2073388387963477,1.0678822240860482
3.3233525208018575,-1.1403455573843164
-0.5506557968679356,-2.490735362945631
-2.545679665465474,1.0891975629517199
-2.7818875361193847,-0.9052146421171067
1.0343206234013,-3.032276322346963
0.9695435751330906,-3.6888090808824323
0.3693300544770619,3.1579512372904706
-1.1571248785538082,2.082467642625854
2.7731302932670854,3.3952342432128173
-2.2638411077069,-2.66811313116143
-1.0007026958467435,-1.362465830010209
-2.9999656382325375,-1.09569976452741
2.333286443949924,1.541896864790289
-1.1168296955614878,-3.24223323450821
0.6525839770111151,-1.020123008242909
-1.4471139266939375,-0.5783258512549198
2.6684850957972004,2.7423579127255167
0.6533666006489032,1.1810650347948755
3.1642902415718215,-3.7630294824134105
0.9674471434212594,-3.084658499479094
1.0842173168263602,-3.491069903110731
0.5955882214132695,1.1105524769284738
-1.4015205291387571,1.3710767846747773
0.7895716377023293,-0.6273147730469459
-3.5183041405495477,-0.5483195950292294
-3.4135655928752224,-0.9128389946940394
-1.9464660704842824,3.0271732533178546
-2.440502203796384,2.918905460403177
-0.876827101558905,2.119120303283131
-2.6131472854068405,3.183415793117639
-0.9588835916564675,2.6230036054420625
-0.8982467788996845,2.9633068112147978
-2.0183041991601685,2.973935887307329
-2.6214098242524377,-2.8629861765951254
-2.5013998775335917,-0.9988040503852764
1.528938095101282,-2.4698082673110884
0.797914658187442,2.703686636374189
2.729256478422485,2.4031828003455162
1.3402968028694722,-3.168344230545484
-0.815072419817356,1.290756598235779
-1.195226443765559,-3.272411674255527
-2.8552551957038435,3.489051421951633
1.0292206643386115,2.722094516310579
1.1963967122050752,1.3200592431871911
0.6480571653025913,1.14028575087328
1.0876070372598383,-1.05491334251294
-0.4194129431789711,-3.380325802555083
-0.8262875767964679,-1.1929563488576724
-2.4432065914277126,-1.8772426023147133
-2.6475712664293556,-2.4359354213422675
-2.911144137204214,0.7256150659146999
2.375700836833473,0.7657427781770976
-2.7839707072757474,1.7554884510589432
0.7842438383091561,-2.4071968526583643
-3.985909667669774,-0.22993939434587973
0.729191695407449,-2.8510821723780824
0.5525996382305304,2.822865212920811
-3.337032547918453,-2.6751137956745272
3.223913730440989,-3.0887177106886723
0.6570675771111285,-0.8550191633181276
1.293379866398201,-1.2379589377648472
2.8815630977030406,-2.431854048159499
-0.8108430274208978,-2.4501366717585036
-2.066415741756762,2.2172543338458555
-3.0275822587391503,3.279064413840674
-2.604007044546043,-0.8012574718733001
0.622744768842386,0.5508432605533853
-0.6591934519530249,-1.2082772561321586
3.134077025087987,-2.3326149258325275
-2.9296175873318218,1.0374725056187568
-0.4424881155782228,-3.399206642246239
-3.124240622605348,1.0762447193493931
-2.176871663552183,-2.848964293697032
2.272499715454567,2.8285329184867316
0.8865568066923128,2.4094902740607567
-0.6444738323307626,-0.8836382757205928
-2.7516113988289814,1.163851827008648
0.05691092056444177,2.7640180465276267
-2.8629955169259937,-2.1566745436483465
2.703707841169513,0.9475772694966113
-1.0671501383422546,-1.1253493465913353
-3.0199058656991484,-0.6423902862504869
-1.4187220194262071,-0.14041755432197203
-0.7399821309613889,-0.9052083488106398
-0.6265927192378474,-2.871865686933802
-2.3895818497872385,-2.3484258148780657
2.889248829728456,-1.49136292513764
2.186740027791109,-2.234235703270478
2.5899140876307496,-1.2819553348070931
-1.2129719924012023,1.2569838020328001
-3.18238433367783,-2.6322189150858373
2.582704038599981,2.1419346242985267
2.7671840771120344,-2.9195176060025534
-0.6927673511563923,-2.2722528432559805
2.7184111562308266,2.443857516083198
-2.6623232616831993,-2.7582300264920785
2.4609047357843834,2.242392050005305
-0.5034967191412435,1.748062010268912
0.7818325194935531,0.28891081621449594
-2.999919894145344,-0.6656228515903501
-2.286330279330982,-2.0391570393451794
2.8008320442037067,-2.7652509202946027
-2.8363052009050396,-2.20209649434941
2.993876452146964,-0.3461137328414072
2.3222866577405656,2.219094673650399
-1.5903126307021582,-0.9271047687792119
-1.1942566727031327,2.627036952802785
3.5827528891740994,-0.48286988490184846
-1.1231911378642505,-2.7138053269526825
-2.4513078145692693,2.9621427243785394
-2.877744879849827,2.7340002919553488
3.6408756597590015,0.7390542036674516
-1.818279131274727,2.2298187617449208
-0.778644326362733,2.8016518886873487
-1.3959854932907967,-3.1057332452798683
-2.7983387007259926,0.639534447170756
3.147190976354973,2.805050764665602
-0.5633700927721045,-2.851634095148909
3.534116583805712,0.7561504630179972
-3.7489820488248786,2.670523496964768
-2.813101106560706,1.0333563448364966
-1.238437183896195,-2.6739976244094468
-2.5495685339556458,-3.2453323865240757
0.05343916235402724,2.473511193276251
-2.5285935858933923,-2.9580370563064977
-2.7945046574392887,-3.6912839290807304
1.0036838477959544,-2.250406556356192
-0.5797323998536572,0.3936756045019809
3.043425467613997,2.8894929575871147
-2.2697195924371965,1.0189865059802474
2.917687043560555,-0.7794324519553966
2.8720518666249797,-1.2824384028709546
2.3401718326583807,2.446528310806937
-2.7017611828739634,1.0277022455997944
-2.534330090113452,-1.9141158232413056
2.0856808489515313,3.116096738069238
1.4573646368737339,-0.5092910565166553
-0.7524637590661961,-2.9721732516192074
-1.2226281869553557,-0.8802846411094865
2.9291791597209422,2.3091078326388956
0.9739284861482672,3.07308506919399
2.332412791626677,-2.908735884404988
2.255957992849653,-3.139508097170818
-1.3301448136391893,-3.861704378564306
2.914070765624094,2.1522984350642784
-2.7787903854373015,2.362486658709089
-2.3918154675509875,-0.9874284052613345
2.682630474011963,-1.1839081373034104
-2.5549394325398658,1.0342507396203175
2.545996024587297,0.8677247939496375
0.9060589391280938,2.8422552519091595
-2.9921333210964556,-2.245981929579119
-0.636772250205156,-3.3284350390958832
2.292287452823754,2.9662636933977784
-1.147949682036502,-0.5494465832118283
2.7726471833682043,2.9833718690123856
-0.550389665001044,-1.13654153772127
-2.706047643285918,1.0105674244831486
-2.6194062648343874,1.9681126453041267
2.7109694556242485,-2.53127002641798
-2.7520650673303186,2.577035321439224
-2.601779604791613,3.5454692023623067
-1.1799577165845583,-2.622049415780797
3.2404987215762238,-3.0463384262390956
-1.0012776806449806,1.2825366573684045
1.1926154852178334,1.0304668953110678
-1.8236762823997426,2.7145169691598756
-2.3103381380593744,-0.7740293806640703
2.689379700124856,2.6950964440939513
-1.245258504461652,3.1235751924062116
-2.9805550129033827,3.144980645364264
0.862200193570747,1.013669772144082
0.9110611021820884,2.2372539562096945
0.5314541839153683,3.0338336976916587
-0.9085974592320515,-0.6949757110565201
-1.1563184563705933,3.954574905218378
-0.9828563875494616,-2.4412768366160864
-2.3053331754014144,-0.21450548574171757
1.7125875535528832,2.4297474173346663
-2.9711651940063084,1.7526926443945359
2.8943154243928877,-2.59232050510788
-2.418434879139224,-1.0249879685389698
3.0649136723512957,-2.5950936706332906
0.6117985626696386,-2.555878204197873
3.4601376487814792,-3.4993987824867294
0.7701292191607463,-2.686135361298523
-3.011564837954357,-0.5089286876584245
-3.277697084348016,2.754018416254802
1.5100810608627027,1.8100957437109684
2.4624558689877376,0.8554782668693914
-2.7730485919690926,1.1256243951393206
1.8131884899802428,-3.24097313158962
0.9550414189666456,-3.064982232986239
0.6796237779536421,0.6556235002564501
-0.9172708849634588,-3.016123931288762
2.8559677586546286,0.691454558247141
0.6189114320243413,-0.4932977837141429
-2.737264317094176,0.7204032239409481
2.628545699919009,-1.0759134146639266
3.1917514709277586,-2.771168902724075
2.4003447280614836,-0.9648990280744172
-2.9700782625599804,2.7287217218266533
0.31815142230403837,2.7611444803675727
0.7262607776924127,-2.8384827828348493
-1.4183990903598533,0.7723554415306919
0.7779396136974702,-0.8106888036439645
-1.7507430769656953,-2.3812461593053413
-1.0490202733423952,2.851548311757619
-2.9328209437879376,3.7735587761725715
-0.6790565280512902,2.85917855982706
0.8115577006880091,-0.39007648957353763
3.6557258042815004,-1.1825900118746917
2.547035356041645,0.9266971616989417
0.916793355046351,0.15932747778228226
0.3091959286173975,-2.6781535884348817
-2.534407686281131,-0.6868849257839154
2.5749321212753045,3.0653802712626104
-2.58143006718356,0.9150836438684582
-0.6363689378159936,-2.318788246691138
0.2691918031083057,-3.1139931452868543
-0.7622076188263861,0.48641634257057786
-1.1307007146732375,-1.03285336532008
0.02278261083479442,-0.9583569911968984
-0.9006473865889059,0.5352879115282322
-1.1139131421807307,1.9515913415516069
3.3047311847409535,0.3085118338416712
-2.573971002828011,-0.8044192454604413
-3.0264396270320026,2.5789929029882197
-1.1406432677032992,2.1181973430537573
-3.1507153186061774,1.33450087328252
2.854225641391372,2.4387807679818954
3.1241247704274344,2.0063821752644797
-3.0411203535739633,2.985946285144546
-3.593562015295285,2.6355536222359945
-2.768681870265063,-2.327050713941002
-1.3035737260928977,1.1111276858350838
-2.6305313164816537,2.4081592504005305
-0.06914426021075334,-1.112393551080506
0.970376405886909,-2.8300588584856134
1.1590302020964047,-2.750111277534554
2.7710775369761595,1.853473420319512
2.9810116019795148,3.3350564198850656
3.2008698190723828,-3.028385080205716
3.101815133261374,-0.3675974647715473
1.039729162366862,-2.924456173606848
-3.5539812845871284,3.414296722007544
-1.4466277702854713,-2.548498908568886
-0.509338385004738,0.46859746658875284
-0.5116128293915857,3.079655480637943
-0.2630316705387691,-2.894287013558805
0.8537529473693724,-0.7089074395435627
-0.8021906838742606,-0.5107357521207626
-3.0064514150764743,-2.9094101425177663
-1.108306726035457,1.0520080296913936
-1.922610609055486,0.7017040636962177
-0.9841294116084304,1.2860612481334333
-2.8850464624041887,-2.861012544521905
-2.7559155508996165,-2.671114242399526
2.6466680109995173,2.697454543185959
-0.5332250623037779,-0.3108821066246296
-0.4864104003939202,-3.010518100459765
2.6223077062493223,-3.1197846330378605
-1.174825590070413,-1.284281579550848
-3.133526252477205,-0.9278248961620527
-2.967955408629924,-2.9227376128660034
-1.298514415927597,-0.8239737528628883
-2.152017112080698,-1.0841026898866404
-0.7714544651266453,-2.6958866441344536
2.353843626559954,3.1124400583048106
2.424938905731998,-0.784836048553446
2.807305767677053,0.5953578079759502
0.9951291642212798,-0.5033479626226559
1.345849082635853,-1.008371254842242
-3.376202996649831,-2.317428395851944
2.8549345378502364,0.6376889061046705
3.2595932497475206,2.5030655008082325
-1.4337774391083138,-2.880976301584922
1.1051497187173887,-2.710439821924421
-1.2465551968145605,-3.396753985576104
2.580433194331019,1.2364344756213583
1.7748553782130887,-0.7517141822042556
0.7737848257952473,1.2692816792797823
-2.517469226024198,-1.0259107766162816
1.4752064927303588,2.8348037507882853
-0.8137115355801328,1.9519188655685884
-1.266415989217704,-0.9556083822659601
-2.3154271170732312,-3.013857910332629
2.493745044478783,0.5882880858517384
0.278103234354764,2.245311442472599
0.6784221686495834,2.330969448090991
2.966798849221068,-1.2740497119142031
-1.0337070762437142,-3.120419019794963
2.7945263558764513,0.5288850370535123
0.8846618439514822,1.0285060039655909
-2.3944342956302123,1.0864403943606606
-0.033479305270829124,2.6088185264475037
-2.2083342776101698,2.9837895763498876
1.2324200974838495,-0.855827433969531
-0.8118713594637205,-1.2763983146815634
-0.9914033111072922,0.9425753926235305
2.7124748851242573,-0.8850815866983455
-0.9716018258645603,3.024372130019286
2.808263337444182,-1.9572203579079366
-2.328527272550569,-2.937217648118929
-1.2654125761710908,2.894193355493413
-0.42334613355457973,0.7479231292459835
3.16288563047158,1.136733000061244
3.3950007677101137,-0.6380387068647773
1.2014475882622693,-2.7797431262446204
0.11018536059830851,1.3504230682991771
1.4068638603480732,-2.732816818609773
1.3789248014327777,-2.5203514343206246
3.040664117968782,1.0976545251593082
-1.389755565910135,3.6403330565841636
-0.6743432235545971,-3.199126134467049
-1.0695714217777597,-0.70647911036347
0.8102852508301134,-1.0801773916954993
0.7414301914695359,1.1354468691359512
0.6109352670244083,1.550332376770885
1.0055643213448084,-2.828598442870565
-2.918365894323325,-3.086883191495886
-1.6984288809222583,1.1215656750467111
-2.492490475204284,3.360370034051089
2.9727179920611637,-3.022742032230266
-1.1252967362516646,3.200469959198142
2.543666663099391,3.0469600829826766
2.549726773273824,2.862556473709678
2.4743357944107887,-0.07174053432008781
2.411209641987084,2.2820619199329593
-2.9585558004846586,1.6849576529412078
3.4847363114467487,-3.26459357239556
3.2378862966496667,-1.0592013886866118
-3.0748469253290294,-0.4531860534703612
-2.987795733233907,0.7687856904026945
1.1400877698791554,-2.4905162535121415
3.4730948755732483,-0.7954068408349653
-3.837668551292458,-0.40442698849020015
1.2820633629128593,2.5472125824432417
1.235648449087156,1.3264094682787246
-2.385116613084794,3.440359387895558
-3.4129533151543057,1.6686374451677521
-0.8488607958408222,1.3009639720134871
0.421463460451191,2.5151798855355922
-2.5764177154412624,2.928810689014183
-2.8309071054636976,-0.643293234659479
-1.0149494235199839,3.1277361174399347
0.49887070542312373,-1.1231980104092747
-3.2963090985928383,2.8545675202580956
-3.280742270481251,1.592023546393224
-1.25315058148847,2.798458965505985
1.3292991925652191,-0.8975719974205492
2.7054093450089165,0.4071227373793038
2.7268029293803737,-2.353773306291916
-1.8501523910304858,-3.005045236959781
1.2041484979664574,-0.6886749024105294
2.786008549022571,-3.127261011714903
0.8835409715624486,-0.6997383409997
0.76922064324099,3.14736954308946
-0.9046897365018398,-0.204458057461473
2.7798592499412615,-0.8009478359877762
-0.00077520849604445,3.1110776505280247
-0.8559438384276462,-0.8543600955180085
-2.792931159010579,-0.8091460187445024
-3.1392621415864332,2.9651572469632974
-1.037399372935095,-1.7782400891858077
-1.1044785698249333,-2.7846813192782354
-0.5321937837122188,-2.634391210687172
-0.7913437250750357,-2.7290524471753814
-3.1240591355591776,2.3219816172654126
-1.364918771346833,2.675647601017568
-0.5544564561925338,-2.6606352312735755
0.9022643794699549,0.967792178001546
-3.094186543342488,-0.6064071797090297
1.5186601608698163,-2.719205926636082
1.0038279685019027,1.2109010027742237
-0.7707860632797366,0.6515113441263393
-3.2887500993103576,-0.8149571901827782
-2.9841871808984544,0.8557058533915728
-3.0610213016754533,1.3409905959633346
-1.1226716172475455,-0.7074424829620067
0.1532313406880664,-1.3647468104162437
-1.1952601628573138,-0.48503003406877115
-1.027325336954476,-3.01166460211223
-0.6509270804623264,-2.5480133775957894
-1.3488062848281859,0.7329694770766495
1.0445165713931719,-0.7438385798531862
0.49280896447940775,0.7337092955281538
2.7530976658405804,0.8846654387095304
2.7131655737471663,-2.5829716384885333
-1.9750342779153678,-0.21452709262561753
2.3298899014778223,-1.0087723900570649
-0.6972740807135626,-2.8950057185151215
0.3214994795548256,2.472262980570356
-2.634934111067504,1.318151858253929
1.337760831183931,-3.228098458614269
-2.6600293843783223,-2.678007431000032
2.5804462428859973,-0.912591174758408
-0.012597696827433499,1.044514103280306
-2.499537909391678,1.3176849370111996
-2.896878235342427,-1.4426680648184322
1.110812300397094,1.857245175215985
-2.861430662529622,3.0965584818023557
-3.29776667627378,-3.3811040002439676
2.803164372218672,1.0162204793618983
0.9423695484635306,2.140527316747553
-3.1920761828463076,-2.8424154192886064
3.3982262851157365,0.08513564397005434
3.045943019198092,3.1987407339513996
-1.4223749839743742,-0.5637589650556715
-2.81188875704408,2.680266997748009
3.1269114894806402,-2.8207902929840416
-2.388823419657918,-2.8744981477516927
-2.898100639548341,-2.6495881127670606
-0.967710052444354,-1.4151447455125636
-1.0591413844926538,-2.339488707698076
3.5292006140113954,-3.2730714792092734
2.7595250115903993,1.033947868462356
-1.590012286519056,-2.610893248821554
-0.8413273712364303,0.7742468831771482
-3.2276029304865954,-1.2988456205316
-2.6209884152018876,0.9975290755032107
-2.180209972306519,2.385135318776524
0.9486348542654679,1.0041593347287643
0.9930536412700804,-1.4672755741917316
0.5445614897003871,-3.0591234568072347
-2.923211026644634,-1.3549901219684446
0.06844145412327785,1.3971216484643414
2.660638762275499,-3.390573714996173
-3.2466849520077816,2.2620410323707425
-0.8526279163542049,1.6616367625391788
2.9490107513258406,-1.5078911486059745
-2.5209339177500585,-0.9491492518469208
-1.0167895558909703,0.4334440818664231
1.8874684582074974,3.2388444212692247
1.619430402308521,-2.913891953636846
0.6955865637723875,2.264969370471975
0.40761003994714284,-1.3192965739280416
-1.4530733229613122,1.9808406316439264
-0.46877068679902767,3.307309322203145
2.7236426861725636,1.0304834666806446
-1.3684298759666258,2.5978548567714945
3.056004604251051,2.8257997661179637
0.5703978243822885,2.617299557398594
2.612811550228748,2.8159103974543145
2.3971913871278954,1.3568364932831496
2.3133633957620887,2.574957946142112
-1.4686160405184898,-3.0192325319629463
-2.358365583749498,0.8282684078960607
3.491936902686386,-3.0484266919653336
-0.6547356968594993,-1.18815989091223
-2.6466640103823087,3.1217107764588934
-1.276920871007852,-0.7471544618472123
1.026574058072242,-0.8595665262793935
3.094678608235417,-1.2196189615774602
2.764641784669864,1.003551421289495
3.070074637904989,1.4231214370275076
-3.6327554584650534,2.988790624246584
-2.9241280424315215,1.3108488703018897
-2.5914805606711275,2.2590410629705144
-2.6028010750403574,1.0311900424921372
-0.9052101583377496,-0.7053087452721615
-1.056876901809537,0.9562486583118759
-0.7951906319628879,0.8590818422242928
-1.9102408930751658,-2.165827766171344
-2.382758227265226,-0.4654299990562542
-2.7479095719396867,3.2982343176107247
-2.307884749028016,-2.4032205473546027
-0.7960123665288255,-3.106422818492015
-0.9547007215889691,-0.5699956195413003
-1.2219000347773998,-2.727114654419606
-1.6864679778233387,-0.8687173145790195
2.8098390254908456,2.6957910716908025
0.7783578680386184,-0.635464534604918
-0.6011498164348327,1.0607963065808503
-1.0192130557418073,3.6328615221934473
-3.5012449499304243,2.8901955245019573
-2.922560679368314,0.965925065507674
-2.710911441980378,-0.4232532250149719
-2.743341021740997,-0.7884165641836632
-2.5975626209972766,-1.080282900346178
1.258520827918679,2.7465675366992723
-2.871254311320259,1.3932438836346612
2.5065974936458724,2.5072221872308176
-2.917623311738031,3.262277450388876
-1.3176141500996523,3.210695398605617
0.6081139596849907,-2.7120879085815557
3.7224419968734086,-0.9069881826307665
2.6252763568641977,-1.7826877266687586
-0.580033603449853,-2.6671285277782983
-1.3109208326915622,-3.1782850583047506
-1.4839492918454056,-2.0056328241280617
0.7629967496670889,0.3187360022300721
2.3590349152542727,-2.8530280713524294
-0.7729403911457545,-2.9561199020572797
-3.1969673154741014,2.9393784189509318
3.2451080162659243,2.5208270019778634
-3.399122460896986,3.397474844233429
3.3548517591672584,-2.896334261361259
2.1918045596481996,1.7088110505378307
2.90797182260314,1.0481329078305115
-3.3255868073601156,2.9138829911103605
-0.6725277785134124,0.6741807346428804
-1.3858115977838705,-0.9242752366188253
0.7847542756909262,-0.5531922723933669
-3.4987643903676426,-1.1271647141078625
-0.9978607934829723,0.5439693593853127
-0.36174867442229647,-2.4139873889240744
3.5667241405922576,-2.9952973988068963
-3.2788109534324192,0.620625103236938
-1.184299447941043,0.962645499737572
2.3643862710371852,-1.1709841112850126
-0.758832208563525,-0.502677415797413
1.3079916121089188,-1.0165580683352675
3.1222044120997943,-1.4185999736791264
2.725743248343599,1.3824170382171412
-3.019467293802938,0.8427500829230737
0.7582021693380283,2.6835854885574193
2.529510715751252,0.6921735783128262
-2.8829554880193027,0.742226324098073
2.7342535076790635,-0.6638756026810819
-2.4630869223786775,-3.1607696270203625
3.070142942275082,2.497464258990781
2.8371756422139063,1.8992708280857418
-2.3509464950507515,1.019404989836064
-1.1290561068334466,-2.6333167514529543
3.069290928723644,-2.588428824750095
-0.8230584924199491,0.6080163940865411
0.33771418002098413,0.8688649176184148
-3.0653715644162967,2.849128667610272
1.1920220995704096,-0.8848207929647078
0.8853803507054688,-2.801566395792859
3.2664156856321127,-3.1411508849347647
-2.3981943273033073,2.8112425141268402
-2.655490196523772,1.181906596097055
-2.6690173194901416,2.3577424116005443
-2.6846747945862752,2.9986436116118216
3.096154808169872,2.844382157715085
2.4017283374929552,1.0573585734348292
0.7744023129596834,-2.756413638650134
-3.0103433484775923,-0.7099112271975835
2.909556406035618,-1.232113560216666
1.529965708865287,1.1035079876020195
0.7974768384789592,-1.095503908582548
-2.991019047440377,-3.1134550548085227
-1.1101870578252881,0.47818694376323745
-0.9254491265483066,-1.0741266277901653
2.5346931810318005,0.5915818809142295
1.183626664118898,1.7088939841140054
-3.4790075439663988,-0.9451546071979997
3.04209436826696,-0.444177438410305
-1.3874341272373496,0.943966436718586
-0.28385192336896803,-0.9179964009357509
2.7078613748853977,-1.417871713635103
-1.0339586644895873,-1.0315433756888257
-3.245832818338358,0.9709202306205288
2.915663360873703,-2.5170203825159803
0.6236209553499577,-3.1371030377649785
2.578771590740634,-1.1707964597153504
-1.2716336509198967,-2.9938179605176582
-2.81193694530349,-2.484321300534117
-2.799684596032001,0.8072122197236805
-2.3210482799565266,2.448760581159651
2.189999034135179,2.1572303248170703
-2.596304377529781,-0.4598061143853584
-2.817615087172331,-2.745219592424447
1.011690298163729,-1.2812381610509518
-1.4614498343854314,-2.493202552217127
-3.120478772646861,-3.038379397791491
-2.5157792325067723,2.4210211768983583
-1.960839637844445,-0.6640485025426055
-2.556347634373454,3.234500533208614
-0.5567459079510699,-3.198728152847276
-1.281725525428525,3.0457287965969604
1.1646925752511759,-2.9933723606778715
-1.3161497205120432,2.534184949075007
-2.0243331901191364,-2.4247964874200663
2.5554855469730886,2.654728937197555
0.7152368966200863,-0.9025538104020352
-2.450365327592717,-3.345663082309326
1.114076960180676,-3.504401649716432
0.32611126003254143,1.122186668387081
1.1092589929526047,-2.966121917145202
2.8894266401227653,0.09542070402481703
-0.9379678610716727,3.1343668053258362
-2.2624333321354873,-2.5966890449585835
0.7844725268686548,-2.3265104646168786
1.866899753456584,-3.543948457100335
0.5815474775963028,2.6389329385610996
-2.4383322234362335,-2.8179804617844115
-2.603427596589273,-1.325905829771475
-2.81475225881447,1.0994603833031817
-1.2608872156605495,-0.9723043706678265
0.9248418924523653,0.62735204534842
-1.095238211215275,-3.6671722884509856
-1.2126086552663145,0.623452801631606
1.380000132114382,2.977483340264031
-0.7950577728831211,-2.8797547356985334
-2.841454097220495,-2.560131851856434
3.001212336902284,-3.5193104075825947
3.266641180606691,-3.3524950659165778
-2.8784679413172047,-2.3243228092505306
-1.0813711287666528,2.7910784892820715
-3.085311319853667,1.0707191892366785
2.8164119434617967,0.6737379018197388
2.921139252675864,-3.1947656780847296
-2.5095496460964952,2.6125853221317437
-1.2247239701188013,2.3853838078874756
0.6608898454663755,-2.2391117102871796
2.9642007226370235,-1.3738262808235773
2.8096741187916354,0.13054234834936987
2.5869676774718515,-1.2102577411887323
-1.0643590352014782,-2.8687817256944204
-3.058287775012095,0.951934877296681
2.183342563430424,1.955642250637355
0.5168925769343209,1.384970511292528
-1.414909235645362,2.9640625321489633
1.250708585340759,1.115470639399543
-1.204327422880267,-2.66756238649492
-2.874911472332808,2.3861965245919627
-1.178679982997028,-0.7414880515971652
-0.9442791330600168,-2.9964455778794497
-2.730328331249875,3.2718987045667247
-1.4317589016955459,1.1944510819866132
0.8610547047342851,2.54960694394504
0.5542015587900949,-2.456246260157134
-1.3178725764662627,2.1722694843265153
2.3858204672418366,2.266792374321081
3.0593148195287294,-1.3319030128374882
-0.7366416953033681,0.972293095117095
-0.6108924619066199,-2.683175727700533
1.8447652890310644,-3.0935469532361384
-0.9196200742016203,2.674047283514444
2.828466011818281,-1.2622482583594128
2.7067202087971203,0.4200812034737992
-1.676624842399285,2.870847029291373
-2.0495989155689527,-2.8916016948083736
2.8744126508168066,-2.8680123277489566
-2.4342747735768815,-2.6355216143204148
-3.2308019627753466,-2.818793856754063
-2.2730827652357024,-3.0351655439640006
-3.536411776077402,2.8180045551024495
1.3067337898336715,2.5756595527879638
-0.9186476550224126,0.8953720086409838
-3.095959252036443,0.7898750167501879
2.4740001864785053,3.0256390861659157
-1.018524874413642,-0.7668392971750473
1.2338814094793793,-2.6200693918662967
-2.4275899050313883,-2.526112920907805
-0.9840840355637535,2.435618401761362
1.1249339167872419,2.3012018272551797
-0.9672024923389444,1.2562287727841739
3.180752861596587,-3.068978321803088
1.0586673530264052,-1.1348228948905945
-0.908360195443711,-2.9182946433400843
0.8612836597180461,-3.1062935692387024
0.28202293554343394,-3.140235226328212
-2.8735429535306882,-0.6933581602732081
3.3388624731152925,-0.9340264393765975
2.7087420954422448,1.2402590255464943
-2.539158948099026,2.6765801242643295
3.3453780726205817,-0.3277151604931315
-1.3790539248493505,2.753640574725131
-2.030746082999286,1.3546034264081148
2.361465738160901,0.5910822670102809
2.7544933014427104,-0.7372914683799164
2.900501184342779,-2.7187670160241377
2.984289860148389,-1.162528598528771
-2.7178666886309757,3.04382733484862
3.614848992630651,-0.9685848236991988
-2.5143869955498923,2.8600183979157654
1.0666798748564652,-2.6947941741885133
0.9692989856599183,-1.1253971216697467
0.5992488274256871,2.8684410097035933
-3.245492990268272,-2.5541057206849462
2.2880043590157717,0.7487521845063689
2.710577780776482,-2.537992104348896
-2.7641739119776427,2.772060069809894
2.739097944862762,1.2412649171989307
-2.6948784561189956,3.11364653355032
-2.666707423705201,-1.3508674334231827
-0.9735724507470175,-2.7866949880020893
-2.7313990384893936,1.3743279230557066
-1.917514822450572,-2.59750689985774
-1.8825649105774043,-3.207826580932408
2.8274641838591696,-0.9779866274946654
3.113474287864267,-2.7385957258603333
0.818209835800871,-3.2933862073248097
1.3563430446741376,1.14172284171098
-2.3236076066225735,1.0607645068328124
1.1699694385813126,0.9748625361220468
-0.799753607425931,-2.544257073698805
0.2746244260438273,2.5732861841363475
-3.318812759070103,1.1649833940435486
3.4036003346824315,-1.597484072081611
2.247235525233496,-2.9416694845004794
1.216228087102904,-1.3278333088388858
2.623904312567474,3.032035071971928
-2.7124489490153127,0.6710424513621975
0.7571090646189266,2.823511756589249
1.2641566961453308,1.0563160874149793
2.9807207010373484,-1.2698534536490078
-0.8458326447643664,-0.6832836493107975
3.3712011110343476,1.8267463305946106
3.0286666106064652,1.4224283772884985
-2.445717165660512,-3.1834153063180115
-1.1925927744343003,0.723170781435714
-3.080623688252621,1.4001210210627604
-2.378639822720748,-1.2210368313733058
-3.226805298646104,-3.149507272174215
-0.30223769002077694,-3.523794904148181
2.5837689794234477,-2.4420344395587845
-0.5668737297449329,-1.068678630210139
-2.88637164667238,2.992674144113654
-0.44435189667974057,-0.8609495908789634
1.117377913018113,1.261950822725072
3.2446672415043443,0.008964875157453407
2.5593499911384323,-2.987349084424456
-2.447597851642974,0.6234215857194121
2.1956049475854953,-3.021293739987773
-0.107622416035382,-1.5012990620987579
-0.9746864355535027,1.4951564764540932
-0.746514999600157,-0.5733682285309751
2.142839465623419,-1.2851703683449458
-2.646067180830913,-1.211546948021756
0.9719305929721792,-0.8299316545776276
3.3355931606531155,2.53712653265378
-0.8503907264357228,-2.802202538826963
-1.0447058264019624,2.7663938074091847
0.8833703875486072,0.11446277088591439
2.4328169378801197,-2.7947078343985754
-1.3628181386835523,1.431872631335723
2.8988184557050944,1.7365748736341993
-3.1342586346284054,1.5632888214093794
-0.5296703991343413,-2.97733197931023
2.501382201406483,0.10856776875637232
-0.6905564842559148,2.4693560771851013
1.054539016067637,1.3051184167453191
0.2878557410096542,-0.9370171686434432
-2.52881856406876,2.843360308867501
-0.6809237666100802,2.446404962665521
-0.879803311744522,3.2361758636474782
3.11450169349439,-3.1167179103576284
-1.0604906216864396,-1.1176078659937054
3.228920320358318,0.7451539473194398
3.3467250101840977,-1.606477832529663
-2.2207430617864956,2.95407266325916
-1.2137769492490298,-0.5882091772267362
-2.8935356241765975,-2.273268684067712
2.5208161573340373,-1.362414552659425
3.048958162926515,0.7070239724090652
0.8335472537210458,1.0013721765544572
-0.82560382827763,0.4092268109439326
0.7967208939603307,1.2252975946840132
0.9642684942740527,0.9939222394328971
-1.0069513629993725,-2.6088498610389856
0.8131539533239411,2.947312742271998
-2.7394403845653565,-2.358076575557553
-0.5111140152959226,-3.3710525057709715
-2.509835241438962,-2.538189869906075
-2.579191054922646,-3.5714723222491345
3.4322916181971546,-2.6379565489769026
0.7815492027412941,2.776977434664353
-1.4775263016398013,2.7996366080781745
3.2767681669162667,-1.2869406510991992
-1.250634386404318,3.1394648410666783
-1.037040287672222,-0.9057616179662029
3.2721952401763854,-0.5526418790569336
-2.607941484093967,-1.2293676413127261
1.3553229721564417,-1.1345494864348533
2.368567379482809,2.460288337632481
0.5756990809452945,2.3826254688063897
-3.3206370294811602,2.815989431861481
-1.2343081341330824,-2.031989781800415
-1.0013553086376605,0.6767954134322589
3.2055196850005196,-0.5302829978375253
2.7655247793735698,2.089097911892624
2.769848941518045,2.5234654452429814
1.0441789085334914,-0.8227904168191122
1.1765686699436715,-0.480713166887187
2.8800284026064884,1.3647874640742992
0.7197577764766618,2.6556352797538434
-3.004777694676623,2.8434243764560443
-2.3040868037742177,-0.5832566850364171
0.9331433226299095,-0.8489596692017439
-2.6726708455313286,1.0977807490398295
1.1513070872913818,-2.3080968065419007
-2.422375403743652,-0.8679282568404079
-2.7359317694357905,1.4019944838110947
-0.7772061466540854,-3.3530940643960223
1.7313605574527313,3.218187601485075
-2.7861697372949195,2.6891415874345452
1.0890405778913477,0.8500999988200928
1.3904423371452925,-2.7908762723207468
3.0846250571946863,1.2268490091093553
2.976405707143111,0.5856240738635315
2.7614327331416133,0.8452384163942152
-2.695139763580976,-0.15789809065577873
2.9410229347780783,2.005018593207602
3.6009090945564863,-2.380478730321063
0.6404490611274785,-3.612799530080472
-1.1081540845999294,2.776173572532983
0.8182508835249932,-2.6894964131664714
-1.3460184691011774,-2.930898463967003
2.8428253759137108,0.9449909261370103
1.1424165486773306,-2.6177854177670308
3.215029236954164,-3.11754774442566
-1.746519801574987,2.7575250758818735
-2.107682183216547,2.533636416056923
-2.8050186103946766,-0.2871040411012474
-2.338733622035727,-0.5246340183061196
2.382879439436644,2.3040956608920786
-1.0788177065499351,-0.5354533606407954
2.486824496846688,0.6064026434216928
2.9141057232863377,1.122544436622395
-2.5865595145657485,2.301038205722226
1.1256865583858142,0.7823339266050424
-0.43915172921724904,-1.03571075562711
0.26077190801949807,0.948145086155281
0.38985747895607015,2.3176659391663263
0.8374327950446414,-3.1583937705751266
0.893543848515491,-1.3078140357564891
-2.9376515035811592,2.841303333319281
1.0370698159326188,1.0225423866944905
-0.6805659577839767,3.0830673997655023
-2.6354883248215453,1.1270352320322305
-1.2845521961022366,3.5427252769678037
3.2896090612908466,-2.5657683347281885
-0.899795943094357,-2.5972608397573254
1.4835770615186736,-1.269376414925452
2.6531376276332628,-1.3308192597861552
-3.0282086168874764,-0.6566485894064072
2.9286876397357062,-0.7680055395520348
-1.1897514451638427,-2.9450701249085305
3.8303060039925785,-2.434299864036958
-1.3309519306184174,-1.3088567325265903
0.7927934663331508,2.6639103191189744
-1.0848708771144762,-0.4432643014650094
-2.2050247971693766,0.30882009671936944
2.0568710155902097,2.2186540249497813
0.896892740793872,0.7886014761047763
2.533062494288515,-0.5064267916045491
3.1614138069755056,0.7929276570034272
-1.5183795463552787,2.805438038227584
-0.6613450474947308,1.5894023112815325
-1.402703014737829,0.38416389838825665
-2.059751900779175,-0.8859917270990375
0.686654009090204,-1.3014702908130038
-0.7939086102100755,-0.6643298403680823
2.918749974110407,-3.5030297595573994
-1.1260680062463946,-1.3104153399644087
-0.8953664551872716,1.9520361803107724
-1.7412144526459163,1.0617609602057652
-0.9524958173336795,3.1180158821524135
-1.2278156788181775,-0.9160489472720719
-1.3847142280032991,2.9215629155240985
2.085351776094925,1.8846070325831192
1.205266014889414,2.345997869096299
-1.2088738591033055,3.4656198326808147
0.6634428372555773,-0.9499970815010185
1.039986994533193,-2.998112257818488
-1.2156595803575247,2.804269755765258
1.6248863915039737,-2.963882749904722
2.1667803853896292,0.3604075577799331
2.91211949062175,0.9412667552790913
0.44874136089957467,-2.6991281446499
1.0478803410491417,2.9862790810575124
2.5073261829317244,-0.930718732403617
3.3461745453883376,-3.49347436321998
-1.1484586823607044,-0.9177497044067007
-2.613896110294009,-2.1407100438922657
2.3645017569296995,-2.676771110486054
0.924873201607282,-3.775610152283143
-1.1906975389016645,1.1639539292854812
3.0008632038139,-1.1268587949324504
1.2566058491111607,3.189796765408533
0.8524308993993364,-3.061470235329343
3.2796784233127103,-0.8515698925919323
-0.3909116119455823,-2.3165804269633887
-2.887178245519395,-0.9062529493616319
-2.8036221136977337,2.806582044595155
0.6572765326415495,-3.380702393291431
-0.7900051763709649,-2.743148977735424
1.1987531187745009,-2.9307030475986875
-0.7663990688421634,-2.6423603869568297
2.720047618476374,1.2499941464137878
1.709996734121967,-2.9428487876338534
0.5740975946747978,1.9145158030655667
1.0666948673265406,-1.1857145286401034
-2.836059337870104,-2.316245472481119
-2.7344343602833248,-2.7420765935636746
2.8326867751949045,0.38314514219185836
-2.734545579350836,1.7759237563161054
-2.499838127994441,-2.8867482756119687
2.942889230631636,0.8860004859391742
3.3267136081813407,0.8668903133697665
-1.1242673057138846,3.2433699013269846
-1.0097499835466652,-2.7534510189232875
-0.7093995222005766,0.7604297076470024
-2.9026376314895828,1.3925727473514522
1.3195732209103177,1.0536933705039446
3.1872915392910106,1.0865162277266152
1.1104153628130133,-1.268219823640379
0.5298388995970569,2.44783056775991
-0.7034752788874208,-1.2400619998705456
2.2561157400880925,0.6286546011238414
-0.6322322349989556,-2.5939955518652926
-2.7634980049810025,0.9982485667878442
-0.6193737116112679,-2.4639784057342844
-1.1996950755575346,2.1682133691313155
-1.7417398898299843,1.1311477777538874
-1.1842439643957907,2.6492792273270585
-2.6859829965919655,-2.30812265569859
-0.6224202216528326,-2.8161656644887025
2.8774602646731577,2.6997175574317653
-0.7921855384527379,0.8831110347716021
-1.1388780980969748,2.293619714518311
1.22359148623631,-2.4043158698493308
-2.826364208472656,-2.6584821295094563
2.828212701858324,0.7597601071410923
2.845999676600078,1.7165237496819694
-1.3284127617278025,0.8763488013476384
-2.9825848792718554,-0.821462100565305
0.8438894754530891,0.8334206824502083
-1.5359268985841774,-0.8341112057281853
0.5253714628392668,0.7091042860953636
-0.6743909353709596,-0.6540537859936585
0.737089468104142,2.3611136972111613
-2.631648449007611,-0.8151750530650845
2.904965451134338,-0.5949204600846676
-2.3681017440467147,-2.7156125051910616
-3.4265161567610574,-0.12055352899052547
-3.046253933303635,-2.1920986815279844
-3.207718496318131,-1.6181547001924501
2.3308118561391944,2.4489842775693833
2.894355984804769,2.6455268381762562
-2.908931144953267,2.588757032560788
0.8466207362276604,-0.5580827645335539
-0.7455286176531148,-1.2694628246708934
0.4973280831005116,2.84603673050399
-3.3256723809360262,-3.0743416915883737
-1.530872396397845,3.035984481577884
2.6506069630957834,1.465827942713906
0.7500628976495552,-2.9201179259045973
-2.5844414191097007,3.172982040130156
0.7565477481834642,-3.129137160262596
2.233740304819554,-0.6068181800315708
-1.0943757043103286,-2.771387417930726
0.8077385534386105,-3.022461023759954
-3.242045465323713,-3.0966248548816764
-1.3362085229700456,-2.8589727417933064
-1.0487149958536242,1.0237489532956305
0.4836782929693868,2.413295946986457
-1.3645863402397838,-2.6419391358322657
3.024982297024427,1.180038467021704
2.794817597562301,-0.6273273903401545
2.7439268490926056,2.288795206710748
1.1331452606859553,-0.4751824016975491
2.2434985982759947,0.3870206088767944
2.5698899089941563,-0.6644642531578465
-3.39231058464827,1.1041581628781556
-2.8605044062815312,3.1440809086850012
-2.5284966856384257,1.636416585406069
-1.6457297290682702,-3.2545414081485196
2.1758139272038157,2.5467111591937
-2.351519647207429,0.864600383926178
2.3327377527975517,2.7211993017314176
-0.916986769351719,-0.47593343603216326
-1.3424843480137705,0.8939602416962728
-2.318572205496601,1.1853227739741095
-2.189439549803964,-2.934008827578969
1.1394833671751727,-2.6608943016790385
1.1454068224868097,-3.127082614070269
2.6935794472451664,2.7353672296085585
3.237936970004751,-2.9332277852774644
-1.8400112241085496,1.282843071453422
-0.8064182989575263,1.6134760462259383
-2.4912496277473064,2.722851038837843
2.6108356373802355,1.3137605629570641
2.776104301775485,2.0941052597371392
2.9739289534204545,3.092349605640202
-2.778189672840118,-0.7397111923527241
0.921584037217229,3.3292438448007244
2.730432208480016,0.3896240338198706
-2.921434135012427,-2.761790645732065
-2.1307270928924917,2.809871699442762
2.8212842105555818,2.415264894571496
0.8401158273828886,-0.5648666231340598
0.641851548822242,-1.1721978978690895
-2.6690682023530328,-0.4199296544535473
1.3540377715010037,0.9448908971919787
-1.0597853503061252,-0.6700902500099277
-2.370373084763097,0.8181870181314385
0.8660826357123473,1.3373651079700029
3.2620001527495623,-3.1489873845975276
0.09155304550912217,1.9789093094936905
-0.47324417045464606,2.440458030969057
2.574278846621658,3.069222378570623
-1.3146381748740124,-0.33283458517354714
3.300915738657672,-3.2380184336153914
-0.5270776294957923,-2.3731360350677013
-0.8873605422828723,0.9637960847950507
-1.436558338309297,3.3700020520073544
-2.8348355603479827,-3.1504619124861035
-1.548777404720214,-1.9533024627591147
-2.585926747369297,-1.5339644887823511
1.1371040532100476,1.2370193681451471
0.6474838547193702,2.5989251371258737
-2.7815309577215643,2.8967170550577843
1.9529188527611003,-0.51400923865281
0.523156510863951,1.1923992609146439
-0.6278938506610092,-0.5847570111467968
-2.7220164776083102,3.001973906702556
-1.6067550954116054,2.8497436681286024
0.4075218356959664,2.5742290396675234
3.3867385316055705,-3.308359952896622
-0.9898204589065865,-2.7578047934130288
2.9320595805935663,-0.9723951591634475
-3.6248264891935,2.8960535755878056
-1.8775194538861593,-2.604598028531028
2.8547958305539134,-2.7439358224682375
-0.574151694389974,-2.4936196520698903
-2.275349531444553,2.9579882667887265
2.0017604479783384,-1.3353366913659896
-2.2989208009221747,-2.7208113254516553
0.9537743902003882,2.9858173615235253
-1.355545627555808,2.5354300669858816
-2.836713185385629,-2.822631203068535
-3.1632655066456077,3.1841241752453584
0.6658464275340066,0.6722705264196296
0.9945585053963625,-1.8709348199005544
2.8074914413416985,-3.339949033448264
3.3928040684474277,0.36880515448824475
3.3469811259949447,-0.8082903401723822
-0.6064842585421041,0.36152425870598137
2.3217343758973845,-0.6169212254549252
-1.15836690140565,1.229127330034561
2.8233375814749007,0.976501210492427
-1.4748345105130893,2.921415055517481
0.31383086674714333,2.804528488846003
-2.861772398344258,-2.4090609558645437
2.3735266647832405,-0.8468800829397141
-2.715188452781154,3.0244718180244465
-0.7687436725564563,2.9761463485138817
-0.46374154787409805,-0.5223603120802295
-1.2124812198389938,-1.0517840745989053
-2.3796878766777887,-2.497850819315621
-3.225402799753875,-1.6870111353354027
-2.0768372877736847,3.2764454586183915
-2.940431617557359,0.9795218872007567
1.2116527983352519,-2.957494220060378
-0.6954384847378327,-2.613239196683353
-2.4465504299737977,2.1249884803548356
0.36126115178058316,3.0026484383165624
-3.2454534378498443,-2.4283235388085003
-0.5721978087521902,2.3458027862714124
-3.2207260908597184,0.8078566333649307
-0.9619027218903683,2.2336985087058485
-1.1761573693122107,-2.860749153080908
-0.626728624286837,0.6880592100880439
-0.7412383130087767,-0.8644590794014589
0.9340893291400814,2.157034373182996
1.0543389451658316,-2.174014083678122
-1.2539064519455874,0.9012640255861555
2.1947804354877314,2.486433940903087
0.7047078922767884,2.561983107973452
-3.0327142967081313,1.200189525056459
-1.3897205262217018,-2.6978273174872904
-2.8812585444952608,3.209961583269443
-2.386311751592725,-2.4504466767713393
-3.015055621966633,-1.1473936904748117
-2.903288215945766,2.6616981435084663
-0.9590663270854188,-1.3453118137994113
-0.8973848616519334,-2.859333621052009
3.5373650402830115,2.65910745269367
2.1183748264327344,3.241532205960256
-0.9293521516455142,-0.9790008617896265
2.456285918151315,2.7422019364575387
-2.6525815721191197,1.0011691596706809
-1.0582648745922199,-2.56529362685024
0.9795576765525666,1.4804204747700402
-1.2614439382490206,-0.6148035522204076
0.7347381662300172,0.9171975658040957
3.2419167557887003,3.1627382868734952
-2.7642885237119463,0.7524007970505552
-2.778834903778093,-0.7781988747642602
-1.1676247013369758,0.9096173980439437
-2.476612850428192,0.6815759960504759
1.2232308345303038,3.225846825384164
-2.8162161910647967,-1.0045100206478867
3.0847960477574583,1.0165505105959944
-1.5728047260440203,3.216493534544662
-0.42437105513129614,1.2258062383510966
2.4974952223662483,2.9546163592054193
-2.6693384036672607,-0.01576431535423615
0.841072491793097,2.5473437587927044
-2.900495219898228,1.3079816192505493
2.612245269949683,2.8724491617344126
2.468213345300672,2.8272773608009447
-2.7519504173540237,2.712531877299282
-1.3166161072242009,-2.958361966266003
-3.51710952559606,1.7243934652694506
-2.3562537968444874,-0.7004151315220009
-2.7937444925075194,0.9073532746554024
3.596640383095995,-2.691657630136646
0.033514054106143075,-2.9971050974234394
-0.432917018775833,2.9918828073102413
2.4824786395382605,-0.93971505758833
-2.391854121603065,-0.6442304223028168
2.7859689159670324,-0.6818636563524254
-1.950789926811192,1.0724106654139791
2.5133184256411294,0.878706778637369
-1.4418140652172788,-3.3174308940325905
1.2620476673368994,-1.4705880683096673
0.8159446954574461,2.7183321310163655
-0.7883928542176093,3.5885991243116413
2.856630184959656,-0.7341790280355915
2.7417902772498617,2.719433510672311
0.45360196364083843,2.650858997126567
-0.7552196964150821,3.3114162972396706
-1.0069821724490866,-1.193203859394505
-0.7484167240751401,-1.0779083047351308
-3.099531484177692,1.416124033399913
-2.2572520814684434,-0.7677043199459589
0.2848682076294689,2.9430284598926755
-2.8739711450949526,-0.2600834746871275
1.317932181075966,3.593030035937859
-3.3533352105897776,-2.351801676590959
-0.5610922888197357,-3.0521056300380156
-0.7692008946743433,-0.7750421830666016
1.4679152049258335,-1.4066209580146702
-1.5003494934422146,2.8350203027604204
-1.1116713729992778,-3.0805216512322797
-1.3700281583620055,3.326369826878073
-0.6579687800728999,1.2915811705122995
2.12857259894978,1.621946703974779
-0.5184640066320381,-0.9693516260829161
1.0229580143455943,1.5517448555595288
-0.542616966496902,-0.9362466888853577
2.619469018430088,0.7295091041942497
3.0515244700329873,-1.0594352407528898
-1.0087658981594776,3.033502543616783
2.7568978127984947,0.2232465573181907
2.9517972990232986,-3.3906370682955944
2.60830356268648,3.090049446489157
2.6741563455579853,2.7960923687624404
-2.716489104907377,-2.1019051535874334
-0.5679893678136062,-3.150785044711841
2.9574188152805605,2.9516159772260417
-0.928829806987349,0.7452472896342981
2.708852053094634,3.062002581671005
0.6685316485158398,-0.9483103957798927
-3.296619909731543,-2.8348411928267208
-1.5445239388305787,-0.7221018693034607
2.6527690845974097,3.1620482563705496
3.0408524630852063,-3.096936890546593
0.9127432209794993,1.1386779165214767
3.0354841889495225,-1.1475470342962881
2.998611429735131,0.4025898371080256
-0.19470617705744725,3.0907132896301004
-0.696060338730627,-3.0372616455357386
2.8036397222647573,2.565989840427461
2.629810530674632,2.2644392890541565
3.507682933709927,-2.3371696971584766
-2.476001488920952,-2.9034602098447855
-1.0842792787520634,0.2967020240211443
3.063280678858382,-2.2570982494512166
-3.1588605189738717,3.0163416950394177
1.3456007868074182,-1.5423186884590512
-1.229231967363544,0.8360829710770585
-3.173780786689869,-1.7909872474694433
-1.1008528845840067,-2.1843211276453753
3.0855290610295154,0.5865606351218956
-2.3958464941293207,-2.2994015960218106
-2.2127092335635066,-2.152517111207758
1.1437688514608317,-2.828267472405229
-3.0258812007654994,-0.8341594621928711
-2.3677452679546853,3.3906269826765567
3.178006921916069,-3.021673517756839
0.9271578176761427,-1.3727849335887516
0.0656978803686764,1.0017393915521575
-2.9146226074027943,0.7995199083198498
1.0930580412676065,2.890453448101079
-2.321590058002171,-2.711594775793605
-2.7279165124269653,-3.0171896185251486
3.041905332001813,-1.2875372639987095
3.0399710811139213,0.5120417111522196
1.5765502334313024,1.4544582338201495
-1.4603957796378322,-2.843502115386332
-1.8344557930715852,-3.0958908161599807
-0.6450569664209452,-2.334654521887963
-2.8582968597057334,-0.48443766959561935
-2.575387493314161,2.6056817597681583
-1.1696447976219508,-2.1498448427848356
-2.935250929276547,-0.7627749165604844
1.6190770007058102,-1.3628778864122089
0.6426777487236636,-1.6973471021598523
-1.3672928953825718,0.7258756365977942
1.188630754782983,-3.195954423591543
-0.6049000545658202,-2.4403492953836134
1.0419148844587458,0.7505830284130228
2.6505408295700073,2.033641544958797
-1.661030440636547,2.7857824640761772
2.495534549242905,2.2382255952194297
3.0979681857108488,1.1480756519711204
-1.2570321486821832,0.6986522241777372
-2.9906321174913337,1.038558740718646
-2.432567400898911,0.8407630713559355
3.1209128611930033,-1.275223285830539
-1.4483478746983285,-2.90566215339834
2.7823783940719835,0.3829963997736136
-1.6180330514245378,2.2660350313250714
-1.1063312757832373,-0.9405679839029063
1.552549080178998,0.38615375664278645
2.788850747201918,-2.2128091687643354
-1.4498399803832072,-1.6575895662606692
-3.33076879490333,3.166805406792028
2.259228395733761,3.0495607983214224
1.7373648024000086,-2.065024911643145
-3.141921242881478,-3.1928533507408248
-0.8915394256722795,2.6617815938833354
-2.589052072143607,0.7563352510365506
1.0669549541545518,-0.6858204024912953
-2.504728710505712,-2.4418051226924424
0.961838633094845,-1.200888038023231
-2.846481962395955,3.2734991420625006
1.326507435132855,1.7276277342975506
1.4001426893731148,0.8466625688303471
-3.1421010838855756,0.9427305439290928
-2.156242253392775,0.03919259224293689
0.7192671392314941,-2.9193245629121796
-1.1239725747542815,0.6293750898409198
0.22151516612640046,3.2366599026492118
0.4549348943323802,-3.0709602029962424
-3.39872562897577,-0.6802268119444903
1.180822592639625,2.6250333259407594
2.691687463807596,2.4290274498274687
1.1349623532965383,-1.1237946736740996
3.0882825817583104,2.8648616342617657
2.5045400234387527,-2.2678492280078104
-2.7670028699623264,3.528813142302528
2.341100153575211,-3.2646689166411247
-2.9197865583718823,3.0607369455627795
-3.1050531143417985,-0.692202289461502
2.168631889379276,1.0865091259015525
1.3006109329768574,-0.4686561473228916
-0.2831328551194507,-0.9924923124858116
0.44378071163611377,1.8880626731521257
-0.10684603261756118,-2.987334434497365
2.9589328702510644,-1.0146358635710917
-2.7100900900514926,-0.5878205760916961
-2.9794745382490753,1.1036190151935907
-1.2822726695374904,3.5232719318232255
-0.6698187476468386,2.8937060633186524
0.9554885865961836,-0.7427554579941082
-2.822492637049982,3.069715027946013
-0.2892418157482691,-1.2170841486367807
0.7513824909713246,-2.7387158909180007
0.7051658847249069,3.460838358417849
-0.7186310932212274,-0.8370785985994899
3.054976196280701,0.8943345108955242
0.37389309102959134,-1.2023402113989514
-2.9841247414770806,3.2065788268466773
2.9555068519596492,2.1849617283312512
1.0964246503202464,-2.7556568930523078
-2.0764223481231774,-2.516325919235575
2.5357223044461294,3.432958643749959
-1.3663493358802425,-2.601585531331452
-2.6541209366648326,0.890514377776091
-3.0672223130698866,1.0938537982573913
2.8541267350774664,0.20211933990407313
0.894706526204943,2.718160357536124
1.1982635741133494,-1.2558388512661869
-1.0352205371448426,3.085732308768008
3.50994358751583,-3.2092908238427085
-1.0400970256746631,1.2895312270006911
-0.7922181390031154,-1.2312915242959648
3.5790601362671364,-3.706244614177552
0.9152009444546888,-3.2190215328385747
1.5332334561736802,-2.9338769427749396
-3.2739264435114888,3.2364004800268886
3.7017259000542393,-0.5482604499437185
2.8386322489414813,-0.7707564604832357
-0.5241212005907009,-0.4834307863037952
-2.8584260299358837,-1.0176658155068472
-2.39456923205608,-1.1800822955419425
-2.57711967893318,2.317011632542959
-3.339106566411747,1.1269187553653581
1.5690100163877643,0.7140300414611948
3.4018587411709693,-2.3794051749898513
2.944126178906056,-1.0448719545210525
-0.7961812226242877,3.487678308329727
2.8221313316416166,2.9137988806427297
-3.481370087645564,2.511664925318321
0.5542493951237104,-1.2888834680462804
-1.4981492344182437,2.4722329620910632
1.0146071377214259,-1.1281580079740752
1.161383802792059,-3.231968639776481
2.954645875242961,0.5247783168398839
0.8285776828615486,2.723875097639178
-2.8751830720251674,1.5279078144365545
-0.6109292445760185,2.7890269495919253
-1.2886061485809437,1.699145574692349
-2.49846228679059,-1.4916312408794434
1.2148983589130058,2.72117378658196
-0.2637879600749671,-3.201396415730877
1.0172937500372563,0.8954190754061041
-3.0141048536720443,1.5087496923629131
-2.6261019588316783,-0.8512900596267967
1.0225174332083131,-1.1659962365582477
-3.030423867383917,2.768746467138541
-2.4588022282121504,1.0056806339207136
3.305454570973694,-3.6810179575861945
-3.516500278643253,-0.3685317693866282
-0.7740888652215079,-1.0938038377123844
-1.7170254273493626,1.5359049250704355
3.2823107685412714,1.2124704308288001
1.4746846717468076,0.8887544257331661
-1.452151342621228,0.6934740317886583
0.8032134330343178,2.6985900322523912
0.7307546804012889,-2.12209645326537
-0.8719991788710528,2.267698078067376
-0.649202386330252,-1.968649059145528
2.294449463821289,-3.430595512963768
-1.0451459313163098,1.0342188108952128
-2.9577503143013186,-2.851512397209439
-2.817039607845844,0.5284859685879262
-1.3022722466270802,2.5343226565846355
1.0269489158263612,1.36839599764995
-2.2106834154680355,-0.8988541654942503
3.2057455051956407,2.7810233036371983
-1.5459141997641743,2.8010946403371455
-2.7460633346235896,-1.3907869468888436
-3.3188145704601375,1.3802368930318252
-0.8892916268149278,-0.705661004107607
-2.902310697849605,2.8526398946854177
-3.049310661020243,-0.4714154634015059
0.8856611146698906,2.496020064756354
1.309304058506424,-0.6102822100900924
1.011943639903252,-2.8196814004669517
3.563131149625913,-0.7615707131024905
1.0420513290502411,-1.055460196738564
-1.336647973439709,-2.528789862339001
-0.140190687454129,-3.1869583861081243
2.8506467156975748,3.045943033791642
-1.346966900546389,1.013556596205992
-2.9280282988676105,1.5661137610543625
-2.6850854506597535,-2.543289282388854
2.272798047657226,-3.0375961904785878
-3.2001641644656185,-1.3485426749561038
1.0755312601007312,0.9143888221703608
1.1299596410388897,0.9533835104114832
0.3581323782405934,1.7730156995899033
0.4791106488031139,2.049282548941131
-0.6891078858179148,0.7932888308485121
-3.6497554253234346,2.777979728714648
3.2713611616031972,1.1954094453208202
-0.7535708245908854,-0.259267110113791
-3.195406521209671,0.9051412549211344
-1.3392923243781851,-1.3005086738887994
1.1270434857773672,-0.6682597724967084
-1.5946571353214747,0.9140303624957389
-2.198919189086748,-0.6572791889200946
-2.2870012539302556,-2.8230295910827263
2.704575332423777,3.2952349083657264
-2.20076781445879,-2.2705086018018013
3.453182174311067,2.68781571824312
-2.650678954175908,-2.714681858458915
-1.494790949632975,2.411661029200919
2.702160758124836,-1.2867804074080194
0.9827440593925568,2.798211494300043
0.7794808208330499,-2.4584749393261216
0.4638310990967762,-0.039944068265949845
1.164169417817479,3.389816627682713
-1.7095266464178211,-3.494478095639427
-1.2949947220098366,-2.438924274113334
0.32383061717609585,0.30012258407770837
-0.7224338180812918,3.6823497945598143
-2.5557792353970274,-1.1079958281075633
-1.2857503362540779,3.4595674890129158
0.9665149312393533,-3.3902832727320003
-0.9364894514938524,2.5777561142644654
-2.7852229533499466,-1.871533557367209
-0.8271022803587627,-1.1937497764188205
0.8034215933698329,0.7732665544895939
-1.4782487437754996,2.313380039679155
-0.5051754812120353,0.514723138620024
-1.2438341754562057,0.8340536788020778
-1.2540202649574546,-0.7309657661224276
-1.6836881004909712,2.8665650718837816
-2.500173309860052,3.247981119403629
2.2866215164550274,0.6651941270630619
-2.388912954869422,1.496885658583168
-1.3310290884892193,1.2074194017598434
-2.4743402783070514,1.2514594567497557
-0.5681569782876199,-0.5808604868460367
1.0542892737605305,-0.4579933285035252
3.3684149723416628,-3.390628286178092
0.8467394810849084,-2.9848654770617555
-2.720916391876484,-0.8604582749282764
3.232810485766118,-3.089211667754316
-2.693647967736237,0.7698352219018394
-3.062633322791426,3.6162232939071903
-0.7031717546149425,-2.929309234208533
0.9783904663639572,-2.8569364230169505
0.2721507952765463,1.1554748958198529
1.2010729589519726,2.865583270320827
0.7120921756895193,2.5600091777735563
-3.1513729243894644,1.1741789934646423
-0.4356871105412917,-0.7155632452621964
1.0409442777684477,0.9135907201533957
-2.8961178594646486,2.7135315456530664
0.7486906401802012,-2.254276212887727
-1.2297491611192615,-0.9670685898242325
2.410401845060765,3.019303776737077
-3.5129966442035365,3.1262902516313225
-1.2565818356088212,1.1299234048748472
2.99101823532021,0.3730317049069386
2.785740829389746,2.984413801886647
-1.2872469811390959,-2.695383218333925
1.2106047539268074,-3.1394490783026283
-2.227303661976794,-0.6988869931226526
3.0590725956926503,-1.2212291639251842
-1.0346441446379968,-2.6795220495500516
-3.2151137471018796,-0.6889295970876258
-1.950196523999911,0.8286734478030463
3.1252445995662015,1.6085935866300305
2.836594372619384,-0.9715454125977024
-0.7112977733243597,-2.8152381943330425
1.5826263448475477,-2.804560246088625
2.9413994031083806,0.6282462722596046
-0.8681711733385511,2.577375736347421
-0.9722648186229095,-2.4851022027592755
0.6730182540888876,-1.6853930085826743
3.2508583817175465,0.758847700716715
-1.136276567518369,-0.9252922695502444
2.5590327427729735,2.295211538797224
-1.291078587541263,0.8638244126945696
-2.186657391325281,-0.4929153559225891
-1.0798938818573538,-2.1863651952662124
-2.863304243983753,2.5566772702116967
-0.6477372623601491,2.6191435510829417
-3.667099021768187,3.0015365399280443
1.272870677076151,-0.9711841436711155
-1.43124157631067,0.8552804939521741
-1.2235627255349493,-2.046644712581753
2.815139923214996,1.9200244884426931
-0.8454226417032922,1.3562785247645925
-1.1304120078623436,-0.8014903481363715
2.6024178453197626,0.6065826339611851
1.1439294414014387,-3.4513249200063507
-2.773271837826816,-2.6909258341252897
1.0759529507678396,-2.8583906833531825
-1.8380170274476348,-0.6680197201375528
-0.7764688798860696,-2.8840934368673143
1.2825796049576654,-0.8842930947583372
-1.1929431138125823,-0.5235435887545327
2.791720467962455,-1.0717797612029298
-2.8033881482897365,1.3566828951221752
-0.894146958512046,2.9253485344781796
-0.7002927866894209,-2.294990988029209
-1.0865214173909872,-1.1329329569624338
2.8388221729840617,1.1836378170683444
-0.9657273351913508,1.2860105583472894
-2.8018086639589748,0.6014536567081846
-1.1471357559852224,-0.2573336055848093
-3.071323313564481,-0.6806419604826284
-0.7342824397786792,2.8723952418394365
2.953873991368481,-0.46558082388087285
-2.896947117721555,2.344514933024483
-0.08246354942791799,-0.8340668879096654
-1.0032303765043133,-1.309123070357912
-0.8528201489824929,-2.3720843571734793
-1.1803414714199185,2.6802721277374983
-2.8334832809983355,-2.7715561415339938
2.774886186729211,0.7889164330282147
-2.499857032037255,-0.6440648542251869
-2.278372836718515,0.885082904080696
3.1883462914503182,0.9149503497141342
2.4776736895598686,3.255516201512656
-3.375190477637652,-1.1667481994275617
2.8469271479935006,2.7266183066483607
-2.6990652380240974,-0.27431211697527097
0.968836362684941,-1.2955580523846952
-3.506345788390059,1.4566789328814302
2.8216472526250618,-3.2272168832144765
-2.689372920977262,-0.8771688692343982
1.362332033629279,2.5459567166648496
0.8683361963167396,2.6224333226950103
-1.850892064599831,-1.4099569715998586
-3.857025495400562,-3.254171656663019
3.042272522324546,1.145757764784437
-2.992100713265153,-0.6785374966740385
2.6306386485395663,-2.3970266104310247
-1.5236114558163263,-2.981721139733922
1.2599120803560537,-1.137381537214687
-2.3051018837443835,-3.266088933065831
0.8220725095559663,3.094937614822877
3.0223907585057845,-1.4130450242492854
-3.0733299452234286,-1.4668274864294497
-2.595262016873558,1.5954742894374576
-0.9352005880785343,-2.3060951298292616
-2.670148418266407,-2.8674460671014277
-1.9259058449517263,3.108064190514792
-1.2285888273044048,-1.9016389451288926
2.7707891176480355,-2.8734896792641873
3.2062321414569204,-1.7430353520451278
-2.603978609287613,-0.9296728920373012
2.2955812340756427,-3.379726431612044
0.6838844667502415,-1.5044751521321071
3.1386239326007255,-1.1161847457480498
0.8521402288442961,2.9345037749393112
3.2714254527979447,-0.271766349343982
2.2699190641724045,2.8861867036305333
-2.6491268808321116,3.0399324708932656
0.817741630020448,-3.2531245916237985
-0.8902542446785771,-1.1097210010995788
-1.6247060782664227,2.8509469308123516
3.1600878028663293,-1.7200005443331559
1.2633181827209998,-1.0268202321267854
-2.5393606764373895,-2.411242446863383
3.1307416827374213,-3.0475219783798964
-2.6494316735668706,-2.6435818875869503
-2.3732129197673717,0.6449945204716735
-1.3354141068310241,3.330286261034757
-2.670903353287912,0.5041004064590319
-1.300474096300481,1.6552960720469312
2.8316345848767734,-1.4302018898260833
-3.4288955601246522,-0.5375226614029709
2.5706547684472545,1.1587475733976556
2.718685407744284,2.6349745155779014
1.3984576381821696,2.0571511854221485
0.9462500611570149,-1.1308491705043464
-0.9391276335333693,2.4570619929272177
-0.9327827910728322,3.0913086524288076
-1.2704927315889212,2.8105402237090606
1.0581737460635279,-2.8308123458472467
-3.120055303314574,2.9067277577926274
-1.4310243880511988,3.1048781971422907
1.3403071939519329,-2.4879575144944437
-0.7837272580575498,0.9509818563603996
-2.622227630612246,-0.8043355326797479
1.3666517251757229,-3.523117424490743
-2.496141556225606,-1.2316285621587426
3.02729217337672,0.39549559897676767
-0.7479705844511819,-2.779225851962001
0.9747362182298619,-0.7933653872351933
-0.9962276628574264,1.4739086594004795
1.0174242366394761,-0.5631688438430641
0.8846750649865919,-0.7880638675697765
0.5241321693625649,0.9907119295772616
-1.271977831740986,2.9161847566905856
2.2800912384780077,0.7901369194564463
-0.3892077824639235,-3.2260904607303713
-1.0158592563326778,1.0190878602966138
2.6505038220212174,-2.8834381678700187
-3.326765606700645,-2.2135326397682786
-1.228333136699371,-2.7370206628103277
-1.0084736751873764,2.5168769505611266
2.6005315971328518,1.1968460507479208
-1.35546028009729,1.4524329060629115
-2.56184592110915,2.935321032802047
-2.84113184366641,1.2285302737494765
0.40035462786016746,2.6296584749014413
-2.8989427666850407,3.2696743952790297
-1.052909526401485,2.73848887489825
3.4820686005127452,-1.149194397912564
0.701648774755674,-1.0250147016037519
-2.9399425229619505,-2.1651867416990043
-2.70366009918401,-0.27073981419418397
-2.5261103218077645,-0.6070380495508475
2.918528604039495,-2.6249879433628167
-2.9532872497804643,3.003707372704441
2.9516172612229785,2.36843573907369
-1.1545547141024124,-2.487476152208889
0.5507621282113538,0.4314527671983882
-3.160585670816784,2.965637304240468
-0.6059646053967339,-3.2319527910477164
-1.3634296390984373,1.0054817174612396
-1.5671527474955802,2.9007495177308362
-1.1564852780205614,-2.6537418457513526
-1.495953742210443,1.9939433840115848
-1.5214427330311866,3.0333897997926837
2.760481455694511,-1.472915103880975
2.9249435271724264,-0.6270240036954413
-2.2991953900112816,-2.350375097408287
3.7647505581866505,-3.075699439900209
-1.2292756106213036,0.549048438332862
-0.7559026899984218,-0.6921172836699656
0.6833877301087148,-1.3804272367142552
-2.128174457909071,-0.7437749130011776
-3.4593222492208695,-2.6944368759710415
-2.9155934204886993,-0.5480852465692657
0.5990271517296465,2.8111305978658576
3.6802189246263795,1.287684547169548
-2.9609079156835807,-3.0685382335420237
-1.1932696125335476,2.8697559980693255
-3.42545555356742,0.698906466554728
3.0440805734990337,1.982951440510252
0.3567350278617318,2.137760383175837
-3.216951254321072,3.017997095202358
0.8827722963494746,-2.6574871925277446
-2.4501849225569647,-2.830436766174461
2.6874591268748316,-0.532736968326342
-2.7932721723225113,-3.1563874682605824
0.18273843105313442,-0.9578090036118863
2.6067962953276718,2.1400122319845662
-2.285345323791353,-2.3005222321917937
-1.1379646942656323,0.6916069392217554
-1.2617762703008648,2.653306560788478
-2.7194181503378942,2.1925017687685813
-2.6520578403115964,4.101491505305357
1.2361836682277383,-3.146691519341967
1.225359221985424,3.0131354169736384
0.9346601803649098,-1.0940531084443639
-1.0618571308748999,2.375685839295305
2.426237930299876,-0.6192659460380744
-1.3786443361949041,1.2294657375290756
2.486821912878074,-3.3283544289756084
-2.7733232488478383,-1.1570626565309323
3.115033814129636,3.1572527555050205
2.8010577282209113,-0.7718507789759739
2.5260268316426817,2.8541947709593276
-1.1094478939858012,1.2824942343578412
-0.5769700000513042,-3.0739584743322137
-2.789397006909695,0.7324261250679798
3.7471288291113845,0.8885149633584151
2.5733334681476974,-1.0233618150356725
-0.90937786303322,2.5167361278658973
-3.367347528998041,1.519732340986611
-0.8457711798444822,2.456971889137768
0.8728425580398196,3.070572737584406
-2.996538113421802,-2.718420419551015
-3.1333379803064396,-3.0237281073475883
3.5084320684382346,-1.0291218779060098
2.1667178079997105,0.7688794971983484
-2.3521962961184326,1.3177754891457032
2.5709774410878925,2.4162158005631458
-2.627077466769089,3.6087237316180887
-1.3390000206296593,1.1895779121399068
3.0628555209374744,1.025149423180101
-3.4537279621120245,-1.0940740493807437
-2.1409330488837237,-2.7085307339363975
-2.716083330220579,-0.06243287023563696
-2.828295118595658,3.585431401708998
1.0569160515127523,-3.255210456261704
-1.063470095814572,1.1067608603837817
-2.825576915297184,-2.6820255653258225
-1.3094855343768617,2.764907335767581
2.8359162547857815,-2.505456808915412
1.3294939636408483,2.30716921704949
0.4202163533574469,3.527167320338244
0.7793679415192408,-1.2002962774862789
-2.968485116857631,-0.23713345468106797
-0.5764326005488868,1.1623964175964387
2.828681615875795,-3.055089389719858
-1.205594106114029,-1.2890465029335678
-2.9462321252680908,-0.5253021824755557
2.783867974438474,1.0174036807133313
0.8068212218250369,1.1800237809426088
2.2390444343979254,-3.011938886315655
-2.011135003454847,-3.093853085045359
0.8039996479474891,3.495116074657128
-2.820308498624195,-1.4034025292970833
-0.2802352985931093,-1.644668404778128
2.7851635055859276,-2.8465346842297117
0.7689327144666521,-2.513708607100594
1.5047043939952065,-2.74509248065242
3.162685439775477,-0.948555989341657
3.4859007899969052,-3.179305816937775
2.9991714740621256,3.406022792559875
-0.7439938689019837,1.4509950896161472
-3.096044506840066,0.8138715837866102
3.0045828432249273,1.2728494188154427
3.1209496432843835,-1.5158873913011262
-2.819256754144085,2.996019065762958
0.7797642540109251,1.1376070304737067
-1.8289765125750999,-0.6706185608689961
-0.39005064553197705,-2.835208114095524
-2.4573191928967812,0.46102431750587414
-2.8801891517282145,1.814295944204353
-0.05811069400896737,-3.4722141807606337
3.01565022753188,-3.531994224432463
2.9223965029195402,1.7281599115577908
3.057568354623732,0.5862570783261695
-1.4536500673774257,-1.35365330269791
-0.65186720330816,-3.0122472717119866
2.4057551682507343,0.9688730135327519
-2.896210240197664,-2.6680402780454995
-0.5275201709693355,1.1025633647867792
2.6103273132157607,-0.9155541852741751
2.984165137165638,-3.86111229026727
2.9325294164327995,-1.2591603749127105
3.151170101726947,-3.387855398796508
-2.3560399900353985,0.8420438731938951
-0.6952855780064615,-1.9084313414884
-1.2280701056270962,0.5081015320449475
-0.41188985122446453,1.2053804729214335
0.16164917050670988,0.4655765937840413
-2.8196302914631004,-1.2589127687433859
3.3408855478024955,2.1475365553549928
1.4407410429438885,-1.2431739460711841
-2.9012161999959964,-1.3258630241099931
1.1389001319283287,2.636077615405995
0.3773227175497535,-0.949969814184677
-0.8396220560612463,-1.9430708234247713
-2.620065941559077,0.3740216278574089
0.5955236524097747,2.6301862141032615
3.486521717427186,-2.115699568390456
2.798482663280943,-1.113798474252956
0.7631275010383504,1.0564946457962496
-1.7250365168595512,1.1303017809812779
-0.8793831983812745,-2.163592282329847
-0.8633456960968517,-2.3184383300925067
0.5121154312287429,0.22616110885345636
1.3117168113852868,-1.5422329322876531
3.4856864302308623,-1.2211013423819124
-3.22978973623418,2.7427274867109364
1.4197795560421655,-0.8549123930766664
-1.087048081714017,0.9811164480826495
-2.8985985601360325,-0.594225778930697
0.39072863048524886,-0.9908592770181256
3.5927851299398608,0.28906892847412047
-2.900246558370242,-0.8088325145498332
1.463237370690253,-2.6927758737124923
0.9011620096219491,-0.6922457201039255
-2.8860434244128226,2.99296960384728
-1.348875519226459,2.725955155223335
-2.5310928789841887,-3.2718669163417493
-3.333701493937384,3.1447469140565363
-3.0371860805905233,2.778491016766456
-0.9298783415037514,0.6741586945725083
3.2489322165267547,2.398963473579615
1.0791317006900274,0.911864203195441
2.8401185094054244,-3.3478389160374076
-1.3140975590631008,0.9077028086666985
1.225427732616443,-3.343826922244045
-0.8081317272482372,-2.8494988274262516
1.0610604252265343,-2.970069316722751
-1.233234450734043,-2.464990397094971
2.5327928198941634,1.0650848280331868
2.5564668709930185,-0.5961514315323211
-2.2121088471456605,-2.4107882009287382
-0.7260558306123057,-2.6968475984232505
-2.9831135358539735,0.7730869797778303
2.649467338250345,2.8666266060711676
-1.922866676370446,-2.964625790723981
1.0100231216961475,2.4837305084607633
-2.586502105317717,3.1762372230465674
-0.6907780758983585,2.302536233311378
3.1115976343343563,-0.7741375274295003
1.1732866784580525,2.6540953644156766
-1.359994987874179,-2.6938635743116826
-2.9498334635850516,2.3676214270014917
-1.3008424684469861,-0.6662328324234295
2.368075734350274,0.9805472256294994
-2.9982425503391994,1.239837566046609
-1.7004153992480542,2.1541156362658787
2.50616012241923,-1.5481924073731679
-1.2343447081010643,-1.2856402922557468
1.217821962695295,2.8559381870972547
0.8253730147777854,-1.138196186074968
0.5445481367961605,-2.232486288561607
-3.3018552280610387,2.2875342940714325
-0.7856379065666086,2.4730512752757834
2.497604473338449,2.397467852711901
2.9603730295451802,-2.8894266023341166
-2.7029997963812518,3.1412928382525505
2.5709167909839588,0.5246136619888527
-0.9684297010589489,-2.4645703763306015
-0.8162380314167584,-1.2157143325976856
-0.8137252643480715,-2.8857465031264904
2.435663432598071,2.7177841516102332
-0.9534467840898196,1.7180677013081584
-2.7404016706952183,0.5140304937176178
1.0766530542020567,3.143660169252689
1.3451287739221747,-2.519817408936715
-2.376938043322024,-0.883651625184432
2.594539888009885,-2.9262762608453365
-2.3492516565924006,2.802030688276512
-1.5743979074874088,1.389081944554307
-1.276737583749192,-1.4354615301432019
2.476854132277929,2.8039837905873948
1.351348168829989,0.8878549307955066
0.4158685935405138,1.2887235202350564
-0.7332404459845203,1.1994629909160979
3.1872640515819235,0.7765968791549142
1.9904650453933144,2.502182190157045
0.9324990726456834,-2.207637636372223
-2.6797114978139986,0.525577907818993
0.5423435163560185,2.744675145416521
1.0974859299969781,-3.104068559158732
-2.3686451085570868,-0.7291327272609246
1.9701736403191943,1.2107129481722376
-2.5485825388239447,-2.4996219456104676
0.8262292107339699,-1.044920012431136
3.2704576576943474,-0.16846346276837174
0.6651835885345353,-2.7737217726898145
3.0747892397677554,-3.398142011573079
2.983553913410349,2.7323889077514925
0.02903814015112134,2.6220466136361504
-2.6615317308951614,2.8527505479831516
-2.57082854001346,-0.3313199707638758
0.7140812383585949,-0.7277864657540231
0.7759503339038217,-0.6144632315186888
-2.8831916140337754,3.0670128587005214
-3.036134401666897,-2.6934479817271004
-2.288501908243958,1.0518964645322275
0.878129202443639,0.90877347059364
4.007072112313851,-1.0168563137979947
2.278213613550853,-1.0085031853659485
1.128229113882266,-2.4728442214143604
2.952842396351633,-3.6628613607973706
-3.467975217190468,3.4034984201508918
2.3004180922890742,2.0431953262659337
0.7493428353880013,-3.302490248424103
0.8822275881231862,2.4131257406716156
2.56668713185951,1.0120161450023375
-2.839805938292686,2.913617965017681
-1.124276252018399,0.011832628423326616
-2.8230341374224723,2.7554392093031486
2.676585920469575,-0.9452910595044428
-1.0199707403393494,0.5911763512295234
-1.1375831880951122,2.741943349107812
-0.756356102153498,-0.5287484021509393
-0.5895671563493675,2.974324156424643
-2.3019206768673874,-2.289323602033632
-2.2062597598603775,0.8534654331035175
-3.068252220590532,1.6458368087697013
-0.6715027753718759,-2.905046482173977
1.0864921300611536,-1.0550539714313847
-1.3906028636616818,1.7227155451668164
4.042782297828539,-2.7279719974891896
-3.1947132065897477,-0.36189907863362375
0.7467995640651917,2.3997793512238697
2.836571624014825,2.168370435860877
1.3982837490196929,-2.931862943364736
3.2638525383005215,2.49184947032633
-3.201074217363001,1.0127311784476154
0.3540728280838974,2.5411950504772705
-2.985003976124612,1.1872029016756938
-0.2014677134637597,-0.3242939763418393
-3.0798380570611736,0.8279750362012323
-2.128021723208834,-0.4701148265327217
0.8899532922718042,0.5649094156369221
-2.9473115292165937,2.4802791663046295
2.6545130995027524,2.832060628524862
-2.5970793984002793,1.2204073483431475
2.784918199744816,0.9720379060855316
1.1474795272216356,-1.091601623139521
-1.8761098237770728,2.8192208683817213
-2.770520407539131,2.693298820899933
3.160689409808559,1.1631792685528528
-3.088263586870992,2.3430773700131446
2.4424622642510823,0.3492069940680046
-0.6968614252512025,-2.947642678853851
-4.016015236640786,2.631160065578228
-2.5560007308933685,-0.27646420577310254
3.329955369625956,2.8861690708107512
-2.53943967265578,-2.6592206590724996
-3.314371204137976,-0.8682398748892938
-3.513584834638717,0.9224699455144756
0.2221487963119195,2.2844605004604013
-1.1976529818477935,1.3306665050397921
2.942318886642484,-3.0361855686626007
2.8390444054980795,-1.385867552110292
-0.685040838914143,-2.6799148546983904
-2.9953203467247898,-0.6795546459346723
0.7873838357821599,3.3149358214568094
0.6764670681189568,-1.3899134160196425
3.541388005499385,3.1032688405268822
0.8763517885288387,-3.053949151114244
1.1860238341435232,-0.45356286363418785
-0.9898579719194517,2.6509385745667577
-0.8339554501885288,2.9708369412520996
0.27459899693711043,-3.4732963109749386
-2.873365010273981,-2.1235595162736773
-3.139045066251811,-0.862444845461846
3.3662366404706785,3.2054963478910765
-3.4953092760228475,1.547433426675642
-2.3821115784834177,0.6463073509319545
-2.89647183964702,-0.8035543042797109
3.5166495591908276,2.6540999142353954
3.0206249770350615,0.8962895921657802
2.5886420334565763,-1.0503150602740676
-3.178048451625316,2.6029478664479475
0.6648169131522101,-2.4808440167663752
-2.1155748517431823,-0.9435141272079479
-0.3134450106891276,3.0393906927788743
0.6299150863508773,-2.4906501983371054
1.6345103787685409,-0.8134109118766825
0.7069553153277359,-3.7450679402424827
2.29418463168916,-0.8194653154382812
-0.7798954655412391,-0.9823634220728434
1.4398038265146993,0.9749291022430315
-2.791307846352128,1.0497629623206315
-3.242525811594935,-0.7299601718642792
-2.9123232085601356,-2.831380560111915
3.3006390778450174,-1.14588963545561
-2.8145606290338963,-2.541106504843104
-0.3927839535101067,-3.3135875061265274
-1.2865481135634231,1.1868718093524566
-0.8356444911567026,-2.9082470091636092
3.3441767356250693,0.763774513475384
-0.549405461302691,1.1514652630528879
3.388983530025007,2.956445098810631
-3.159696963357825,-0.5111427156306433
-2.3122139385555296,-3.215360818569318
-1.05559722185517,-2.6981136795850977
-2.391583473937777,0.5157497054598577
-2.351894865435619,-0.6490216672216591
-3.1470590124434294,2.5907033671520483
-0.7660682024697045,-0.7857631077564009
-1.5627724082898726,2.439151736231969
1.3727061953439366,1.5182118782439535
3.109906538152624,-3.298447089155071
2.976991003109593,-0.23123881178179995
-0.6707422085944416,1.079414879954203
-0.718204328636152,-2.823846938691884
-1.265956631165682,2.2706507850332818
0.7937672163151193,3.2202225666082205
-1.412567391114137,2.7342853445661794
-2.3814500377867285,0.8685034928847466
-1.242622090134897,3.682233076457601
2.740462593588366,-2.838065275654337
-2.5360753249895405,-0.7516152404886834
-2.504594676942081,-2.567567890790699
1.0938596914417196,-2.0940371650561396
0.5985279353571141,2.3107298102068845
1.0945523655206315,-2.7140227931458902
-2.5650733590123136,-1.2312257895542824
-1.4924414149048053,3.772514603794182
2.725094787428609,-1.0705839797463634
-0.8615589230811831,1.0961846405779165
3.347135212756058,-0.9812051772316335
-0.8439693226970931,1.2913156585369694
-0.34730609420594155,0.9589027804492881
-3.3015875809533113,3.084376857714519
-1.3920549065272763,2.4880705397293768
-1.1263625820242162,3.0389467677915496
-0.9953079997593655,-0.28795675670664356
-0.4734528015116195,2.7341933519603048
2.3329944406092067,0.6441627360623086
-2.602414715165117,-2.4490096214801986
-2.952783406773411,1.2142671861624512
2.516213717924464,-2.9934796565641073
0.5866843864939242,-0.07838547499225715
2.7121208423114944,1.2271311964000895
-2.6125727735054607,-2.98238818621801
2.522697640953975,-1.0569428639853886
-1.130307560500917,-3.0203807474446984
2.9623252485774976,-3.0051675225369707
0.8607332057929089,-1.0551952597356327
1.165779704095662,-0.9333214682252526
1.1271301397917102,-3.4773798601188806
0.5800883934642526,2.030066596446545
0.7380273722202753,1.0592330998626986
3.022703786051857,1.2672850390621326
0.6472314422293387,-0.9877884326392673
2.928025859601416,-1.2820077002865586
1.2025624828133854,0.7732044729437176
3.126911006036717,-2.90787740278621
-2.950364811615542,-0.8626171376625781
2.5521875399932252,1.968297890393207
0.5785342110548634,2.8213724433964336
-2.7490261781443066,1.0231150209098188
-1.3010736632196713,2.3994146976182935
-3.3243548120166206,3.302571429730993
-2.6607597436542703,1.1007480741993936
-2.4032128899189305,1.4455717705873008
-3.423918237901711,1.3061209307136141
-0.799874270773188,2.7243372867284683
2.023746635838957,1.3319235476228324
-0.642552888559365,0.7804910815763725
-0.9487220147543937,0.8697454925313007
1.3357811688358259,-2.558560516249428
2.658988466063499,2.4869994990258224
-1.2944128680577316,2.8438409664822015
2.4914472513836996,-0.9872830515454674
3.392076904116063,0.47750027329321737
2.447224563584724,0.9116914946428116
-1.0765051406736963,2.7230064345854625
2.9192825201876547,1.4087156792813718
1.4872967301085416,-0.9107046892916861
-3.115279778925324,-1.1709502374980805
2.48395165654515,-1.13366906045166
-0.8339804524511466,-2.678610275353979
-1.4496829540868161,-2.4099382364377298
-0.7977585120460848,1.0613483791358513
3.193931066646686,2.95833799247344
1.279165522255265,-2.9439433453184507
3.4474900382693257,-0.6555608219588407
-2.6950039491050526,-0.5736711399758163
3.4566552198596305,0.7908514749464295
3.420553602393696,-2.678363218812251
3.028972393670712,2.8009320954718286
-0.7738527705042897,-2.654819309364332
2.630153608380586,2.4892908614526084
-2.8834046550483206,2.4077511207142126
0.8659051808052628,-1.2496152525861168
-2.30396327022703,1.7835943680641693
-1.4147760691573126,-2.666546083048807
0.8533847402392983,2.389185516479205
2.539010964721264,-1.2945167549906522
-2.639868330123279,-0.8304253387510785
0.8774798943336412,-0.8410984906050022
0.8637161263969944,-3.1048793002769135
-0.8363240490781324,2.857346939347651
0.9584573120692232,-2.7405582956814225
-3.101145910751057,-1.0904888992754014
-0.7969028110034493,2.377070578123328
-2.557128699138004,-0.3060413796230427
2.910111994111656,-1.9813564777960293
-3.090134210888066,0.9917697644428992
2.971386532484629,2.1625930107079046
0.5729514569181529,2.6569971609620735
0.8010231132490517,1.171784459392814
-1.574570892959013,2.856369158644228
1.3384018702010916,0.6587957112641879
2.8131625434035747,-0.7671938917278672
0.5428785317420631,-0.7461877745893982
-0.2812673259729409,-0.6612853262056526
-3.0860955034566606,-2.7099092834629857
-2.7093831337782333,0.6558435911365168
-2.108644828934494,3.117440997904704
3.0155633063716407,-1.9446421477217326
0.8479824553428869,1.6786129933738223
1.1191216584433312,3.2099785556261495
-2.818866122125127,-3.1265744196730174
-2.655848738809823,2.6874080313885247
-2.459499201736264,-2.7819817585755517
1.0445933923674826,2.568023435176816
-3.094127754965555,-0.7464564682954091
-1.2388506563849588,-1.111453759131754
-1.2131179339273537,2.9336307871703666
1.041861177348688,3.1579387570495023
0.8553959000451299,-3.3061670987349947
-2.601766807497658,-1.4316995340779475
-1.651982078156365,1.62837987668068
-2.4892514197405182,-0.4311716419742808
-3.0087489338366735,-0.8873527651271177
-1.4344532929549185,2.354173822128074
2.3650839684716938,2.6172030034859612
-2.8588580323765043,2.289982714857625
0.4483267110759604,3.0650537105543623
2.378255468021194,-1.4659770398614596
0.9171448897900587,1.7504429009886584
-1.1533245316103071,-0.8151620588182309
-1.044640168903197,-0.4124842093851538
-2.7769854133948946,3.114925260088778
0.8068110068941421,-0.7365631302957802
2.4151233784305783,-2.7662641596106927
2.0540074458391846,2.661795041673098
-2.4710427908104546,1.6541507273090008
2.710765640127557,-0.29781704911039286
-1.422141176361234,2.872853543237592
-1.3379730709362616,-0.5420033023783672
-2.6393575097928315,-0.755827849426323
2.860728300692794,-0.367397052096912
-2.4286374953821497,-3.107468273423392
-2.447909221038181,-0.8261295341384425
-1.741412518159014,3.5132499049593657
1.1915640385064938,0.7078831371304961
2.3884664377622884,-1.4215911961455574
-2.7430931248654606,-2.8028388453935693
3.4056897013969647,-1.3088147200613127
2.004600408107595,0.7242707891793957
2.40172017084256,1.1378275943007907
0.5335034973470775,-2.9711845262973084
2.92011435503794,-1.0743036939677917
2.668672120506963,2.369620098562219
-2.4560414264410673,3.9151806948216663
0.4916691381382719,0.6804169888090129
-2.565424582957649,1.4874634691114026
3.00799717400906,0.8938142925507695
2.211358074673427,0.8613581227056514
3.1619012405004283,-1.374755314639867
-1.4743929385155823,1.1419227590933316
-2.349120168699752,-0.661630213249125
-3.289114130459097,2.8013008482920614
-2.5642618504169525,2.6958742694304556
-0.9741202203231956,3.445969816836115
1.0148157897574226,2.489253276102859
-2.5785045942741633,1.7222807163852587
-0.9346622769136634,2.2404970087617806
-2.5651702321206655,1.4619325030478023
-0.5901108969824714,-0.8154678899835118
-2.6865910587505004,-2.597669404873659
-2.104852271047988,-2.6225295349647153
2.830865386776968,0.537248957640943
2.6256178800565992,0.9434074769069768
2.93899826622351,-3.0951661829225317
1.427116450290739,0.8651910528113136
1.9866510564571525,2.5961593530209943
-2.8642749895806348,1.7201500879453162
1.2049754685378538,-3.3043223104395576
-3.077034060403284,1.4410056440134436
3.4151627292141593,-2.916045674652468
-1.0409545665970537,0.9722332062382235
-1.8321263475331118,-2.7226027100342436
2.0219532619837954,1.8230848882159358
-0.505326503577057,-0.41018349290078265
-1.459831567079023,2.2084812856770055
3.7773468319462795,-0.8936689040727639
-1.0403691283420027,-1.318137040989652
2.4306134895786147,1.1883756149371902
1.3021529360929895,-3.3511261783583515
2.634280926553109,-1.4511626146181777
-3.092811110540487,0.9958931745193705
-0.810079341307306,-2.693899163007285
3.2980033841731893,-3.277887831308051
0.5800654317534345,-2.7481348111913224
-2.6327669724236404,-0.5671510668660407
-3.4415949401537915,3.321742052817025
1.192566196151982,2.695504611733698
2.4350111125531235,0.9407297587322181
1.1115380435018025,-0.7618854706125011
3.4310883982195737,-2.3944935517896986
3.460118828881275,-0.7279682868379016
3.3651756950093583,1.1428997187806
-1.8608708804916287,2.715874695436318
0.569349702811025,2.4497940461035728
0.7023254002006104,0.8305755912026523
3.6067579985204565,0.9955419263442171
-2.661090588046421,-2.1348203199356135
0.6015553049591973,2.4857934519456695
-1.289883318591163,2.133998597802413
-2.2976696629055695,2.518192192558646
3.0894589055872643,-2.847633709724314
-2.6735270081666864,1.333727623836713
-2.4116861902140414,-2.1657857940502363
-0.9019528252535979,-1.246999765967922
-2.9970257639856457,-2.581237274958898
1.3326883006019596,2.7331959386033184
2.4998499166303585,1.0010793213088283
-2.720056886180002,0.5898997331291207
3.670326547541324,2.5373094348268315
3.308052859235454,-2.617122638321695
2.673926448672353,-2.3069703514471533
-2.6034423443645687,-0.8859782767045611
2.9094263566006346,-2.992918699217556
-2.65690103014316,-2.2810398757804027
0.6864131985536223,2.647770072074936
2.672185099913575,-0.5292239635925372
3.2224899182369966,-3.424506757908443
3.1978943349500883,2.7483454336888182
-3.308997110469183,0.865448575669666
3.3500615078523936,-3.008863944706014
2.90697322274674,0.5545044010034066
-2.9730913949099462,0.8439038468959176
0.7859441037651664,0.7110210936303012
0.9289523977047672,3.093596311180946
1.2591705987991906,-1.123508243134686
3.1932472287984535,-0.7000165260585316
-0.8981345791216461,-1.5880978703961437
-0.8871630595341384,-0.5677100297445371
1.2852564250673124,1.8652923657406162
3.2077932018760387,2.8324928787182917
3.3524050448925506,-2.6493010638343812
3.139122583723887,1.7306941240759912
3.4427346910362115,-0.9706328778187514
3.4858493497583574,0.6757006801926063
2.9300994214178315,2.12202952277155
-0.9770774314004189,1.0173835659639001
-1.914947342467206,-3.0939688266741068
-2.2583476397334366,0.5525006078423422
0.9523434041140924,3.4267023294753476
-1.3681411190755794,-3.280382859071384
3.030647368189394,-1.0769833908896946
-0.602212039051489,-0.6004473407765321
-2.796730447117548,-1.3214435928008372
-1.2720434358425956,2.610691646945233
1.830394117223794,1.4092910224129045
0.31579680838026297,-0.614041260145895
1.5957188006151444,1.5184325680829975
1.686992673862414,2.5456460972545742
2.8769968661095175,-0.7734667452349718
-2.9587022719627925,0.6652626094794454
-1.9365335343634962,-1.0646052424177481
-0.9434056249525608,-0.862669000395855
2.8148477841360093,1.3300163605208544
0.45346772210509345,-0.9312378123711195
-0.3064046069923166,-2.558534761095921
3.49644509519562,-2.9252514758366015
-3.1030486332290774,0.5824922707509412
2.6988648607596937,2.934462921096567
0.7507994556262051,1.1340524194892077
1.153980428047818,0.406423869007295
2.7353009501032637,-2.1460298147909715
-2.709693022599216,2.2756336662061707
-3.217861781057108,1.131814463362502
-2.114154630561977,-2.693302848450282
0.833833474079919,0.8537834800343055
2.777044560103472,0.4375981728363701
-1.4026404943329815,-0.8445548943043591
-2.730900089052859,-2.434183183869236
-0.9303505196627191,-0.843783103073098
-2.4885428193819155,-2.7261357355309825
0.6577326907946609,1.7019649820158926
0.647563933547835,1.3920709153207478
-1.4736396967455474,-2.188075174921392
-0.4131989644190078,1.1189544596542988
-2.4831804949581353,-2.5567523027480084
-1.4274936636445976,1.13610780764122
-2.875466122491344,-2.8303286473675886
1.4740352688744771,1.8125650650316094
1.1349729139625688,3.2180672059502813
-2.5826812608335854,-2.7189085701525064
-2.5579989239084586,-0.8075939295325275
-1.3150426366282406,0.9999188178320416
0.6558778622907353,-1.1546326044109816
0.43529682149268356,0.2978175567256941
-2.8229303055246517,3.129483986717966
1.198472047993816,-1.029059963688366
2.1700543204775857,1.2257511006033168
2.87256334833588,2.717010519398729
2.825718836468457,-1.216708706238153
-2.9271790488452187,3.306194197348013
2.01714300614189,2.7726420483600056
1.9054640111627756,-1.2337802178807398
0.9023842453008711,-0.8699209350063044
2.8295063638804243,-2.9587279146945042
2.8508749173566375,-3.224019529432263
3.0475297173224303,-3.4730947104167593
2.1510315802109403,-1.1397235034356974
1.1020844155252183,-1.852662184215825
0.14568350983591463,2.84678649716484
2.815520596148499,2.502117684194807
-3.0986445212342124,0.32791080757539526
-2.158158675755492,2.053827106186783
-0.10079738742731896,2.9739534688586193
-2.7660150126552865,-0.7526248477426636
-0.5723615190143635,3.0965623807258083
-1.264895055124203,-1.0133670094030478
-1.8422678545696,2.9276441515623475
-2.011516069210637,-0.6229266485868178
0.9444793965507818,-3.5008379375561445
1.1575916004897502,-1.2327726017843958
2.558850928002055,-3.44463814054475
-2.853436857010129,-3.0313987111867906
1.100614554393485,-2.9876011632142965
2.463596168492833,2.6465411210752396
-2.9908215950110755,-0.10229841683378593
2.547116809240694,2.5083920663972905
2.820058986486247,-0.6681469417333977
2.93373709144655,-0.7434656376366336
1.1362811594358906,-2.759152512782677
-3.048254893612077,2.731831378214402
0.9671136258712786,-2.3313140307925146
-2.9050433384694827,-0.4694905341866131
2.3891464809615646,2.5632869753753993
-0.23569367345238762,-2.0831649988547345
-3.425463558595656,2.681312039563716
-0.8839715681439217,-2.0205126495529755
-0.8210956605610915,-1.0905102544849732
-2.0314534197004313,-2.0077017224915106
-2.6451330098113512,-0.5524959451128206
-2.5283793015949754,-2.3511068929473233
2.402330904077654,2.218394953263885
-0.7495301908221461,-0.2745417199017668
-1.1277966732495412,-1.421084906511245
1.267245385699346,1.5394908218477439
-2.7218344903237495,-3.09077933150413
2.56767669966789,1.0710704827369328
-2.894439282244238,-0.5864542306496846
1.0449800056224454,0.3154408016488464
0.20137288130618422,3.08682711991461
-0.8631707907937677,-0.46646634797794445
0.7637478011359808,0.9760300763816193
-1.1742111007641045,-2.532944600699448
3.3166511572976765,0.46033525502149464
1.1152227900828346,0.5544910330334857
3.3947164955347566,-0.8982204773896338
-1.033845797420056,-2.797828210628326
2.797515742343164,-2.533047412895575
0.08424557059022225,-3.036089117726302
1.2755098607261544,0.46485153546261276
-1.2143864513166136,-2.327762435046919
0.5095684818969799,-0.6933591351283107
0.8547131085868293,-0.8697867058086656
3.3378241669404107,2.3847017582307752
2.8144870476589077,-0.7334521873915383
-2.7477320746056866,1.3207831375826296
3.5538089934993913,2.998125052482757
-1.3623373462337585,0.6968760564483731
1.2579025806179993,-1.0547298374217051
-3.047533668565294,-3.009179939872532
-0.8380014855707659,3.1803769227375045
-1.7086527778491065,-1.1059951295924404
3.468194889254262,0.932574326721612
1.4288651364496376,2.5679085133524473
-0.8328764805735613,-2.6636242703967845
3.288541513666967,0.630751114266725
2.5053548761250486,-2.531459949711845
-2.4574239475742585,-1.1429540492496333
2.6843281119267095,-2.8324128931374366
3.115985957689339,2.4477879025588747
-2.6868476201337326,1.3217406019239601
0.836656348807481,1.2781774883317418
-1.1393536928232721,-3.2823666650463834
-1.7030580746410027,2.7465603855981393
-2.0603967747008354,-1.5916248317562773
-0.6860766112421389,-3.24650072704544
-0.3095075115429721,-2.766218565455736
3.0232562771594087,1.0054417175347947
-1.6138519102269289,0.6035103181796727
1.005947484375849,0.4109949499414517
2.6501452059568633,-0.8872973542271069
3.06005007829249,-0.710582926709647
-0.5355059678183062,-2.506491368614171
-1.3802744691826683,2.7833154482971927
2.981597507867924,1.876538137607702
2.605103351496446,2.2004764324442223
3.1052415678528034,-0.3592515740761249
3.096515837625184,-3.017033353751366
-1.3158239789998298,0.9998981022253501
2.890982639102484,-0.576856592592053
2.323683998584432,1.0052798842347082
1.097485631292603,-1.0862772059121863
0.9873030163010249,2.930748140115058
1.411640929376459,2.6935834756541226
2.901001779253648,0.9532007113125326
2.630228179127223,0.9344573316126362
0.10383208259132881,2.836773310556349
-2.632796113727613,3.116066493647495
1.1201888954751174,2.738822073979215
-2.768691941359891,0.565832373001815
-2.501807039398437,-0.6107324517423299
-2.7893604346421315,-0.975881262146561
-1.0946404024583372,-2.652511859408268
-2.3088904437162103,-3.7363275971244776
2.720089722294725,2.875732374630535
-2.8740600052666427,-1.330265846249753
-0.6446301676391689,1.2829100113329461
2.6761614739657964,-1.1133066967693954
1.1448862613637345,2.6043814422079654
0.8840685088664614,-0.10410489283264954
-1.1190942780305102,2.535988234318176
0.9992062740061666,2.3645827380177855
-1.669113856578178,2.939186625622114
-2.640990350073288,2.9639440285854652
-0.9840070316164009,-1.4822442229977923
2.954091192373267,-0.9704236662281205
-2.58285362197515,-2.978134950894838
1.6291791163691653,0.9491989517955502
-3.0639449555509874,3.096767507580068
-2.6082720238653727,3.062487520048662
-2.610616265242968,-2.2253503624332476
0.769332831476229,0.8696700462429966
0.04339885288896047,2.3074989183510555
-2.521262768053588,-0.4070935526584469
-2.722850649629811,-3.520674836369004
0.9102682785844459,-2.793466388964541
-0.9780453415223377,-2.7712697790762895
2.3187099475992907,2.2060024921033743
2.0092868682952827,1.2332438260653396
2.5761649264839055,2.6385276639592283
-2.967561205284978,2.834167284061364
0.9769096761261685,-2.3858600783780393
2.947383829656768,-3.5404956152455624
-1.280982961993456,2.826044958573704
1.8179063014216426,2.9029773097856646
2.6681185665948517,0.4701977553221063
-3.0318127174967215,1.0785604685408978
-1.1188408838325057,1.0734825789344558
-2.997698005409094,1.6085588347295525
-1.3771122779907672,-2.3517623359308364
2.661949471624672,-3.045243309807518
-3.334374973093986,-3.001920014961067
-2.876765101332297,3.24198835640121
-2.2117598585356117,-1.2317740384832352
-2.788983891428224,-2.4187583436489786
-1.6386698278753309,1.2675126439343078
3.28712648475684,-2.59521597805885
-3.0951292872628056,1.201467456206222
-0.517725015383005,1.6637612854965163
1.1922123103873359,-2.968639114100933
-2.9609032451439963,1.413521768406638
1.075678013733899,1.106164284091231
-0.7588253389590035,-2.522384669670543
0.271119735504055,2.549978948186405
-3.124340145710346,0.5588873684484346
-1.187724313562107,2.800195652398325
-2.742339446614352,1.2788733978548144
-0.9357182495088375,2.83137799006309
-3.095872982606085,1.295490363313612
-1.2751527222180603,-0.1826417632912415
0.7992915591043216,-1.3790397170228523
-3.271024436588274,2.2302868969471294
2.622791383198726,2.749673288427686
2.093952237840147,2.5151631690103637
2.5766432367074934,0.5239785920659482
-0.8954530905750374,-0.8842026511492208
2.6458374009278156,-1.6010621061819368
0.743787205505406,-0.09371330101788312
-2.1914918539236212,-2.8662646386947306
-1.7355650344149032,-2.2802087507757194
2.6360455670584764,-1.2839345127647785
0.9248166341824732,2.74764968348867
2.6636042006199787,-2.711466468227296
-0.8218965721928402,-2.615617990041349
3.0812725897321482,-2.424576869239179
0.6205503931101589,3.0551104686207116
-0.11728302451662752,1.1133448817520724
2.4098237434317573,0.42078796233755134
-1.001900923009782,1.3351660838059136
2.7622163202640646,-1.1597123233263387
2.7531662141937536,0.828969374371202
-0.5391802375013623,1.3988062089287292
-0.8672889918809233,-1.0314855564046892
-0.6810848995378699,-0.7196001885906548
-3.0598155965578813,2.7754772734924296
2.340268897264669,-1.8137587034483136
1.0422182357156637,0.7629720531552363
-1.1853967598883486,3.1318580180896634
-2.8486911371409245,2.423975067944128
2.533014044127743,3.0861525141112653
-2.932134737578983,2.352634658419563
-1.428948740128272,2.7612296365636784
0.7410547154123701,-3.452685427954842
0.4483036021099355,2.23540678407269
-2.9837350501723976,1.1184746847264373
-0.09327124026255844,-3.048314790030284
-0.9655782080952574,-2.746334116288684
1.1190500385380164,-1.355547197480292
0.6985024740283793,2.8548512488904847
3.622125730139105,1.1186471063542844
-3.138576178746185,2.3861440878172853
-2.8397674843926906,0.7431287768740367
-3.0858269829765343,-0.5628732041789314
-2.23884597586006,0.9239293096881065
0.3142638427554602,-3.4938997638576987
1.4367691504253006,-3.1272426775931987
-1.288860698043808,-3.2531361941347794
-0.337884074910317,-1.158831348246561
2.913995605849364,1.1418680500834302
-2.416379638180762,-2.556119310775533
1.1043226768660916,-0.7226257512886677
-1.0775676864152621,0.4265712305244262
1.0092658559727252,-1.8376640153153696
0.47425328750199497,-3.423329807747932
-0.8057157471379678,-3.2285634040402718
-1.0013112472002939,-3.2569333813266788
3.455139382455319,-3.077040888874702
-2.3159597182705722,1.4589583736488234
1.7160871234526394,-2.6093866516293716
2.5640915702006324,2.557288889107694
2.613841765096225,1.2341608067885088
-2.979571262445628,-0.8800044122985732
0.7165447358627957,-3.173049596854688
-0.5932566546048859,-1.0008187192279434
3.0926044452469754,2.4114476689232442
-0.9124880504790501,1.0966269254390157
-1.4367873948457497,2.7771518681304825
-2.73959873910473,3.062824040962549
0.8965306171906144,1.272814704664135
2.737186351742293,-2.925162042262366
1.403830000692481,1.089909866892373
1.4446914945024698,1.2681684684636634
-2.867776660234428,0.8971974188431983
-0.8404066999789932,-0.26076785499037286
-2.487306012693572,-2.5203860825501363
1.0388577336818121,-0.9404613182933836
-1.292452578297769,-3.4339427569557617
-2.322430111970214,2.6032299497148834
-1.3007697616827667,-2.506665933033909
1.6460288524373226,1.0794704364297214
2.5674434404607576,-2.581453630220654
2.980585598046672,-4.312721070376393
-1.2274870732777112,-2.4702181857417562
-2.994940038957636,-2.6576244601905175
1.0628993683716021,0.5906753462707248
0.8647006349109008,0.9750882722484289
0.5802725338537875,2.7590374354454403
-1.3070940079756115,2.5162405777026655
-2.5258716531058507,0.9039247743631469
0.8494298204523049,-3.153291401671896
-2.177713913833888,-2.69187364918312
-1.0238987577476215,-1.1245225940220767
-2.8100109122302976,2.04007153148766
-1.0429634901336413,3.527830383395134
2.3894108976588675,-1.5776268777956917
-3.042536718574165,2.374728198926618
-0.7396864844794656,2.745110674279126
-0.9617447522929062,1.7025349746535052
-2.27716526867196,-1.2367758327590979
2.3576710048534095,-0.671766413984301
3.0696383593288163,-1.626877541295909
-3.250511164579355,2.956640626212756
1.7125150529089836,-1.1617428862501333
2.0642889105069733,2.303165901150192
-2.538663985842939,3.0249402228951516
-3.1893569478204187,-0.7549288802693191
-2.291097708168481,1.46136571260118
2.826039335221702,0.4376641178748739
0.7331037553833317,-1.2503812786895065
0.6019587565706356,-3.420865690551331
-2.8099176110272706,2.3873280806833748
2.7186561916442904,-1.3062312486423726
3.9576645349638606,-0.6570797285911122
3.3713804620575583,-2.242241991161275
3.489012621829773,-3.4546536292962418
-1.3381579204890837,3.3460830142143165
-0.3273528233847987,-1.0942903078716637
-2.876823671754469,2.956047141769148
-1.5792463787961022,-0.612222760046777
0.506135305155746,2.545908291896241
0.13311644703817496,2.667101443095015
-3.4991110418670943,0.9688046949049194
-2.4396922423777787,-2.610401695739668
-2.8126075847341396,-1.0367672596775517
2.883984986543077,-2.8118657906348394
2.5301014006202194,0.4909267220156328
-3.263749755232262,-0.053344006452901244
-1.150994287221186,2.056950244534902
3.137964428644068,1.0521345100493453
2.463487045615686,1.755862941391542
-0.4210722096268905,2.8637768604091423
2.804291976722267,0.8063665703187383
0.6720608978785658,-2.659875767127284
2.850507946301752,-3.3631282710237342
0.8036755129649715,-1.1949284272692433
1.4517640045904636,-3.064966478413463
0.7534876209263811,0.552073002007269
-0.7070285149694582,-1.0791474089975621
-3.5707482525580545,1.1017338897450935
0.6175918933568739,-2.0515274846084752
2.969517591983912,3.3594640583596926
-2.4762027023776843,-2.223135087409205
0.5071288858406361,0.5360413868269799
3.5293966838065014,-3.6899342318961548
-0.9576075373392782,-0.715603688351889
-2.5177051480243566,-0.4004349141079362
-2.731267063731499,-0.6364121206354008
-1.077005519885358,-2.297958761451641
2.896263588336988,-2.7362527595968205
3.35506278717725,-3.0176265886764315
-1.1556135936256704,2.9985828430746557
1.209527439003538,2.079800855433217
0.793986667869984,2.991779919782603
1.1697828884177999,-2.708571185206037
0.6497743168550041,-0.09610062159540597
0.4339275311059872,2.7519021165824147
-2.355112295757217,-2.5687184326710755
-1.2762190800354887,3.267893600351321
3.3947788071724685,2.287548280410485
-1.3633296981017287,2.97602601830168
-2.401558319009186,-1.2706093045219669
1.031308872318892,2.580209430223971
3.464845448749997,-2.8488524356613274
-0.7438465642095261,1.8913253449995826
1.1435660921677286,0.872702096972271
3.238632812374415,0.28908776878363174
-1.311422487620935,2.730145125738718
-2.936737865287483,-3.249409445245609
1.179131675759481,-0.9641645474254019
3.3064510236723237,-1.0299063997708287
-2.878497202445162,0.4729494444461287
-0.16061965669074693,-2.593123257258509
0.599639921049268,-3.126892558260378
1.0968553096399531,2.6749889919798093
-2.580353263511934,-2.3663723081680113
-2.7276867611847293,0.8036005008462095
2.293517207277936,0.8180352965274178
3.408287576639484,-1.3208538443112625
3.181512773086185,1.1342627866794193
2.8108197432568125,-1.1516614362016033
2.926242868550556,1.253135567935537
-0.6293469834694635,-0.7064280135605877
0.8775444307091993,-1.2026932839824613
0.8505065291816754,0.6335186772098333
2.5724741665513484,0.7579436532415378
-3.409210671777465,-2.6566523813530307
2.5319662228266147,-2.733124701620356
-2.5864490336637593,-3.119935650067946
1.3101021265922435,2.633763172001658
3.352196567206744,1.3559511830506403
-0.7754876283279273,-2.8673070980925015
-0.9521726896154962,-2.7602731330673955
3.26237353177838,1.2294133354136885
1.3533292076482637,-1.3056330798154614
-2.975233908717623,2.8188864100529427
0.8387555691748647,2.5682439284245557
-2.746014702749898,-1.2361304301400735
0.8813532469944219,-2.6071111329683365
-2.5360566658032897,1.154002650252222
-0.5658987302124565,1.0824652025396766
1.5688543313995136,-1.2871379362221518
-3.075443957092925,3.355020658658215
-0.9316492305151057,-1.3100626878216775
-3.0002141589571587,1.4677668566566515
-2.167935934342532,-0.5804251166997532
-1.3616133996785085,3.6241274645052868
-2.949543902268281,-2.4442210768993404
0.4592827420747397,1.7732222330988099
1.0349586330701521,3.381756213990212
-0.9652495307483617,-3.3416611923303
-2.660775398186299,-3.081067001881942
-0.8054515028415743,-3.1126883582150437
-0.7741171101296337,-1.6019544064723992
-0.7130056353987879,-1.2767565410951607
0.4961202974301114,0.9841861140100804
0.9228852947504002,-0.3664465137670682
0.9644463544582368,3.0924373263949194
-1.0776320782162823,2.322395024070447
2.883012104479508,0.46841853879592443
3.09518775397474,-1.2766923819510474
2.3434788242201305,-1.0328591406286667
-3.590541722343551,3.190778520594972
0.8960381737603804,0.6719697199722855
2.5576885435759578,0.21104490001539125
-2.9081394101910107,3.154318140285216
0.4251206177846021,-0.8936946657903785
1.2158322494115774,1.0865106265180573
2.501200219371038,-3.0900471153006666
-2.9122796941431877,2.7987784919416647
3.154297484675355,-1.4553256666241559
-0.9427221075334803,1.772343844151526
-0.7000955795610082,-0.7958189481767022
0.7086884893435733,2.4844593024037906
2.6312549085675534,1.1473084835070584
-2.3201530003955373,2.953756354014945
2.9002513350929577,-1.3533781206177893
-2.286601602247614,-3.1482721787977606
-1.1657933351800782,2.2008070941278994
-2.8192434110403926,1.1358350605383056
-2.689936844846208,0.8924584651373868
3.074056079170555,-0.7588888019268333
-2.507599242479782,-2.3191928784707545
3.033508036558996,-2.970753576867083
-2.892570945943828,-0.6061578289774764
1.5410137722438704,-0.6314741693259069
2.1505906041300205,0.8514619667027171
1.3040082960353896,2.839339783209301
2.4653673260426285,2.5122051186317655
-2.4031840077757196,-2.8490801051166454
2.2849389364183743,2.8721525393256035
-0.9008831525593699,-0.7740060104344612
2.69033639106005,0.8073171076128132
-3.4893772992130168,-1.77913494693874
2.7120833442834713,-1.7137753882720586
2.860206257906191,2.4802226321615666
-2.8244663771323104,1.1747061125035325
-3.038730762449893,-0.21762355063066374
2.9949767062182224,0.8139712407501084
0.6729061155042435,2.975689484858415
-3.2484655998565115,-0.562470732942349
0.8755158061451003,3.3293501491054007
1.0568475922169456,-0.7770615052678144
-2.5810060531337915,3.1222067871609513
2.9991316949402114,-0.8265768970816455
2.002742617792855,-2.9079316994115687
-1.6438389942260299,2.51011320680214
0.5780445849958618,-0.8988980485496507
1.3174978159312596,-1.1054055204412363
2.5959676642202973,0.4966492650427758
2.1439357057815824,2.7630327253722036
-1.2685069682755539,2.3763826691705683
0.46356192485986547,0.7823112086028855
-1.834970826971402,-2.5710169648106915
-1.3139753681022595,0.9156183001763027
2.760964540280326,-1.1795448792489405
0.8841758570611787,-0.8737584753618911
0.3554241090831977,0.5888286932802244
2.9411775747867765,-2.415471964530863
-2.3790540807185434,-2.94854608232366
0.6438872043187298,0.8432464284372602
-3.0648734275565976,-0.7096129485813429
-0.5890996185029965,-2.4065633072290806
-2.684287794239111,-0.6836334597306026
-3.0779397064471965,-0.9968171680294385
2.8667653543756955,0.8023271407746623
2.824744492523447,2.6761242519804065
-0.4939193689054651,-0.8768265170904465
2.8345181890733517,2.855647186212068
2.212573996237613,0.655514808394454
1.4869198120891935,-2.7094449126643636
0.8547123378072903,-1.1043097031294218
1.1589654226779924,1.3023079915694094
0.37561314088544967,2.8377125500542664
-2.9387486949973214,-0.8860640053290596
2.888252104813245,-0.6096045415533851
-2.9709134551791845,0.9280740960132708
2.9437692753735463,0.8466112689261968
-2.8162044511135966,2.538991244468605
3.0890659771033513,2.5701207023911463
0.7696914254584649,1.2443411105493996
0.618178951603267,-1.1483759870267103
3.0844044567385738,-2.8950565257852414
2.756169985118305,0.8276801344545892
-2.851463593525153,2.338072686396803
-3.128655131615823,3.156622669676937
-2.314825687555835,-2.7641724719211425
-3.1220276147397503,-2.9741281702944318
1.3402005913132877,-2.8001502461669188
0.5779202846081959,1.1815109276466145
-1.618652215441409,0.5887302039263045
2.6876397064351636,-2.776619884914701
0.16971932784662466,-2.713547179458373
-1.8057701955403127,2.91339382169391
-0.43700023553049255,-0.7741276247859883
-1.61595822884994,-1.3920845571121137
-1.3740906950334562,0.9185391108346875
0.9097639771483391,2.9868064440407354
-2.6453227175471277,2.356133571329473
0.7353155039723998,-2.5773882029350927
-1.3156697814606186,-3.0299799350791914
-0.9699644330117665,1.1702089520179613
1.053467659180916,0.8456203951433865
2.7340011568072944,-1.1345405058623874
-1.447157285241387,0.35656774258286655
1.2008664475716933,2.267333587092093
2.895684823286615,-0.15243745312756973
-2.75668543663493,-3.0771532227713823
1.1955471349410596,-2.667520800760943
-0.5323020532248904,1.208879940765884
1.3403526399465433,0.8771158641985137
1.5826721506421748,-1.1049290667666996
-3.1934937636761185,-2.8070010946772777
0.9827760976747878,1.247760482651451
3.21340638662947,1.2739057613193037
0.9096032278137005,2.490583295100658
0.3610920449596233,-0.34928193288402315
-0.7496389109876119,0.6197855544458135
2.484059348729167,-0.8318351030770516
-2.564853106804963,-2.715618969029481
-1.067684270811857,1.2586589490414555
0.8356079886834679,-1.6024945468585934
-1.0456859611467146,-0.9680085826445544
-2.337382366122637,1.0517743807399984
2.950011572043442,-0.9347034620129365
-0.5363990195880783,-2.851302035536937
-0.69595293271689,-2.7594716301045614
-0.8182611599135019,2.2340230680521636
-2.3804067224007617,1.2507818880575057
2.4730649210422513,0.8002942270038775
2.65772509359118,-3.0385469073075515
2.5581637120259733,2.2866128980078937
2.0577113475333886,-2.364688138216426
1.3509352950580111,-1.246506844791852
-1.3601906770826568,-2.5083435214826197
-1.8827416547531148,1.2460583535779706
-2.9353871951074035,2.015351387112284
2.7595716334642324,-0.9156866061058369
0.6070568110988092,0.30093531352910174
-0.500618475603545,2.14115585990072
0.65432053861254,3.2075076946542307
-2.8520472763585327,-3.2532013416459273
1.3700384835101689,1.0857965794399886
-1.2259292172312994,-3.4293939972864638
2.9681589342352823,2.5811524921728712
-2.6916545282863984,-1.8333860101019315
-2.4894610941379898,-1.3550337050964705
-2.254754624140234,-0.1404160259811302
2.1871273470755233,2.328089265598979
3.045973757228523,1.0807838248952417
2.7819600954801866,-3.140980126655584
2.9220645268205074,-3.2346661582296394
-0.47823266071403675,-2.7615973855332374
-0.883169734369661,-2.6813633085602833
-2.2821585072566166,2.805969583904304
0.6431301484031144,2.566510558323335
1.434486735930214,0.9426863821020217
-0.7191929264152636,-3.1700366476520703
1.6884511861742462,0.8832017083611379
-0.9278829679400065,2.6226819021701178
3.0317906857290455,-2.465220239610137
3.1048820517826052,-1.5933375819336801
1.1540101272431835,2.5437775183216598
1.298822016296383,-3.4601068793277094
-2.475998768568734,-2.1333344959676324
3.005816927563845,2.359528710688465
2.596028865094146,2.825146811521154
1.2702118400992632,0.7563631496562713
1.1067673610129043,-1.1422441526814846
2.4708673051036985,0.7246674055852741
0.8119073847198126,-2.26742901228247
-0.6132118158353234,-1.1526892479070916
0.4979435239622052,-0.28929509923634444
-1.0522003113257574,-3.042303150143337
0.593215019501491,0.8510172336848789
1.019032234899773,-3.713162958243589
-2.705738862093654,1.3615220132170809
3.0840997195347497,-1.05246290118728
-1.6992309611185812,2.277362589625682
1.362399695855571,-3.252360438480884
1.0819309080900774,-1.123179414708424
-1.2291365473793894,2.4482090291683485
-0.9208767644640966,2.7660843893491482
-0.946808541013189,1.0813835532563398
3.172681205802584,3.2374485139957216
-3.0533903323921625,-2.6246066624854616
-2.6911352537877136,2.9310853026053407
3.267433663576313,0.2032461767260468
1.4317735135229026,-2.5702593196701122
0.440587660305082,-1.1960432636543779
3.087058693917901,-2.7582662363984483
0.7312737846402342,-1.0278114607612008
1.565846399337245,-0.8856555510004381
-2.7505706453851997,1.0340764950350758
0.6239195584364278,0.371398850106385
1.2837804369874417,1.3729376328531357
0.8409090549511055,-2.7643108569962704
-0.49646913292467215,1.2786559605017567
3.0797016429763486,1.2167863364061307
-1.9259995597934199,1.306680988382452
0.6248845105864922,2.0634045667869496
3.378415934976797,-0.5279761962939793
-2.8783057054622745,-1.1921286819061863
-0.8161856649171931,2.984398118337544
0.15461620557576408,-0.680349861682565
-3.158987991243053,1.5951702591069612
3.4020092206267494,0.9788517850563223
1.5689922691594773,3.4496926027195953
1.7872586141027202,2.7257254674471536
3.355498254807849,-2.6353734880368895
1.3833025174017406,2.083085842115997
-2.9826557689668625,2.5208830327312968
0.7054148183871071,2.9965342997319686
2.9883204486370576,2.9180762556962114
3.4923103186567386,-2.400096918059272
-1.4831181118772312,2.729619678149679
-0.7308172732398083,-0.6540218362751623
-1.0219149544171746,-0.7384472193973097
-2.9554700292249447,-0.8521496638489999
-2.611054225330911,-2.6252008066575776
-2.3942598793133767,-2.5442230762156974
0.17221383916666827,0.8345624127576408
-1.1976168451167393,-2.258956036689654
-0.7961141317126694,-1.185972710306494
-2.6179940425366888,2.80003651793591
-2.721636182374023,-2.223408816254014
-3.2739973072039392,-0.8143004069565185
-1.1760640396242974,-0.8037461560367448
2.7566817070556633,0.9288597811694849
-3.117114792912299,3.1838290353912515
2.651427761811289,-3.8456086503033715
0.9309168943889823,0.7185705675422305
2.9827768331862825,1.513651403267841
-2.161768943390462,-0.2701891549289819
-3.178903024947964,-1.2519591313548022
0.26430099636517596,3.2745838576064332
1.0523939796738029,-2.4916252957604583
-1.0290548710367573,2.033315770637899
-2.60556684551574,1.5073656552804482
1.14020610593928,-1.1102684440529493
0.5780818855448645,-1.9802944030801062
3.328014741724899,-2.788452679319354
-2.523984349797765,3.0139637894844875
-0.7444645047126108,1.101691033884002
-0.9765493560368683,-0.7147057814815156
0.752607818094787,-3.089167348957643
-3.5562457713304996,-2.012421532901065
-2.6829204148104835,-0.9665560479975371
-1.0945113078313353,0.5964747088747191
-0.6724334446849578,-1.1214808524693545
-0.9633299421318815,1.4220601283455172
-3.0015459636101607,3.0593734862155446
2.605639587480056,2.7894142992096533
2.842443089809588,-2.412715079951971
-2.692420771547623,0.8159719250895892
0.29287121344285383,-3.5423414262536737
-0.679875475695723,-1.295307712842758
-0.8800017359406261,-0.6004047532915916
2.4210533559760075,-3.409422031933121
2.3594402730946,3.075062799240541
-3.014415116218889,3.1433696816713836
-2.832102197962624,-0.5045914393989969
2.5887843004421627,-1.3522096440790712
1.036350474682321,2.1487559694242346
1.1670231460586253,0.9912724404610973
-2.660296281723062,-3.6126394975400538
-2.1517678141321084,2.734840689183733
2.7304144605657483,-0.39953487790750747
-3.267880577762718,0.5162439831881845
-1.4888671149779151,2.1626491204035765
-3.2710709113773713,2.7765814017519284
1.5701956119263603,-0.3841285373700099
2.77175568172569,0.9992895504472371
-1.2306735360175471,-3.072928155027339
-1.2121114673836966,0.618315705113478
-2.513317243500351,-2.74077683625852
1.60400715674898,-3.065978505551785
0.21246395255312828,-1.2836780341412566
0.6264275833795999,0.9831095735591243
-0.935917633956,-0.6788321417341463
3.0897639168733355,2.255231426740897
-2.485203392236904,1.2534937249166505
-3.1077549454602735,-3.370737061327225
3.0663048529449815,-3.3455494243683526
2.5063931524006193,0.9004638922742509
-1.0689233615488123,2.6778471866397062
-3.1112566277469766,2.2192184907082626
2.4207108528595764,3.309086475614008
-0.8317368435625965,1.0539264841238232
-2.9481927172652314,3.1592343068725968
1.2021935958139043,-0.9342967687905481
1.336307442748285,2.8673496465396626
-2.35496963483394,-1.5242628409967982
2.48105890263964,1.808982062068765
2.742318390141718,-2.930292154403469
2.818453740912411,-1.3610932650586856
0.26921350836009117,1.1559175463002154
-2.7740690333406963,3.4246141852128837
0.410092661108842,0.5251137471627982
0.8926316401291102,-0.5289648906091448
2.4912096979095244,3.015499606816175
1.1341366038379743,-0.9422484910169586
-1.3011019936840758,0.8622570545381621
-2.640619128366333,1.63541452141845
2.9353161559545202,2.214281784234871
-0.2881581541293533,-2.320987044103263
2.3103588434999858,-2.958155513316613
2.7567517190627937,-0.9101914409126833
-0.5858233125001483,1.6566001532647432
1.4948393221019778,-0.4105628192918342
-1.1929284147968204,1.0126384788311256
2.9503700411935467,0.8823300128793318
-0.950333345585905,2.9945702640830647
3.3789407156080213,-0.7283510147716531
2.453757796232224,-3.5745924496798023
3.252040243872568,-3.0898422048292673
-2.6743901356133724,3.5502562429971594
-2.689248678862891,-0.5891121417038162
-2.6416514819908827,-2.6574714747935597
-3.234383100188449,0.974784246008965
-0.8620727269855921,-2.196212560434027
-1.25142463322227,-1.626917829003695
3.1357008587694883,2.7443066423727145
-1.2476243825306137,0.45640576760289
-3.0723397513576782,2.6614147426805186
0.41823866221531597,-0.7558736970362824
-0.9777727134161635,2.784689223345701
-0.5040123018360576,0.9019776878189868
-1.1610424267860304,1.0407095055544595
-0.8382107339444211,2.1512515970009156
0.8094653422639912,2.7197342142622345
1.3178455640229603,-1.0137503358424027
3.134463078116189,-0.7265669880693962
-1.3263893392210304,2.960882779909451
-1.2945012955182005,-0.6332123439631903
3.0963894671198093,0.8425626817262771
3.1349988923607546,1.2065015024063896
-2.7710656393183126,-2.8053596074868046
-2.9781888598873025,1.3934741884953543
-2.6846157455040425,-1.0049007414212878
2.822687128921967,2.697899425533173
-2.6790043031547053,-0.8586302568609316
1.4329861413884724,-3.1007504361597
-2.9282904642467367,0.847991990653905
0.8740970624282808,2.9599537410549077
0.9108154592473615,3.3910312465746877
0.6234471646341028,-3.1293021476972585
1.3608734438110182,-2.479570551519861
-1.4982327438794443,2.0964945066418155
-1.55598758923928,2.7744716952804214
0.42777295487133493,2.7066367151497754
3.5013459719342976,-2.881589481607906
0.9548513386086065,0.7186320538217752
-2.1866284826211033,3.0502028568259494
-1.033371864822675,-2.3063868543164294
1.4424970418842447,2.6837836568748625
2.962755760383283,1.4675318590237922
1.1305532184321196,-2.7465573926756077
0.6055840772739196,1.4630925953645746
1.1153147226505198,-0.8084893537118261
-1.372134873379657,2.5234663750451127
-0.7373858979981228,-0.17876924165844285
3.095732929927395,-2.4601058370640643
-3.010528095289072,2.668285628443435
-0.5642366977822495,1.131405105296031
-2.499073670431992,0.895280862142902
-0.5192371759623418,3.570061065227808
-3.4215703587038995,1.5316724919296412
-2.799877564232299,3.076214623615089
-2.630892378298219,-3.026536489365966
-1.7665065491187122,1.1601203208447943
-2.554741083449599,-3.1721230743021525
-2.580813469649413,-3.120863514381379
3.1884830337951615,-2.7625668242441255
3.2031165134259996,-0.5693732787565192
0.5501981222647445,-0.9593340550054362
-2.385240061638711,-2.4053743525120908
-1.5133050486994617,0.3716163919227525
3.2196911043125787,2.8791764546145715
-1.1146751002295683,-0.9229015544712125
-0.5865182108339748,1.1014425169685653
0.3659869657384246,1.1828231980252304
-0.8649025398981975,2.7068646133621628
-0.6600321556878863,-2.357767158330907
-2.492805895266607,2.2721183862478758
-2.636751834370754,1.5228932310430576
-2.566374535162472,0.805545163078573
-2.376154034258614,-2.578991731882066
3.4163277238742387,-2.9739234136020687
2.2236820980143968,3.1158538995749114
-2.273745901759163,3.1477011263258414
0.5291375403346312,-0.49400886577353775
-0.6761594651594265,-0.917009455774015
2.180554050315855,-0.7687832120751847
1.1009167252455103,3.093064196234441
-2.25184136163593,-0.3269803499812274
-2.783578585578148,2.449992639590743
-2.6623334389205913,-0.3302642990869278
-2.657685769631218,1.2190021582756503
1.4179127320313234,0.20999987391275818
0.8271313258832172,3.217016952473239
-0.9723821819813873,-0.18437930933870145
2.122511577295787,1.4333896669935124
1.0076130425463907,-1.898056486778866
1.5045848295830238,-3.808677095821063
-3.180491379671954,3.097129730852846
2.883727021790787,-1.1807823420860968
-2.5792201384374307,-2.420371197517346
-3.0132077479421806,2.7223013737111623
2.9924719048920174,1.750143279592256
-2.8613341955637583,-2.614243955993304
0.0069379436610849735,-2.680669950385447
1.0715462727522571,0.6698314077636436
-2.555480032504435,-1.2460310505117134
0.6850855594328878,0.5842048090359212
-2.9027868358779174,1.3978103167449358
0.49168356714368283,-1.5924177440715122
-0.6940848584041079,-2.2722310668037746
2.835115550448734,2.3553378640368616
-1.5434802360589626,1.4724815136025649
-1.8282592334224232,-0.5293388004243272
0.6233787702092504,-3.239898859795317
-0.6423209956650242,2.7203868038015893
2.1911496577320246,-1.286221404804607
-2.406023477133328,-2.9585094051708647
0.9309634268020829,-2.9343661229736675
-0.7819674208812061,-3.154789392304685
-2.6935145638442313,-1.8796883979048797
3.2520073162969845,1.0067256705629888
2.711848772782355,-3.066283514875845
-2.7352877639559856,1.2213641696412405
-0.8132503971489056,-2.6226810388324817
0.40615806672983085,2.631744776154389
1.933725089210817,-0.9181733740309282
-1.217749585947905,1.164380899256477
0.285515342316007,1.0928361155981143
-2.47166476355701,2.6157867878058263
-2.938354162739517,3.162534800397984
-2.1580706686169977,-2.3544593098804936
2.8851185355119693,-3.2076812860488446
-0.810186644268063,-2.6964017119227797
-2.7746966196259546,-2.7393327403440506
2.9450325251785174,0.9655841462744517
0.9968323941530978,-1.790480234423972
-3.0222575481978335,3.349665196435965
0.9248017611580152,-0.25945380104586846
-1.178439961788123,-2.7897169300584856
3.109614504897383,0.7664261909883302
-3.065759103699374,3.0840855122682185
0.552976078017527,1.2325317620468312
1.3778934641708895,0.47654109978306763
-2.731448026658773,-0.41696505616816226
2.945772845785681,2.017655918332293
0.9183869786580546,1.0103603757949695
-3.129098928518139,-2.818482716591071
-0.6645392527958915,-0.8751061657069448
-2.9361180536566236,-2.9854368269425957
-2.2908342253198106,0.977288556132228
2.3601915955384163,0.9206441707135532
-2.5730361535546233,-0.8958062392872387
-3.041812004448652,2.7281201028804705
-0.637694372168489,-2.80447027821255
3.1440451676240095,-2.8699956635736066
0.659741067839456,2.095498029549006
-2.800646656836579,2.9955113850842054
-1.0184252729274617,0.8326041039558432
3.246343703679572,-0.6618895572575617
1.5685337100038341,-3.1720296467612874
2.0826415009539834,2.6857859027971895
2.9529894012734683,-0.5618674985984823
3.1578265833605625,0.6214326254727579
-2.728244999584557,3.0283587741261644
0.7955159305721006,2.117959989249324
-0.9983588654758957,-2.3392338935594834
-1.2719299949725908,-0.9116791196784613
-0.5335969884835546,-2.5975997705711302
3.1058104458729665,1.8865804425577883
-1.3938742532838813,2.377547176921853
2.8824647194499127,-2.3752055538239305
-0.5522193886146836,-1.053754839653436
-2.846249654900686,-2.0423118951966304
-0.8355555006116029,2.6683065749063246
3.1256914078225733,2.3481872756510485
2.4588987727187086,2.1416934560632135
-4.155909881081482,-0.7929058887493743
-1.0694302529618478,-0.6829572724345412
0.5273581610719704,0.6512476760332058
1.3387625475422593,0.6318195890727368
1.0282119527844067,-0.3801955691172781
-0.631952597050498,3.188587778413469
-1.2851812436215697,1.2152909875697158
-2.453882497180698,-2.5038334652527605
2.55232679149015,2.6498550452966625
-2.699699963106126,1.4312270345979459
-0.8659403883217316,-1.2870767059182757
3.019408302128092,-2.6318504996097185
-2.7979358806024504,-0.9706816346664054
-1.3177569802001565,-2.8454835375452117
1.1620526093914931,-1.255487545241609
1.0731992649934274,-3.060843713531101
-0.9776979795294125,-0.8128024035884631
3.1798268268420897,-2.8520113713931967
0.9526658503612215,-1.0217572999927695
1.6114447418327924,3.3062525110695975
-1.1505767738595853,0.6842208380725787
-2.4792349462034564,-2.44309293703435
0.8155344344143867,1.0412260611894795
-2.4364762398211823,-0.39085119564677523
-0.9525420544967835,2.5554029746772438
2.338355191905643,0.9035508560627914
-2.9718123603681694,-3.1716758920284063
-0.8376693098179605,-3.1388919310381027
2.9346634989987677,-0.9715342258824621
-0.931219143623908,0.5850042888503986
-1.4045035522068001,2.8045619050762065
-2.3673445596024782,-1.4248791149997788
0.6402680955741197,2.60829074007835
-0.588132652997665,2.84846444290099
2.970802500863385,1.4053101016871925
2.7333910097891057,2.829085577556849
-2.5501850314616674,-3.2291443534199877
-0.6448513541667409,-1.079605447053538
2.7640446468704525,1.288493530109011
-1.2791830516368692,3.0718587362159018
-2.512973594897744,-0.6778131670145792
0.3160531852725812,3.039770699574425
-1.6247000596143746,2.567842379823624
-2.949632135111409,3.4552211449551993
-0.614135622348642,-2.3722228202007365
0.3105679871777787,0.8321029668621268
-2.76245334120064,3.2390204734572277
-1.043384129416268,2.388044042712641
1.6381470640403448,3.0728404193893026
0.2107680828257746,-1.1180502167923037
-3.3549607674064648,-1.3134820429768472
0.9948893779254803,0.7028751519310356
2.468094036738975,-2.979042146314742
-2.870201821140867,2.900425883806433
1.043871223024439,3.06491337897105
1.1455255625478524,1.3589598354437042
-1.5205041700011157,-0.27180758409718975
-1.040561090763546,2.603233203626515
-3.235162575069411,2.942870240405457
2.1856303215409096,1.0537033287382378
2.200462127362144,-2.998901266690272
-2.727774731948858,-0.7095987349916297
-1.3873650744343262,1.9336999859487685
1.491025351204367,-2.2359037441909964
2.3580157316437824,2.651401486860624
0.3988659047815316,2.9027095615941803
-0.8768093202592654,-3.272404963216916
-0.791660595790703,3.072750648431664
2.3839582845899394,1.1851926613006387
-2.604054709312144,3.2207936045398853
0.7672278430544185,-2.9131547638631634
-2.4448940573805955,-2.5336637523365497
0.9886187128388282,-2.554756175885551
1.0137280395375559,-0.3274117898306788
-3.205550821669574,3.6955631556268265
3.3488805294072805,-3.5128814217167803
0.6858059352947705,1.1330510298377405
-3.0509323713939285,-0.4192346202861972
-2.6095386705667214,3.6101546543436407
-2.6246512373949495,1.5343579311888007
-2.411601924931432,-0.7011142803051893
2.456887435138564,-3.136631882713068
-2.190554337185743,0.8213589121760063
0.9188596839669091,1.5221064378918303
-2.5542007275506604,1.1041209195750108
1.062272083583757,-2.861739075504489
-3.0498042320289165,-2.59635022254192
1.0987038689745765,-1.5185533706779593
-0.8472184496881782,-0.47925860258224773
-2.8787968025320234,-0.7880027001536288
-0.38019477172787214,-0.7811169956543861
-2.971469053521097,-2.4321101088328825
-2.682978007068248,-0.7819673320038771
0.2349134084335804,0.7199348978786956
1.1660393994648786,-3.61619062885669
2.6006449957263915,0.6256957773456895
-1.5841814050320078,0.9004216322645383
-2.7468566383070714,-1.0389727032069787
-3.3608934721182693,1.329433755169301
-0.8087461028435899,-0.5952311454625968
-1.4065529527594838,-1.044511557791619
2.9035564570039183,0.42085605677075366
-1.6609262994229999,1.3343193464121248
1.2279838346603373,2.367517271848787
0.11128833394100404,-1.0765108372379277
2.7453882755763597,-1.1107295900125171
-1.1597039229821122,1.984386781466432
-1.1857506137189473,2.7220340456389063
0.5144697694074584,2.3366693307822537
-2.7685567135465186,1.4819131162617736
0.809931367531763,2.2002332348561984
0.29505654473430754,0.3556403326912309
3.393147563714471,0.34052219294797936
0.5683172653654212,2.474495078435675
-1.9083611748407563,2.112520034685883
2.7780277517460057,0.8083025888139486
-1.4194552205255655,2.5393586009109734
3.1480845417358863,-0.6723663634748607
-1.3868843332015,2.6149957296004303
3.169240128521406,-2.8603516565203275
-2.915247872210889,2.6062485414838865
-2.688640896851856,3.147418457670159
0.09667299906593178,2.4985982340904127
0.03190139415794228,1.9517940642601497
1.2366815065509524,-0.42123677528849945
0.9662256231201849,2.502766707095124
-0.9896916215161139,0.7959095911492615
-0.6941282898802739,-3.2127548046612264
-0.6867770319743242,-2.292477803790348
-2.8572453820367643,-0.8198713711771044
-3.6866802760897524,2.754109631068179
-0.8423353582816818,-2.1141883525647116
-2.6921161420159962,-3.0415544783167925
2.9230154056909474,-3.196918766149316
-1.1707301643269266,1.214127862094475
3.046528770223739,-0.9834757586244437
1.0669934230089166,1.1944350856039867
-2.389579550986436,-0.619682322345448
-0.9860193390283228,0.830110344529999
-3.325650983078508,2.9235110238292936
-2.4370861043579874,-2.824770583489344
2.7277536087704135,0.5090440845841497
-0.7813651400533601,1.2314284523010712
2.6296544854420176,2.4914964093614094
0.3619410288933143,2.5109182156259537
-0.7249757172992739,1.4759836677857348
-3.074824366731058,0.4036928021730948
1.1057930287766118,0.9245376467647708
-1.078236337032214,-1.1408022856522724
-0.7536968188695656,0.976542737610984
2.729846651320088,-2.8810839799749948
2.4631642647001035,-0.9198777229482771
-0.33264910926371194,-0.34684260323175636
-2.644387904900328,3.2145394080694136
3.377270957859639,0.9275025949483962
2.6099701994467455,2.41055338000641
2.387788882753878,0.8935751167800962
-2.9645487607756054,-0.5366748359063993
-1.3680015571503392,-3.5252193877613016
3.430778568684339,-1.148514260551165
-1.4501724809477738,1.3176062489446096
-2.714456799587421,-2.958154077555
-2.5093458748663506,1.4994795633197886
-3.103757235104711,2.45410027405475
-2.3670826157603417,3.5135934180405646
0.7857918869914344,0.2202634443332149
1.0046901289568706,1.1843991533637306
-1.2445344981155078,1.0665274600250088
-2.8154018423158376,2.513922740142014
-2.7890444808877484,1.1298580741900501
-3.004648711323139,-1.4226285451733063
-2.3027851802014982,1.5178559366618734
2.223683440827776,1.021840106872043
0.707574366319362,1.1043088832771044
-3.133431359583523,0.6821983008434902
-2.1868916206517297,-1.6505119142977767
0.7412573319910337,3.001090501465364
0.33878503091296147,1.1121007829414506
-2.639951278045364,2.083074587101192
2.294012576126652,2.7634859818351316
-1.3171067942488779,1.528718971366825
2.701262446214068,-2.650622098836224
-1.2384483611739885,0.8696641107378026
-2.4979921216217145,1.4533393213795742
2.5356641393220714,-3.119416909179652
-2.8650145797483386,2.5717234788347048
0.6298938876164947,-0.11509746072867452
2.7502606078596825,2.124465596048996
1.0339450901897538,3.0726280400243664
2.560745359885332,-3.0193640265672346
-1.2988055456460004,-0.8765634502632204
-2.7161971105082094,3.196632203955813
1.3826339773468737,1.4333842430792847
0.9765640799653028,-3.4528237363316405
0.9165307165940666,-0.9555105553819676
2.845256345590639,2.284877172892305
0.6041006866697741,0.9213988570257914
2.984597455993373,2.1408514275383563
-3.1040629283131973,1.233130675334527
-2.2146414026613157,-3.2187630877897617
-2.442033427001864,-0.005602573187325544
-0.932062854356631,3.1591778000351214
-2.3277745033832034,-0.6407578999983989
0.8603500524578693,1.381276060297395
-2.2816401335914054,-2.5756226560919173
2.3209104013084825,2.749416510046347
-0.7056048910127354,-3.1844606360920364
2.3924799272312574,0.9045761870571647
-1.5921235116418653,3.388854885710543
-0.8618939570696594,-0.47624385756595145
-0.774967946741378,-0.8928245724227044
3.0890057952800265,2.5235086848227035
-0.7028498444590167,3.1060367833329616
-1.115164228744648,2.6537446334392336
-0.7345671290382465,1.2214451792363048
0.3206711954010382,0.9252691669603444
-2.18136388547262,1.1836611109966746
3.2236178856856403,2.8648842889138266
-1.0687892524750178,-2.862242221772517
0.7504036710061918,0.8294228459852707
2.093532730548039,2.1678097163458228
2.902758306306916,-2.9525835466576056
-1.5067048852271017,3.0706551966493367
-3.0905071587124757,1.2824009225037882
-1.1523903960924664,-0.4546860714787847
-3.083123122698877,1.4792687557484323
-2.387726567893503,2.918662756768171
-1.4841484129259666,2.9925730708841236
1.0136267017194487,1.190101246748678
-2.6711227029297753,0.5904672967469188
1.4356335717149462,-2.7923100144539243
0.7824109326459314,2.38822976179565
-1.283765509443293,2.896386168531666
0.8147012790034478,1.0945799710516015
2.931201612494494,-0.3544247992734027
1.6406510318733556,-2.8179765311388745
2.8493038898754435,2.0420189781279108
1.062034647032715,1.3439364479315312
-2.8592415963974047,2.9253691105516153
-2.9377282016719195,-1.1750692196005137
3.274678495069787,-3.138353127532098
-1.338368535183676,-2.7944676305679677
1.2493591202951164,-2.9993823596459324
3.128174959959628,0.3626576034776699
-0.5044842659351314,-3.3015611634752906
1.1890269684053538,-2.928928087082122
2.872589753042001,0.6399453714591775
-2.6968914708368388,-1.9335977586746584
1.5312628880016028,-3.0808380307834087
1.4365022980821898,-0.9206161561764294
-3.0105453713371015,-3.2368313775829605
1.4465081388816194,-0.7888253515848775
2.8880671844783623,-2.6090158485085815
-2.594444862663206,1.0754915947727195
-0.9838712016912972,1.5864424754582673
-0.811439981448721,2.517914364247937
0.9354455773520476,-0.3882452459302002
0.6729591965792558,-1.1629191967200534
-3.348018524804402,1.3105792183904652
2.452427043577327,-1.486992557545265
1.0815355322486877,1.3502512896688514
-2.847920472573697,-1.053363821256599
0.7031581534290962,3.222888727246594
-1.077272975215692,2.262663331552761
0.8825281605056132,0.9347765136598717
-3.04950415744838,1.26801027835142
2.841780052711407,-2.2832721244878575
0.8480769194294809,1.2040445207902117
1.3471696069476,1.1428690850697152
2.7414310147974414,0.8604090459899688
-1.627955129243633,0.7654550435754667
1.3311057094662284,0.8899231783934374
2.6302095814760156,0.9504199383317335
-1.1911379291439137,-0.6653190983256184
0.9403475721534096,2.4821276482726056
-1.1806115633070626,-0.8904245278152323
0.8139779661166102,-3.47391890272893
1.5367654131715967,0.8592125631834947
-0.9961505946176964,-2.296784311384423
-2.93877613272693,2.3416682067372503
-2.566955769012789,-0.392402790962984
0.6658017464472532,-1.5870758070675486
1.120869080896606,1.3572674727227487
2.623347844508763,-0.6011456289442215
3.3107819119089874,2.8891586654398393
-2.6730670574423034,-0.8023243962163698
0.855591531027665,2.7200339950239547
-2.732690607809456,-0.5429143577461738
2.833364287648497,2.650494025047633
-2.998756724538308,-3.412253425251326
-1.5236924784949937,0.93972185715917
3.2765861508914096,-0.47793225048038873
-2.547792486297709,-3.698013668104181
0.45546077957095177,2.877212508262054
1.553838519343166,2.0980051585968247
1.1170548834860754,2.964441168135187
-1.1191259714418398,1.2157143008406097
0.4623716840301017,1.6373173282608111
-2.9463237901371064,1.20229403511452
0.8682874252974535,0.6133579486156725
-2.9836890368875957,2.641739258695845
-0.5042278389695876,3.0126212988265504
-2.7851576799301982,0.6764509111251752
-1.8547269600612968,-0.7397370182767158
2.775539701126862,-0.9271434832422762
-1.3446860775970293,0.5404647156888529
0.9060030532290377,2.60085569713881
-0.8533859218276755,1.4298418528967418
0.5638274018556522,1.2274034452445248
-2.5375024419357195,3.088287656551947
-0.7129456468156073,3.0772503342450994
0.41690550885422856,1.5669662527773855
-0.8890632580014738,-2.446477281414026
-2.4787606496276084,-1.153205600721182
2.6427174766484764,2.9152084798263744
-2.9180325058912104,2.832714569006437
0.7524373008779903,2.695535084267791
0.8628300635616516,-2.8312735984594477
1.214463377388805,0.5322725249481608
2.33228405155286,2.798113541019589
-2.124341940990359,-0.5030277728901801
0.6732678461536035,-1.153356595364701
1.2052186600332702,-2.4408331342258016
-2.8724372909659883,1.1686800084123183
-0.7778832315325671,3.074014166210171
-0.987765039476115,1.1340368605252218
2.215289891669954,-3.0833204014764584
-2.905031554033519,3.3799381457901814
-2.0653297928911436,0.1371994288864042
0.47157897652989395,2.607899717684888
-2.4213946027294178,-2.596255742370463
-2.4824591240215717,1.0860101074259125
2.67208740832663,-2.7030737074098883
-1.4315243730125151,-2.588817503397217
3.303123452175926,-2.918605808848998
-1.3908310892220381,1.378600879984208
1.137126346847373,1.4081554241129695
3.0825874440222294,-0.33475662620001134
0.7823569761367437,1.1119187375064847
2.879545664793127,-2.9700901995287072
-0.42324910046700354,3.0271606475028205
-2.2805325824853404,-2.938359864624618
-2.0214299841698367,-0.8317990287283805
1.8116011101069498,2.7918599732885836
-2.1242556840643703,1.9885420687495632
0.901584756989576,-2.8892623671687203
0.9423999904627138,3.427048089471038
-3.176934081892648,0.9294446767153693
-0.9408008951966962,1.5078287141568123
0.03311145272445214,2.6339164539663074
-2.6270775903669468,3.7622237418693367
1.3342490663169957,-1.203129936421544
0.7738980328676067,-0.570608467332787
-3.2151336188692543,2.7633266306878004
-2.9469748109377085,1.2322534383369912
-3.1033519065338826,3.030427273983881
-1.8571392734152592,-0.48676414541559704
1.5050881837181735,-3.055366519954435
-0.7903366902102539,0.7400305749078945
-0.808063557226974,-3.2038218056390653
-0.89671325216279,3.075344264136877
3.506027858383438,-2.750809021657816
1.2254438704730655,-1.445284803663323
2.7368377288052743,2.5563936789372814
-2.5956404831911435,-1.0868375145262752
3.490453571746588,-3.4600595031327255
2.6985227670756147,-2.999947513132568
0.29261145495855645,0.5966004334221614
-1.4494323122653863,-2.3901297996003006
-2.753656996914751,-0.6585898414201724
3.1796036469270446,0.5308392724061634
-2.245438659710441,-1.0670458661506395
-0.5845894081482276,-2.8459043604645067
-2.9701990027642355,1.2167599267255842
-3.228385204156641,3.215520741574571
2.8291285760862874,-0.7873146679671483
-2.94065356822323,2.724431103313115
1.3369775720229558,-2.5875221757681772
-0.5195925790397963,0.588525788708635
0.5373586713714,0.7868843622289975
-0.8686790809837485,0.8854103954493495
3.2536205990759357,-1.3342644304009366
2.9784269318148264,0.6265579701512788
1.0174437678718184,1.660739487460641
-1.3160233628630174,-1.3383828891202567
-0.7333714516152217,-2.4669375865244074
-1.6407818055872239,-2.0268754932680437
-1.2000452488639555,0.8859102678193737
0.34465712204682153,-3.1318037011759667
2.467249314061836,0.7451224838697202
-3.033398181547586,1.164224944999086
3.0040951064192187,3.011072423293721
1.2133971482046546,-1.1761895682565457
1.4216806148983852,-2.8249495444717025
1.5476355654238427,-3.063485739850381
-2.9315462549441516,2.0716142770639516
-2.347310758404481,-2.7868138165618377
1.0358471914121725,-0.7082596209011641
1.0197381394010576,-2.916518476301421
-0.8376532758382323,-0.5603770840406731
-0.5722026139470077,3.085844417728009
0.792090231866751,-0.58808416728013
1.5081265452376096,-2.697823583873315
3.1897610937508776,2.9560151610299323
-2.6926161120017498,-2.9020421134433323
0.26981435608096255,-3.183881411546672
-2.7763619055335944,1.0198813204687585
2.970835844566355,2.6029922760428903
-1.034828370239436,2.2549318374505334
0.6605255295735738,1.0059409129198051
4.050896345674024,-0.8531183962343457
2.741740055260864,-2.873433586865445
1.4130986229205857,2.2724607366899354
2.2410497037035952,-2.217594378598202
3.0399781661280874,-1.2242188784855508
-1.8535994087797747,-3.1985762842820358
-3.301377870501456,-3.0932029835706767
1.2445470950546706,0.9198037724118309
-3.326229760930436,0.4188160143129099
-1.1164878860042817,0.9617504931740811
2.4127817910543885,3.0181612773644146
-2.8025664654789493,-0.8686631437194213
-2.762364717980145,0.7558329909401983
3.016151516338931,-1.234609793450027
3.005222506369464,2.3163959793266744
-0.28495594378868633,-3.0870116132617067
-2.5265987425544627,-2.8392669768690615
0.9610146749809584,-0.5195553341269666
-2.7144856882541744,-3.2457227790000633
2.7039927948055675,1.0473709173058077
0.9875138890140405,-1.2661798242948916
3.422098643758822,-2.8889742755975494
3.4865834016095403,2.013461360090781
0.36298304447445057,-3.2258830110671326
1.4099385670823548,-3.7470681935294086
-1.2050314623065288,-0.8665649397382175
3.50306275792693,-2.4732509806098553
3.4092250429831084,-2.7140619631095237
-0.6116349821330225,0.6461747394607906
0.9519915247225988,3.532852487092591
2.007902360017734,-2.8930028337523415
2.9108094543842986,-3.1951183353158394
-2.4157776604546695,-1.1169035312893467
3.242333506743028,-3.094409520458204
1.0490400156083814,-1.3482185684686987
2.6034180573847077,-2.5824027432398826
2.8239985397571026,-3.0559868856395274
-2.6202097622167777,-2.590880238787702
1.2159899137427352,2.508558513707636
-2.706110319083776,-0.5262972777669914
3.028507489470443,0.18738744375239103
0.8887364184549023,-3.18969105110234
2.678071592719636,2.3303191595859274
-0.6813029619542335,1.4775683127965007
2.7363578562617517,2.5606334647926468
-0.9244051997054678,1.6485833133505048
-2.0440372676636303,1.2034554798708232
0.9358369601144649,-1.058331561950916
3.7101616516679554,-3.855270467831703
2.6172159905207613,0.9209397808581834
1.0737573327330667,0.6226683324462693
0.6133092496587594,2.06155291368391
-3.0080330080634803,2.821487302989165
-2.4414660608477474,3.1746205321801826
1.467923186777166,-2.972845504042158
1.3223818543155235,-3.063457655367445
0.999853324018317,-0.973787565874223
3.1702798523258164,-3.3346193790422385
1.5608711339682366,-2.545413975186967
3.148725552917753,-1.1304523219959213
-2.6009307957223897,-2.9988128574094812
2.525793298672034,0.8595836630867739
1.3549734953077504,-0.4207372991468838
3.0258327628772586,-3.3110717933665357
-0.9314947973821974,-1.0197274851464266
3.165673274499085,-3.050534889937157
2.572365653408908,-0.5201712283714723
1.2928887129668631,1.1155938476790197
2.3745296048859874,0.8419844623252493
0.9410701930422164,-1.5689499847542592
-2.236199889847977,-1.0478033475698525
0.5697498644500913,0.5712073372196393
0.04827974143656892,3.277365810604042
-0.5941938145765716,-0.8390734468912823
-2.655203569567169,2.746762967194769
0.3805219101714567,2.710597105584688
-2.564468676071543,-2.464354969233142
1.2466156163734732,-3.410271752959178
-3.222870166061203,2.3470939428644875
-2.3388295394116527,1.554105144850748
-1.4317132713966538,-0.7610704664163455
-2.9516187206463322,1.8962244409130444
2.685623323208365,-1.6433050483637386
1.3320935532178164,-2.486532181496511
-2.6372407742814934,-0.5861613407062505
-1.1779483549060135,-0.7478258611126465
-1.2358787212708855,2.817126335374734
-0.8203647333255643,-0.38575383629665067
-3.188374412451713,2.4949263281977903
-1.3508686667788012,3.154666952576003
1.6837160115322083,2.6216898737499648
4.099294799237362,-0.8430999441550971
0.6667464681207865,-0.642506883183232
-0.9238125045875876,-3.7038353650039517
0.6534752415080355,-2.5369869801285665
-2.7127753955391403,-1.5320516684436813
0.6643677626139798,1.4134531325971043
-1.4169843550486303,2.48398563474789
2.524990808214656,0.8937395855513717
2.5579187572529607,-1.552924615625392
1.1698114566100961,-0.6078617098981329
2.70867588051932,-1.3112878173352287
1.4842901360625997,-0.8960350568762203
0.9077290617746601,-2.6644358891645936
-2.4425956773834243,-2.227367131475689
-2.800032767841206,-2.5868660612370844
3.709553828045591,-2.860113337730877
3.097632329700835,-0.9865803877533738
2.4304908231669637,2.730960700856755
1.2208072477191785,-3.1059174850087516
-3.320600860864776,1.3422352541945732
-1.0534927513656038,-2.5638642397704365
0.8108729948362482,2.5656485298410816
3.0703361205818274,-0.6277259115017221
1.009108934034056,2.3906646027646272
0.7521826738888157,-0.775334185566133
0.36877316856271647,2.802006093398263
0.9088963889209408,0.5860743982303953
2.573664911736794,2.5923829350064653
1.1822581345506729,0.5437387677659782
3.124429079089257,0.8337565727737208
2.571637807804482,1.1135346302804203
-1.2312985658584337,2.7064722151181613
2.5781589563882057,2.453035037482588
3.6525196824437858,-2.24604167293941
2.929732617381901,-0.5997025810858979
1.1433980808130553,0.5712560493095507
-3.4424560428537063,1.204577576915421
3.7428290122743797,0.744579414376424
2.387101244321559,-0.9269793360439558
3.1034790899485896,2.4105616209714404
2.844055744644437,1.5672426658933485
-2.6514334135181317,0.8847916797320245
3.078537225951923,2.6416645099777125
3.4187123322529946,2.3467318456391526
-3.289167808393325,-1.1177735957841255
-3.61874213631849,-0.733657418489081
1.6110615802720671,-0.7138205699592001
3.5027030464535702,-0.3354108620712126
-0.9718725164648335,0.6813883186961369
-1.6127897927990251,0.22418261017191607
-0.4708434639643245,1.0959693907276509
3.7524220375040356,-0.9036652902140736
2.7479883162594576,-0.8943165074123945
1.486341468950451,3.3518528795894746
-0.6055356739484428,-2.7025053197566176
-2.8847903922274547,-3.3257957559366735
-1.8403524505448894,-1.7495077456777266
-2.8826607627407808,-0.6949081781800678
-0.477342025394305,0.99330322679029
2.7543885740595164,2.45867120614059
1.0680796250458104,2.2766274167105163
-1.0916610125230324,1.431236489981749
-2.227147818157666,-2.6827713535197746
0.6525905152164436,-0.7099340339403152
-3.1226855081482716,-0.7101560080433312
-2.4119802878026104,0.9770089912715767
-2.572366400163549,-0.7252075162481657
3.156325391569513,-0.18053219221370329
1.282715865056029,-2.8486882063171115
1.2747994234386963,2.4546333564774927
2.713161904843711,1.458687027606609
-2.4134602272817074,0.93073667532659
2.403634052091497,1.351478068285135
-2.927005118405942,-2.55748896239071
1.5574151588730278,-0.29068516592282706
-2.161260187418865,-1.0062199129814107
-2.291676271507353,-0.13159097996094676
-1.629963720021983,-2.930901780462343
-0.7032948065936213,-1.191320294213995
0.8402162792333647,-2.6880981388388103
2.74561864869554,1.0434636529235723
2.7661469146406694,3.249697937866118
0.5019734196198783,-0.6565793853630234
2.554943787045113,-0.6949990622897891
2.1300336726251685,-2.8366227580677896
-2.693466775356589,3.013882426168561
1.3361896759904834,-0.8882504577091329
0.6168906689831134,2.981961692162982
-1.523559320930919,-1.0839969356614514
-2.3541740897201207,-1.1479815641575721
-1.056207984088694,-2.8312724107737477
1.0529796658256445,0.45470942806173725
0.5121084571100498,1.2057549578055133
-1.1189143511226511,1.0384970423495143
-1.7411889348087717,1.412270377158326
-0.6506055172746329,-3.4274177818792975
3.125255649309619,-2.925883866977703
-2.994823387123101,2.621457621192869
0.4953475249681427,0.46822983009285163
-1.1574334442314989,-3.1947546030342333
2.062310580572892,2.5679580098912527
2.8189801162928565,-3.252095747296861
3.296845323081843,-1.3655269406498032
-1.2869468978171668,-2.487911965071919
1.661079642697325,-1.379200945480932
-2.3968916927400223,1.5155438875444613
-1.2292718492753574,2.366226387631006
-3.245371335744006,3.3111467677935593
-0.6491966379505325,-2.817486569231212
1.006001866700074,-2.7577246730583207
-0.6369834140798306,-3.3853553163734658
-1.1482492524748598,-1.2561724202976707
-2.336189465400864,1.4792560140204638
1.214730692096964,-3.3556732428005236
1.2717529072887714,-1.3446722050462385
-0.5545842198920325,-2.5527155348187565
2.4536850933453738,2.139842397924998
2.2850373421786316,2.5187447489112973
-2.7480217543688212,-2.373003524957235
1.7152232274468455,-3.145317349192108
2.574382994649368,-1.4545604725921966
-2.994324974965483,2.7275476585562846
-2.3123299339895,-2.546109888535148
1.1332585384004759,-3.198779034096811
3.0774165650293313,-1.3461111308745106
0.7949029066598273,-1.186801453286438
-1.5066514835966307,1.4021627423552128
2.357174742931577,2.6359820742626248
-1.0436933741583714,2.7770929951803938
-1.0257689757405752,2.408287178902768
-1.4503933878298967,1.5220870213491178
1.1625596329366366,0.8883967875348666
2.3058269775609816,2.855904131925079
0.8594305353484175,2.1969253819368757
-0.43048053981528916,2.9295497992279698
1.7524574560941732,1.9242807823859682
-2.492065347379991,-2.574832731347829
-0.9353091628935084,1.0452923962629335
-2.47184241373178,-0.26811306662677364
-1.3017425395094115,2.769101538426009
-2.92366321175025,-1.986168640752115
1.258825365614252,1.2137559448909743
-3.1885749935326886,1.666074786511803
-0.23069955732595257,-2.6009372180099333
-0.7446253741311549,-0.8339375613881356
-1.3874920493421932,-2.5121217966432154
-0.36907154011383064,-2.776341584720993
-2.542319164586005,-2.6724911713669344
-0.9858448327475706,0.6516203138177601
2.744483919975682,2.1247940975293393
1.947340360103257,-2.8781012257820833
0.7140055300079892,-3.168848007281376
-1.1105902493072581,-1.2172974332459776
-1.5795460005180957,0.9776994691431738
-2.5736933256588865,-0.7598875740666893
-0.9878306102677886,-0.7982408602610986
0.9151399752100001,2.9438306636065183
0.9086011909954189,-1.7120704841778205
-0.9443437357946688,-0.5400368342836285
0.8227078340659709,0.6052013009005944
0.9194131929912068,2.0814947729261872
0.8879876055471371,0.6383766192579448
2.630435408823123,0.3590688743827858
1.0633734763440654,2.874075462890181
-1.3448861055263093,-0.5338764299992845
2.9305905835760586,0.9245741434569145
0.3080383108689086,2.30645594260269
-3.1380524193424018,2.6710211639471346
-1.3441507078170964,1.3585180418938867
3.0880850785015688,-3.008209525963391
3.2596923885926277,-1.1504447762355294
3.256017243504752,-0.14114413739601328
2.902725302149939,2.1171967143000012
0.531255226197574,2.525387052535064
2.8919389301284193,0.6196307523909369
2.784249436713624,2.8900119263298936
-1.2059019800967206,1.587247540839651
3.0138248520363944,-2.749315855780701
-2.5023229212042035,2.7795961556140427
3.0575516212120086,1.1744751176001875
-3.1289488473573117,0.6819722904329223
2.8359793834836564,-0.22499579764663344
2.7495242345574207,-0.6693409212424017
-0.7862496130115113,-3.1747684507958533
-2.74814330741581,2.6050985532407136
-2.860295593166836,-2.798440454413308
2.7189187324313693,0.6275709345463303
-0.6799466183255356,-2.3217281697861942
-0.6708615574150504,-2.7581650473763184
2.6466628159104197,2.8726195441392264
-2.6116679351712455,1.1424640558093957
-0.6521042007812887,-3.774361424310241
-2.4101874878162355,1.1347319403091898
1.2878561967217501,-2.6964747176109434
1.4417224732127658,-0.7307199883420247
2.2225613079739026,3.06847385241973
1.438675294723773,0.13972136575496463
-0.42256657908735756,-0.22964279666495305
2.5595087565707844,2.4266576871311565
0.7937976859757623,-1.0000646977661463
-1.189549128505574,-3.1163507137450273
-0.6442498913459208,1.5591235490952329
-2.782491593259538,-0.49354335379778735
3.405756670041153,2.2687668144356063
0.7146189945485599,-0.34653216479817883
3.205048361186402,2.357509312457506
2.4462618784292047,-2.835634082605504
0.8853016127389164,-0.8109752778041752
2.87375451160384,-2.935937965871703
1.5799940211065102,-1.3544597018677411
2.5091440480813363,-2.1762793701411383
2.538493887269702,0.8515789330110863
-2.6856042005902263,-2.1537666073105792
-0.7714483887762353,0.9613258067596658
-2.3386202849829174,-0.32838615134272486
3.005202798174584,0.30157582032240116
-0.3809556360348079,2.821278769789296
2.6068484349101904,-0.8314357958826339
2.8541222280672858,-0.29589684439981007
0.45243550863674986,2.955544991056998
-0.5713468784671708,-0.3256352514806961
1.1668263246996065,1.6349153177943785
2.54297760762737,3.1644004272818527
-1.475601573981108,3.303166275024399
3.122441809782869,-3.192092187999324
2.7175548416431288,2.0519742867439787
0.9073420894248851,2.696201316753044
-2.7100856258870754,1.0075932926383604
-3.2275622552365006,2.7911857439499217
-2.681320387137101,-2.0786229644167844
3.1476980859171673,-2.834558495702946
-0.9215429815518736,2.4032163177649783
-2.7771244605036554,2.9230673805728404
1.6826087153051188,-2.8005541384342156
1.3593439891582895,-2.72065074310127
-0.6095031488298478,-2.6281900423072595
2.7018017914430668,-0.957597479324998
2.6366479549786654,1.2147830454990642
-2.5271483550062332,2.518511848041326
2.769058121743649,-2.758924287012914
-2.8507886569552237,2.7299724886607315
-1.8860647771959949,-1.6143071966758846
3.0008309797913086,1.907674583466107
0.41485449112561984,2.715856953567209
-0.8848495067448647,-1.2143808899569615
0.6553264094900649,3.0764189652282474
-0.6163200516494006,-1.1664978473771008
-1.0448355931017164,0.484193840808257
3.074644818667443,1.4639482221467046
0.9987562440145284,-1.1501277486421964
0.7478244347318586,2.5599613592202197
0.5254677568554249,-3.024093549238856
-1.0622944503045049,-0.7534591947893274
0.4716439181982729,2.5521104571926827
-2.861119463853071,-2.3623959713803657
-1.4302613501117265,-2.1940629288166815
0.8319271149439083,-2.2589882121890756
3.1569712474614597,-0.8766418773941033
1.6739566173159477,-2.960640745818703
0.5595854266196445,0.6817365786169983
-2.472309296479638,-2.485558964963904
-3.0255422520256525,-3.0616412024818023
0.8051454520188837,-2.271925000316569
0.08285031089238916,2.4300136361906053
1.2081825252742584,-0.6861768381601814
0.7183811268020874,-3.2409938365618003
-2.866092372025433,1.5832548229571177
2.3597200706509875,0.8604741225087338
1.1920392102259025,2.7077847867201674
0.6844249176066093,2.3748434483563186
-0.8868297430379408,-0.2725072566648306
2.4984704274614526,-1.5073716239788726
-0.7672039352396071,-0.8536526552131006
0.9503939408540161,-1.0691091892085114
-0.969955614567745,-3.1286425117703778
3.144416656939811,-3.4151025687090892
-1.0927695781956392,-0.765069464375325
-2.535682126178599,-2.069564877590477
2.690567170608465,-3.2317914199245465
-0.3054888864812202,-0.7180399674905468
3.2791411245522073,-1.360655981882273
-0.6046797929833235,-2.2841219945908744
-2.95305285036163,2.5060843544671734
-2.923409167313875,-0.5452097819271245
1.5457271552459257,-2.9645237914408233
3.237890350388955,-2.881799302758053
-1.3700137812196727,-0.675873309735822
0.04866499089056578,2.8158352416782737
0.8590325815690643,3.2544483157596096
-3.202391834535621,0.6686860473280504
3.179742940071509,-3.050566277989985
2.8224849098164677,2.4953485078660216
-3.232690045490374,2.1961863360625484
-0.910311790596032,1.635265620867446
-2.609346396958647,-2.9352834987816165
2.4844753240279953,0.6668971162874938
0.5400457425284872,0.856423483391781
1.173327277356975,2.8019756521469397
-3.1418836935931203,-1.4067199716676653
2.7355116404747704,2.277955421512531
2.066337938358608,0.7397487942228137
-0.8634122229599714,-1.2963602371068224
3.4939496937912233,-0.718823226252428
2.2617060706039522,-1.042779422235538
1.1927654028801624,-1.453244481438882
-0.43039781774260794,0.8749914114471705
0.9499381553339756,2.2481702338578766
0.7629117154423861,2.3456072278010107
-1.1745246087129506,-0.7126585675818529
-2.951503654016452,2.6759250279076285
2.8909280545653115,-2.8207172177259356
-3.033528031846704,-2.89091059636634
-1.1874346652623986,0.7202102970174937
-2.539478976376513,-0.5091529902333477
0.7342310879647432,-3.044258207789877
-0.6635485833982762,-3.1065126183731078
-0.9454230651743465,-2.8198415711118208
3.2018222509762158,-0.9706831481449804
-3.4173792927645072,1.0106684455642931
3.010499252703203,-0.5756747895797527
-3.0458476837581907,1.1538648129231073
-1.8989228573333323,-0.654907157920897
-2.9746683592061256,-0.9118553973306947
0.9903505860971328,-0.7619763441623985
2.996041520847196,-1.056351785093941
0.9250399101352264,3.1255698543962733
-3.0812633580563316,3.1358921063958625
-1.4828848676301871,1.9773723764312832
-0.9000320376459073,-0.5684771119524221
2.4746763121490103,2.996195782510693
-3.1097389216617657,-0.19818962865207718
-1.3814347412318881,0.41166355599824683
3.6616608124676944,2.753333826137054
1.9854436663661192,-0.9229877496029014
-0.9959863093382322,-3.212572149534779
3.056417898738985,3.1633249343534353
-3.009149696613728,-2.627908419002183
-1.6140171866820114,-1.594274951147401
-1.1551682198195912,-1.7888461575602113
-2.8818812228445374,-1.0711988861672623
-0.8293884234564777,0.9995205635055343
3.3146970999665584,0.6068978266343247
2.7775357132498577,-1.5118076249595955
3.0969639554895125,-3.266495592880229
-3.1089107303031116,-3.0399172530694316
0.7837910230635329,-0.8432169490839668
-0.8857205564824326,-2.0516748655245025
-2.998638991539017,-1.6735616445100234
0.8289333467936334,3.4181121892782267
2.8713299680916564,-2.4016403328550786
-2.7172263584215433,3.334897483334689
0.9899922632033176,2.2757828048829163
2.368117963300106,2.8337275216057294
-1.218324934221053,-2.617756428639384
-1.220295706186944,-3.208399557505126
2.9284307272135117,-1.2802807480021243
-2.5842498922233057,2.709358536548857
-0.8361852253368989,1.291301773387106
0.6494272609322728,-2.9096968190981576
1.5406435642895158,-2.430299316354653
-3.1597500084827703,3.1270953555784557
3.1888318285504247,1.383962728865453
-0.9540120533319655,-2.7890021984184044
0.7705706316167494,0.6651074559849323
2.6869465759818842,-1.0652265793353328
1.0087041751943,-3.1706145826581658
-0.886486027241234,2.8074140071604727
1.4343053150750535,-0.9158056071170466
-2.946424231490677,3.502828968197251
1.0572069983975358,-0.8544013945754543
-0.8100270082306578,-0.9755219443971724
-2.8628504671160098,3.0663124896366285
0.4078163439310153,3.0190544588924544
-1.3220140872278923,-0.8631360131495701
2.5271856372313684,0.4204639505540222
-2.9793037937703795,1.4539655276517376
-2.272276431942016,1.2376574836883887
-1.3003666617205922,2.787531648517128
-1.889408218074806,-3.062996247832142
-1.0604449753064877,1.4377007969542295
-1.7563920597728582,2.533972903095363
2.820963923683636,1.2170551261782243
-2.694016087413191,0.3172464125525047
-0.6688155557284277,-0.9732051697955952
-0.7970975492948625,2.7242393133267973
2.6852503594820187,1.016506442618076
-3.5037617109039316,3.099524088065786
1.1912991444437273,-0.7258426307515315
-2.9881612198491685,-1.4632733184032483
-0.4981585079460927,-2.0030670111020124
0.331035730111319,-3.0101721250242286
-0.4525083075655151,-3.147204771823079
1.100842692779603,-1.353213049915681
1.0013823846261893,-2.6299017374674962
1.5863277745161624,-1.218521364936698
0.41722471878181505,3.179587216872817
0.8152981794051011,-3.0268398471482048
-1.2220979038007052,3.248513346293881
3.1205245991933492,-3.3709873749385553
-2.8863380509207466,2.864393326481368
-2.054162302957893,2.271414239955941
-1.2643067688803598,-2.5253218098681907
-0.849803362132061,-1.2270821701585193
3.36479533679659,-2.580984540564374
-1.1175987709626134,2.4044890020499126
2.310600717816245,2.796014061792757
0.19235728855571133,-1.0390438637602948
3.3224877938295423,0.9877753976365412
-1.319232844263529,2.620231857819072
2.5857396271047777,1.2780364901160355
-0.8493621061745048,-2.8434164059381937
-2.0504575314981626,1.1381003100558362
-2.677576093400872,-0.8498745750272244
2.9249575219160144,0.3026307370952873
-2.3977746219959366,-0.27569308487541994
2.68372867139868,-2.9501836809749453
-0.22749058622760338,1.1145978347060832
-0.7037787085888719,-2.877739482446187
2.6840835629788335,-0.8700153240036237
-1.6588929004564796,0.9572126590989819
3.010261599213915,-0.7798331120834353
0.6317084701774093,1.5371371082273495
0.9828476684861156,-1.270166865713165
2.698694100765584,-0.7126981098411217
-1.024463178355264,-2.9432697626202398
2.913205611590507,2.5790451195129775
-0.6860972459637478,-3.5120889808150313
1.2974984143040371,-0.6393765803597816
-1.4767409059622902,0.7282639442925694
2.596945569131198,0.4332286218711211
-1.078908072801417,1.7634487842995972
-2.4295356699922515,2.709292800674597
0.5751212022291149,2.656630518362186
2.9116034237124966,2.706206035147922
-2.3846001137968953,1.1626520919166923
2.9863619110028226,0.365591704436246
2.6122148172182316,1.1328109614802844
-0.8179464502125071,-2.918145181682598
0.9549239756920165,2.674125576159814
-2.404364282154034,-2.9145327223426167
-3.2740917752388032,3.0202371098085536
-2.68008594976757,-2.3375641084830847
3.34511292026031,1.2444015520387481
-2.7405355833805594,-2.839125617520518
2.986741062978616,-1.3929055865908249
-0.9736954962968151,3.1270118128714914
1.0473570607634204,2.1142880662476786
-2.88035463212433,-2.4180551766714986
1.2580946971221876,-3.15034079622923
-0.6583329445964732,-2.9420348555428353
3.635870579728912,-1.4376961072354295
1.2390907216892906,2.7449672744056577
1.0204886368275752,-3.0069076505920647
2.573835266802871,-2.4889202210074513
-1.462101503281353,-1.1509101874762284
1.0614900298900551,0.7909453740092878
-2.939550234077513,2.9350826260619587
-0.9845863169007553,-2.947201439595533
-2.81967577061005,1.3263934892227531
-0.6620608659625616,1.37401049492506
0.654853587640376,2.19496296612229
-2.41739882737511,2.789489121998322
0.8973194464608267,2.606414425961683
3.1147874941277105,-3.3810312031130034
-2.527401903637629,-1.1347142081612764
2.710438624111719,2.7475363495091387
2.2841262622653518,0.8433474202627858
-2.7120578667103614,0.6223558251336221
0.47547091101977634,-2.605574309229981
-2.5560699058430116,2.8230307423407623
-0.7059763157703324,2.968093898250645
-1.2146142279770131,-0.7331581014442631
0.4990545391374196,-0.8102439841326192
0.9176196932476829,-0.7713343992402029
-1.8423636187626273,-3.4810932616154573
2.1629393446884144,2.826830361254546
-0.5329982019077835,-2.2756371157150954
3.229528022128297,-2.898702227603842
-0.44798088827019067,-2.546940237200634
2.9152967154250504,-3.0282149730715857
-2.643592915768507,3.203379750324047
0.702574922381074,-1.0178634945462437
-2.5615984709305057,1.0507247679214053
2.556023108436802,0.8861115848368826
1.0770638474320702,0.6907705906552575
-1.1567561170664373,-0.8778258273021402
2.9685074504835263,1.2484292187627803
-2.5466849513413647,-2.878420326392026
-2.128103820226931,1.4260554844763462
2.6825111950299254,-0.758179359662099
3.490342732999721,2.2916698171312224
2.087209236971348,1.1726984458760252
1.1387367293748838,0.5885693658487081
2.4421398467016155,0.7838854133369655
-3.2521550642493464,1.102808574300443
-0.6527915871931339,0.8905174261960312
0.8237483509120739,3.2501997606995525
0.9550878798662555,0.6793791620818536
0.7092342765283951,-2.742473630166799
3.708524438400365,-3.230251506218194
-0.7640748867937249,-2.7305140122866858
3.07949429265395,-1.800483243090753
-1.197280004563702,-3.0613280477982716
-0.7232109732183791,-2.6708113915919696
-3.0068629432611673,3.3073820757114194
-0.6878903503235939,-0.8707851365617321
-1.1500093788873462,-2.6862239653641016
-1.4915536395432312,-2.678612542812398
2.7465512793609337,1.0869191087839793
-0.771909064198411,-1.3238877501911546
-3.0159514440795148,0.712171023745064
-3.122949400913846,2.7612148170091673
2.1523957014978508,3.223040628836955
-0.4262042242712033,-2.4109298167733657
2.9061859396639487,-3.228389417776929
-2.838547073021846,-3.3042910330313218
-0.6271418050946842,-3.0120740281047187
-2.3985683982578054,2.636249566976696
0.9805544691922504,1.0033250702160466
2.778248991641479,1.258953314873896
-3.7025944283481147,0.8295658582468243
-1.2205341348170473,1.5548455248146569
-0.8160991027677058,-3.7469594914304567
-0.8218010128677607,0.7386504960152661
2.6655825920808867,1.1315023595994176
3.4241368613094023,-3.340256887420937
2.499313363478077,2.863152538646552
-0.8625547415243602,-0.6387101124170177
-1.2521267980155952,-3.500619253306006
-2.866239163410062,-2.8797498541442925
2.5102472294601252,2.180094643246528
0.9725146156189631,0.49720120025865594
-3.044022501892456,3.0703472891583803
1.2992718208120846,-0.7714717826432509
-0.719150336661357,0.9461281996611123
3.0983893189688296,2.849878764176642
1.015089320191902,-1.0838272128037876
-2.349398647221004,-3.178022715065559
-0.3955327517408852,0.18158363858152954
-2.976300693977958,1.5229370539803253
0.35008919250337706,0.4284581515315233
-1.1638175297210742,3.2345809726453814
1.18233144861996,-0.6783118238364745
-1.2511388204730178,1.002806813223094
4.114671128969666,-2.950411727612613
0.7789011358016718,-1.2311551955416244
-1.4303013592775806,1.0441431928026346
-1.21003205587918,-2.8264674511666406
1.0989903047923628,-1.527220348825296
0.8502673047433045,3.0989187269250245
-3.3644442941015376,1.1695369981010468
3.1758060187940753,1.0729715328821399
-1.3684560095529574,-2.7251254588410796
-0.5206955424717506,-2.801696753315431
-1.9443954738177265,2.654486608514251
1.523378215579957,1.0985431149709146
3.017152175471226,-1.6756594742878885
0.8001162598200217,-1.4722408946081782
3.2415754220299116,0.9519893748781431
0.7627626093218246,0.8138175297270064
-0.3992434416641657,-0.5009378801791226
1.169291620873313,-2.606754754929078
1.5166945893927941,1.1066918801282177
-3.095357455561616,1.0973933255732624
-2.993147566440937,1.4126009077079797
0.7640951390761529,0.7236458676310611
-1.1855717323171757,-2.3034571496687586
-2.9870635560638683,1.0949201334408762
1.0197006421030819,-0.5059384531505207
-1.626479456346096,1.024018798946175
-0.24506570554355703,-0.6414621297956626
3.177055469627469,2.6510212646754194
-2.8516040327786882,0.9346338102643278
-1.037542667115311,3.0952643933638733
-2.7077331300351384,-2.989798254027999
1.331680672488141,0.41172405907187837
-3.1220745764736333,1.6541051906229265
-0.35324854730967836,1.1399398915796652
0.5386420025350008,-2.22566723030805
-2.309513038099183,-1.6075529841273666
3.235063948625109,2.4267655787504983
1.0302663096887814,-0.9175563651577876
3.3814371806292063,1.364762553831617
-3.1536055662721583,-2.6600975941273677
3.6454161538382834,-1.3720081437504958
2.4821788823772972,-2.708235550055635
2.904894734833416,1.2953375159763736
2.2221473671883523,-0.7904949022474932
-2.875204954409824,-2.8234539844252717
1.6387665343880042,3.1467731471496134
-2.658831940836122,-0.5355044987663231
1.530403188929911,-2.3729341266084845
1.4696295265990857,0.9220829617670526
2.564965626797741,-3.221163669877219
-1.6949172280424756,1.5169173895356438
-1.092334472088372,-2.9767932006410893
-2.5144124617039814,1.5797287842572554
-0.6668751621764895,-2.4979825876555277
-2.715052905367884,0.7260748842172347
3.0497260838255245,-2.4921103794122805
0.7457152611810939,-3.0512224381618545
3.2768519622647787,-0.9632318518402434
2.5375326867691035,2.1815084516251466
-2.029919134897529,-0.9997376918273597
2.6258016988691697,-3.0689557641794205
-0.8902826947859126,-1.1438644877036612
2.8245520093010894,-1.1587430170396174
-0.9231134711533481,-2.895980595458857
-0.734825921225313,-3.1522032240790665
-0.6648687430260396,-1.0428391104573862
2.6297082528328444,0.9041993717723715
2.833150902972028,0.5775852460679283
-3.0224652113018196,-2.871257669785637
3.3429478645107906,-2.9742826752924687
2.649216615704738,-1.2682767460665094
1.2902017277817566,-2.3944812335406946
2.7263703936592707,1.0211397538081195
2.9879371950180293,-3.055139490797504
0.8659811902599606,2.9836740730710476
-2.6887319920598722,-1.994479158748144
0.6027367099010057,-3.592041257833502
-1.3633416838678798,2.127280311700782
1.0270254353493395,-3.0945162219847204
-2.4828488823731996,-2.9410518661277743
1.2804272463739113,-1.0891224627120524
3.0466653273840705,-2.471410315992149
2.7374992991280056,0.7768844005234891
-2.189056425106378,1.5346196411378628
0.01839663159968625,1.8113064692768974
-2.3964960708332885,3.0666402097693832
-3.036801988558947,-0.8050135597703555
-0.3723721903741647,-2.402498283612684
-2.0433718193762793,0.381935731034022
-0.7355878474643771,1.0920854933291977
0.956482991196197,-1.0314675443533552
-2.564146239540416,1.109845428319174
0.8307158314945049,-1.50654046341013
-0.747940740633223,-0.8058869630137568
3.120275524500637,-2.710931648882562
-0.7728853874675631,0.6139851526278276
1.8809708926822502,3.121287908907623
-1.5109117002802217,2.707474125300685
-0.29675420954398246,-2.8069930379750816
0.8975477694016759,1.8737895477765176
-1.9444155432095127,2.8151105265693332
1.7185068515798438,-1.2375473938041521
2.3886653039030374,0.7083572424057341
3.316986958055317,0.5233363391267639
3.040828884649916,-3.40815394064044
2.2661395843570116,2.4042963666725976
0.22401505399738075,2.785412969383914
-2.312473827931953,3.1348015484881486
2.5486656121775235,-0.8045070857439551
-1.0535787236891498,-1.3742875254646905
0.7003795907971214,0.5098848578661
1.2096106771991595,1.0829780586928097
-0.6697809470660315,-2.7472955326574926
-2.2312690325121523,0.7234565904158167
-2.727992938862645,-0.8323710607411391
2.8257193738632496,-1.7865106919613598
-1.1537935898914582,-2.4702851005352335
-2.4827165020663573,-1.0340964195787405
-1.2618399310944237,0.5238490746139903
-2.5402271508761474,1.1449523707420726
-2.5858768103255576,-0.5420444692660515
-2.5415362872060543,-2.481316910257149
-0.6546006129436093,-1.1301513827772183
0.9534016979893206,-3.064049786077207
1.3748204880058343,-1.1309427317015956
2.026613279544287,2.906867676855008
2.6248369018039295,-0.4674317465384299
-0.8732898308010373,2.566883184505696
-0.6529557659210299,-2.3878598385500456
0.7364156457501271,2.3375717905295663
2.232111776750955,-0.7808172798603414
-2.53263691771215,-0.5888167249775358
0.6168757852047322,2.8008641265002954
1.0722853729081236,-2.7454742579101206
-1.548694507008947,-2.061418336694282
-2.3321887141820175,0.8277536257121556
-2.3432115564126454,1.022217290056279
2.812572307917587,2.2954113391271522
-3.009102782672644,-0.7683964068311105
-1.2887899785925694,0.8475422305373915
3.0042259371549225,2.983839815958295
-1.2462396141524004,1.1486426076397132
0.6520372743652266,-0.3009642804195566
1.2740552505329308,-3.4217810361688623
-3.0741168982277443,-0.6548309677671174
-2.170697932790902,-2.381406144386719
-2.794270108684599,-0.8949167264540715
-2.982818012122338,1.2499338096617452
2.6553072740010206,2.7567844072442766
2.9632189754073357,-0.7786952460307456
0.47310101204236704,0.5039158497519106
-2.371308900480462,-0.2792677735397649
-2.825980261357755,2.172120569686646
-3.091303445977753,2.1561791618385207
-2.792478606000111,2.670658870000121
-3.048025081435691,-0.7765135247987339
1.0284859469243968,1.0426179104284434
0.9684370690675314,0.5733215780683356
0.7601119758136253,-3.3260394707665943
0.5619942967402218,-1.0618640620673199
-0.8933777395462676,2.8112286400674393
2.9069915426602084,0.8593463206360531
-2.7182748011408484,-1.348469804428981
-3.0344267322620633,-0.29634350591967984
0.7416893636713323,-2.625098271705108
1.4255886651731269,-2.6722635795495884
2.921114765064093,-2.5649176892625083
-1.2348660371735651,-3.1200797269008103
1.403218533317906,2.457006334074879
-2.5019143852578716,-1.6466809717028614
-1.1810242848803059,2.0218173726920563
-2.914826722044882,2.8510512348618806
-1.0180137418868547,-2.725041723280965
-1.1251211097795428,1.2691074544749323
2.9284492142658682,-1.4927120379701058
2.001758453524861,0.07165639973403738
2.998446718309194,-1.0032171635365992
2.383220154723284,0.5400520981360996
-2.5079419582280105,1.0367410835299733
-1.1739926589216976,-0.7585290365556268
-0.8592390520621453,-2.6956804682456856
0.44201014069767947,2.3907693819856086
-2.819625490495562,-2.543144834809769
-3.0372049676186226,0.7160737998095292
-1.2435666886848444,2.6787048435537
2.70713788417001,3.1440412741947337
-3.1175013598335295,-0.1684350117595995
3.1971414756798957,-1.3672789847839193
1.3337907581025858,-0.7620323450669341
-1.0616354298090709,-1.174095511368211
1.0934883338846493,-2.6020955882137686
2.53641307907163,-3.272404141625105
-3.0882526149585545,2.6701351267048574
-0.5879531105727319,2.5830710912105492
-0.6042051123816105,1.7451707858836958
-2.557321143805413,1.0332324202831655
-1.0140158938041017,2.970364338053697
-0.5742817738673475,-0.9447687354475302
0.9132971084609651,2.625366741569959
1.9713067549928855,-0.772195502117316
1.10762424833087,2.505578427327664
2.420338482512958,3.0733685615664927
3.4079731450605246,-0.25128498937729665
0.8948149927640254,0.7290487796156093
-2.83864039135502,1.0562033571246163
-1.1219344978378507,-1.2669837655517602
-2.746361321418142,1.1600897139507291
3.031873182634381,-0.8370526134832098
2.6298917997694424,-1.1151816033738395
-0.36968540373608094,-0.44646099501079334
-0.6786954232192536,-2.9188310387867387
0.8638398274481808,-0.8768179568990203
-1.0333130423087538,-3.333198831659786
1.2774705454752475,0.5893816099648633
0.9177582954463425,2.6505297720681265
-0.40651674019698053,-3.2404895260321336
2.6143018060619796,-3.267369288899253
-1.1372657957261505,2.7063397600687904
1.8460224216805499,3.1515763838171718
1.3041071619099491,2.6816915400469656
0.39309142727942037,3.3290440508299666
-2.2335138967650385,-1.1950210131859291
-2.769194494945026,2.993294002638358
1.3915622222130588,-2.2796550339149517
-2.6644633747652846,-1.232898354379184
-0.5900691987594563,0.398862786444818
0.49018962195902727,-3.059248984829617
-2.679730203152061,0.9168059907158275
-1.5570826996246392,-2.5808831543358486
2.3456304404389683,2.790277705526075
-0.27315871398569536,-2.7216320781677634
2.691547757841556,2.6699711542605384
-0.9079912708548004,-2.591562944924656
-1.5656531790162591,1.2653757127998144
-2.7394802561667553,3.1153959861566287
-1.8640485858025324,-0.6771031826447172
2.1805140398754532,2.5512988218455734
-1.3420972920888532,-0.25447803186738116
3.002625991824005,2.3560853423359287
-0.9820128044715268,2.5346996321670563
3.0457922159117565,0.3633336143483174
3.0623976898049823,2.6704701432134046
-3.0343088118062065,0.6869791867784828
-1.519226946998421,1.3997807021228608
2.615928790991185,0.7089571901671561
-0.5173760691621042,3.1126045492518326
0.12980157544485363,1.3488649513016355
-2.8233398038265993,3.1442062865843856
1.1022622047233588,-3.132914509743017
-0.5360707681172096,-2.961012792901381
-1.4194078462850108,2.9790155913900263
-0.5132292494484325,-1.2790243814896352
0.8263329534635104,-0.37614306691117416
-2.83442661724787,-0.240495347447485
-2.7951872294008937,1.4508804494436573
-2.3533289804497426,1.740841610258478
2.673935868181409,2.407484732254582
-2.623002744096712,-0.37303606901541864
-1.5852308757647542,2.5831669002411455
-2.084459153476993,-2.8804394137737424
-0.7659080737646574,-2.8192693400461946
2.8453742448828687,-2.895133169893223
-1.4437749567421962,1.240470811879398
-2.043633427778492,-2.578114510698819
3.2732639595442476,-1.4264069566724171
1.0975591189299496,1.279490295101463
2.1595811675076564,2.598806607928023
-2.745163268289409,1.1874847402384494
2.6728638577066666,-3.0048048454348772
0.6534148851492728,3.088530337133877
2.9830546822630897,-0.9707043328324414
-3.44582331152646,-2.5776226734267875
0.921541771681411,2.9865943563945874
0.45344659406674126,0.7892248691376299
2.7609374500818045,0.3960293385187988
0.8181242126898618,-0.9616629723804281
0.5197016020462975,0.4818947133003011
2.7652954186651475,-2.3384087353753116
-0.26342029759492475,-2.7540927452728052
-0.33324579052178444,-3.2906068517224956
-1.4216644843157455,-0.47403495208465013
2.839981370114189,3.0770100471879966
0.7954403391996783,0.9311998876794819
-1.0022439632280582,2.6770028944473725
-2.789769338772489,2.5447120872368685
2.7183921762095373,0.7861732190948336
-2.8643670746555094,2.4552470217241646
0.8867498915802435,-0.9751738062595324
-1.3412335069796177,2.893822226403067
-1.1548047660534833,1.482863867915054
-1.3617795638213401,0.7373147535418559
3.124936331812777,-0.7590413921905498
0.5420878094196022,1.921672202602106
-0.8715120281725789,-0.40738490834957747
1.5401883430401027,-1.1427120465267149
-0.3722176994990709,-0.5642023616848146
0.8925680202086571,0.8900941736352695
2.7160625006745,-0.5165412655929335
-1.6667803180747562,1.1841910091661056
0.6442183233986292,-3.0427829246862177
1.8840161748337085,-3.0679420816214136
-2.2913266002043993,-0.7227888936823557
1.3560165540734683,-1.0341229163917904
-2.968152421087197,-2.266153953209465
0.5692631431780655,-1.6320436505564997
-2.8653600733183686,3.00549828941856
2.334495659755832,-3.0036710210087905
2.9097364457429498,-0.3742652611346502
-1.5229641300110843,0.5867523013665025
1.0637407823159133,-2.7990456414679388
-1.1918312638162782,2.239541712587818
-1.0507443978056392,-0.9843161717292713
2.4778331855055766,-2.8617828866018447
3.3353644669015785,-1.3918509254664515
-2.9862499271413006,2.3586866378414872
-2.816005323563108,3.210166627259233
-0.07679686448754744,-3.014338321175406
3.4732550511269062,-1.1803348842056973
2.161368064312636,-3.2331377110690487
1.359544166780564,2.82807649581832
1.0813713510267282,0.3051643959623854
2.9457573539705417,-0.9255576776417812
-1.2499740077033619,1.8586513319552818
1.7737895665219492,0.440056229909371
-1.1597336489642207,-1.5315013477969917
-1.0140045091652963,1.3281601642068772
0.969162703584906,1.4283310195450112
-1.550891744777185,0.8367228146126257
3.0053423457505586,2.736227249414902
2.747596677744933,-2.5420351958031104
2.088513410016059,-3.2288227596372123
-2.564175103045263,-2.476785666687428
-0.7384800568166859,0.6297154696033508
-3.1040445137205155,2.735519744593327
1.007159941557283,2.645723111498904
-3.226873729200065,1.3760898224019436
-2.2518367301593054,-3.101788020357076
0.6102384629214269,-0.4100379613550894
-3.198129445639674,-1.33158490134603
-0.12001962244592504,-2.5796764096181617
2.74220942576818,-3.317569770387215
-0.29757742684175814,-1.163749624225892
2.190824337355474,-3.1140715021353294
-2.553807751168706,0.984797762677744
2.9973483765704065,-0.8576386568797986
-3.16930149592391,0.7899825024859205
3.174371878183509,-2.9750651221676763
0.8410181300201212,-1.8891263140788512
-2.729535101468833,3.111525028185955
-0.9501535677975345,1.0156083902669137
-2.592144277450466,0.9830072399584846
-0.955377050062023,3.0712951282085967
2.727927914296753,-1.0232241038416205
0.8449113117494385,2.6415537904823374
0.6891993745115673,3.4810393118840137
-0.720199778290789,-1.8505518083732657
2.3558145021084234,3.1921982757036926
-1.298295798697126,-1.3484089163821589
3.090790278484304,1.2086139501773339
-1.0977171936221617,-3.1311283458171904
-1.157633267207084,-0.7631544275338791
1.2983142160147094,-1.1261284875847695
0.7040668219805931,1.1403589004016061
-0.8057845395553841,2.861589900428735
1.066990795653322,2.163633273924871
-0.6787409721230332,2.9303767905096545
1.1296816714251063,1.2184489584438263
2.9523301064474654,2.567568687685609
-0.9752928123023689,2.7362517099766155
-2.7386047831106666,1.1333684763129024
-2.951607352363429,-0.9136905540878689
0.6444426180070786,2.595749212222657
0.8360013754923329,-3.3114615810361188
-2.4246771703308507,-0.6874066664882195
-2.4725625321389613,-1.048514562221928
2.827857558481305,3.4844363763736133
-1.2971634205633324,2.7693653065115993
-2.2830683794202864,-2.561631466025628
1.2034401713479934,0.5047915159998945
2.6962952096476527,1.4269785038648366
-3.300009388420505,0.6098273053509231
3.1791126186731655,-2.89322610136639
2.5515766510721254,-3.232917595755793
0.9173004167028826,-1.0037946986734674
2.7059268400380856,0.9262516551070612
-2.7604342942131455,-0.1457992662628268
-2.0686251832211973,-2.7714513743395464
1.0330853114226035,2.779096016502834
2.6116523751642444,0.790690004718352
0.8990688395525397,-3.142626872575274
-1.237891477943018,-0.36563677198754485
2.7845192081334047,-1.6144849423398704
1.2841766192843247,-2.616237235954241
-3.0351226958432056,-1.1110319526509582
-1.3136796986889978,-0.7184611110354064
3.3989440901622774,-3.285787624827384
-1.2628387957481035,-0.8354215358708303
0.8341620642420782,-1.1899426029043287
-3.251348172403722,3.4658412631121087
1.0511298033310432,-1.0990749187085622
-0.5671390600142231,2.740739862597726
0.9710557492040118,3.2754746748755554
1.5062468086662626,-0.8953072816655847
0.2803817404724426,1.9434113351372337
3.4735285292616855,-3.011850723925058
3.146780140592836,-1.4448409612871582
-0.8697324044475307,-2.6342598443493106
-3.7860035317798624,2.5176824691993236
0.6003854451554522,1.4505137827089156
-2.885416693879071,-0.6820636667513023
-2.6882227509189374,-0.5439761114694076
-2.9170429335194497,1.1576409715034712
-0.8675488856096666,-0.9412629078159626
-1.0405889241868256,0.8003295996873905
0.6386070394875747,2.526564438616336
1.1988569306314967,0.4148462044621602
-1.0605776228590011,-0.6064736735349996
2.744384761499024,2.5788617627561563
-1.6695969855175612,2.9278592071825416
3.0974385264659148,-0.79680647693438
0.890488120070121,0.7344543534981053
1.320996097946108,1.1334433364442162
-0.46087920934779614,-0.6518269666010175
-3.0891407233157944,1.0144165590352332
1.050550961221,-2.7343519622948276
-0.6915509377955844,-2.9713973524258614
-3.0594264802873465,-2.7280452872141647
2.561615474237778,-3.3145154009943476
-0.6263701896608881,-2.848184676597329
2.4842298266312106,-2.7024361792457747
-0.6865461889535978,-0.3125140678022367
0.48811035231392774,2.973203375701734
-0.1393749004776812,2.5432196811394228
0.7427394301632297,0.5840892587340349
-1.0949809209016916,2.6760760211653936
-1.2216213929704576,1.1433353008201075
0.7527120752460679,2.2336841931040277
-3.438236109446928,-0.4493756149741258
1.6793858027702524,-3.4827252093124614
2.50457575810849,0.31027374606207964
1.2680938987056372,0.9157104849957022
0.40604024252806875,-2.6698778460430965
-2.3019820822760297,-2.8165396195535823
-1.056721543832208,-2.783499356248854
0.2821565572085284,2.6347443801876613
2.7277791295899596,-2.7970651275381053
-3.3032783795956218,2.953219208441923
0.23784776636319194,-2.7537641252240554
-3.2417033909815163,-3.448731295401506
1.2653723355716942,-0.5559960579463011
3.1054311403450297,2.837645083157537
3.221453649013973,-2.4603403385470544
-3.6723074625850605,1.2535224642929232
-1.4415572883733438,3.1345954353286007
0.8476290823874586,0.9800935754826597
-0.8221205523402242,-0.555463698422336
2.828814120801711,2.5297987171859027
-1.6265281783240952,-0.8158746158521496
2.7561653046081798,2.341195438582567
1.2202558928947047,-3.1908829689416396
-0.9242495244944074,2.8623262715423925
-2.402397605020625,-2.808958340089721
-1.4229026493413255,-1.0018007393669475
-2.360986681565566,-2.592027075615428
0.5375059507280135,-1.0572301162434945
-2.4518509485541764,-0.7554062639872434
3.1506385976892575,0.577478651768913
-2.961921014825293,1.3311162107171173
-2.358968824604552,2.652527760722287
2.6675614838123995,-2.824051604502242
1.0395483321251808,3.0451113848527083
0.5974151862463908,-1.1655697879136624
0.4448201035194319,1.3868798678271705
-2.5939291460636134,-0.7137821394888743
0.6015206945629162,1.0881611401448694
-2.710597532882633,-2.832513735553919
0.6312681357884123,-2.708510155996175
0.5184429597290092,2.782603098403996
-0.48633005689516406,-2.9928831111911447
2.799548629402454,0.4582200088697532
-3.0545854326436745,3.5359728801558563
-0.8712345821628269,-2.552646918159047
-2.901811932266339,2.1099964970659597
-1.1319180400395672,3.503255897096529
-1.4747232819836058,2.6381263704943625
-2.2080298157086453,-0.5235495402168419
-0.8107628335869091,-2.8485394076077695
-0.8488415353826867,-2.8562129134559173
-3.2283886349815516,-2.3238797870075945
-2.0433738158922363,-3.2124815943190175
2.102892534685141,-1.427528493016816
0.9594841601343661,3.1283645695928914
2.7855252719140773,-3.154017804620642
3.367578950258799,-3.185770288530857
2.9656534567708173,0.8614707390061148
2.6897559858944033,-2.0903775631891643
-1.0394886612474996,-1.8715515082467393
-3.160413720062984,2.5529051245563443
3.3711759226000915,-2.926341617042878
0.4868258661699383,-1.0025101505944676
1.3077235301659516,-2.8029713792005593
0.3273337961773351,2.704999495920802
1.1479726384087692,-1.5239306002761999
-0.9134137389961243,0.39520166630277154
2.827697789816529,1.968579261170623
0.6153932242717776,0.418734526446903
2.288070766956996,0.7473353087761386
-2.4216359275439885,-2.5980264489995526
1.2123847478357404,-1.4147097075906478
2.330709606947446,2.348409909381179
-1.2409062673207067,-0.7217610569360151
2.359390290121543,-1.0812714648761736
-2.6954168220680144,2.9534259434492243
-0.5887855534274149,-0.6565026645551495
1.3923037875611117,0.6594232230623149
-0.7569445632233995,2.5710263620881766
0.7961442114106771,0.431096746548644
1.294810048423943,-3.7274081934240626
-0.9028344527652751,2.874558476820841
0.7981813893605983,1.084532546923561
2.7169372229376285,1.3690346392917536
0.73121512262534,-1.1780501097198648
-3.376937895544929,2.8855055812590726
3.3537076563008412,0.32108938450116975
-3.0344337696652404,2.6536845287019877
-2.520533574227991,-2.552541729430129
-1.0958276517260352,-3.2128118557293335
-0.9185997286181129,-0.37186931774320126
-2.4733324938351404,1.2268808512278397
-2.7113076497466517,2.8891315065083445
-0.8246913327594501,0.733641900791259
3.1210062999063743,-3.0785006991415784
-2.433297966993334,1.1673384747431887
3.008695227188177,0.516659356800462
-2.354592082362341,3.2879198411196584
1.2212048103668187,-2.986061698626859
-2.792217086278935,-0.9621318417854008
0.9754750442588928,3.0534039258061485
0.7768026721941417,2.3050247202573653
0.9551990233886027,-2.494849086090177
-0.3337919675752197,-1.0504843525651506
-3.015701629179354,-0.6832832989112152
0.8217021082306553,1.0057826907510765
0.45349149960491997,2.8876056409818394
-1.3189454649236758,2.4050255355191763
-1.1338201444865466,2.356632971245724
2.790951059974276,1.0558252009953406
-2.7902883030885843,-2.366616917906524
-1.3620204552827817,-0.6592811681343848
-3.252051346168202,2.713585331704132
-1.1780360950453905,2.5512937498377215
2.785692603671573,-2.5227532528881693
-3.0689961843748,2.4622647276725536
1.2404220741470104,-0.19977522663246644
2.9750931796136713,2.4837402008612552
2.5543314267619275,-0.5246507806363723
2.8275815977449383,2.297581749365206
-0.935229180999425,-1.963799218190197
2.3003446530422553,-3.1523494142595196
-0.4964064366629026,-0.30196366456006507
2.875972125513999,-3.0377266172695117
-3.8535644397624114,3.2361387736737734
0.8201020721991235,-0.9531761921208852
-1.4573503173215234,1.3703053817912545
-1.0920903413570704,0.7033443241030487
-1.1870157385894473,3.0977049762307867
2.7857426824153557,-2.6564111971568285
3.478445129786428,3.084969504702109
-3.7026544942625574,-1.768866181420765
-1.1951276920521983,2.29238178791556
-0.40115369751132623,-0.7879506632468593
2.9388939483424337,0.039833735824817564
-1.1776026719109873,1.4260967479593123
-1.3683434457224763,2.6369490665169426
2.760362489538219,-2.1684377916210273
-1.568778470766827,2.1592134869404003
-0.8970291161695786,2.909551472825576
3.0393758023765165,-1.560435648266845
0.9431877082162763,-1.1441585444321356
1.0988458695225516,2.807263495698013
-0.3561072917625762,-0.5600866710392128
3.2446542620233094,-1.1746437997802546
2.37302290335903,3.132817500311367
-2.6432222103702707,3.141921954307572
-0.5826421683242239,-1.8519886487673691
2.6794230975361883,0.32450956670440617
-2.7318771906627033,3.5218867430397274
3.281342247117717,-0.8157693044904502
-1.5036923600075534,-2.7489023905069145
0.9210459093397181,-2.6752185302503877
-0.9570250023736001,-0.6271527951695406
-0.5931341089203833,2.827517199795614
3.023834953324185,1.3536231628892657
1.0047815953489339,2.6089051833586137
2.6831493378452462,-2.826014235267103
2.526099102125791,-0.8413995840234745
0.7229518753198305,2.945517569641193
-0.8682479790562418,2.656810224668025
-2.8604200905519748,3.325289452722875
1.5784399468798267,3.4662650117836353
3.137578265483373,-0.524773650737721
2.6377180392604735,2.7017366038568356
-2.5392217511729656,0.009148158298947755
-2.886787137909926,-3.044666848852772
1.3866462494177008,-2.7451165477713158
3.0704809910267294,-2.8987318554088533
-0.15595875324447778,-0.7623032034106071
1.4635449940601737,-1.2106764716830278
-1.239144800467366,-2.940259771731904
-1.0574862757866546,2.762591858337087
-2.9567125445452014,0.6511064762619256
0.8771907041719369,-2.5379067559551554
-0.8434349371617249,-3.006261931115057
-2.0564406834711426,2.8386513497861916
2.8760569925584845,-0.47636153715740925
2.826703041474991,-3.5732798536412607
3.361837766615873,-3.242098416819264
-0.7580058317917835,1.1474250478941779
-0.9830445461787785,-1.1318292611557432
-1.8108015299395683,-0.4266118722249177
-1.3006950108322242,-2.494256831106983
-2.816853808213055,-0.9585765554132671
-2.344731676281207,0.8222758425801416
-2.476763696481192,-0.9720830455853945
-0.6914437180894882,-0.7317850009068859
-0.703092416836169,-2.6711497375031716
3.0654055824268998,-3.2380910468076327
-3.116596761938313,-0.6933208562321082
-1.1550038872986492,-0.8540781594891522
-3.2966613540220107,3.188128358313445
1.089438460601275,-0.689112555998225
1.0734587057383302,2.7445388717705557
-1.568468293432099,1.3648122303491503
2.452696366991614,-2.8736505028027395
2.4850427831574566,-2.9761064214524775
2.5679385904049083,1.8405596188592592
-2.974148863991856,3.521328392814929
-2.875947950411073,-2.980412255324075
0.7528172395427057,2.5920401169336444
2.1817783829173516,-1.238316494169815
0.9673359541374797,-1.1353689448956925
-3.497671372895038,-0.3074864006506504
2.7113400326484993,-1.4067570011733475
-2.6809036780671867,-2.6616171746627795
0.65098929171159,-2.870610446147549
-2.3871952107968135,-3.2498294359675337
1.3319839929035318,0.451163506351714
2.7742892282859724,2.8532325841976074
2.2459070112296273,2.2227158483114615
-2.785724275497617,1.1402829087347814
-0.6429848460613331,1.1354677820733061
-0.9857872959011014,0.19022401413608223
-0.20428723732497328,-3.0325238330523514
0.6574666451989957,-3.239872641098695
-0.8006628225086836,-1.8447262387718386
3.133070354146172,1.0311833207884182
0.4390222978458086,2.9750381754246584
-0.7321789173507979,-0.7284732815174032
-2.643404753598186,2.5513250071236206
-2.7427924472374836,1.2111593793573936
0.692280007130826,-2.721503741499316
-3.037162673769427,1.024673029606526
0.7367692498220194,1.9884480958927153
-1.5795201848828921,2.3148876067302346
2.80037305995004,0.4296146467928565
-1.9810486678238366,2.4080192151274287
2.85719549960875,2.8357527739631805
-1.0579023417985265,-0.9751825461057877
-0.9251199994443257,-0.7170506935746843
3.083869272278132,-3.454064933415551
1.282850867597927,-3.384858890210911
1.7622912750919386,-2.5901511556715016
-3.178768560018171,3.1522706713364994
-2.7828520777415044,-0.5920777966231325
-3.094174522846695,2.5589185242475834
0.35934150871118686,2.4757957901805225
-2.162519718282023,-2.4668300939675207
-3.256802619507471,2.2042296248041144
2.094062493882446,-3.1906391538002112
2.6813679898068976,0.6187621448038128
-2.8046015190953737,1.2446343382852538
-2.348938625425561,2.797760167421488
0.8859403863827553,2.407968088621158
0.6289443897703345,-0.5399123686233239
-0.8945156756340902,2.52785853726978
2.859927695458802,1.0263320959655995
2.797056239949024,2.2134055859630015
3.219889566318786,2.6353940364534316
3.22457947272252,0.9061602611152476
2.6992106176868313,1.2434577615120594
2.543846628701672,-2.77079907221226
-3.1629653423422996,-0.5711012724618546
2.696152340701147,-0.7676116226145235
1.185172530677207,1.1598662140534997
2.526730177755685,0.7033712579391396
1.7697299182424526,-2.764876275957022
2.9584376276812514,-0.8548331401384601
2.807239831439706,-2.4591695221424366
-2.860371873592134,3.145212604840749
-0.5006442223382148,1.3130034973636344
0.830791997973525,-2.5663108273883757
1.247878433405045,-2.841747932483143
0.8572211196229772,-2.164974773741273
0.6798531002279392,2.686202198152029
1.208148401638461,2.7765802033109965
-2.8454577716564766,2.850696195621387
-1.0009698303998031,2.5952396135114695
1.209346130887781,-2.860588286295393
-1.075257300290249,1.01767054231741
-1.4311713023809902,-0.563715236755359
2.8808097544059468,1.20459257376111
-0.8468525221434169,2.499660045129775
-2.757838640492872,-1.17620202672952
1.0384822020779012,-0.49004176561076834
-0.8593100666738521,3.0649548140222915
-0.9806531856326767,-0.7386345338798921
0.8651634609397889,-3.0370704774380175
1.3813388560114213,3.2684310696020824
-1.4162507542341525,-1.6665877835939937
0.5523634716650346,0.9725375891353081
-1.4654298206251481,-2.55386733034908
-0.5662343317967814,2.267058103029394
0.99128663331839,2.684900193265852
2.950402507775466,-2.632114739329691
1.084551157129114,1.9568600317463984
-2.3524557032274824,-1.4106539915058864
-1.0516694715335866,3.00243631681186
1.164172679435513,-1.0764801599479805
0.055420545574639324,0.5636554236953459
-2.439891648070896,1.1279658817270923
-1.3787377087605663,2.249458959964573
-0.9298726369596508,1.1855246105295867
1.7557650110628593,-2.3215020658698053
-0.6303814325066371,1.2995949463108063
2.7663168382360532,2.7457823197963687
-2.587146565747078,-2.6507222805945436
3.207663682037452,-2.6644290877904147
0.8668747513907571,2.6779100937831037
-3.3663940820561566,2.5882881340999635
-2.6548339834936976,3.304785120111327
-3.239283468973191,0.36843933408591073
-2.269382167266279,-2.246945836326315
0.784164872371892,-2.9212724904318192
1.3754484011996642,2.9633994634545395
0.7005839940738948,-3.0926478739613983
1.0229534224383263,2.658249406622309
3.1607296662918554,-0.6104735680317048
-2.5733157365713155,3.427640804388505
0.9650873620532398,-2.728429235176867
-1.1920128601457718,-2.962886119333041
1.5707472510872609,3.1577401689305504
0.5127873073419953,2.6337400652740817
2.828789665407133,2.84745266131278
-0.7155286827766872,-3.122576644681856
-2.113083301427363,3.102788363667958
0.5913137379573963,2.977762281058192
-3.057078337298159,1.0845753182313473
-1.2137961964360602,-2.8484229473331575
0.9905878159440216,3.0872618180581446
-1.1820244287755721,1.510741518555233
1.4762567435758784,3.0499659230139025
2.44383731479852,-3.674499142043
-2.687912283600834,-3.567175984972954
-0.8125995501759138,0.23423658529012115
2.411630620770328,3.7201883169763104
-1.6222900031982253,-2.277120612952969
3.621957670235662,-3.1745043700054407
2.970212448648369,-1.1438349492352033
3.5636326030177927,-1.045539356826047
2.6199304127997585,2.8136502603078735
1.361649837418488,2.9370460781099434
-3.3778283997119023,2.7190844613111373
-2.297995272205924,-2.3716595802609937
-1.602417084916273,3.1349597731703036
-0.7899309223355165,-0.6700381090182704
-1.223129530460313,0.6081218226167917
-2.685850059543972,1.1723746724656077
3.027604338886597,0.3500198995038081
-0.777852574864128,1.5124884401118466
3.0703229224952797,-3.3477629027261924
3.3197649474940345,-0.9475792084240674
2.8732341483648485,1.1623882075540384
-0.8760709560989145,-3.265943772818062
-2.9567719755461797,-3.095266779204161
-1.0799192268715934,-2.96101652745569
-2.2911375735291677,-2.8753518394793858
1.2451345912222354,-2.275560541638643
0.8535406643583383,0.7127596975087824
-2.926564165133902,0.6048075038772024
2.4623608099355345,-2.74700342438766
3.223900550529051,-1.4354047127794636
-1.126162571847819,1.5068974559650894
-0.8962225187454225,-3.084410267526282
2.9427069371468986,0.6543652933111079
0.6702997128393989,0.9775485771104179
2.905055324830344,-1.4145775535346892
1.1126008006311803,0.9798767002835387
-2.7291103859546144,1.5134497175454595
-2.796304295547848,-3.0537066650135922
2.1152490790867384,2.8459856269715553
2.624431779236801,-0.8982022178068814
-2.852225278006473,0.14399347103013427
3.5455059921158796,0.9441365115568812
-1.3201604836664975,2.847875280316528
0.7351374663834682,2.7043168756086313
0.6137096828160932,2.315121207814905
-0.5306695106255026,-2.3212819834597465
-0.5135980095643544,-1.0535318623129717
-2.7144964728386816,1.1841820860094483
0.5882813471242411,3.068123689036935
-1.4643892761554897,1.428098247593937
2.6687483649704453,2.058962900664849
-0.7558393200109633,-1.911621644845461
0.9117420404800689,2.249887658058993
0.793739074349994,-2.4899364921197424
-0.7306811099741601,0.3365472829622736
2.900965293979152,0.8026475559521097
3.0359685338980142,-1.6336628889848177
-3.0795460114514106,1.5843298121831715
-2.37337007628386,-2.651841095509842
2.7282482490099347,0.7871342748755861
-1.7241763763923574,2.6836410656614946
0.36440487183047565,-0.7364039518549051
-2.45098348493174,-0.9390544951663171
1.2452984720823486,-0.6017875145313837
1.4283520369635128,-2.713762362815934
-1.29488978521086,1.1837107827623863
2.82277832297287,-1.499882993999802
2.6876484262200586,0.6618110502864561
0.5907872855536815,-0.7696105877135188
1.3345185358064504,-2.5504073924599484
3.1540067059714056,0.6995545291901698
-0.6794624565497511,-2.5162094728864077
0.6533961667212286,-0.5883316500914397
2.942921947534657,0.3408315343608693
-2.9457368885495656,-0.7514486599751743
-0.8359687581875311,0.7659203540471647
1.391646866111096,0.7947622692237978
-3.3031178932848277,-0.9546255400051388
-2.9168420356397347,2.949025774246842
-2.965686821844081,0.44135922347115725
-0.8539437663375757,2.8543253483758466
-1.719742042223953,-1.0185739764217887
-1.3069120433931982,2.7869931684608416
1.5227601899037513,-2.567124925337157
3.041757406962272,-3.337151825036044
-1.2263402853251453,-0.7480693060431179
-2.7474552436672326,-2.672218136564894
0.6239139196927066,-1.3589460952532826
2.7937641482704327,-1.4570785163863942
-3.533461855167484,3.371271374272258
0.9491659955843179,0.899787853913838
2.6722357787761992,2.883778391548234
-1.6330015953128543,2.5255138288005017
-2.7964498035961722,2.5431818007749762
2.9414252460454504,-0.8755186656438779
0.8425512295551599,2.081545364908019
-2.939812446622932,-2.40520711601833
0.9212118459532425,0.6748556901943243
0.5490053513095591,0.3929355916904068
-0.6362783272864774,-1.2113461134617325
2.639591044322459,2.7692899602471295
2.5116796928692513,0.9398475865707925
0.9275541212674492,-1.1588731228586278
-0.6244247639244157,0.6543502540098319
2.9923139769663547,3.113747689241025
-2.8207070293006686,2.433830790831457
1.9249249348564912,2.444360769358154
-2.6735045102408046,0.6219900601052817
-2.8939324974371137,-1.0767112445271745
-2.21487262552748,-0.437658259389775
-2.5674438272286224,-2.216941116973348
0.5613658470140184,2.5560142047132977
-2.6574493718461323,2.586026087757543
-2.0943669411315895,2.79025058201227
3.006040899591329,-0.7089261619623975
2.7661931090850587,-3.2761145377316665
1.102324523924982,-0.9499930267068972
1.2006070713549226,0.8339829646663939
1.2876295415787273,-0.7616603309163785
0.7159270114281244,2.958135515257403
-1.0860891733420428,2.9222403246631803
2.411982487477831,-1.1856242888996338
0.632780527446424,-3.0686833666910918
2.493355252977744,-2.7801237004938044
2.600609011076718,-1.267688624855198
-2.5706559029488885,-2.983445864134771
1.59276655749357,-1.3204154581895566
2.3682537810694857,0.9705791482175115
1.09596322176466,1.4797749094362582
1.3802768633306648,-2.8462909886232115
-0.7604190855189749,2.88492864892977
2.9118587654491934,2.453037892657996
-1.0883175228619113,-0.8999978730384588
3.211489277611529,3.023821490768096
0.8718290201475839,-0.672451201892104
-0.6698794575922328,-1.0903315281129944
2.8439387438520396,0.726596985803356
3.3518728669212345,2.9279691311930973
-1.1888102551884514,2.5197529027803074
0.5986595866177696,0.932227050244188
2.8268896313037986,1.0637920929189602
-1.1093647055926177,2.986231892029121
1.0900639152177443,-1.2276299954659062
-2.4832279687697496,3.1850978893309407
3.040643587777556,-2.713568994964897
0.5531723523035795,-2.9130928929099356
1.2342499841467107,-3.049044919858011
3.1119778144085366,-0.9101938088216864
-2.928197091614619,1.7594381981252956
-0.6736895643060111,-2.904600139773835
-3.1017678408597043,-0.822231126134499
-2.756252697755921,2.8418042707149094
-1.1078577040104596,1.3787467936532045
-0.999500332633481,3.322867786871516
3.0584478738843877,-2.547338237749338
-2.9563131075213067,-3.441658186065342
-2.5745795961453175,3.237503155869815
-2.488108666245297,-2.236465854724417
-0.7303182723441014,0.661497506297893
2.311539748520457,2.9764231373705674
3.13396598064405,-2.8359036849618846
0.7889638032352508,1.1531469234842304
2.9896292809413616,1.0689063845513018
-0.98270148790484,-0.6360724957230348
3.5504266849133854,0.3493810130423991
0.6944978025767722,3.0710805486464787
0.9396225121475328,2.355493029779807
2.9023709654162806,1.1329840552063701
0.26258178677279875,2.4955532803444456
0.9374178410398774,-0.8796236147368817
1.1725122284925171,-1.35737086292996
3.6556890807026785,-2.839644067554893
-3.118133500445231,2.7326171997763558
-0.61401808444706,-0.3563141703609438
-2.97929709279086,-2.9186636622352577
2.0941727751423893,-2.55843551735417
0.739383783516046,0.3324635513967317
-2.6116337897393436,-2.2815086493151226
-3.1454609502448494,-1.3301878832350535
3.04770181668724,-1.1722199304999399
1.1781260015086168,1.3915466459289274
-0.8147543985624738,-0.8018852556345267
2.7216637059136053,0.8500729995062378
2.3240558070747808,2.380308909566651
-1.1163984723044493,2.370769816826676
-3.179354720222789,-0.7970516359845289
-3.2783733222013733,0.30795054588490184
0.6420481815139443,-2.0843983174972847
-1.2942032183123884,-2.994218906373281
-3.2941668254314833,-2.193527025297831
-1.0103800116968369,0.6646609966328227
2.9127729989427773,-0.44633803611579215
-1.1269519284424165,0.8662119976246309
2.7245021767601516,2.777259856765637
1.2709282182549064,-1.091676961397739
-0.8035162384080071,-2.013308633106195
0.6989721076779666,-0.9955549701936744
-1.672559831967879,1.0746455196063491
-1.2246220887505244,0.4491501713444569
-3.1817724856056935,-2.8950560353163355
-2.867297445135956,3.012447153312167
0.5497928169763042,-2.198243462762306
-3.006418371427812,0.7950547342994511
2.3976465917056173,2.7445264435424512
-2.537004732766136,0.8586584912755185
-1.111643819979792,-3.128184439697283
-1.6957069740765944,2.7607150566419842
0.6952910365026009,-1.95580000678828
3.0241342871006203,-1.5861151069019772
-1.6538567108453008,-0.677208968797161
-2.9504363616242624,-1.608476562446535
2.92856480286515,0.8138251136522937
-0.9635361689927161,-2.6387727605972673
-3.027492854992758,0.7997116865999162
2.390012596080378,0.772511442843062
-3.1435695086668045,2.6562246605029753
-2.1948267611873704,0.601854422621257
0.9404149362247048,2.564481162117524
0.2911123712573286,0.771288023949176
-1.0823110290380626,1.0488566606409548
-0.8164859339465839,-0.8263556471687388
-2.8443973667434594,-2.3215774709037302
1.4536544755759935,-3.232188511186544
2.4526429670446697,-3.13834992290992
-3.489321183035071,0.5714129485793842
-0.7040136905079606,2.9053628976882444
0.510390081617424,-0.631262258951107
2.6375612858287476,-2.2534407053759438
1.8678065792696548,2.3360532971662833
-0.6318575047727281,-2.8219871999559154
2.658871377583295,3.421989780069127
-3.211339733516952,-3.0880966222973094
1.0566248151016409,-3.227707917643243
-0.6133239230590701,-2.6524423005676203
2.188401838334249,-3.3190785306966606
0.7150741338594649,-2.8688692204454114
1.1047516417862429,-0.711457304748586
2.598796291656088,1.0999051879964634
-0.8286324494139311,0.8941960720662917
-2.76933727605932,-1.2018581455067516
0.25688778326614137,-1.2870840502013516
2.7953252934921866,-2.4834165921803177
0.556189869968059,-3.408328894250316
-2.0952024831253517,-0.49509165337898625
-1.6003861519769103,-3.4941913006903405
-2.5983829766398188,0.800136771643958
2.863749971547768,1.1170161609875282
-0.5184987746696441,-3.6015036277693286
2.616794829590218,0.7177935390084604
0.607266237948197,0.5738162045077327
2.7473405908938755,-3.23423097195734
0.8311137967057601,-3.045054444852476
-3.0081059656628386,-2.1811574819672326
-2.490258357745352,1.0379077995648762
-0.12072772358341347,-3.338974533649428
2.6540125179402163,-3.4490719968256385
-3.026152008057985,1.0054152706993635
-0.4222854674809323,-2.424707709442738
2.701465271569029,-1.4499066587540401
3.24941624530341,-3.149645901521039
-2.6503732746970066,0.7552368436873638
-1.5064108646327994,-0.5115553977721105
-0.9336179588194513,-1.0006824373805903
2.9393496907684753,-1.8055203685264551
-0.7637762899910087,2.797663178400189
0.9645014487653442,-1.2676752649951293
-1.071869754832306,0.5244656510159923
0.4790089207511934,2.3847418634654853
-2.7598745351818614,2.629876705932289
3.3945192642482387,-3.2112742704811965
0.8620140476193682,0.7470151523007814
-2.78659296365791,-2.561571988974321
-1.450413271589244,0.7503777726394787
-0.8158903353420617,-3.0563883794847824
1.3295529664884087,-3.6830913627970587
2.709236376897202,1.6806888652834542
0.8426615004463845,1.0681633142128097
0.9231170171259826,-3.408938982373875
-1.1476357733066307,2.3383485860301585
2.504100326212511,-0.698134799982737
-2.9285072896568787,-0.7675085213748939
0.61052381980805,-1.0723834295537094
-1.888081852493883,-0.8822298098195203
3.307637643568319,-3.3828650768777035
1.1357726295609523,0.9280874713098843
-0.9303563607500945,-2.9283378564931404
1.088542286508664,-1.416868868011955
0.7088273935133931,-1.123011703794463
-3.0361496334158713,1.1055991302370851
-0.4375628682296705,-2.3261246344960838
-2.354859571948489,-0.7590360299619392
3.7956461271365285,-3.8039635142366732
3.4733839537760254,0.7920258194632575
-0.9792822919890027,-2.406933010801867
-0.9716671672015947,-2.9178361149446945
-2.5878255131781467,-1.0278394309678762
-1.2234109864944764,3.2357790093260728
0.413381463911934,2.411162572334136
-0.7173344134947461,1.3342534090128109
2.395093480714199,3.0061482951209872
1.0382451596847142,-0.8113300004639659
0.7376998356276638,0.14946560827086694
-1.9029557767489038,3.0629445987726522
1.247326022875607,-3.4895229210354595
0.7261112672277006,-1.0155401267726873
-3.1437512678745247,2.8932056497233054
-1.3038243085820356,2.9963116110294226
-1.7749181227816793,1.6295353767210587
-2.3290273341746635,4.132279636097122
-1.0053314818497772,-2.5120676112099316
-3.187772416976521,1.4019691091956734
2.2915280202638075,3.127998182231219
3.01144854982053,-1.3470230244576837
-1.294396363092601,1.2941249292848165
-2.7792782657447965,1.3365580695134534
1.2949897367660217,-2.5839490151954028
1.1274613800735205,2.7641294078067387
-3.1263657223171846,-0.13540861400846202
3.0738586695593364,-1.1705580114537495
3.0413000105256045,2.906189289388273
3.1858737262072316,2.349258333669655
2.84272219175256,-3.141829050400225
-2.944498867136555,-0.46130806407153635
-0.6708461050787387,0.4824246659419577
-0.5879889578757542,1.0113778974242034
-2.644194444355464,-2.8226901904308677
-0.617401329004423,-0.9762015289052498
-2.2036638127070587,2.763876256954718
-0.8852378451871173,-0.5162455713888167
-2.9536023123061863,2.142050064912978
3.413561116058792,1.2868723517947378
2.572012510796714,-1.2986999148806297
-2.411010037888712,3.0799238373628213
0.8240836342708068,-2.8511288822509204
-3.1397449927240983,0.8510939602066826
-1.6973470017711858,1.191634069837942
2.7601300759945544,0.5040462382548154
2.0311737648974053,2.2625034288495254
-1.2974423712193293,-2.856750490320333
3.123755347703759,-0.8605311297947994
3.7569501348051624,-0.5956385340565928
-3.1673877074774546,2.7356305965731273
-1.2901265312313577,-1.0847015858806703
-4.5188713699113086,2.0730487347464157
-0.34591820013984076,3.083127883632529
-2.736568796953136,-2.3935179948747343
2.6750102467245234,-0.6721390629222838
-2.8946889272502467,2.582597003611076
-2.890862858694632,1.2478247228642394
-2.5722640636535585,-2.992757517956767
2.7413181540961915,1.4865970441125054
3.0775751458209815,-2.263277025475579
2.783694648936551,-2.93411843300296
1.0197427587715424,0.003551109553994043
-1.1904156445323213,0.7203764932507213
3.0124139040280142,1.6130267363041424
-3.2736052566584832,2.834409630056906
-0.5218714501095472,0.9571335127480016
2.1082226982544587,-0.3467284182701817
-0.5632421312118443,3.6097843867683235
-1.337765981515996,2.6958560970296492
-0.23845619931189074,-2.3084952883860907
0.810432421396883,-1.0294430075114755
0.6054205003518183,-3.097647356046728
-0.7111259495155692,-0.6878966265837209
-1.1711523084277353,-2.3357050836755637
0.8814402293631447,1.4165655571266784
-3.119029869464231,2.647982777391245
-2.4071788485705525,-0.46800051510301255
2.967957905878453,-1.3345058848901594
2.6990812354276947,2.6757937957880054
-0.7509367248103669,-0.9178341475568218
-0.9189240542034859,-2.801742164622537
-0.8548107440146459,3.0314989797095127
-1.543508564474051,1.1473650763363143
0.880799960539128,-0.7988721171279708
1.001349836169009,0.7513825800999628
3.1564515061530853,0.8115922411836946
1.440462268683088,2.587157964489044
2.356205338083631,2.6050346373243034
-0.9185023811090436,-0.9339245143191248
0.6973576716839849,2.77207749294231
-1.0244033513113977,-0.4571643097705535
0.8649670192561639,3.0496025528326776
-0.9518631657373557,-2.2662205107148714
0.5652554525127829,2.855067172776547
1.6450154929015552,-3.1601077116620337
2.2650651662028913,-0.047193443393011805
-2.3749778771912524,1.7430895686310603
1.1652640561731091,0.9890100421050667
-2.4207561259391213,-0.8728250580020076
-0.6947818075375741,2.782040396393004
-0.8591636044480223,3.217446031334128
-2.8523154720929127,-0.9705428678685332
2.988304536609713,0.5785964704620493
-2.9397904687349574,3.0240413849519174
0.0476685453028714,-2.9401345594956885
2.841755992240132,0.6930227207601019
-2.959294076454387,2.6450262009152428
-2.4000429103737484,2.7772309497626995
-1.0833834607330801,1.9477323069409787
-1.2648952020106636,0.8643145658228895
2.6353056061218916,3.0048362337729126
-0.7937289437337138,1.1515112692378737
-0.5167446493551767,-0.9520489361944177
3.347240542377417,-1.043186354871694
0.9026055542897709,2.754891457236779
2.664187784659109,1.4698801743178804
2.660403261871353,-2.8158768818838094
-3.0428842250982715,-2.72185692293422
0.822003985642215,1.010578804715097
-1.2220012528900865,1.7194966266154268
-1.6368105924543308,1.0827721952651306
-0.6705605496954868,1.666311009266696
0.6241494929728015,1.157764595589981
0.71911754649626,-0.0056479628346659
1.1301776892845288,-3.0659753277251234
2.7313394318793724,-0.6960633510040749
0.9805325785588856,-1.4015331807644607
-3.2862374365554063,-2.4873291280144127
1.476350315964881,-3.2479291107977732
0.7549703388355191,3.7212587920261213
-2.1076268817434536,-3.3701008935820385
-1.211686135843995,-3.1479351844311974
-2.804008833887902,-1.1893853215195023
2.8598302855377393,3.2231420648193647
1.0425948605083568,-3.172966262911327
-2.798870996250888,1.6636056421314624
-0.5290517347750802,-1.1382933202846197
0.39329830946960376,3.027538943954142
-2.318636332637996,-0.6468615272633402
0.16208940846781503,-1.737551427154513
-2.2986202208103066,-0.46732747195638835
-2.885694114628761,0.9947117975249101
-2.8196311510997174,-0.4974187857565132
-0.8256679987888689,-3.1811499567214874
0.6768396058871234,-2.7090412697577797
-2.9890273265680185,-1.2146794689236642
-2.513484400137717,3.487380026242995
-2.2509356710860673,-0.6365407436680878
-1.1014965549119915,-0.416846871271188
0.5118936373812782,-2.8441325190901674
3.104666123099162,0.3342945051811802
-3.4275858693097736,0.7559114383722254
-0.4428438557552614,-1.079135752926728
0.9762227910685045,0.642863896454429
2.467182917194547,0.6527172730977968
-1.18666427991523,-0.8254145747164002
2.709310049343053,0.8556169849734265
-0.8425025381416728,-3.2337202218465535
1.1353697052087979,0.95310762374222
1.2466480465302685,-2.8441526169104465
-1.1993789238066836,3.0885519931155585
-1.6037793967454073,-0.9464345790415571
3.192270535385519,2.28844480354906
-3.3420690133118436,-0.685058980571787
2.553508200616033,2.447633548024392
2.369085406748331,0.8908501333253007
-2.7444836011457903,-0.9228938372048759
-3.4695332566939583,2.753604910223766
0.763221637237294,2.189550963301178
-3.714645575392072,3.038357905218852
1.1105453370478753,-1.6670250809256604
-2.904271559215694,-0.31899399314484467
-2.250827639339537,-0.90875679873125
0.9923992050021264,1.3628239162751392
3.591286786626717,-2.4490813012708172
-3.653232341644673,-2.903325746537328
2.944799054557524,0.665861067886351
2.2173344386883915,1.4011803709336654
2.910907099402371,-3.287765448610482
-1.8645702566752258,-2.4075343805507314
3.170377127138816,0.13808422616682575
3.1900629753646843,1.0397458110063076
-3.120364481462323,-1.249346296795452
-3.1256061754759212,-0.54344725145308
2.9510408500184235,-1.242852872210963
2.537438377718548,0.8765390580363505
3.6245885559466933,0.7165347481191502
0.6443915967765033,0.8619830755935266
-3.1753166155098067,2.3801386717632815
3.553988955503079,-2.3995603660812272
-0.8747823306632042,-2.9899113568373337
2.7322611027757273,2.7605771381290585
3.3235608077085774,-2.9219495063348075
3.003614051241889,1.3898438420605477
-2.3737325963015117,-3.2897426838939037
2.8227710949968614,-1.5232257364869084
2.928840672701701,-2.352177696969389
-2.398236550750369,-1.7259820780707613
0.5463558682630923,2.4731813049904234
-3.315298225060285,2.6271338199856227
0.7931412793798868,1.3222615833892868
-2.6185419089940902,-0.6228353084484536
-1.7445188779407834,1.1204971360254978
2.310134830559584,2.023365145438105
-0.5660734126352446,1.072887956558871
-0.8315300094312461,2.8068356819093387
1.5001583720311595,0.8056592183557079
2.638477875966789,-0.6251436429306001
-0.8818569980209756,1.350269846434174
3.180145514789381,-1.311528906832053
0.5733313369621663,2.5895227500043627
1.133933110992726,2.415206830447553
0.9037473261066649,1.028018781134522
2.930676378181733,1.3246578537303624
0.9120917915379639,-0.6801145652989817
2.8259190156919134,3.11644659304762
0.6626536693041793,-2.385865711135549
-1.2185617063118033,0.8117393285569136
2.8033646693333645,2.8224917021107108
2.8122739727095736,1.1219700003054736
-2.374047730521709,2.9095217958550523
-1.3747615083454767,-0.27585988568010594
-2.3029883610279906,-0.96016394457151
-2.6226186012277326,3.334402464800147
0.6896344837839296,-0.4162530733970158
1.3850572338334777,-2.7752726482363688
1.2125620708034057,-3.2360628289253186
0.09862178753347185,-0.8562709848592107
0.7821794007727445,-1.1287422918860226
-1.8575189936001024,1.1177385367324915
-1.1852409450317085,-0.749509442926459
-2.1923528690450844,-0.5991185347927147
0.8699301892983099,3.060617942615253
0.32824564731268663,-1.030748263220717
2.6327117253166974,-1.112386445456689
1.0767115444920607,-3.378860179514659
-1.2534368094630768,3.212260640263079
-0.8613417042784334,-2.9173652650897006
0.9396588056961421,1.1928759038554924
2.7747524643602794,-0.3880752749865954
-1.1616088687184307,2.3223801800446107
-0.9855506522098484,2.5264413861322597
0.8040566610810227,1.40878662924085
2.393485645694568,1.2706003225827516
-2.6465595776430124,0.8872022358354051
-0.9697859068049777,-2.158540445874643
0.36602957030555555,0.5858058983566536
2.8111540102050374,1.5054051827603985
-1.042275496966529,0.834463876492274
2.577522746270434,2.8036909537167354
-3.1088021033484527,1.5540303457010114
-0.32994784868871385,-2.1152841144617787
3.097516878517834,0.9503237391337472
2.9472732698803075,1.4938244525543114
2.6428609493629542,-0.5285656329732049
0.6129424915223579,-0.264086187700946
-0.36581841157206474,2.869776397056125
-0.9634885990070932,-2.2129898814636775
-0.7171619578699535,0.9585441426667913
-3.269301741089057,3.245636737687238
-1.5729287463985973,-2.3629845503545357
2.466789551697974,1.1803027483526096
3.1006492843061695,0.7850100772855152
-2.9036093669783365,-0.47489141982091365
1.0099104046853553,-0.8737698725932255
-0.5691227168522642,-2.765307103978739
-0.8674537340000187,-2.7626983125168603
3.2237861829757386,-1.7944941166323376
0.8444509290500917,2.6941341407162787
-2.759620002989606,0.23403069442935748
-0.7607912518909064,-1.3350957476367002
-0.7714250996230733,1.7185778058739334
2.6786685784581525,0.8494566790727711
-2.6574576564155725,-0.29352092065093466
-2.7707080657160756,3.290026269694158
-0.5751002395385523,-2.6551483785880925
-2.4310465057926844,-2.695820618082354
1.0566817005395717,-3.0281751149832674
0.6315250641122558,-3.455050297108661
-2.5286427436137506,-0.33826420376165783
2.9745447730578753,-3.0013032882401545
2.7607766057788683,2.579731982736578
-2.446765923960284,1.3276088659786645
-3.226614066940755,-1.1363771307326416
-2.911653516263392,-0.4363131233148843
-2.8415089829806566,3.1201470170347716
0.6016338210513683,2.995346409300032
-3.1565519982065946,-0.7206113509997071
-1.1562853648476468,-2.4432991335359073
-1.5140863136240208,2.4158903980998896
-1.3345246609595798,1.265033835894052
-1.4648571810406856,-0.9546410736439349
-1.487490744383341,0.699385675336375
3.3782092953466076,-0.12456576159954601
1.1967565095171504,-2.700227720275806
-1.231131443187509,-1.1445263778305337
0.8169799343843951,1.1686855987927491
3.2819747747488552,-3.0676495251934717
0.6876821716212559,0.7569600572829692
1.1658955697016185,-2.9693959722935075
2.690294885987166,0.19766710513443886
0.6720168233233992,3.3679259939363915
-2.241184775173694,-1.0096379561554771
0.46932884216328197,2.8199379247706005
-2.150877966892172,-2.211928474809041
-2.513864686301039,-2.2818744003644498
-2.912370133202197,0.407107863034938
-3.2406884269417446,2.891994592365056
-0.9666334115319748,-2.9259336462258334
0.48703972112429156,-3.419111075430093
3.7457120744867467,-0.39181789068159956
0.6068884325194994,0.6490074329827586
3.3653460215800832,0.942909742512472
1.022249662577324,-3.1928295520399765
3.5126328670403737,-0.9332359607352204
-2.0058626878788264,0.5719245035206869
-0.9787232296704335,2.944613717871843
0.6720321142924482,2.6347617714787703
2.724283918342333,2.2635292617878386
2.4678297866770715,2.1449094482422253
-1.3714732198188275,3.1021095645935857
3.035554567706581,1.343893954112494
-1.2484217057199671,-2.9198984096786162
-1.9308219200551486,-1.3736083000240917
2.9374082207341963,-2.8427808165134354
-3.1452024240186787,-2.976035143540675
-2.661201307918742,2.4720646344719164
-1.0604210551793174,-2.5227865720707423
0.9340686193985581,-1.0513342393838043
-2.9056213449056894,3.1418764438972504
-0.7691133921750141,-0.7965953643430587
-1.2299006461495374,1.1723661923053905
3.5766842656761413,0.9578075425173727
2.444260163598758,-3.531773182268384
-2.5311916796873692,-3.2526386823477313
0.6211735035708154,-3.00404713720002
-2.7375298302078916,-0.8461889532741839
-2.323593916341099,3.222271208207157
-1.2118909465498744,-2.163129844571059
-2.926077986179605,-2.44196902763087
-2.3216263139680833,1.0546146004022936
-0.7501305906670482,1.1047402883471271
-2.8190798159379016,-2.4787366076409145
1.5910937054288385,-0.9413481164342977
-0.9010652483252134,-1.2804854256088518
-2.972019478913587,2.7166415739749907
-0.6676071851986175,-2.2264903601785604
-1.5088425198781608,-1.376987495152822
1.0162373986749293,-3.0718723068739164
0.5583180241853424,2.155038898269792
-2.49721360971801,-2.2802675828042855
1.1051729959758223,-3.22406046358111
2.7997594952740084,1.1004759043403265
-2.523218329548195,-2.3969362210329965
-2.791610909517105,3.089967037972331
2.794815428203169,-1.2134452809657077
-2.6611356290852206,-1.2920045924755599
-2.8666358718158924,3.154445612612346
-1.0755767335529498,-2.882317886232583
-0.4416180416872675,2.473575779012597
3.0524386439835767,1.0385919884861035
-2.3686592819870436,-2.8779158550319037
1.1039168852724826,2.4828047844222585
2.5050453725408457,-0.9172710252386496
-3.1187306953677414,0.8167297368198353
-2.6517674881376156,1.3164987732082394
-0.9052689102005801,0.7355342845306972
0.8195334674027867,1.2688344854782279
-1.1667061473892477,0.7424205372231283
3.2487150285476325,0.817989476603101
1.0335823569257512,-1.0968211456513477
2.2533028240782884,1.7554587534733836
-1.4198357491395888,-3.1462411079527963
-1.0784409536330664,3.171307361500916
1.2328152961919425,-2.5723477642161074
-1.2332835286925892,2.9577140800939614
0.7014169315486153,1.6555765315984645
0.4074917224972252,2.74996974714518
-2.4332748506598305,-0.9998396275485116
1.086851987956617,-3.7649361157633514
-1.1730932300745607,3.185008577164119
-2.402979412916517,-1.494720613913269
2.543181902442055,1.4530335861213655
-1.2355317029860715,-1.6679516756884363
3.239608304004873,2.749936811924971
2.438600493181935,2.201953702002659
-2.6953558156649713,-2.6150103945668133
-2.6858197586175456,1.0875354727534297
2.790968315272709,2.6317555571283173
2.856792704610429,-1.017621672241061
-1.368737118123558,2.7934525037944926
2.949981809893325,-1.2070804461298357
-2.942987168905949,3.4265710776999905
3.1650152129849545,-2.5279453647465018
-2.775026019506724,2.1606080589086165
-3.0540569339722325,1.6142598607751923
-2.3945537742086516,3.3319693796529926
2.6279682397343502,1.8831788470969024
2.547602563479667,-1.1846640169761773
-0.874018214828573,-3.0239793629510436
0.7509158987115024,0.921741395171376
-1.1988974356245454,-2.585542924999362
1.4097016978923322,-1.1151291682891395
-1.4790935056206393,-2.0699741612910625
0.059516913119727656,-2.9553772208076934
-0.07125459275571995,-0.5182602555322947
-2.5726631420212747,-2.900554981180573
0.4313463845639049,-2.689359582483628
-2.4128029520137146,-2.967792548500354
0.4370626693352499,1.6184895952638063
3.22120560512242,-2.6132281406064255
2.9368966758696735,2.1571093132613908
2.550109435977938,0.7643881642076036
-2.054626343983363,-2.5004143695102807
-3.1174171331651337,1.1899830354121272
-0.7156570058765445,0.7764926223716778
1.1293562552085072,0.5998790667803885
1.1243854409711953,-2.8317329295284868
-1.6511726990181654,3.257580841034117
3.139625203227253,-3.325041049698522
2.8134546518261994,2.73143319268427
-0.9068374516699699,2.8271158581817297
-1.0932558565063575,3.5145556620789207
-3.0900882743870595,-0.6074179613499512
-0.27483634217266384,-0.6340084035449347
-0.9979662860786805,-0.8343310697639511
-0.5094109889056904,-2.724607405142652
-0.9765013412886016,-2.8816333646172487
-2.306067350574369,-0.8142986742310223
0.6394829488708098,-0.16957450886743117
0.909882689575511,2.506148055295315
-2.7534246590928477,2.9123510825818104
-3.5554815221530687,-2.2381622644911574
2.718396129582668,2.58498839852766
3.2931328565093025,1.1404371991994946
-2.802236950732015,-2.910102265315546
-3.1761750684875776,-2.529052245377709
-1.0846033756972187,2.341299145121967
2.7936115749594306,-0.6126551166052043
0.6773030227412059,2.7353908923169152
-1.2744700931357327,-0.4506446090289174
0.7294679519820868,-1.1033795178947987
-0.9543425472484185,-0.902968919747829
1.0034848707364568,-1.1473515634134694
-0.857808184579277,-0.5930242853116265
-2.855872046462561,1.263057010818942
3.0678223259707957,-0.7447995723695283
0.49908188850691804,0.7216548513712656
-2.3049819680139163,-2.6254494278759686
2.457999993012349,-0.8845154205962766
-2.3785089264133585,0.8021467536518412
1.226963144920002,-3.1095964684899777
1.400323531041199,-2.8138062409557913
-0.4861572632404766,-2.542517228578774
2.4398389342092557,-2.9990906382143843
-1.1012454822961257,2.5309616894703315
-2.3896679779011394,-2.919149636979029
0.7831351307504711,0.400701027112372
0.9137616682995905,3.2933621876264656
3.3615585564023553,2.420117930932824
2.9315202755888397,-2.9864143799028002
3.405130067994418,-3.066131339945627
-1.5826834106534136,-1.838739189202313
-2.6003383490734904,-2.6300028265441715
0.8827741276815042,-3.1372937361160274
-2.882729545172389,3.1267637111916184
0.11662762682098683,-3.3982162367381923
2.465892918944733,-1.5132736855585978
-1.0904104440282085,3.3472258960800545
-2.3973621519958437,0.8721332614958974
3.6677947911064237,1.1599821513871291
2.853108627783228,-2.8530372129199004
2.7989354157150954,2.400709710439418
0.5985090907743138,2.674984674473038
2.757623249923196,2.3574526958426856
-1.355300307848019,1.5299657337870705
-2.604547569536741,2.9905633242263723
1.0157109502308048,-1.0496560625888656
-0.6273439152563796,-1.011576389732898
2.579526951498449,1.2538653690965382
3.468660687539939,2.938658296339041
-0.8065227518381467,3.1425953216473674
-2.4871165887476763,-3.0389557362143136
-2.2792368432716827,1.148296507225006
-2.5051156566722774,-0.864057699685266
1.0718636983922796,0.7871749244944299
0.8829433855992365,-0.5797158450928902
-3.080225148652515,-2.943412131337769
-0.9537019012535048,1.0293040564380234
0.9730074081537124,3.200659665208142
-3.098716469431609,2.440952703715181
3.0959365110906147,-2.6211744610192946
-1.1289507401206096,1.0362200460152946
1.0663029472999732,1.362659085565469
1.2002445049469714,-2.6252338145047083
-3.0038267636221465,2.6453863357944676
2.564812308542264,1.6745028958524455
2.5498733451240723,0.7427930672274072
0.24617932628073527,1.3892569410345272
2.822720952751069,-3.3648562553520955
0.25229391891430325,-0.6759472598849892
-0.6920194805948511,-0.7599894683806638
2.7131560584210823,-2.939699509851919
-2.6522262178266316,0.9193987348713155
-0.9228967391797843,-2.9112816549607246
3.0336602712639245,3.16731739941114
-1.2918232899456876,-0.6781964771350515
-2.732006854948887,2.211425666728413
-3.2444937434110486,-0.9708418157520432
-0.37778253566264963,-3.081343160508022
3.1009201363576917,-1.7726230998665484
3.6459349556918634,-3.3487732597028863
-1.0483854105662826,1.170466274712184
-3.2475590442832254,0.9575853970891987
-1.6963917922304863,-2.3263681748814804
-1.3974997339503459,1.0235249867127771
-2.9497935297449462,1.5396434058190294
-2.2338552254208044,-2.771574309952251
-0.6365726944842763,-2.897138631847546
-1.5756390793404986,3.0579943508093175
-1.869985085307713,3.2282290170676933
-2.11188177805786,-1.4148972352775206
-2.343210211238717,-2.5850911043265414
